0
-1.218757386608438e+00 -1.100342377586423e-01
-1.328341020951819e-02 -8.367570676094054e-03
-1.253649770314420e+00 -1.148708988074304e-01
-5.137389149511256e-01 -4.525286306821993e-02
4.838772906905188e-01 4.008764912116945e-02

1
2.518160373241776e-01 4.465113105065496e-01
1.377111692860223e-01 4.105591651058240e-01
2.055648576543646e-01 1.410677306200299e-01
1.303391796455084e-01 2.134728431288263e-01
4.802895996239295e-01 1.218052197840437e+00

2
9.095792102621157e-01 2.352598600035946e-01
9.401843951467597e-01 2.470689134808245e-01
-5.571021006536091e-04 2.487696200416042e-04
3.893785482339211e-01 1.030671162742194e-01
-3.724660825710014e-01 -9.944293973325245e-02

3
-3.338056041204850e-02 -1.865269385525913e-01
2.679648763154472e-01 -3.924503895375993e-01
-4.958675982551931e-01 -6.449807401915457e-01
3.644765101761843e-02 -7.033284842064411e-02
-1.193296687516011e-01 4.821064884279744e-02

4
7.558667444707276e-02 -9.650228232374018e-03
5.000290895553251e-01 -9.461471254060164e-02
-2.738633381923011e-01 -3.729493340483474e-01
1.851298052263404e-02 1.184074178020062e-01
7.763506953041539e-02 -7.862300190737299e-02

5
3.769701864933990e-01 2.201563351661291e-01
3.965138878595271e-01 4.465358053703322e-01
2.002644126505261e-01 -3.008230587847255e-01
1.983734375473971e-01 7.819089785732966e-01
2.047230168227337e-01 8.728210203350455e-02

6
-2.331912878380987e-01 -1.671947125823388e-01
-1.838971279364806e-01 -6.462120248224839e-01
-6.443750171933808e-01 -1.194532798549027e+00
1.805027239147147e-03 -1.185135000731103e-01
1.445433066356639e-01 3.600510192135490e-03

7
4.569576250884314e-01 1.214485330172855e-01
5.571474296413513e-01 3.530263156299873e-01
1.078279453663724e-01 -3.852239035598370e-01
3.982075713754444e-01 7.741573642020119e-01
-1.737930043418993e-01 -8.715800159868312e-02

8
-2.733759790777630e-01 5.089548678956687e-01
9.075356447316660e-01 1.778131276531723e+00
-1.682497822523921e+00 2.020409709334855e+00
-3.144083026034595e-01 -2.895861902722560e-01
4.713726899428606e-03 2.785638054508862e-01

9
7.109506788489377e-02 1.250429991727833e-02
1.442255094158550e-01 1.470346691004903e-02
-8.520354794926016e-02 -1.079513581675306e-02
-4.655196945360123e-02 -7.784317466691669e-03
1.448250480146371e-01 1.074869201904322e+00

10
-2.778979677153835e-02 1.930008668085185e-01
6.924186223799693e-01 7.245971780508049e-01
-9.309587527969911e-01 5.692572898761880e-01
-1.800835988168377e-01 -1.201153455103022e-01
1.901878908509499e-01 -1.011895021000909e-01

11
3.011044447046423e-02 -2.144108251172954e-01
2.887232257862221e-02 -2.179194704103870e-01
-6.272356460496610e-01 -7.633508697779327e-01
-1.233986485329715e-02 8.650086780577590e-02
-1.069316148878518e-01 -3.308253530232628e-02

12
7.683212465333026e-03 -1.412931580630294e-01
3.360827638036066e-01 -3.854519160651877e-01
-3.045716971729013e-01 -5.803782568161043e-01
-9.660549594981611e-02 3.262605528232862e-02
1.869561153305798e-02 -5.959658110722264e-02

13
1.423893044427332e-03 -6.705735916276715e-03
4.608126701871272e-01 -1.810121144627995e-01
-3.874829306572551e-01 -3.092289529211207e-01
-9.992079848339375e-02 -1.079142750896204e-02
6.566014503789522e-02 -8.958867951347127e-02

14
1.977055329151248e-01 4.068502190590831e-03
2.419040765481324e-01 3.976380300740402e-01
-9.670105263541247e-01 -4.987514501588773e-02
-1.711960462588228e-02 -1.439881422917680e-01
-1.047655277717451e-01 7.533806224642618e-02

15
1.333101791487686e-02 -2.947382144677665e-02
1.111481181443443e-01 -2.267798674341783e-03
-1.016839077585344e-01 -2.016576045934669e-02
-1.664305936087596e-02 -1.421177416123632e-02
1.159290409197614e-01 1.189395885338945e+00

16
-1.814648673298376e-01 6.624092806073251e-01
4.862048219518925e-03 9.744303519815397e-01
-5.516556095596143e-01 -1.963621488765915e-01
7.936504963318914e-01 1.038358263724664e+00
-1.579423187515514e-01 3.236484873380120e-01

17
-5.909718431575456e-01 -4.923088190847362e-02
-8.975625746330144e-01 9.748383795080562e-01
-2.386830344091575e+00 -5.804000524385826e-01
-1.886513360392149e-01 1.827484558981003e-01
7.903178277936262e-02 -3.874296538921737e-01

18
4.454950287106144e-02 -2.746628346272370e-01
-3.646212325116369e-01 -5.012550186312115e-01
-7.336640146397592e-01 -1.111427878069632e+00
-9.421880770775112e-02 -8.712162672868598e-02
-9.186939930714830e-02 1.158892123745705e-01

19
1.757127665828685e-01 -2.231028391245711e-01
1.941073603785464e-01 -2.465595343533277e-01
-1.176871262036941e-01 1.191936203112976e-01
5.282945497616549e-02 -7.237064809373532e-02
-6.154011476152297e-01 1.353371300688484e+00

20
1.970457573701666e-02 2.745820575554893e-01
3.368042598699912e-02 2.818639028808432e-01
-3.877112558699757e-02 1.312017585456312e-02
1.893403024153682e-03 1.204348746397301e-01
5.023946528003156e-01 1.117818005899297e+00

21
5.682435320544554e-03 3.789476300067718e-03
5.927645585643956e-01 5.502672767152912e-01
-7.725744569917233e-01 2.378191242483724e-01
-2.345187729602354e-03 1.633173610285034e-01
-1.288885990459512e-01 -6.808968304127588e-02

22
4.742788521209656e-01 1.584950384772238e-01
4.918122049631445e-01 1.676722298909484e-01
-4.132129807513641e-01 -1.408356582557843e-01
1.117219759549502e-01 3.849781163578530e-02
-1.982028743460424e-01 -7.017526190979727e-02

23
-1.141062904328754e-01 3.731509136058024e-01
1.445747507023203e-01 3.634963769997024e-01
-3.229386874780910e-01 1.880308944878607e-01
-1.491806028914214e-01 5.868875994853164e-01
-6.350611899989800e-02 2.152133358233314e-01

24
-3.638753540985477e-02 5.693527509656435e-02
-1.875157745313964e-01 3.686763900829877e-02
1.557160026869383e-01 8.539162051791775e-03
-4.420714324216836e-02 -1.144477097160913e-02
4.342499693092726e-01 1.876721762776859e+00

25
1.305022579342426e-01 1.416558292261428e-01
3.063795847652746e-02 3.385626441790799e-01
-9.022087210510557e-01 -2.295547878682498e-01
-1.889664656288166e-02 8.077767810108105e-02
-9.700350255949498e-02 -2.507462065132687e-02

26
1.085714394914280e-01 1.690442970721817e-02
6.139340403194771e-01 4.729028041059013e-01
-6.537461142040246e-01 1.898641123285639e-01
1.853587821373375e-02 1.515414304937386e-01
-1.471119934980684e-01 -5.073015395374465e-02

27
-5.675360271749323e-02 3.109443909918252e-01
-4.348660924628021e-01 4.824699432962985e-01
-1.218240949823169e+00 -3.731110089996090e-01
-1.291856702261324e-01 6.050035213523336e-02
2.040232075584911e-01 2.069698880899784e-02

28
9.788426920076972e-02 1.372660641540935e-03
5.844312803842170e-01 3.364104323536404e-01
-5.597554493032009e-01 2.440575115236705e-01
-1.389717008934366e-01 -3.567333959054193e-02
2.934807537164258e-02 1.381246925418510e-01

29
1.170931670474645e-01 1.208367205483580e-01
1.192539544389969e-01 1.233481739298393e-01
-7.485573999126758e-01 -2.414506091868528e-01
-4.723628074257361e-02 -4.842927821717303e-02
-5.378926521357721e-02 6.976114081116132e-02

30
3.983118992919731e-01 -1.314912455393993e-01
4.269529745374707e-01 -1.339884757802348e-01
-3.994581032708845e-01 1.435771504371791e-01
-1.683745975343501e-01 5.285716982990318e-02
-7.922181023834877e-01 2.117883224035845e-01

31
3.216014424673663e-03 1.093270637506431e-02
6.854076792736319e-01 5.395385244912116e-01
-8.093342020538588e-01 3.249024285870380e-01
-1.592049842501980e-01 -7.852321167582203e-02
1.514369775030276e-01 -1.185027647878671e-01

32
-1.644934774983392e-01 1.981044131438213e-01
-1.680562665402462e-01 2.001143504800604e-01
-1.097309289820584e+00 -4.602510359893225e-01
6.631766043354444e-02 -8.006651976914896e-02
8.956631287587824e-02 9.887592932609474e-02

33
3.566423222101140e-01 -3.585404277813380e-02
3.451684783885088e-01 4.927442481440537e-02
-4.101307577092621e-01 7.167288969789949e-02
-4.704033787307358e-01 -1.031388620043960e-01
4.912914572617690e-02 3.644885984038908e-02

34
-3.586235953801423e-01 -4.001698111146376e-02
-3.618565151747752e-01 -4.136543129123869e-02
-1.306315893776659e+00 -1.010063340885526e+00
1.448060333082665e-01 1.617676787847581e-02
-9.263241970431159e-03 -1.872966661511667e-01

35
5.986241842400131e-03 3.248515930428663e-01
1.723013382263626e-04 3.438471731950498e-01
-3.997366615240762e-02 -1.373239450255318e-02
-1.690133832028078e-03 -1.326290744364085e-01
9.292186737347983e-01 1.341503651920006e+00

36
1.456313510770455e-02 4.373589486533945e-02
1.101653643883775e-01 3.573803134623337e-02
-9.748255545909934e-02 6.990360907608288e-04
3.091484221088107e-02 -1.777804594181985e-04
1.241427913609111e-01 1.204015097743501e+00

37
-1.106369327710464e-01 5.526932502394051e-01
-1.350091701917181e+00 9.083581725994693e-01
-2.303894451832329e+00 -8.432357362255457e-01
4.073677245161762e-01 5.734438461121175e-02
-2.681820307695386e-01 1.526483809891910e-01

38
-5.610029687927517e-01 1.049682433777286e+00
-3.845953668063390e-01 1.678543341148162e+00
-8.664480686697716e-01 -5.905399050472517e-01
1.002358181354618e+00 1.992201701279271e+00
1.636528421596675e-01 -4.943938506360461e-01

39
-8.945410607606713e-02 1.618988357749652e-01
1.486254622194672e-01 3.362354522441863e-01
-8.879716417173223e-01 -2.562238567118313e-01
4.517007766340675e-02 9.077021768319320e-02
9.160025798773953e-02 -6.854151823167544e-02

40
-2.088324578526300e+00 5.135061762616484e-01
-1.806665933672257e+00 -9.967327662478442e-01
-1.307875618311807e+00 1.712593546690777e+00
-3.198614294310866e+00 9.486977988823126e-01
-1.188620405911207e+00 2.505266446030559e-01

41
7.672564755040444e-02 -2.226886114329664e-02
4.956137138720804e-01 -1.824640546434967e-01
-3.326055755921165e-01 -3.459119789019335e-01
6.660939105909272e-02 -8.433291912526095e-02
3.036331137005433e-02 1.141353487995884e-01

42
-7.046856385905848e-02 -1.358121165534575e-01
3.325480420530788e-01 -2.976338304282401e-01
-5.465018711817722e-01 -4.787085391523279e-01
2.214355490055338e-02 -9.969710421450126e-02
-1.100899549052922e-01 7.028426920541672e-02

43
3.961975454936786e-03 2.833500478200956e-03
5.046568721427702e-01 -2.293851660851900e-01
-4.511740087443415e-01 -3.220808108820702e-01
6.160105670798033e-02 -9.344964917733098e-02
-9.817283704257518e-02 -7.474435518715292e-03

44
5.779648003958301e-01 2.917153328771860e-02
9.668911747286056e-02 4.937266803087936e-01
-7.327704438099414e-01 -4.324428763550189e-01
2.212449851546871e-02 2.193525753759075e-01
-5.747955230927292e-02 -2.806135440023570e-01

45
2.852340852511681e-02 -3.019336172102403e-02
1.165061485498601e-01 1.153275271615980e-03
-9.613037300128977e-02 -2.485430107414542e-02
2.517923082317811e-02 1.173794300653836e-02
5.405129321207604e-02 1.200368172563127e+00

46
9.171673381165961e-02 -1.066187117999572e-01
3.046273402250902e-01 5.098211286238839e-03
-5.558159496371008e-01 -4.316828666117960e-01
7.647283845473611e-02 8.759038527193010e-03
-2.537124142910739e-02 8.262154841151560e-02

47
1.455563820983911e-01 -1.062344725356253e-01
5.282163127157609e-01 2.688398372627716e-01
-6.186736361493194e-01 -1.867710424027634e-01
7.380582115135710e-02 6.850189222584382e-02
-4.084529930315798e-02 -9.067408865696867e-02

48
2.031672413165172e-01 6.409786767442541e-02
3.181121036282954e-01 8.025139871552266e-02
-1.271189418927338e-01 -1.994164322388749e-01
-1.950145296136752e-01 3.677725828412470e-01
8.904568629257666e-02 -5.707367921228298e-03

49
1.246868509448918e-01 -1.072711476872570e-01
1.266550376319204e-01 -1.100739112033336e-01
-4.864475189965626e-01 -5.868918682073418e-01
-5.038917855694450e-02 4.306176721884054e-02
6.387111506392015e-02 5.581474475196829e-02

50
2.550160139826516e-01 1.860534712531784e-02
2.783693955645253e-01 -4.634740798991591e-02
-2.880943994038686e-01 -6.375450705732080e-02
-3.476920067766271e-01 1.553983980424787e-01
-1.145614305213988e-01 1.619311891990078e-02

51
2.655234654847912e-01 4.467781513627662e-02
2.839107908427798e-01 -1.582154114503764e-02
-2.950620380179017e-01 -8.456498638833039e-02
-3.868779831095138e-01 9.443135048118194e-02
5.313442072922384e-02 -2.804136435035387e-02

52
5.661183694858331e-01 7.706919009343267e-02
5.989862467283432e-01 9.007297587088520e-02
-3.216665023224118e-02 -1.944761394887891e-02
-2.308982747384958e-01 -3.302850033625589e-02
2.355470659182982e-01 3.039001421525917e-02

53
4.209880819492429e-02 -7.651613165019223e-02
3.823093363293014e-01 -2.189585953493078e-01
-3.111562501252901e-01 -3.681890145533598e-01
-9.173175422135776e-02 5.219634401930230e-03
4.853462848671967e-02 7.879603848933385e-02

54
2.293663688469325e-01 1.656882415349896e-01
2.421771863013647e-01 1.791384889014625e-01
3.178979807913675e-02 -2.106205657779235e-02
-9.308359911902718e-02 -6.824846493677511e-02
5.822457189755764e-01 9.006285160648227e-01

55
3.622562348311838e-01 -1.004771158453971e-01
3.891662173957029e-01 -1.169152700129311e-02
-4.064652387493541e-01 1.598223906696589e-01
-5.247326341789947e-01 -6.425437727301006e-02
-1.538000442419009e-01 7.718969344308378e-03

56
5.210421281506608e-01 1.690621487485421e-02
4.747660695396625e-01 2.881358178840744e-02
-5.755036376042976e-01 -1.053216496451575e-02
7.070167101792493e-02 1.018097224199540e-02
-7.503611450637444e-01 -5.370939748152381e-02

57
1.671679171930789e-01 -3.328570988848159e-02
2.266690457394306e-01 -2.480270342563765e-01
-3.945731384495122e-01 -5.769296025934975e-01
3.371118642378911e-02 -7.295238305158598e-02
1.442436978849635e-02 1.117933799763129e-01

58
7.353449165760950e-02 3.703984494325412e-02
5.403441003788877e-01 -2.005512306765255e-01
-4.149734189636312e-01 -2.845089698876659e-01
7.167185727207515e-02 -8.759417735407599e-02
-1.122749274602134e-01 -2.644127043835081e-02

59
1.432545222998803e-01 5.950477855997343e-02
2.452008675190248e-01 -9.148124659974100e-02
-5.794006444499962e-01 -4.796804627166920e-01
5.677928661780583e-02 -3.963869995177511e-02
-4.799676089752059e-02 -6.436666968543621e-02

60
-2.715837704422577e-04 8.643194020031350e-04
-4.807307587068269e-02 -2.995794623791049e-02
4.785970184580137e-02 3.063844036075943e-02
-2.176165837048434e-01 5.852256073120321e-01
-3.189159423288176e-01 8.576367566378293e-01

61
6.668012110610326e-02 -2.825429065498080e-01
6.601855005986079e-01 -4.986180125655149e-01
2.909106939881512e-02 -4.779200721404584e-01
-1.281540044455463e-01 -2.394856327134169e-02
1.260868251751282e-01 3.355749623938849e-02

62
-2.772701729495191e-03 4.219059117767944e-05
4.579385736097788e-02 -1.100604948392856e-01
-4.797898244214675e-02 1.100961717114692e-01
-1.291928007009550e+00 -2.553787520247290e-01
1.291699752550813e+00 2.553822500203540e-01

63
-1.168275670149433e+00 -6.233363168456578e-01
-4.159178143247868e-01 -1.130630003920182e+00
-1.266758923764005e+00 1.926988735640822e-01
-1.996475914966877e+00 -9.235448511419346e-01
4.252380518303904e-01 2.411495855459941e-01

64
-8.451795144194517e-02 -3.523523303748393e-02
5.755975905385297e-01 -2.385280751973176e-01
-4.684216120194882e-01 -2.855593312523606e-01
7.658971719089369e-02 -9.808829973950822e-02
-1.072693113330287e-01 -5.705623526918292e-03

65
1.106436754983159e-02 4.400489216141681e-02
-1.611646574064931e-01 9.566233217160096e-03
1.703524828392163e-01 2.644670012095601e-02
-2.658173544836624e-02 1.581101227115171e-02
3.040150508166466e-01 1.851640003388334e+00

66
-1.405921131482385e-01 -7.049779340544200e-02
2.451339501777774e-01 -3.945461167713937e-01
-4.813515592986578e-01 -6.482616009849573e-01
-2.451915821535032e-02 -9.767717400091494e-02
1.146380227474410e-01 3.532132938539897e-03

67
-2.572571016741083e-01 -1.123987742715912e-01
7.364182000090590e-01 -3.312000994002056e-01
-3.433308508127484e-01 -1.894709593245332e-01
5.830424973944162e-02 -1.135698426888345e-01
-4.861612233342593e-02 1.112181354623912e-01

68
-2.373374328874433e-01 -1.716704120774269e-01
3.287258838005601e-01 1.291772842459202e-02
-3.257057012556588e-01 -2.929383404736297e-01
-1.681046249938565e-01 5.378660345818654e-01
-5.225377108482407e-02 -9.690900551306540e-02

69
1.052415233451884e-01 -3.430993325278190e-01
8.449656144092702e-01 -5.706710704173885e-01
7.608040437661508e-02 -5.908280380659912e-01
1.528733049806151e-01 5.161475844625889e-02
-1.561760085460741e-01 -4.010264420025961e-02

70
7.904685771936613e-04 -1.267684822851977e-04
4.198611100788779e-02 2.265206166936917e-02
-4.136607642514682e-02 -2.275303339468178e-02
-1.500044507315226e-01 5.000897332376886e-01
-2.198905907861362e-01 7.329249571368748e-01

71
3.368513668230514e-03 2.657457580768133e-03
4.548210177626913e-01 -1.546007911040694e-01
-3.613840079434759e-01 -3.162103340063033e-01
3.402242252400178e-02 9.051096198935701e-02
-9.235742625237818e-02 -5.189889351588692e-03

72
-1.504572888205190e-03 4.459300539033019e-02
-1.783931954034242e-01 1.249832468037408e-02
1.768809689969381e-01 2.388366214370837e-02
1.018883974032366e-03 -2.910072471133941e-02
3.489297809291161e-01 1.958234741889542e+00

73
-1.413188522165491e-01 -1.535430979778730e-01
2.674384197149223e-01 -6.398280520740820e-01
-3.099847507923133e-01 -9.873724496272285e-01
1.308819974005881e-01 3.239256139921388e-02
3.648536421332852e-03 -1.088565920093854e-01

74
3.826174181291536e-03 -2.610376520734260e-02
1.053661491568063e-01 3.792461446999019e-03
-1.026594608160293e-01 -2.352724230321785e-02
-2.460508612612140e-03 1.687893583075565e-02
8.871666373867453e-02 1.183530127681638e+00

75
-1.541704725092460e-02 -9.172083809746057e-02
4.827714343652984e-01 -6.305479054977388e-02
-4.454252834248110e-01 -2.788318819990619e-01
1.158369876857710e-02 9.068918340502616e-02
-8.549705063579999e-02 -2.313914183294404e-02

76
-3.096576787179763e-01 -1.596956739551350e-01
1.569447555828949e-01 -2.521678172059414e-01
-4.843193749472139e-01 -1.012408161387420e-01
-6.013974836663667e-01 2.849847630424377e-01
-1.246662334772972e-01 -1.179082372758472e-01

77
-2.409768266498071e-01 -1.745370994078968e-01
1.754763414664183e-01 -1.921818732224612e-01
-4.013131631493201e-01 -1.532742979840045e-01
-5.330082939334356e-01 1.799426532711315e-01
1.013036769604527e-01 6.307113621007006e-02

78
-9.611045706312452e-03 -8.736662240374388e-02
4.002521451535767e-01 -1.146299770935018e-01
-4.315177292997001e-01 -2.655027516175649e-01
-9.192252531736106e-02 -1.413591430462855e-02
2.509913760172715e-02 9.050937941141528e-02

79
-2.026722087315466e-02 4.868188602308737e-02
-1.797849795032311e-01 9.296393080633354e-03
1.622961018906573e-01 3.014322178789758e-02
2.780060045307384e-02 2.264623891154853e-02
2.582415934261044e-01 1.936622547880391e+00

80
-8.051269418793247e-04 1.257035464519937e-04
4.139229773644946e-02 2.273430117259537e-02
-4.202524510057216e-02 -2.263706677019974e-02
-1.499474534712956e-01 5.004334483897770e-01
-2.197092919370622e-01 7.334132463369107e-01

81
8.062591765756805e-02 1.111968446708938e-01
7.233197831504123e-01 5.971423063036487e-01
-7.657851722086674e-01 3.405603419965630e-01
1.790159214501748e-01 -1.260933049212903e-01
-3.108485452777999e-03 2.026066350603961e-01

82
-1.510599199532635e-03 -2.404988219505657e-03
4.058165535842400e-03 1.187431232517518e-01
-5.238500395604013e-03 -1.206376249460120e-01
-1.278278103418987e+00 3.205423419067542e-01
1.278153691021229e+00 -3.207402921155471e-01

83
7.996417714672089e-03 4.985372007519584e-03
8.752567578894950e-01 6.924006136092602e-01
-1.036494024592458e+00 4.114891586924983e-01
1.869067417080570e-01 -1.262642505434943e-01
-1.782081696747494e-01 -1.089959186092189e-01

84
-5.916846169784501e-03 -4.972615252860080e-05
4.815813917654734e-01 -1.783727333480007e-01
-3.949134074446425e-01 -3.276397175185534e-01
6.357827887568324e-02 -8.238372823198066e-02
2.749584650166168e-02 9.531080676419365e-02

85
9.755557536005408e-02 3.679746468148807e-01
-1.468001009798339e+00 -1.431765395506331e-01
-1.441454112548103e+00 -1.442400168593710e+00
-2.015817197738102e-01 2.083757396371319e-01
-1.419641792050753e-01 -2.710714965246265e-01

86
-1.154845702768726e+00 6.105478901790860e-01
1.230136982013757e+00 -6.067195223663381e-01
-2.485066182577977e-01 -1.297282614435495e-02
-1.393875823921625e-01 -3.924235897218377e-01
1.089124790645917e+00 -5.542602177504952e-01

87
-1.747649613998995e-01 1.421642785809824e-01
-2.787670885927448e-01 -7.188522271171534e-01
-4.146236784149623e-01 -9.322429451688576e-01
-1.468157645510732e-01 -5.013718287746137e-02
9.485887035368729e-02 1.498986533476604e-01

88
4.457028293818920e-02 -7.684185176954142e-02
4.593070978555598e-01 -1.940923159027318e-01
-3.247312965432083e-01 -3.998462646086315e-01
5.647096728189903e-02 9.390047470316948e-02
-1.087650380007605e-01 5.838114015642195e-03

89
2.273433749712296e-01 1.682258722921464e-01
-5.547506911418369e-01 7.884861934873604e-01
-1.498275741598398e+00 -1.374673976965278e-01
-2.110898362259543e-01 -7.167724351005403e-02
-4.521078903508416e-03 2.051910858875862e-01

90
1.949422031158018e-01 4.080922357917272e-01
6.056472598747346e-02 -5.321111492926337e-04
2.014419534000503e-01 4.340066523012859e-01
-7.851194312823660e-02 -1.628706743714982e-01
1.537136339875706e-01 1.697818820708694e+00

91
-2.585580436702678e-01 -1.670325116632429e-02
-1.854705335710355e-01 -8.080882067154158e-01
-4.541310571384508e-01 -1.200973640705002e+00
1.598317763709206e-01 -6.323861073690741e-02
-1.003086481969091e-02 1.919293996379506e-01

92
-1.894526349438924e-01 2.576591822717353e-01
-2.479283258855131e-02 -3.388898660633743e-02
-2.038167214329745e-01 2.693380953030587e-01
7.533786675570753e-02 -1.033802008987402e-01
-8.907877013103452e-02 1.590691827010025e+00

93
3.962006740236135e-01 1.011190834250847e-01
4.175879754603247e-01 1.125937598077004e-01
-3.361754566992595e-01 -8.288188097031100e-02
-1.639132354418988e-01 -4.397554335154246e-02
9.492474128750185e-02 2.612012536405507e-02

94
2.086394348638682e-03 -6.387416064300983e-03
4.893837227971152e-01 -1.061743510184662e-01
-3.370012164571024e-01 -3.712263733839746e-01
2.503040073900318e-02 9.887348367810195e-02
6.992099827578857e-02 -8.208569372920577e-02

95
-1.245287932428744e-03 -3.816516712468681e-03
1.253291258791676e-01 5.734847014654632e-02
-1.262949488050674e-01 -6.033587312563198e-02
-3.483385612436239e-01 1.487520861663894e+00
-1.097643954560161e+00 -6.223719058945912e-01

96
-5.179458396769931e-01 -1.742187982634135e-01
5.747905570309382e-01 1.842979451566215e-01
-4.681873368910738e-01 -1.725519790206315e-01
-7.216039441975064e-02 -3.383874713139163e-02
7.416860993434524e-01 2.858721191769874e-01

97
-1.781479952873423e-01 1.238868116550599e-01
-1.510828352012234e-03 -7.028438415339301e-01
-3.117376189660997e-01 -9.380899396871129e-01
7.488659280181602e-02 1.550648432806309e-01
-1.397994660225627e-01 -6.589416368478887e-02

98
2.372175018985123e-02 5.511593582087861e-02
-1.639957007224731e-01 -6.211121882506382e-04
1.842409576735687e-01 4.586599909386316e-02
4.045479136342922e-02 -3.863541257172043e-03
2.357367256054531e-01 1.965743382958222e+00

99
-1.440861885235953e-01 8.888794007996801e-03
2.134860269085372e-01 -3.787219111025228e-01
-3.283046893282609e-01 -6.760816685221013e-01
-6.322420847229202e-03 1.164585818311206e-01
1.033123885351331e-01 -3.674169498736799e-02

100
7.645471601622467e-02 -2.880948474911278e-01
1.030050136473996e+00 1.446487436415883e+00
-1.574018613131626e+00 6.286979638515093e-01
3.581909120226554e-01 -4.257957225868560e-02
-2.629311784575127e-01 -2.396790001350655e-01

101
-7.183453839150488e-03 4.410794285693516e-04
-2.090422062635392e-01 -1.671517880247531e-01
2.033890901476628e-01 1.674778203207877e-01
-1.336012983490549e+00 2.598843307392134e+00
-1.748660236265120e+00 -1.664200366020482e+00

102
6.517112068985018e-01 -1.598859299519958e-01
9.941306447172759e-01 -1.320778216268786e-01
-5.133333123543848e-01 5.535538130026310e-01
-6.858193131794870e-01 -1.091701453766841e+00
2.553606938092309e-01 4.586366802857172e-02

103
-5.890289258413616e-04 -1.892705223661171e-03
-9.265508969938328e-03 -7.070340953402322e-02
8.810098225890975e-03 6.921563318147647e-02
-7.326786444395480e-01 2.553637613481057e-01
3.728572374291820e-01 5.212902791788007e-01

104
4.979678205676957e-02 1.120114315020242e-01
5.077272514633205e-01 6.581831536133218e-01
-7.265755490087742e-01 1.635389375678065e-01
-2.837109804508997e-02 1.698038435226989e-01
1.688137551432648e-01 -8.459001282058826e-02

105
-4.298782808448255e-03 -3.002629560633892e-02
1.067058910436141e-01 4.821510002282461e-03
-1.098715290571765e-01 -2.737366592295066e-02
1.866057752096594e-02 -8.527454081764748e-03
1.014024069610203e-01 1.222542810869086e+00

106
4.745592054019921e-02 -1.240192549913738e-01
4.500194897221200e-01 1.650963862282274e-01
-6.225334583812202e-01 -2.329600634960219e-01
7.964579749293707e-02 -6.118287058991077e-03
-1.158452080430778e-02 8.059755295288584e-02

107
-1.653114361915889e+00 -8.050292273912912e-01
2.540399529370465e+00 -7.507098948696384e-02
-8.751968673273883e-01 1.166316089033723e+00
6.110420630016380e-01 -6.695502342620171e-01
-4.049510943786872e-01 5.761978511366916e-01

108
-1.713555790085977e-04 -9.684816148167555e-03
4.827265237750074e-01 6.408904050294888e-01
-7.960540493761976e-01 9.834123744535908e-02
-3.087144784041686e-02 1.596294515798726e-01
1.438945923616173e-01 -6.912760291360390e-02

109
1.511812755934762e-03 -8.993366710085643e-04
2.256887238712157e-02 5.941455949920402e-02
-2.138679600228731e-02 -6.011749192510411e-02
-5.936533585894480e-01 3.720246133795604e-01
4.329814422022139e-01 3.838327252317100e-01

110
-4.228158668780654e+00 -1.759019354427713e+00
4.425882664099631e+00 1.493047905494229e+00
-6.006263542748895e-01 6.067144688499949e-01
3.939427982958986e+00 1.523854196102578e+00
-4.841945761127975e-01 1.491246500461632e+00

111
2.462406840015402e-01 -3.974294965302388e-02
7.971360031503142e-03 9.778575547653112e-01
-1.384465670293676e+00 5.635340207510772e-02
-2.069485123341702e-01 9.805465086190343e-02
-4.800760095062361e-03 -2.356701875847534e-01

112
1.188152454704031e-01 -6.635912519415482e-02
5.430793130873214e-01 3.819443540640588e-01
-7.141083424522594e-01 7.151990381371318e-02
-1.169807897563162e-01 -3.596354990755555e-02
6.203462234481941e-02 -7.144337074001048e-02

113
4.554343928210856e-02 -1.005491218966910e-01
4.495589752295748e-01 1.249495649529324e-01
-5.075558662237417e-01 -2.383413453635616e-01
-2.080678744802713e-02 6.894210247217403e-02
7.215684519958013e-02 2.027755983098457e-03

114
8.406465157995735e-03 -5.239971483342887e-03
6.091905676897049e-01 3.949885653040031e-01
-6.477258243266291e-01 3.296965494994208e-01
-1.376760264275636e-01 -5.139583982360216e-02
2.032346404990416e-02 1.608113174051734e-01

115
-1.560250202114734e-01 -2.583002250061894e-02
-3.103481236951388e-01 -4.769893882739959e-02
1.937815133036332e-01 1.367145486607019e-02
1.016153106695688e-01 1.746966963791447e-02
2.145746877872108e-01 2.340318704898047e+00

116
1.239920223300576e-01 -7.550015075867846e-02
6.745888038515427e-01 3.807448074012955e-01
-7.633704574435183e-01 1.333000386484906e-01
5.160115358885638e-02 -9.234011271258764e-02
-1.296087611762219e-01 -1.687978291978534e-02

117
1.055825880581164e-01 -1.080220290013772e-01
5.431945464176305e-01 1.781780587529925e-01
-5.594684859501232e-01 -9.208415080850728e-02
-4.224359812534586e-02 -7.367058094923150e-02
7.422340950087880e-02 5.067775241227702e-02

118
1.088625090980250e-02 -3.884204325106320e-03
6.594376741026083e-01 6.068218893708237e-01
-8.559849316972217e-01 2.668921547628794e-01
1.561292266382616e-01 -8.905849824632409e-02
-2.274601020261164e-02 1.868228811312585e-01

119
-1.461582014079990e-02 -3.374211705367830e-02
9.997913401456580e-02 9.755965733898559e-04
-1.104108368936007e-01 -2.626801955481653e-02
-2.451625132650849e-02 2.387341483723634e-03
1.263594442596880e-01 1.182329028935331e+00

120
-2.124902524061212e-01 6.839824539890728e-02
4.697537007100305e-01 4.457349989377339e-01
-1.031768203860551e+00 3.709208310016060e-01
-9.493993689897640e-02 -1.828666210705179e-01
-5.275853027093155e-02 1.793165014357533e-01

121
-7.131526493582747e-02 -3.733986597402445e-02
5.067152899854742e-01 -1.760023658926990e-01
-4.034299329842426e-01 -2.766698996667443e-01
-1.008572035608321e-01 -6.316367946559837e-03
7.222003304483579e-02 -8.921540667991687e-02

122
-6.460692735468034e-01 1.385640222016147e-02
5.657546580746050e-01 -7.676153229569349e-03
-6.698693981690033e-01 1.105147848630057e-02
-1.490324921952582e-01 3.506627732758302e-03
2.602652064075211e-01 -5.994152593721823e-03

123
-1.112727155730142e-01 8.573467524957698e-03
6.692367919748164e-01 2.939198722219379e-01
-5.872854763286485e-01 3.105744410287315e-01
-1.248822851609409e-01 -3.809206126254992e-02
4.707534341423204e-02 1.430236514210655e-01

124
-3.304883343778818e+00 -6.611439076255050e-01
1.525807792240913e-01 1.010961361329732e-01
-3.483001558050613e+00 -7.413712369585848e-01
1.322807589256692e+00 2.594786237953043e-01
-1.374264442848038e+00 -2.637464770963896e-01

125
3.542547945416050e-02 -3.554232546465872e-02
-1.639768589092420e-01 -3.052044867696264e-02
1.900196976790769e-01 2.448588065328689e-03
3.024827317871362e-02 1.541191787525395e-02
1.865606108032590e-01 1.962575835975856e+00

126
-1.150316454254862e-01 8.061021689360463e-02
4.772354535187570e-01 2.116674336857330e-01
-7.433931855329859e-01 2.075162977028483e-02
-9.082313550800845e-02 -6.691631407280035e-02
9.323220465673251e-02 -6.034831914828034e-02

127
-2.411263043290416e-01 1.901479159652338e-01
8.879677241870894e-01 -5.562427221889819e-02
-2.929306385835115e-01 3.215590415872981e-01
-8.475539856516864e-02 -1.054934491736758e-01
9.293046107160938e-02 1.053689662543268e-01

128
-9.314478860735104e-01 3.681774021236799e-03
7.944527233741459e-01 -6.499267047164138e-03
-9.841902167960523e-01 -8.691830600470836e-03
3.802085031605240e-01 -2.611695700745627e-04
-2.260539768426733e-01 -3.531943107646990e-03

129
-4.042732386232393e-03 -2.766542906548415e-03
5.070387836282221e-01 -2.314718377165370e-01
-4.541631015831574e-01 -3.231003940102938e-01
6.220853552605593e-02 -9.406206873254064e-02
-9.828275170178674e-02 -6.572819485445809e-03

130
-3.446530061396627e-01 -3.382728913185409e-01
3.574820868683837e-01 3.339856192161273e-01
-3.624306801738612e-01 -3.653733196357054e-01
1.432691642386635e-01 1.425576545253156e-01
6.379059109480743e-01 6.998331578435534e-01

131
-1.779949112443111e-01 -1.594225745489830e+00
-6.467979986058896e-02 1.848518851794011e+00
-6.034655332291176e-01 -1.666496180446618e+00
1.376675970821792e+00 1.981531240403370e+00
1.900223971655015e-01 7.157091632297521e-01

132
-1.244019687648709e-01 -1.065220201257762e-02
7.173122646340251e-01 4.493278124339324e-01
-6.980632604959881e-01 2.597817447964910e-01
3.868562127886763e-02 1.616756512484561e-01
-1.332293475096525e-01 -5.032874888668213e-02

133
-1.815981069553998e-01 1.196827626574568e-02
2.884969640132497e-01 -1.328268742561104e-02
-8.165689605005183e-01 -4.532380858236482e-01
1.299277620418254e-01 -6.359197026017002e-03
-5.026489668248455e-02 -1.244964420290829e-01

134
-3.992293239123753e-01 -3.597509236962076e-01
5.044688069901255e-01 3.658049675832434e-01
-3.159903911250312e-01 -4.609589817002588e-01
3.217329022260292e-01 6.908535140896686e-01
1.462699211270275e-01 1.902743559438625e-01

135
-1.197865547599483e-01 8.747659132391673e-02
2.068729133368304e-01 -1.329980113591351e-01
-6.240422499372318e-01 -4.530606466016490e-01
8.883516803475834e-02 -6.252371948266564e-02
3.162235077968084e-02 1.055495213591558e-01

136
-9.110988364388344e-02 -1.051519529275355e-01
3.415033820902579e-01 -1.164985345001791e-01
-5.386623080976304e-01 -3.913658794283474e-01
-1.049428824405838e-01 6.081749786501899e-02
3.382185055456366e-02 -1.058232548292255e-01

137
-2.178489969764304e-01 -1.354704585569453e-01
7.089259255969773e-01 -1.981082462694293e-01
-2.846462053837716e-01 -2.184042187716404e-01
-5.860982914163205e-02 9.412670005762583e-02
6.772368699362159e-02 -9.504573658187249e-02

138
-3.157934921762790e-02 -1.175668852063155e-01
3.356104618095412e-01 2.040422145064790e-02
-5.729316303146497e-01 -2.533724079089673e-01
-9.343934869247060e-02 5.066159842516509e-03
3.659555915833507e-02 8.091234353359189e-02

139
-9.232226770782669e-01 -3.286497241954656e-01
9.890237638191386e-01 2.962954061925896e-01
-1.985994463727499e-01 9.127902409817380e-02
-7.250763276004976e-02 3.015340625026062e-01
8.666375687106516e-01 2.801278963684014e-01

140
7.635182552749301e-02 9.907623847665835e-02
2.622221597967646e-01 -6.354943202333782e-02
-5.074447318843273e-01 -3.300049496740832e-01
-7.434578458163651e-02 4.768215650188110e-02
-7.117956696842404e-03 -7.551589734475560e-02

141
1.111569430468748e-02 1.086729504678734e-01
2.567099768341316e-01 -3.889399475166665e-01
-3.182695293059264e-01 -5.129353840197047e-01
-8.958162893445294e-02 3.938253519825669e-02
-3.016433851383226e-03 -9.709635081255183e-02

142
-5.372765173143036e-03 2.871357932641110e-04
4.036820387819683e-01 -1.756172951166953e-01
-3.534190345365983e-01 -2.615885078999289e-01
-8.825164260348717e-02 -6.576816443234510e-03
3.415504403302391e-02 8.857926285437945e-02

143
5.351193183102933e-03 -6.502087204251163e-05
4.027357560351851e-01 -1.734403587703391e-01
-3.510771398151339e-01 -2.618364889422247e-01
-8.880167663836082e-02 -7.411796792193035e-03
3.222599995191985e-02 8.865477381105405e-02

144
-3.566545303226241e-02 7.246392325461329e-02
3.672100117565047e-01 -2.563842555588328e-01
-3.064856375098789e-01 -3.188948460723783e-01
-8.791537947655917e-02 4.825574283398856e-03
6.440813114646128e-02 6.364713572873251e-02

145
-2.016625928292294e-02 2.224526415978478e-02
9.913772347861699e-02 1.432811940754826e-02
-1.160375858249390e-01 3.116314611096943e-03
-1.860254110089592e-02 -8.506009144739002e-03
1.419034754317619e-01 1.182531462698918e+00

146
5.748377016623435e-01 1.913175277078736e-01
7.729322811039252e-02 9.313411686692274e-02
-5.989140049556214e-01 -2.194791838323598e-01
-8.877564268871260e-02 1.767229373161857e-01
-5.363385279578445e-01 -1.881171279807574e-01

147
1.369203025696167e-01 2.635423288684171e-01
2.563133221378989e-01 -7.661061941859545e-02
-3.686098733245227e-01 -2.369435910087275e-01
-1.426948407392468e-01 3.233548157733424e-02
1.066220585608489e-01 -3.939202903383218e-02

148
-6.814554615168442e-02 -8.260471901964795e-03
9.867810616860169e-02 1.058070675874642e-02
-1.505985092363787e-01 -2.225947475675896e-02
4.431629971249454e-02 5.646403608307406e-03
8.422145513377129e-02 1.219343174456235e+00

149
6.188735889234943e-02 1.618912877468690e-01
-1.169371414942006e-01 -3.030359344375229e-01
-6.780056438845397e-01 -6.085074538394466e-01
-4.653473664616702e-02 -1.182412530507911e-01
-9.946111912752738e-02 8.400159743072184e-02

150
1.031705765661421e-01 8.338109187816981e-03
-1.497055751677116e-01 -8.692274725591880e-03
2.334866790303896e-01 7.766649103756003e-03
-6.741635640225122e-02 -4.867615098045905e-03
3.334381973798782e-01 1.847324769514205e+00

151
-6.980478507506538e-02 2.575322490019310e-02
5.028184698852713e-01 -2.241912600190672e-01
-3.756094552270179e-01 -3.235970961295299e-01
6.925559993677245e-02 -9.451941712152935e-02
5.201270734706703e-02 1.039916244718752e-01

152
5.836213882784962e-03 2.014253335276184e-04
4.801597203543179e-01 -1.751943182304924e-01
-3.914684188404071e-01 -3.279884603444558e-01
6.325079433270574e-02 -8.140584479991629e-02
2.538283995896701e-02 9.512921515308924e-02

153
-7.077899032813902e-02 1.357150687676318e-02
5.212655508718325e-01 -1.356987993399425e-01
-3.225685810972264e-01 -3.643184353798125e-01
4.206864151113023e-02 1.113179619791358e-01
8.004534322502772e-02 -8.905644785518588e-02

154
4.988726964041268e-01 2.118299236260727e-01
7.975425325506012e-02 -7.213296900194133e-02
-5.262077024994228e-01 -1.812032860239553e-01
-4.687076258622828e-01 -1.845762709366520e-01
6.318590028198502e-02 -1.809282894682745e-01

155
-6.645567565173935e-01 -4.195849476826418e-01
8.057131055139074e-01 4.299696706169920e-01
-5.304182294574448e-01 -5.526658945111097e-01
6.648101665804009e-01 8.168141210674099e-01
-6.055568915322007e-02 -1.471196521822106e-01

156
-1.315607659924440e-01 2.716593061886399e-01
-4.280237797263336e-02 -7.998744729891354e-03
-1.223654447754799e-01 2.852647269482379e-01
-6.192013260369678e-02 1.132386447598279e-01
-1.462913600191137e-01 1.349162185726239e+00

157
4.402649587482451e-03 1.579014301579172e-01
4.885105921185997e-01 -2.040310215397724e-02
-4.742614170328774e-01 -1.500599701599189e-01
8.096124964296099e-02 5.880528009273242e-03
-7.572410446138465e-02 1.410408057426831e-02

158
7.563979394835162e-01 2.824502154445115e-01
1.724189040352805e-01 -7.184571520691502e-02
-8.134254243005659e-01 -2.578850079527298e-01
6.860950118401966e-02 -2.512185525201128e-01
-7.115737019917086e-01 -2.431219902611377e-01

159
-3.594958187305961e-01 -7.471884463602295e-02
-6.135924580549564e-01 -9.272322424212590e-01
-4.184413365160287e-01 -1.699556290150702e+00
-3.026343455908533e-02 2.541955754176077e-01
2.082820975828619e-01 -7.528183945678896e-02

160
-1.327537328189419e-03 6.717055786368247e-03
4.576461115839736e-01 -1.831310881557613e-01
-3.877582415784688e-01 -3.054277998240856e-01
-9.861609013425321e-02 -1.109421743794885e-02
6.447760949662912e-02 -9.003124767067013e-02

161
-2.830922279352391e-03 -1.086516188478470e-02
6.894482328904803e-01 5.502205268014397e-01
-8.206608406343279e-01 3.230720080015104e-01
-1.587692511910001e-01 -7.862227084370672e-02
1.538127666728364e-01 -1.157363447373937e-01

162
5.064934881372661e-01 -1.758331164028259e-01
2.265980742320035e-01 4.064167106411604e-01
-7.566004717745984e-01 -1.487777692841231e-01
-1.431975011057415e-01 -2.144633114100816e-01
8.980684428212346e-02 1.794795139124130e-01

163
1.827654784239174e-01 -8.349952094195968e-02
2.945756578560799e-01 3.398859227992257e-01
-8.226755660020002e-01 -1.577472016521094e-01
-7.035572897106369e-02 -1.180758048110935e-01
8.578271038155456e-02 3.825406009871911e-02

164
2.139438642249763e-01 -5.175440253336688e-02
2.828094461085371e-01 2.773459711710508e-01
-7.283267753248278e-01 -3.625374120829724e-01
6.377441142702682e-02 8.209042280224166e-02
-3.110079071280202e-02 -1.308142285851494e-01

165
-9.662490421759710e-03 -2.213794471535960e-01
-9.656161965676180e-03 1.077350034725176e-01
-7.402871220431990e-03 -2.334397091334534e-01
4.033794206431811e-03 8.878217665631682e-02
3.931595676658767e-01 1.380396305926870e+00

166
3.838554825197260e-01 -2.796661728401717e-01
-1.531018595524969e+00 -2.623705581280610e-01
-1.260212697849854e+00 -2.164544304437048e+00
2.758050578810615e-01 2.759363945070533e-01
-3.428129683950878e-01 1.425457535027221e-01

167
1.896409169062114e-01 1.681287815412055e-01
-8.877297245209392e-02 -8.746377190492226e-01
1.645042659365712e-01 -1.159657455654073e+00
-1.021548794548805e-01 1.773872214078320e-01
1.769941119745529e-01 -6.605000647646168e-02

168
-7.926823540724506e-03 -4.878527860607930e-03
8.848901263400016e-01 6.983599867927743e-01
-1.046491863326370e+00 4.168590928849698e-01
1.901367526845667e-01 -1.259545186746975e-01
-1.780586995620912e-01 -1.094796727084796e-01

169
-1.772462686745195e+00 -2.567442260450567e+00
1.678625659624735e+00 3.140986474420448e+00
-2.430311811082567e+00 -2.231228518471605e+00
3.937514459891818e+00 2.434256110625130e+00
-6.537145443661720e-01 -3.146302942625886e-01

170
-8.639099887526736e-02 -1.130937260763432e-01
8.281722084619666e-01 6.868002545382512e-01
-8.820495297961388e-01 3.661306767217680e-01
2.045486370244497e-01 -1.111418041818055e-01
4.852525105421838e-03 2.334555388281250e-01

171
-2.155464174242379e-01 3.159546076760213e-01
4.629141000525709e-01 -2.769707926434782e-01
-2.863280437920737e-01 -9.199698508071266e-02
-1.333603750965888e-01 -6.011675352098526e-02
1.823189631808561e-01 5.844603973837655e-02

172
1.758425169438988e-01 1.390042251002049e-01
-3.445273539969007e-01 -2.355028861269925e-01
-7.634770382055232e-01 -8.943327562570886e-01
-1.291860469008047e-01 -1.007064572845946e-01
1.412591135753538e-01 -9.210569122479224e-02

173
1.103855610159551e-01 -1.723920710654561e-01
-1.480073047902439e-01 3.054742632221046e-01
-8.804604519783497e-01 -6.049733379032585e-01
-7.802800746140949e-02 1.280882662915578e-01
1.480090020172020e-01 3.351526065653131e-02

174
-5.126600127181489e-02 -1.139385231385386e-01
5.656965596178409e-01 7.539044462800799e-01
-8.235691801498047e-01 1.533154870802332e-01
-2.827878568112586e-02 1.984200854570495e-01
1.887133193824777e-01 -6.551124711747530e-02

175
-5.580792042596193e-03 -3.840092825368594e-03
5.982925950172533e-01 5.533708956531161e-01
-7.780333515678955e-01 2.410650311621365e-01
-1.802143007363084e-03 1.649252750030184e-01
-1.286671276576473e-01 -6.813955760539808e-02

176
3.801644794181248e-02 -2.276691161868189e-01
7.826419554228566e-01 1.028052628395637e+00
-1.125928252535229e+00 5.917209112406916e-01
-2.122558609228163e-01 -1.477036694245918e-01
2.536747622051302e-01 -5.927523099992059e-02

177
-5.836499493418521e-01 -7.478934052933931e-01
1.170122435390440e+00 5.516132191401339e-01
-6.620706694772590e-01 3.331129773184390e-01
-3.168445952799426e-01 1.686877597745185e-01
4.401002923432359e-01 -1.653269827844921e-01

178
5.249140427992265e-01 -2.142403033316196e-01
-4.800713078613926e-01 2.251104239886001e+00
-3.025907336827181e+00 7.055112544299096e-01
-7.068943706224497e-02 -4.998667514277799e-01
-4.256768861077871e-01 2.510728091889119e-01

179
5.483241980996703e-01 -3.444092659000846e-01
8.862346791373232e-01 -4.243241257396358e-01
-2.998785500366882e-01 6.854676351210175e-01
-9.089015742847744e-01 -7.817176208720081e-01
-2.654435217378787e-01 1.881030656132742e-01

180
-2.172633773748981e-01 4.510417782042302e-01
9.019807164248267e-02 4.769387470826418e-01
-4.194099032382825e-01 1.721401859384671e-01
-3.145329618159748e-01 7.712684891752468e-01
7.674454420574785e-02 -1.736266999086953e-01

181
-1.154239251785916e-01 3.835425917568169e-01
3.229533941569136e-01 9.986822421198978e-02
-3.130600659058057e-01 4.630534968462955e-01
-6.737338528058019e-01 3.172775348347858e-01
6.103118114803870e-02 -1.552078498781599e-01

182
4.531515564331052e-04 9.698957279635788e-03
4.828502876613046e-01 6.327224428533225e-01
-7.890020927978871e-01 1.025195019053139e-01
-2.943217528485018e-02 1.579390056873686e-01
1.427920927887720e-01 -7.192916422351477e-02

183
-8.321796664698490e-03 5.372152978989042e-03
6.156309615024920e-01 3.882531728684474e-01
-6.451216660238110e-01 3.386791131083354e-01
-1.375539595906390e-01 -5.168572812439701e-02
2.282791195866306e-02 1.609009210152678e-01

184
-7.550986504178908e-02 3.133653053732830e-01
2.565492446067867e-01 7.734351466389863e-02
-2.319383003123444e-01 3.760974932264760e-01
-5.132100953123878e-01 3.061418699252967e-01
-1.303874804248158e-03 1.684234050661807e-01

185
4.553898881820855e-01 4.301089492088035e-01
1.754287044939272e+00 -2.462288651774527e-01
6.148358359105554e-01 7.883751414372867e-01
1.827793406579934e-01 -2.073651243601296e-01
-2.074574286007467e-01 1.921211916393386e-01

186
-1.162426381923786e-01 1.236225350546076e-01
4.334716407855471e-01 4.051793572916320e-01
-9.143413503827009e-01 1.456689468991022e-01
-1.315023806627304e-01 -9.100065702010156e-02
1.336079551765845e-01 -8.030791029119067e-02

187
2.606445908747870e-01 3.840129636674814e-01
1.322279855460486e+00 9.572278435681585e-02
3.205619448724064e-01 6.645258072351119e-01
-1.806315764220244e-01 1.058136800079826e-01
1.654515135542553e-01 -1.208301221781492e-01

188
-1.664649358375200e-02 5.756997052220331e-01
4.218302505230520e-01 -4.759355698596294e-01
2.563116732791945e-02 8.843573867369039e-01
-1.097121825262681e+00 -2.377903270419108e-01
9.467943673956286e-02 2.214195632068105e-01

189
6.212408208674751e-04 1.943243711370683e-03
-8.815979647251677e-03 -6.910775811888782e-02
9.311293832390637e-03 7.063193818127227e-02
-7.314954441478930e-01 2.559035098169488e-01
3.731899169397166e-01 5.201255768895745e-01

190
-6.724262806176504e-02 8.871200557728053e-01
7.080715729048875e-01 -7.195259166101163e-01
-1.476473054293264e-02 1.383489209018530e+00
-1.618081695123105e+00 -4.250676219894567e-01
4.303104380287255e-02 -4.297657470253552e-01

191
7.315874173058862e-03 -6.050395880478144e-04
-2.015376482867242e-01 -1.673677455908808e-01
2.072684462344753e-01 1.668721052613940e-01
-1.336278276377447e+00 2.578762034686521e+00
-1.732783531839347e+00 -1.658995021214824e+00

192
-1.092954889010387e-02 4.149988148191079e-03
6.703013414035666e-01 6.023953139130179e-01
-8.576143862795942e-01 2.785534016890547e-01
1.588420445159858e-01 -9.150960272562506e-02
-2.013339828319693e-02 1.879444061531907e-01

193
-1.055231360705096e-01 1.065017784288150e-01
6.875854141860154e-01 2.891451139862250e-01
-8.098695582848254e-01 1.973073761980101e-01
8.797249071226450e-02 -1.083503893748319e-01
-1.284861925428221e-01 -4.022431556497099e-02

194
-2.955479810832148e-02 2.314269533280885e-01
9.961160238785371e-01 9.181447376924292e-01
-1.166533916215542e+00 7.019104739924660e-01
2.659721610665063e-01 -1.214732142622303e-01
-2.322991997486612e-01 -1.780955081989968e-01

195
9.727255525820822e-02 -5.499773405078016e-01
-1.813019935647323e+00 -4.990504532988318e-01
-1.514851624375952e+00 -2.391476862233997e+00
-2.329956950071064e-01 3.099929958965504e-01
-2.093243771945929e-01 -2.609102305264057e-01

196
2.453425307342150e-02 4.457316520668038e-01
1.041723061493578e-01 1.901027103550059e-01
-4.929036155132352e-02 3.727066859922220e-01
2.146117108683456e-02 2.158643179920643e-01
-9.042634570634242e-02 1.138189709750067e+00

197
-3.058411465540311e-01 1.650738705760841e-01
9.987625846378998e-01 1.165738266810167e-01
-3.874182793706683e-01 2.989547370154723e-01
8.311762259039561e-02 1.354535889807410e-01
-7.384530502467661e-02 -1.340770784142314e-01

198
-7.839914469100767e-02 -2.850343717429186e-01
2.750204640230414e-02 1.703921808553276e-01
-8.667509629461183e-02 -3.139649987406117e-01
-2.829537989423911e-02 -8.593994282265092e-02
7.549246485906381e-01 1.372435411190519e+00

199
-2.607602204895141e-01 -2.597078906777030e-01
-5.165198815804669e-01 1.121587655349396e+00
-1.918165728921976e+00 -5.021387849309331e-02
-2.525483466653389e-01 2.639599878943853e-02
1.117750866915618e-01 2.609861622974609e-01

200
-1.979759549174113e-01 -1.659579065240891e-01
2.956974084914616e-01 2.887719132353181e-02
-2.702441591934664e-01 -2.833162321273057e-01
-1.833411718872534e-01 4.443008874802810e-01
9.535234308910030e-02 7.420539417589772e-02

201
-3.354714071694968e-03 -2.563388639025869e-03
4.569623461931089e-01 -1.555503749412606e-01
-3.632660415484851e-01 -3.175966886814796e-01
3.523491751510036e-02 9.141304670735605e-02
-9.241500315905336e-02 -4.359399606532284e-03

202
1.454009631168473e-03 2.349798792976174e-03
5.304751192692282e-03 1.203584457814896e-01
-4.157253289359767e-03 -1.185187923790587e-01
-1.275012168551493e+00 3.214641822490713e-01
1.275131752211069e+00 -3.212705730053762e-01

203
-1.471252138284852e-03 9.490251710833448e-04
2.147000962007230e-02 6.012683449935563e-02
-2.263012141774727e-02 -5.937796998689258e-02
-5.936959748189771e-01 3.730052201382747e-01
4.338931354825813e-01 3.837692151126207e-01

204
-5.145813776417745e-04 3.661303657855153e-02
1.009063663170168e-01 2.320456744366978e-02
-1.015539893348132e-01 7.118674502361574e-03
-2.378467684282767e-02 6.731125424271918e-03
1.434054186732279e-01 1.162742662706382e+00

205
3.133686007122752e-02 7.994571331367964e-02
4.577345041244302e-01 -9.486018877540006e-02
-3.971596018176355e-01 -2.247928941212164e-01
-7.885569952223902e-04 6.198541666033133e-02
-7.176141067929660e-02 -3.278818497467776e-02

206
3.553128300827954e-03 -6.350635012763772e-02
-1.749229253708470e-01 -4.781368149272127e-02
1.771648691069800e-01 6.930679245366607e-04
4.137741924763957e-02 -9.733290457595686e-03
1.793992837701263e-01 2.030020982298498e+00

207
8.698715965838029e-03 1.308615580130592e-01
4.463025988440811e-01 8.532352853672912e-03
-4.328566764974661e-01 -1.229801059314613e-01
-6.557240170307574e-02 1.844655747892386e-02
7.135225680059258e-02 5.310060004854159e-03

208
2.718827356886495e-03 -9.914064437282477e-05
4.802169819940685e-02 -1.098663136302935e-01
-4.589426688563534e-02 1.097913135717644e-01
-1.288712300746726e+00 -2.567268433072876e-01
1.288936364179940e+00 2.567185916729727e-01

209
3.115228506255175e-02 7.628362741202616e-02
4.101356379118279e-01 -1.246668541779901e-01
-3.928365043278145e-01 -1.980565150185728e-01
-7.576916696039454e-02 -2.470751249525109e-02
9.198582977475086e-03 6.132129842811588e-02

210
2.586605439017025e-04 -8.488843196107596e-04
-4.786277547818819e-02 -3.067930061132619e-02
4.806583203583993e-02 3.001444926378670e-02
-2.180792027014263e-01 5.850995550996559e-01
-3.196264319119371e-01 8.575570094889849e-01

211
6.330113957799607e-02 3.582167244143293e-02
4.726292412383722e-01 -1.574850529484442e-01
-3.605840022614719e-01 -2.658840420287454e-01
-1.040004478429060e-01 -2.506624692794581e-02
6.727318830547471e-02 -8.046123042214941e-02

212
-1.074260675169706e-02 2.380325212044357e-02
1.039825799083452e-01 1.905411839990427e-02
-1.130653612047148e-01 8.483187368379324e-05
7.041841613419874e-03 -1.550250179138402e-02
1.338153248757669e-01 1.205917035983784e+00

213
4.590095768825656e-01 6.419558448017258e-02
3.710893134003567e-02 3.419409126802962e-02
-4.661261010117098e-01 -7.403178387868241e-02
-4.282221937039982e-01 -6.645496368815827e-02
-5.040702809709927e-02 1.587357111422230e-01

214
1.630008145437151e-02 -3.789548800787249e-02
-1.638879200834772e-01 -2.717501294695045e-02
1.756943982005962e-01 -1.829463782045185e-03
-1.048701073858035e-02 2.454214402894282e-02
2.233719089854462e-01 1.899769349757072e+00

215
-5.010305338345984e-02 1.089762341671772e-01
4.859185992496558e-01 1.148106009072530e-01
-6.009726477335506e-01 -8.122415411649223e-02
3.974621566483684e-02 -6.626743379112748e-02
5.451606868847094e-02 5.644944400739919e-02

216
-1.561296309449960e-02 1.984749878609306e-02
9.968653819290343e-02 1.900544261570065e-02
-1.126888301100653e-01 -3.311678085370111e-03
9.928057075765263e-03 1.414361578063433e-02
1.041983396262759e-01 1.190941520590406e+00

217
4.422441088746136e-02 1.680007472482828e-01
3.120480855676150e-01 9.950135234668191e-02
-6.431923718937245e-01 -1.956318601977762e-01
8.921365692579797e-02 1.626089054828624e-02
-1.054581084360853e-01 3.356754477967219e-02

218
-2.584873913018839e-01 1.088470046258938e-01
3.988128870905789e-01 9.103394438088040e-01
-1.322948395664012e+00 4.207879782442387e-01
-1.024561163117462e-01 1.820053610090433e-01
-7.851733733425048e-02 -2.473859048530506e-01

219
-6.458213497708619e-02 9.872439946007955e-02
4.582496115927072e-01 1.048021279350231e-01
-5.609891516861176e-01 -1.732185555831648e-01
3.968265386599151e-02 5.932144172122841e-02
4.915077762186675e-02 -5.133701038600681e-02

220
-2.663542466478844e-02 -6.818870158332010e-02
-1.776111565032279e-01 -4.431824996214706e-02
1.589440595472737e-01 -6.014138768129852e-03
-4.837528696192504e-02 2.797928519377128e-03
2.632882138648893e-01 1.914261221538336e+00

221
1.308865307398770e-03 3.696695309923583e-03
1.261306158921486e-01 5.981641629920726e-02
-1.250908109355179e-01 -5.690492943711436e-02
-3.433131177527884e-01 1.485166433697935e+00
-1.097352978095264e+00 -6.177913308307835e-01

222
-3.954555934063838e-02 7.687600381300738e-02
4.371118824630373e-01 -2.457239395437468e-01
-3.318837310453081e-01 -3.584905276681441e-01
7.249413847228142e-02 7.476616356197976e-02
-1.013044508435440e-01 5.533029901852270e-03

223
-3.162271524376999e-01 3.742567212130813e-01
6.324843660188004e-01 -2.799029058555200e-01
-3.543017029562046e-01 -1.606205915166150e-01
2.202411473574992e-01 9.867161969579066e-02
-1.598788794555956e-01 -9.707786866809884e-02

224
2.735472803754689e-02 1.339736152420077e-01
2.991732806175680e-01 -8.389722466401735e-03
-4.944226205165611e-01 -2.139207285311213e-01
-8.734679902443537e-02 1.638677153588073e-02
6.361214906150774e-02 2.164621356916146e-02

225
2.174366662005053e-01 3.777209699508565e-02
3.427834586989167e-01 3.706599055855366e-02
-1.607681785970193e-01 -1.941675944009398e-01
-1.407588569260037e-01 3.911869106091082e-01
-1.065594126545469e-01 -3.085082125190238e-02

226
1.719699318857167e-01 -6.791409105777788e-02
1.121031936030943e-01 -5.238370539184247e-01
-2.019080637232150e-01 -8.822883537893907e-01
4.488360061952702e-02 1.255147679443634e-01
-1.171070327954807e-01 -1.090816647776199e-02

227
1.468590404047869e-01 1.814873182009557e-02
2.759257234609900e-01 -2.999120944130492e-01
-2.140217590193761e-01 -6.189049194430982e-01
-1.553666606925479e-02 1.099606330809342e-01
6.295859298481418e-02 -6.028072998206122e-02

228
1.578536680990061e-01 5.309876702084218e-02
1.609252938103319e-01 5.418359946158879e-02
-6.671147750325104e-01 -3.998816727422536e-01
-6.331447518828473e-02 -2.131172982949944e-02
3.986698393726838e-02 -7.775680149033887e-02

229
5.823645532409475e+00 3.732903834126509e+00
-5.851540785153456e+00 -3.863653618433657e+00
2.865798650734748e-01 5.873240387389687e-01
-5.374892818309363e+00 -3.521603624070032e+00
-1.615877162581631e+00 1.779104811312379e+00

230
1.081984033428546e-01 -1.727812771346336e-01
1.161856611871670e-01 -1.806626255568399e-01
-6.340137131781548e-02 7.648001509235927e-02
-4.502708020127742e-02 7.043598876645170e-02
-4.234855062733921e-01 1.252663405432640e+00

231
-6.804137123476225e-02 -1.872998920300968e-01
1.320493638305249e-01 2.876569833465212e-01
-9.540690010722982e-01 -3.658322921248091e-01
5.265149338839670e-02 1.332756898236296e-01
-1.474217426322486e-01 5.883283469630568e-03

232
9.389789662667179e-02 9.258963205825287e-02
1.985378091861841e-01 -3.773844257072833e-01
-3.634110685036655e-01 -6.052656870236616e-01
-5.590401613909080e-02 -8.940696343111079e-02
9.685601809494851e-02 -2.392976168197698e-02

233
2.023945072374521e-01 -7.820956172813148e-02
-2.708749262619666e-01 -6.399834197714281e-01
-2.621041643252973e-01 -1.072155501916039e+00
-1.528457717348647e-01 2.264839123143028e-03
6.847872087246532e-02 1.522183342308335e-01

234
4.462017936450371e-02 1.017990457487364e-01
2.522110956363657e-01 -3.141905664709927e-01
-4.537467442776486e-01 -4.168359175203332e-01
-2.049590024582868e-02 -9.786370598769926e-02
-8.401212499052634e-02 5.907106603712901e-02

235
-1.937644260469074e-03 6.419197619631620e-03
4.867717926373493e-01 -1.095498845751420e-01
-3.386447249636740e-01 -3.672819623400796e-01
2.584482164698918e-02 9.657697263514524e-02
6.888512529637311e-02 -8.271847519502203e-02

236
2.392654215859307e-02 -3.548911614024527e-02
-1.700822023581215e-01 -1.903124245680832e-02
1.876092078814598e-01 -8.537668078178948e-03
-1.863643085279406e-02 -2.248830443435867e-02
3.073819024456700e-01 1.945763024600816e+00

237
2.150610222528824e-01 1.254495804505855e-01
-4.544675636417241e-02 -9.094929954187571e-01
-4.438050698982032e-02 -1.146567181837236e+00
1.574608439081026e-01 -9.092398721178098e-02
-7.010778462237147e-02 1.881488022071119e-01

238
2.044508386205794e-01 3.134058654692587e-01
3.002579806641368e-01 -1.092802570913163e-01
-4.690090243224518e-01 -2.663917846122468e-01
1.303612046432145e-01 -5.902723954091053e-02
-1.794157080250327e-01 5.609797729087827e-02

239
7.737838819667124e-02 1.361170697439386e-01
2.536880036614128e-01 -5.785194178673045e-01
-2.366008899710450e-01 -8.116301561103347e-01
1.248313180815990e-01 -3.348362015786604e-03
-4.581193750189010e-02 -1.209384902968554e-01

