-1.7848447267587108e-03 3.0159471948611868e-62
1.0255728352278835e+00 -2.3083315418686858e-62
4.2347189536252949e-01 1.3270812644805440e-63
-4.0332951347286472e-01 5.4243493014954939e-64
1.0255728352278835e+00 -2.3083315418686858e-62
-1.7848447267587108e-03 3.0159471948611868e-62
4.2347189536252949e-01 1.3270812644805440e-63
-4.0332951347286472e-01 5.4243493014954939e-64
-1.7848447267587108e-03 3.0159471948611868e-62
1.0255728352278835e+00 -2.3083315418686858e-62
-4.0332951347286472e-01 5.4243493014954939e-64
4.2347189536252949e-01 1.3270812644805440e-63
1.0255728352278835e+00 -2.3083315418686858e-62
-1.7848447267587108e-03 3.0159471948611868e-62
-4.0332951347286472e-01 5.4243493014954939e-64
4.2347189536252949e-01 1.3270812644805440e-63
6.6515004517351772e-01 3.0109971516620854e-01
6.6515004517351772e-01 -3.0109971516620854e-01
5.1685079111499954e-01 -6.3152384915197648e-60
2.1897936892471117e+00 3.1689209832559346e-59
6.6515004517351772e-01 -3.0109971516620854e-01
6.6515004517351772e-01 3.0109971516620854e-01
5.1685079111499954e-01 -6.3152384915197648e-60
2.1897936892471117e+00 3.1689209832559346e-59
6.6515004517351772e-01 3.0109971516620854e-01
6.6515004517351772e-01 -3.0109971516620854e-01
2.1897936892471117e+00 3.1689209832559346e-59
5.1685079111499954e-01 -6.3152384915197648e-60
6.6515004517351772e-01 -3.0109971516620854e-01
6.6515004517351772e-01 3.0109971516620854e-01
2.1897936892471117e+00 3.1689209832559346e-59
5.1685079111499954e-01 -6.3152384915197648e-60
1.0250318942084178e+00 -1.8027332707890750e-63
-8.6007945175917855e-01 1.3491979097287417e-63
2.3212126499290059e-01 -1.9184711907761173e-64
-4.0453968158282522e-01 -4.7824867383409516e-65
-8.6007945175917855e-01 1.3491979097287417e-63
1.0250318942084178e+00 -1.8027332707890750e-63
2.3212126499290059e-01 -1.9184711907761173e-64
-4.0453968158282522e-01 -4.7824867383409516e-65
1.0250318942084178e+00 -1.8027332707890750e-63
-8.6007945175917855e-01 1.3491979097287417e-63
-4.0453968158282522e-01 -4.7824867383409516e-65
2.3212126499290059e-01 -1.9184711907761173e-64
-8.6007945175917855e-01 1.3491979097287417e-63
1.0250318942084178e+00 -1.8027332707890750e-63
-4.0453968158282522e-01 -4.7824867383409516e-65
2.3212126499290059e-01 -1.9184711907761173e-64
1.0271029794819573e+00 -4.9479624972432034e-62
-1.0605629023456993e+00 -6.6172383234769629e-62
-4.0576852960753002e-01 2.3093355247123029e-62
-1.7494248416719866e+00 2.3336808840710689e-61
-1.0605629023456993e+00 -6.6172383234769629e-62
1.0271029794819573e+00 -4.9479624972432034e-62
-4.0576852960753002e-01 2.3093355247123029e-62
-1.7494248416719866e+00 2.3336808840710689e-61
1.0271029794819573e+00 -4.9479624972432034e-62
-1.0605629023456993e+00 -6.6172383234769629e-62
-1.7494248416719866e+00 2.3336808840710689e-61
-4.0576852960753002e-01 2.3093355247123029e-62
-1.0605629023456993e+00 -6.6172383234769629e-62
1.0271029794819573e+00 -4.9479624972432034e-62
-1.7494248416719866e+00 2.3336808840710689e-61
-4.0576852960753002e-01 2.3093355247123029e-62
8.5136288456901699e-01 1.7131070187479436e-56
-1.1320975732327523e+00 7.8264571905946979e-57
-1.3372111845077803e+00 -3.9800788514952935e-56
1.0179170612095949e-01 -1.9597161092746113e-57
-1.1320975732327523e+00 7.8264571905946979e-57
8.5136288456901699e-01 1.7131070187479436e-56
-1.3372111845077803e+00 -3.9800788514952935e-56
1.0179170612095949e-01 -1.9597161092746113e-57
8.5136288456901699e-01 1.7131070187479436e-56
-1.1320975732327523e+00 7.8264571905946979e-57
1.0179170612095949e-01 -1.9597161092746113e-57
-1.3372111845077803e+00 -3.9800788514952935e-56
-1.1320975732327523e+00 7.8264571905946979e-57
8.5136288456901699e-01 1.7131070187479436e-56
1.0179170612095949e-01 -1.9597161092746113e-57
-1.3372111845077803e+00 -3.9800788514952935e-56
1.8990282658882210e-01 8.5108437768587519e-01
-1.2673136996733523e+00 -6.8972343633174427e-01
5.9014290300904701e-02 3.7575356329172810e-01
-1.3570720879224649e-01 -4.6684062283791800e-01
-1.2673136996733523e+00 -6.8972343633174427e-01
1.8990282658882210e-01 8.5108437768587519e-01
5.9014290300904701e-02 3.7575356329172810e-01
-1.3570720879224649e-01 -4.6684062283791800e-01
1.8990282658882210e-01 8.5108437768587519e-01
-1.2673136996733523e+00 -6.8972343633174427e-01
-1.3570720879224649e-01 -4.6684062283791800e-01
5.9014290300904701e-02 3.7575356329172810e-01
-1.2673136996733523e+00 -6.8972343633174427e-01
1.8990282658882210e-01 8.5108437768587519e-01
-1.3570720879224649e-01 -4.6684062283791800e-01
5.9014290300904701e-02 3.7575356329172810e-01
1.0265016979880057e+00 -3.0094734207196371e-62
1.4502479433121787e-01 -1.0114119739707525e-60
-4.0325917619743207e-01 -2.6379234778284743e-63
3.3071420086575452e+00 1.1760495376522980e-59
1.4502479433121787e-01 -1.0114119739707525e-60
1.0265016979880057e+00 -3.0094734207196371e-62
-4.0325917619743207e-01 -2.6379234778284743e-63
3.3071420086575452e+00 1.1760495376522980e-59
1.0265016979880057e+00 -3.0094734207196371e-62
1.4502479433121787e-01 -1.0114119739707525e-60
3.3071420086575452e+00 1.1760495376522980e-59
-4.0325917619743207e-01 -2.6379234778284743e-63
1.4502479433121787e-01 -1.0114119739707525e-60
1.0265016979880057e+00 -3.0094734207196371e-62
3.3071420086575452e+00 1.1760495376522980e-59
-4.0325917619743207e-01 -2.6379234778284743e-63
-1.0786134622248729e+00 -3.9505635483991088e-02
2.3188883614782677e-01 1.3474573575988116e-01
-3.9258097204063459e-02 2.9971732008007279e-01
-9.4913690302581721e-01 -2.9620991978005398e-02
2.3188883614782677e-01 1.3474573575988116e-01
-1.0786134622248729e+00 -3.9505635483991088e-02
-3.9258097204063459e-02 2.9971732008007279e-01
-9.4913690302581721e-01 -2.9620991978005398e-02
-1.0786134622248729e+00 -3.9505635483991088e-02
2.3188883614782677e-01 1.3474573575988116e-01
-9.4913690302581721e-01 -2.9620991978005398e-02
-3.9258097204063459e-02 2.9971732008007279e-01
2.3188883614782677e-01 1.3474573575988116e-01
-1.0786134622248729e+00 -3.9505635483991088e-02
-9.4913690302581721e-01 -2.9620991978005398e-02
-3.9258097204063459e-02 2.9971732008007279e-01
-1.2673136996733523e+00 6.8972343633174427e-01
1.8990282658882210e-01 -8.5108437768587519e-01
-1.3570720879224649e-01 4.6684062283791800e-01
5.9014290300904701e-02 -3.7575356329172810e-01
1.8990282658882210e-01 -8.5108437768587519e-01
-1.2673136996733523e+00 6.8972343633174427e-01
-1.3570720879224649e-01 4.6684062283791800e-01
5.9014290300904701e-02 -3.7575356329172810e-01
-1.2673136996733523e+00 6.8972343633174427e-01
1.8990282658882210e-01 -8.5108437768587519e-01
5.9014290300904701e-02 -3.7575356329172810e-01
-1.3570720879224649e-01 4.6684062283791800e-01
1.8990282658882210e-01 -8.5108437768587519e-01
-1.2673136996733523e+00 6.8972343633174427e-01
5.9014290300904701e-02 -3.7575356329172810e-01
-1.3570720879224649e-01 4.6684062283791800e-01
-1.0786134622248729e+00 3.9505635483991088e-02
2.3188883614782677e-01 -1.3474573575988116e-01
-9.4913690302581721e-01 2.9620991978005398e-02
-3.9258097204063459e-02 -2.9971732008007279e-01
2.3188883614782677e-01 -1.3474573575988116e-01
-1.0786134622248729e+00 3.9505635483991088e-02
-9.4913690302581721e-01 2.9620991978005398e-02
-3.9258097204063459e-02 -2.9971732008007279e-01
-1.0786134622248729e+00 3.9505635483991088e-02
2.3188883614782677e-01 -1.3474573575988116e-01
-3.9258097204063459e-02 -2.9971732008007279e-01
-9.4913690302581721e-01 2.9620991978005398e-02
2.3188883614782677e-01 -1.3474573575988116e-01
-1.0786134622248729e+00 3.9505635483991088e-02
-3.9258097204063459e-02 -2.9971732008007279e-01
-9.4913690302581721e-01 2.9620991978005398e-02
