40

2.174826445605197e-57
3.477071471394546e-60
6.254764860306253e2

4.050036223619024e-60
2.531078407453074e-62
1.600122782325980e2

2.104620293844663e-56
2.123184667132737e-59
9.912563548637791e2

1.050869188547509e-57
2.111374409903715e-60
4.977180663070705e2

1.115482508754495e-60
7.292670177272675e-63
1.529594074103136e2

3.383173041065528e-61
2.211811027738991e-63
1.529594074103136e2

2.186857530484980e-59
3.496306542813672e-62
6.254764860306253e2

2.354945195755248e-60
1.471727808494819e-62
1.600122782325980e2

5.740310319153341e-56
9.248572478274151e-59
6.206698744739170e2

1.386793916434996e-58
2.234350293882799e-61
6.206698744739170e2

3.827383060996110e-57
7.689861630690295e-60
4.977180663070705e2

3.637858758477355e-57
5.816139918486455e-60
6.254764860306253e2

1.001911233813281e-58
2.013009576379623e-61
4.977180663070705e2

6.721528503904693e-57
1.082947437976089e-59
6.206698744739170e2

1.542172896760435e-56
1.555776050457063e-59
9.912563548637791e2

1.773521398263186e-57
2.040140767901508e-60
8.693132484614935e2

4.532063606124610e-58
7.269797811046626e-61
6.234098559437286e2

7.496562667961894e-60
4.684992146080624e-62
1.600122782325980e2

1.830547547219189e-62
1.196753817376362e-64
1.529594074103136e2

1.163204477286309e-52
2.917560560133496e-57
3.986907737857155e4

4.929047357915353e-61
3.309008337035209e-63
1.489584448231297e2

8.782125113609588e-62
5.895687971257561e-64
1.489584448231297e2

8.002846788978522e-57
8.293510581364122e-60
9.649528641057341e2

1.128826662622357e-52
2.831333797629007e-57
3.986907737857155e4

1.162042562285373e-57
1.204248005794864e-60
9.649528641057341e2

7.606787948605984e-61
5.106651024477420e-63
1.489584448231297e2

1.212804669925492e-60
8.141899382512704e-63
1.489584448231297e2

1.942476784759203e-52
4.872138791461542e-57
3.986907737857155e4

3.070250648725984e-52
7.700831949465057e-57
3.986907737857155e4

5.451371875671799e-57
5.649365972631040e-60
9.649528641057341e2

2.113059763372320e-58
4.245495404759235e-61
4.977180663070705e2

2.532848380085788e-58
4.049470182579768e-61
6.254764860306253e2

2.505667789542141e-58
4.019294474818686e-61
6.234098559437286e2

8.066917875105583e-63
5.273894565677858e-65
1.529594074103136e2

2.144065375761833e-57
3.454437638977006e-60
6.206698744739170e2

1.658851083324764e-61
1.036702371622642e-63
1.600122782325980e2

2.698831052556648e-58
4.329144024313044e-61
6.234098559437286e2

1.396514280846841e-57
1.606456916788494e-60
8.693132484614935e2

1.282189609517024e-57
2.056736186141977e-60
6.234098559437286e2

4.075735561096189e-58
4.223766478866675e-61
9.649528641057341e2

