4 4

13
1 1 0 0 1 0
1 0 3 0 -135485463347110091/500000000000000000 0
1 0 2 0 91043082082537627/250000000000000000 0
1 0 1 0 54429752848006241/200000000000000000 0
1 0 0 0 231625304261415671/10000000000000000000 0
0 1 3 0 -135485463347110091/500000000000000000 0
0 1 2 0 91043082082537627/250000000000000000 0
0 1 1 0 54429752848006241/200000000000000000 0
0 1 0 0 231625304261415671/10000000000000000000 0
0 0 3 0 44365105436545503/125000000000000000 0
0 0 2 0 276469103007819073/1000000000000000000 0
0 0 1 0 50638725183633139/2000000000000000000 0
0 0 0 0 -384133195042632089/10000000000000000000 0

18
1 0 2 0 -135485463347110091/500000000000000000 0
1 0 1 1 -135485463347110091/500000000000000000 0
1 0 1 0 91043082082537627/250000000000000000 0
1 0 0 2 -135485463347110091/500000000000000000 0
1 0 0 1 91043082082537627/250000000000000000 0
1 0 0 0 54429752848006241/200000000000000000 0
0 1 2 0 -135485463347110091/500000000000000000 0
0 1 1 1 -135485463347110091/500000000000000000 0
0 1 1 0 91043082082537627/250000000000000000 0
0 1 0 2 -135485463347110091/500000000000000000 0
0 1 0 1 91043082082537627/250000000000000000 0
0 1 0 0 54429752848006241/200000000000000000 0
0 0 2 0 44365105436545503/125000000000000000 0
0 0 1 1 44365105436545503/125000000000000000 0
0 0 1 0 276469103007819073/1000000000000000000 0
0 0 0 2 44365105436545503/125000000000000000 0
0 0 0 1 276469103007819073/1000000000000000000 0
0 0 0 0 50638725183633139/2000000000000000000 0

18
2 1 0 0 1 0
2 0 3 0 -135485463347110091/500000000000000000 0
2 0 2 0 91043082082537627/250000000000000000 0
2 0 1 0 54429752848006241/200000000000000000 0
2 0 0 0 231625304261415671/10000000000000000000 0
1 2 0 0 1 0
1 1 3 0 -135485463347110091/500000000000000000 0
1 1 2 0 91043082082537627/250000000000000000 0
1 1 1 0 54429752848006241/200000000000000000 0
1 1 0 0 231625304261415671/10000000000000000000 0
0 2 3 0 -135485463347110091/500000000000000000 0
0 2 2 0 91043082082537627/250000000000000000 0
0 2 1 0 54429752848006241/200000000000000000 0
0 2 0 0 231625304261415671/10000000000000000000 0
0 0 3 0 23796933012010797/1250000000000000000 0
0 0 2 0 -10960848410671839/31250000000000000 0
0 0 1 0 147357751449616603/1000000000000000000 0
0 0 0 0 91998674721310597/500000000000000000 0

24
2 0 2 0 -135485463347110091/500000000000000000 0
2 0 1 1 -135485463347110091/500000000000000000 0
2 0 1 0 91043082082537627/250000000000000000 0
2 0 0 2 -135485463347110091/500000000000000000 0
2 0 0 1 91043082082537627/250000000000000000 0
2 0 0 0 54429752848006241/200000000000000000 0
1 1 2 0 -135485463347110091/500000000000000000 0
1 1 1 1 -135485463347110091/500000000000000000 0
1 1 1 0 91043082082537627/250000000000000000 0
1 1 0 2 -135485463347110091/500000000000000000 0
1 1 0 1 91043082082537627/250000000000000000 0
1 1 0 0 54429752848006241/200000000000000000 0
0 2 2 0 -135485463347110091/500000000000000000 0
0 2 1 1 -135485463347110091/500000000000000000 0
0 2 1 0 91043082082537627/250000000000000000 0
0 2 0 2 -135485463347110091/500000000000000000 0
0 2 0 1 91043082082537627/250000000000000000 0
0 2 0 0 54429752848006241/200000000000000000 0
0 0 2 0 23796933012010797/1250000000000000000 0
0 0 1 1 23796933012010797/1250000000000000000 0
0 0 1 0 -10960848410671839/31250000000000000 0
0 0 0 2 23796933012010797/1250000000000000000 0
0 0 0 1 -10960848410671839/31250000000000000 0
0 0 0 0 147357751449616603/1000000000000000000 0

