40

0
1.201911111875379e+00 2.291914703533794e-14
-4.092599514397349e-01 -1.025244297881570e-13
7.408012062376818e+00 2.942394694287528e-12
-1.784924437250598e-01 -2.692802737057470e-14

13
7.549292887473056e-01 3.290983621215134e+00
7.549292887473015e-01 -3.290983621215133e+00
1.159061111738883e-01 -9.342767186848735e-01
1.159061111738884e-01 9.342767186848735e-01

16
8.280776000178696e-01 2.335275577559141e-18
2.921911534829885e-01 -1.444103690790429e-17
-9.750358533936349e-02 -2.807038482294548e-18
2.356382078556484e+00 1.826620844304444e-16

21
1.052877350972224e+00 -1.894999730736334e+00
1.052877350972224e+00 1.894999730736334e+00
3.824989524542303e-01 -8.804422281437451e-01
3.824989524542304e-01 8.804422281437450e-01

26
1.077247407446681e-01 -9.175740936240048e-02
6.448101827041343e-02 1.515196785801577e-01
4.657577731031405e-02 3.760891960609635e-02
-8.265226838541927e-02 -6.839734210569830e-03

36
1.077247407446681e-01 -9.175740936240061e-02
6.448101827041346e-02 1.515196785801576e-01
-8.265226838541920e-02 -6.839734210569800e-03
4.657577731031402e-02 3.760891960609626e-02

41
8.280776000179204e-01 -5.472899699036244e-14
2.921911534829248e-01 6.877037787843756e-14
2.356382078556578e+00 -1.012200691892341e-13
-9.750358533936788e-02 4.124934190814932e-15

52
1.201911111875482e+00 -6.458858049713312e-17
-4.092599514401842e-01 -2.932218080316493e-17
-1.784924437251366e-01 -3.460219402820896e-18
7.408012062389639e+00 5.536828010580547e-15

57
1.077247407446681e-01 9.175740936240064e-02
6.448101827041351e-02 -1.515196785801576e-01
4.657577731031403e-02 -3.760891960609621e-02
-8.265226838541921e-02 6.839734210569784e-03

58
2.317742024595903e-01 -1.188796619104115e-16
-8.023248195932873e-01 7.129912019187854e-17
-1.053371615329599e-01 -3.092256300353296e-17
-9.939402558320406e-01 -3.643565337419518e-17

60
1.052877350972224e+00 1.894999730736334e+00
1.052877350972224e+00 -1.894999730736334e+00
3.824989524542303e-01 -8.804422281437452e-01
3.824989524542301e-01 8.804422281437451e-01

62
-4.092599514403772e-01 -1.862391877416719e-14
1.201911111875526e+00 3.978683310616723e-15
7.408012062395152e+00 5.595787002250160e-13
-1.784924437252160e-01 3.071462495431286e-15

68
1.052877350972224e+00 1.894999730736334e+00
1.052877350972224e+00 -1.894999730736334e+00
3.824989524542302e-01 8.804422281437453e-01
3.824989524542304e-01 -8.804422281437456e-01

70
6.448101827041355e-02 1.515196785801576e-01
1.077247407446681e-01 -9.175740936240064e-02
-8.265226838541921e-02 -6.839734210569793e-03
4.657577731031406e-02 3.760891960609623e-02

78
6.448101827041347e-02 1.515196785801576e-01
1.077247407446681e-01 -9.175740936240058e-02
4.657577731031404e-02 3.760891960609626e-02
-8.265226838541923e-02 -6.839734210569775e-03

81
-1.926709178679891e-01 3.345030680345918e-01
-1.926709178679895e-01 -3.345030680345916e-01
-1.760054153892970e-01 -1.470471929715410e-01
-1.760054153892969e-01 1.470471929715413e-01

88
-1.926709178679892e-01 3.345030680345917e-01
-1.926709178679894e-01 -3.345030680345915e-01
-1.760054153892969e-01 1.470471929715411e-01
-1.760054153892970e-01 -1.470471929715410e-01

94
-2.895788435561794e-01 4.255864052668600e-01
-2.895788435561797e-01 -4.255864052668594e-01
-2.583586040482992e-01 -1.638205872345136e-01
-2.583586040482992e-01 1.638205872345142e-01

105
7.549292887473067e-01 3.290983621215134e+00
7.549292887473001e-01 -3.290983621215133e+00
1.159061111738884e-01 9.342767186848733e-01
1.159061111738883e-01 -9.342767186848733e-01

111
-2.895788435561794e-01 4.255864052668597e-01
-2.895788435561795e-01 -4.255864052668595e-01
-2.583586040482990e-01 1.638205872345139e-01
-2.583586040482990e-01 -1.638205872345138e-01

130
-8.023248195932871e-01 2.037705576013038e-15
2.317742024595912e-01 -1.896717461342337e-15
-9.939402558320426e-01 2.189927951691823e-16
-1.053371615329598e-01 -1.524017335022886e-16

132
2.921911534829892e-01 -5.113797024505358e-16
8.280776000178695e-01 -3.335773681899093e-16
-9.750358533936340e-02 -6.748292802908205e-17
2.356382078556477e+00 9.310353327240134e-15

136
-4.092599514401841e-01 7.750198316769465e-17
1.201911111875481e+00 -3.187870548990778e-16
-1.784924437251365e-01 -4.730937067151673e-18
7.408012062389653e+00 2.530311833379531e-14

138
-8.023248195932871e-01 -6.904221372577216e-17
2.317742024595903e-01 -1.576155527762490e-17
-1.053371615329598e-01 3.174728053960944e-18
-9.939402558320404e-01 -1.164138799752159e-16

142
-1.926709178679894e-01 -3.345030680345912e-01
-1.926709178679890e-01 3.345030680345916e-01
-1.760054153892968e-01 -1.470471929715408e-01
-1.760054153892968e-01 1.470471929715411e-01

148
-1.926709178679889e-01 -3.345030680345918e-01
-1.926709178679894e-01 3.345030680345913e-01
-1.760054153892969e-01 1.470471929715410e-01
-1.760054153892968e-01 -1.470471929715412e-01

150
-2.895788435561798e-01 -4.255864052668599e-01
-2.895788435561798e-01 4.255864052668601e-01
-2.583586040482994e-01 1.638205872345141e-01
-2.583586040482992e-01 -1.638205872345138e-01

163
1.052877350972222e+00 -1.894999730736334e+00
1.052877350972224e+00 1.894999730736334e+00
3.824989524542303e-01 8.804422281437452e-01
3.824989524542299e-01 -8.804422281437451e-01

171
-6.390170222383945e-01 1.320836328480962e+00
-6.390170222383941e-01 -1.320836328480962e+00
-2.688625804836503e-01 6.375675430035856e-01
-2.688625804836502e-01 -6.375675430035854e-01

178
-6.390170222383965e-01 1.320836328480963e+00
-6.390170222383936e-01 -1.320836328480963e+00
-2.688625804836504e-01 -6.375675430035863e-01
-2.688625804836510e-01 6.375675430035858e-01

182
2.921911534829086e-01 2.695059282093524e-14
8.280776000179333e-01 -2.150009619020879e-14
2.356382078556603e+00 -3.960678017789549e-14
-9.750358533936911e-02 2.668731921270959e-15

186
6.448101827041341e-02 -1.515196785801576e-01
1.077247407446681e-01 9.175740936240058e-02
-8.265226838541918e-02 6.839734210569796e-03
4.657577731031394e-02 -3.760891960609625e-02

197
7.549292887473030e-01 -3.290983621215133e+00
7.549292887473043e-01 3.290983621215134e+00
1.159061111738884e-01 -9.342767186848737e-01
1.159061111738884e-01 9.342767186848736e-01

198
6.448101827041358e-02 -1.515196785801576e-01
1.077247407446681e-01 9.175740936240073e-02
4.657577731031409e-02 -3.760891960609616e-02
-8.265226838541920e-02 6.839734210569756e-03

207
7.549292887473025e-01 -3.290983621215134e+00
7.549292887473024e-01 3.290983621215132e+00
1.159061111738883e-01 9.342767186848735e-01
1.159061111738882e-01 -9.342767186848737e-01

208
2.317742024595900e-01 -3.633519166434241e-15
-8.023248195932859e-01 4.171448437806751e-15
-9.939402558320426e-01 -3.221453438959240e-16
-1.053371615329602e-01 -4.104253516190921e-16

211
-6.390170222383943e-01 -1.320836328480962e+00
-6.390170222383940e-01 1.320836328480962e+00
-2.688625804836503e-01 6.375675430035854e-01
-2.688625804836502e-01 -6.375675430035854e-01

218
-6.390170222383946e-01 -1.320836328480963e+00
-6.390170222383936e-01 1.320836328480963e+00
-2.688625804836501e-01 -6.375675430035856e-01
-2.688625804836497e-01 6.375675430035859e-01

223
1.077247407446681e-01 9.175740936240064e-02
6.448101827041343e-02 -1.515196785801576e-01
-8.265226838541920e-02 6.839734210569794e-03
4.657577731031395e-02 -3.760891960609625e-02

238
-2.895788435561795e-01 -4.255864052668596e-01
-2.895788435561795e-01 4.255864052668597e-01
-2.583586040482989e-01 -1.638205872345139e-01
-2.583586040482991e-01 1.638205872345141e-01

