12                                               

1.201911111875379e+00 2.291914703533794e-14
-4.092599514397349e-01 -1.025244297881570e-13
7.408012062376818e+00 2.942394694287528e-12
-1.784924437250598e-01 -2.692802737057470e-14

8.280776000178696e-01 2.335275577559141e-18
2.921911534829885e-01 -1.444103690790429e-17
-9.750358533936349e-02 -2.807038482294548e-18
2.356382078556484e+00 1.826620844304444e-16

8.280776000179204e-01 -5.472899699036244e-14
2.921911534829248e-01 6.877037787843756e-14
2.356382078556578e+00 -1.012200691892341e-13
-9.750358533936788e-02 4.124934190814932e-15

1.201911111875482e+00 -6.458858049713312e-17
-4.092599514401842e-01 -2.932218080316493e-17
-1.784924437251366e-01 -3.460219402820896e-18
7.408012062389639e+00 5.536828010580547e-15

2.317742024595903e-01 -1.188796619104115e-16
-8.023248195932873e-01 7.129912019187854e-17
-1.053371615329599e-01 -3.092256300353296e-17
-9.939402558320406e-01 -3.643565337419518e-17

-4.092599514403772e-01 -1.862391877416719e-14
1.201911111875526e+00 3.978683310616723e-15
7.408012062395152e+00 5.595787002250160e-13
-1.784924437252160e-01 3.071462495431286e-15

-8.023248195932871e-01 2.037705576013038e-15
2.317742024595912e-01 -1.896717461342337e-15
-9.939402558320426e-01 2.189927951691823e-16
-1.053371615329598e-01 -1.524017335022886e-16

2.921911534829892e-01 -5.113797024505358e-16
8.280776000178695e-01 -3.335773681899093e-16
-9.750358533936340e-02 -6.748292802908205e-17
2.356382078556477e+00 9.310353327240134e-15

-4.092599514401841e-01 7.750198316769465e-17
1.201911111875481e+00 -3.187870548990778e-16
-1.784924437251365e-01 -4.730937067151673e-18
7.408012062389653e+00 2.530311833379531e-14

-8.023248195932871e-01 -6.904221372577216e-17
2.317742024595903e-01 -1.576155527762490e-17
-1.053371615329598e-01 3.174728053960944e-18
-9.939402558320404e-01 -1.164138799752159e-16

2.921911534829086e-01 2.695059282093524e-14
8.280776000179333e-01 -2.150009619020879e-14
2.356382078556603e+00 -3.960678017789549e-14
-9.750358533936911e-02 2.668731921270959e-15

2.317742024595900e-01 -3.633519166434241e-15
-8.023248195932859e-01 4.171448437806751e-15
-9.939402558320426e-01 -3.221453438959240e-16
-1.053371615329602e-01 -4.104253516190921e-16

