240

-4.206245970327491e-01 5.364265175769172e-01;
-4.206245970327491e-01 5.364265175769172e-01;
-4.206245970327491e-01 5.364265175769172e-01;
-4.206245970327491e-01 5.364265175769172e-01;
-4.206245970327491e-01 5.364265175769172e-01;

-1.218004040841575e+00 1.300132213593865e-01;
-1.218004040841575e+00 1.300132213593865e-01;
-1.218004040841575e+00 1.300132213593865e-01;
-1.218004040841575e+00 1.300132213593865e-01;
-1.300132213593866e-01 -1.218004040841575e+00;

-5.320439597383714e-01 -1.918872599172327e-03;
-5.320439597383714e-01 -1.918872599172327e-03;
-5.320439597383714e-01 -1.918872599172327e-03;
-5.320439597383714e-01 -1.918872599172327e-03;
5.320439597383714e-01 1.918872599172262e-03;

-3.931591449628717e-01 2.114256661443224e-01;
-3.931591449628717e-01 2.114256661443224e-01;
-3.931591449628717e-01 2.114256661443224e-01;
-3.931591449628717e-01 2.114256661443224e-01;
2.114256661443225e-01 3.931591449628717e-01;

-1.838801873478938e+00 1.557406972170936e+00;
-1.838801873478938e+00 1.557406972170936e+00;
-1.838801873478938e+00 1.557406972170936e+00;
-2.049403077600158e+00 -1.267539282389030e+00;
-1.838801873478938e+00 1.557406972170936e+00;

-3.239542254092499e-01 -1.160260288037445e+00;
-3.239542254092499e-01 -1.160260288037445e+00;
-3.239542254092499e-01 -1.160260288037445e+00;
1.003365746485473e+00 -6.666389239587583e-01;
1.160260288037445e+00 -3.239542254092500e-01;

-5.239279774038139e-01 -3.623986455735357e-01;
-5.239279774038139e-01 -3.623986455735357e-01;
-5.239279774038139e-01 -3.623986455735357e-01;
1.827589445229769e-01 -6.102724571999231e-01;
5.239279774038139e-01 3.623986455735356e-01;

-7.109911092707957e-01 8.976058926234699e-02;
-7.109911092707957e-01 8.976058926234699e-02;
-7.109911092707957e-01 8.976058926234699e-02;
-3.050757289386191e-01 -6.484551799927352e-01;
8.976058926234712e-02 7.109911092707957e-01;

-7.665322474611184e-01 -4.432872773144149e-01;
-7.665322474611184e-01 -4.432872773144149e-01;
-7.665322474611184e-01 -4.432872773144149e-01;
8.806953390667642e-01 -9.192940972668832e-02;
-7.665322474611184e-01 -4.432872773144149e-01;

-2.563726344619503e-01 -4.735216788602676e-01;
-2.563726344619503e-01 -4.735216788602676e-01;
-2.563726344619503e-01 -4.735216788602676e-01;
4.857388776472320e-01 2.323950317748093e-01;
4.735216788602676e-01 -2.563726344619504e-01;

-2.874290041979795e-01 -2.542376413983399e-01;
-2.874290041979795e-01 -2.542376413983399e-01;
-2.874290041979795e-01 -2.542376413983399e-01;
3.819720852640001e-01 3.673604275237691e-02;
2.874290041979796e-01 2.542376413983399e-01;

-4.429544931910525e-01 -1.426703136787446e-01;
-4.429544931910525e-01 -1.426703136787446e-01;
-4.429544931910525e-01 -1.426703136787446e-01;
4.422172190466105e-01 -1.449394101754785e-01;
-1.426703136787445e-01 4.429544931910525e-01;

-5.015615082133521e-01 -4.936328534126147e-02;
-5.015615082133521e-01 -4.936328534126147e-02;
-5.015615082133521e-01 -4.936328534126147e-02;
3.767567727406329e-01 3.347461943846387e-01;
-5.015615082133521e-01 -4.936328534126147e-02;

-3.665756583668692e-01 -2.459332329124782e-01;
-3.665756583668692e-01 -2.459332329124782e-01;
-3.665756583668692e-01 -2.459332329124782e-01;
1.520100099884175e-01 4.144319307452166e-01;
2.459332329124782e-01 -3.665756583668692e-01;

-2.799511006290060e-01 -1.286824680399453e-01;
-2.799511006290060e-01 -1.286824680399453e-01;
-2.799511006290060e-01 -1.286824680399453e-01;
1.508475410603596e-01 2.686574318352026e-01;
2.799511006290060e-01 1.286824680399453e-01;

-3.257732962701618e-01 -3.081397893710500e-02;
-3.257732962701618e-01 -3.081397893710500e-02;
-3.257732962701618e-01 -3.081397893710500e-02;
2.454441306124243e-01 2.164137717627372e-01;
-3.081397893710494e-02 3.257732962701618e-01;

-4.308935757545688e-01 1.939209772913205e-01;
-4.308935757545688e-01 1.939209772913205e-01;
-4.308935757545688e-01 1.939209772913205e-01;
5.127637142408440e-02 4.697290205999184e-01;
-4.308935757545688e-01 1.939209772913205e-01;

-5.381943846195890e-01 -5.838445145141293e-02;
-5.381943846195890e-01 -5.838445145141293e-02;
-5.381943846195890e-01 -5.838445145141293e-02;
-2.218381241278040e-01 4.938114888201747e-01;
5.838445145141290e-02 -5.381943846195890e-01;

-3.408669471903773e-01 -3.434849075614250e-02;
-3.408669471903773e-01 -3.434849075614250e-02;
-3.408669471903773e-01 -3.434849075614250e-02;
-1.380010354610674e-01 3.135694639402655e-01;
3.408669471903773e-01 3.434849075614246e-02;

-3.126901328278094e-01 8.085268662467726e-02;
-3.126901328278094e-01 8.085268662467726e-02;
-3.126901328278094e-01 8.085268662467726e-02;
-1.973109054278333e-02 3.223708426149825e-01;
8.085268662467732e-02 3.126901328278094e-01;

1.253164895852234e-01 4.873468537181292e-01;
1.253164895852234e-01 4.873468537181292e-01;
-4.847130005669303e-01 -1.351461633651730e-01;
1.253164895852234e-01 4.873468537181292e-01;
1.253164895852234e-01 4.873468537181292e-01;

5.445354723436409e-01 7.931141023244707e-01;
5.445354723436409e-01 7.931141023244707e-01;
-9.591246968845026e-01 7.502450114911648e-02;
5.445354723436409e-01 7.931141023244707e-01;
-7.931141023244707e-01 5.445354723436409e-01;

-5.898713112483258e-01 9.393873278607310e-01;
-5.898713112483258e-01 9.393873278607310e-01;
-5.185976342964117e-01 -9.805372044350530e-01;
-5.898713112483258e-01 9.393873278607310e-01;
5.898713112483257e-01 -9.393873278607311e-01;

-1.555975011164257e-01 4.974052889540397e-01;
-1.555975011164257e-01 4.974052889540397e-01;
-3.529668656527248e-01 -3.834540332092219e-01;
-1.555975011164257e-01 4.974052889540397e-01;
4.974052889540397e-01 1.555975011164256e-01;

4.810452465155176e-01 4.610806799587631e-01;
4.810452465155176e-01 4.610806799587631e-01;
-6.398302052962500e-01 1.860570638728045e-01;
-2.898626289760009e-01 5.999829822166055e-01;
4.810452465155176e-01 4.610806799587631e-01;

8.491898495062890e-01 -2.112992057873148e-02;
8.491898495062890e-01 -2.112992057873148e-02;
-4.062958767520152e-01 7.459849425976963e-01;
2.825098436033491e-01 8.010980353960359e-01;
2.112992057873153e-02 8.491898495062890e-01;

4.046620094399130e+00 -4.551053772048467e+00;
4.046620094399130e+00 -4.551053772048467e+00;
1.918018133383402e+00 5.780002687238462e+00;
5.578783724864818e+00 2.442211451872017e+00;
-4.046620094399129e+00 4.551053772048467e+00;

1.755415373775724e-02 1.057863547583675e+00;
1.755415373775724e-02 1.057863547583675e+00;
-9.249137828138696e-01 -5.137294307130019e-01;
-1.000663488453725e+00 3.435928062334675e-01;
1.057863547583675e+00 -1.755415373775743e-02;

1.916250001731782e+00 9.293673176091715e-01;
1.916250001731782e+00 9.293673176091715e-01;
-1.762980707362434e+00 1.194837522697112e+00;
-2.096547220125320e+00 3.744695367608886e-01;
1.916250001731782e+00 9.293673176091715e-01;

5.104563022251131e-01 -8.537382568153676e-01;
5.104563022251131e-01 -8.537382568153676e-01;
4.841308674721952e-01 8.689372536564987e-01;
8.884693328804642e-02 9.907274448993467e-01;
8.537382568153676e-01 5.104563022251131e-01;

-4.526994941032976e-01 -7.844738436268133e-01;
-4.526994941032976e-01 -7.844738436268133e-01;
9.057240242368902e-01 1.876596395870490e-04;
8.273437401675416e-01 3.685625847825452e-01;
4.526994941032977e-01 7.844738436268133e-01;

-1.504819569848086e+00 2.599543371211122e-01;
-1.504819569848086e+00 2.599543371211122e-01;
5.272827251532152e-01 -1.433189144160970e+00;
1.064627279845844e+00 -1.094818227010262e+00;
2.599543371211125e-01 1.504819569848086e+00;

-8.681753851388164e-01 8.702553448177988e-01;
-8.681753851388164e-01 8.702553448177988e-01;
-3.195755438219920e-01 -1.186989610879453e+00;
1.213891898087921e+00 -1.937506756152949e-01;
-8.681753851388164e-01 8.702553448177988e-01;

-1.016355084371368e+00 -1.039003537241710e+00;
-1.016355084371368e+00 -1.039003537241710e+00;
1.407981000058895e+00 -3.606875537102261e-01;
2.115375793054295e-01 1.437970048530189e+00;
1.039003537241710e+00 -1.016355084371368e+00;

-5.649660558145744e-01 -2.134812292919034e-01;
-5.649660558145744e-01 -2.134812292919034e-01;
4.673631957052060e-01 -3.825343419653669e-01;
3.315860221799271e-01 5.047886581308576e-01;
5.649660558145744e-01 2.134812292919033e-01;

-5.605235089002221e-01 1.646761525349564e-01;
-5.605235089002221e-01 1.646761525349564e-01;
1.376480229573575e-01 -5.677656743934634e-01;
5.502672583112699e-01 1.962416461257185e-01;
1.646761525349565e-01 5.605235089002221e-01;

-1.785983562307678e-01 5.524690909114286e-01;
-1.785983562307678e-01 5.524690909114286e-01;
-3.891530894196078e-01 -4.309052590257019e-01;
4.702394017202358e-01 3.405794684513840e-01;
-1.785983562307678e-01 5.524690909114286e-01;

-8.448403591907315e-01 1.105623528032522e+00;
-8.448403591907315e-01 1.105623528032522e+00;
-5.350778827025751e-01 -1.284464977217804e+00;
7.904404323807972e-01 1.145147388380318e+00;
-1.105623528032522e+00 -8.448403591907314e-01;

-6.039514745045326e-01 1.917780430739647e-01;
-6.039514745045326e-01 1.917780430739647e-01;
1.358910800621464e-01 -6.189263411109772e-01;
-4.239511851881421e-03 6.336546598114278e-01;
6.039514745045326e-01 -1.917780430739648e-01;

-3.233700792224616e-01 3.128105468651525e-01;
-3.233700792224616e-01 3.128105468651525e-01;
-1.092168405456940e-01 -4.364519768630144e-01;
1.975736590098401e-01 4.042069960204552e-01;
3.128105468651525e-01 3.233700792224616e-01;

1.442121823599564e+00 1.020920030815081e+00;
1.442121823599564e+00 1.020920030815081e+00;
1.630817701184689e-01 -1.759374149996704e+00;
1.442121823599564e+00 1.020920030815081e+00;
1.442121823599564e+00 1.020920030815081e+00;

6.479295142585865e-01 -8.642263539291618e-01;
6.479295142585865e-01 -8.642263539291618e-01;
-1.072406734251949e+00 -1.290102422450661e-01;
6.479295142585865e-01 -8.642263539291618e-01;
8.642263539291618e-01 6.479295142585865e-01;

-5.346422320532406e-01 -8.703811953537316e-01;
-5.346422320532406e-01 -8.703811953537316e-01;
-4.864511101259770e-01 8.982043525709872e-01;
-5.346422320532406e-01 -8.703811953537316e-01;
5.346422320532407e-01 8.703811953537315e-01;

-1.437013375433943e+00 5.540462153641099e-01;
-1.437013375433943e+00 5.540462153641099e-01;
1.198324785092916e+00 9.674669810217643e-01;
-1.437013375433943e+00 5.540462153641099e-01;
5.540462153641101e-01 1.437013375433943e+00;

7.417727417960123e-01 -3.948681666687736e-01;
7.417727417960123e-01 -3.948681666687736e-01;
-7.128522343789521e-01 -4.449599548957945e-01;
6.047623261669256e-01 5.834468256568897e-01;
7.417727417960123e-01 -3.948681666687736e-01;

2.891948047621746e-01 -4.113220296517792e-01;
2.891948047621746e-01 -4.113220296517792e-01;
-5.008127291957042e-01 -4.478903274063427e-02;
4.805566059525299e-01 1.479351062245750e-01;
4.113220296517792e-01 2.891948047621746e-01;

2.567064039606588e-02 -5.801348222363548e-01;
2.567064039606588e-02 -5.801348222363548e-01;
-5.152468138746855e-01 2.678359844037696e-01;
5.596736671564881e-01 -1.548572892735748e-01;
-2.567064039606581e-02 5.801348222363548e-01;

-4.059902603238051e-02 -1.531219844297604e+00;
-4.059902603238051e-02 -1.531219844297604e+00;
-1.305775770924387e+00 8.007697100617499e-01;
1.443730821800610e+00 -5.117849222754527e-01;
-1.531219844297604e+00 4.059902603238080e-02;

1.862283423050221e-01 -6.659201436280768e-01;
1.862283423050221e-01 -6.659201436280768e-01;
-6.698179324262077e-01 1.716815964732253e-01;
2.407561458700313e-01 6.482029862574865e-01;
1.862283423050221e-01 -6.659201436280768e-01;

7.680869594805230e-02 -3.913444622371820e-01;
7.680869594805230e-02 -3.913444622371820e-01;
-3.773185939017856e-01 1.291539491960230e-01;
1.678869631315918e-01 3.617513393304869e-01;
3.913444622371820e-01 7.680869594805227e-02;

-8.519486463449402e-02 -3.720429163558377e-01;
-8.519486463449402e-02 -3.720429163558377e-01;
-2.796011845449574e-01 2.598023752233673e-01;
2.876054327766224e-01 2.509127569654806e-01;
8.519486463449406e-02 3.720429163558377e-01;

-2.541455928116368e-01 -5.568768857977120e-01;
-2.541455928116368e-01 -5.568768857977120e-01;
-3.551967334753656e-01 4.985349825335895e-01;
5.329321244445645e-01 3.011398329951376e-01;
-5.568768857977120e-01 2.541455928116369e-01;

-4.299444538900131e-01 -7.230786615621623e-01;
-4.299444538900131e-01 -7.230786615621623e-01;
-4.112322629022761e-01 7.338821500660599e-01;
-7.718260367934268e-02 8.376979347751713e-01;
-4.299444538900131e-01 -7.230786615621623e-01;

-1.110300001334253e-01 -4.512675634003376e-01;
-1.110300001334253e-01 -4.512675634003376e-01;
-3.352941737418842e-01 3.217885823979049e-01;
-1.754232616112832e-01 4.303449244415058e-01;
4.512675634003376e-01 -1.110300001334254e-01;

-2.176642341236621e-01 -3.003716475088204e-01;
-2.176642341236621e-01 -3.003716475088204e-01;
-1.512973602573921e-01 3.386885800007853e-01;
-4.599601388278144e-04 3.709455942324617e-01;
2.176642341236621e-01 3.003716475088204e-01;

-4.136329446706845e-01 -2.753386202590084e-01;
-4.136329446706845e-01 -2.753386202590084e-01;
-3.163376745191547e-02 4.958859480564802e-01;
1.727961012971334e-01 4.658809677370248e-01;
-2.753386202590083e-01 4.136329446706846e-01;

-1.767502183772317e+00 1.292001115648926e-01;
-1.767502183772317e+00 1.292001115648926e-01;
9.956416706731400e-01 1.466101736608851e+00;
-4.233116043706250e-01 1.720919499591267e+00;
-1.767502183772317e+00 1.292001115648926e-01;

-3.683315783936468e-01 -8.056846015237966e-01;
-3.683315783936468e-01 -8.056846015237966e-01;
-5.135775431607267e-01 7.218268046668161e-01;
-8.800723076464561e-01 1.013339138114965e-01;
8.056846015237966e-01 -3.683315783936469e-01;

-4.249454694962849e-01 -3.096494453979076e-01;
-4.249454694962849e-01 -3.096494453979076e-01;
-5.569155123420769e-02 5.228382945058417e-01;
-4.258094945698531e-01 3.084602169078145e-01;
4.249454694962849e-01 3.096494453979075e-01;

-6.126723857883948e-01 -1.964901132695458e-02;
-6.126723857883948e-01 -1.964901132695458e-02;
2.893196499258068e-01 5.404143559534470e-01;
-2.080134994541153e-01 5.766141864354564e-01;
-1.964901132695447e-02 6.126723857883948e-01;

2.006842877442661e-01 7.574632641702965e-01;
-7.574632641702965e-01 2.006842877442661e-01;
2.006842877442661e-01 7.574632641702965e-01;
2.006842877442661e-01 7.574632641702965e-01;
2.006842877442661e-01 7.574632641702965e-01;

2.058827581513888e+00 8.124842973942309e-01;
-8.124842973942308e-01 2.058827581513888e+00;
2.058827581513888e+00 8.124842973942309e-01;
2.058827581513888e+00 8.124842973942309e-01;
-8.124842973942308e-01 2.058827581513888e+00;

-1.525342090974044e+00 1.706085535323128e-01;
-1.706085535323129e-01 -1.525342090974044e+00;
-1.525342090974044e+00 1.706085535323128e-01;
-1.525342090974044e+00 1.706085535323128e-01;
1.525342090974044e+00 -1.706085535323130e-01;

-4.007221682599593e-01 6.166573818990831e-01;
-6.166573818990831e-01 -4.007221682599592e-01;
-4.007221682599593e-01 6.166573818990831e-01;
-4.007221682599593e-01 6.166573818990831e-01;
6.166573818990833e-01 4.007221682599592e-01;

9.549155333968689e-01 3.624206238589312e-01;
-3.624206238589311e-01 9.549155333968689e-01;
9.549155333968689e-01 3.624206238589312e-01;
-4.959736794854109e-02 1.020172772432935e+00;
9.549155333968689e-01 3.624206238589312e-01;

6.565274519247575e-01 -4.688057930192432e-01;
4.688057930192432e-01 6.565274519247575e-01;
6.565274519247575e-01 -4.688057930192432e-01;
6.487389442462996e-01 4.795257541753234e-01;
4.688057930192432e-01 6.565274519247575e-01;

-8.857365100669885e-02 -1.222424492961713e+00;
1.222424492961713e+00 -8.857365100669892e-02;
-8.857365100669885e-02 -1.222424492961713e+00;
1.135224016295131e+00 -4.619884906273216e-01;
8.857365100669901e-02 1.222424492961713e+00;

-1.737084156722118e+00 2.895041490839116e+00;
-2.895041490839116e+00 -1.737084156722118e+00;
-1.737084156722118e+00 2.895041490839116e+00;
-3.290136599893986e+00 -7.574481865137711e-01;
2.895041490839116e+00 1.737084156722117e+00;

8.449815854591775e-01 -1.614754220699567e+00;
1.614754220699567e+00 8.449815854591773e-01;
8.449815854591775e-01 -1.614754220699567e+00;
2.655242544338695e-01 1.803031320676241e+00;
8.449815854591775e-01 -1.614754220699567e+00;

1.371770873508810e-01 -6.128291816205180e-01;
6.128291816205180e-01 1.371770873508810e-01;
1.371770873508810e-01 -6.128291816205180e-01;
2.492333602252868e-01 5.764198914771744e-01;
6.128291816205180e-01 1.371770873508810e-01;

-2.227455915089493e-01 -5.096931778818524e-01;
5.096931778818524e-01 -2.227455915089494e-01;
-2.227455915089493e-01 -5.096931778818524e-01;
4.797951021058771e-01 2.814238691212677e-01;
2.227455915089494e-01 5.096931778818524e-01;

-8.154169746577670e-01 -5.810648173586312e-01;
5.810648173586312e-01 -8.154169746577670e-01;
-8.154169746577670e-01 -5.810648173586312e-01;
1.001227520269362e+00 -9.198760096273222e-03;
-5.810648173586311e-01 8.154169746577671e-01;

-1.314976005910004e+00 -2.038874804867822e-01;
2.038874804867821e-01 -1.314976005910004e+00;
-1.314976005910004e+00 -2.038874804867822e-01;
9.439958818192847e-01 9.378719400464576e-01;
-1.314976005910004e+00 -2.038874804867822e-01;

-3.565617667314232e-01 -6.496969824619028e-01;
6.496969824619028e-01 -3.565617667314233e-01;
-3.565617667314232e-01 -6.496969824619028e-01;
-9.341777591995080e-02 7.351976480218810e-01;
6.496969824619028e-01 -3.565617667314233e-01;

-3.751323928697665e-01 -2.788626983654405e-01;
2.788626983654405e-01 -3.751323928697665e-01;
-3.751323928697665e-01 -2.788626983654405e-01;
1.395770994584902e-01 4.461019502609310e-01;
3.751323928697665e-01 2.788626983654404e-01;

-5.451373442895525e-01 -6.280501880411890e-02;
6.280501880411887e-02 -5.451373442895525e-01;
-5.451373442895525e-01 -6.280501880411890e-02;
4.041095119756621e-01 3.712340189918537e-01;
-6.280501880411880e-02 5.451373442895525e-01;

-5.037945088303666e-01 6.841873561761457e-01;
-6.841873561761457e-01 -5.037945088303666e-01;
-5.037945088303666e-01 6.841873561761457e-01;
4.950197785567139e-01 6.905625708917305e-01;
-5.037945088303666e-01 6.841873561761457e-01;

-1.591706085184057e+00 -3.160697310444078e-01;
3.160697310444077e-01 -1.591706085184057e+00;
-1.591706085184057e+00 -3.160697310444078e-01;
-7.924644076853314e-01 1.416131526040705e+00;
3.160697310444077e-01 -1.591706085184057e+00;

-5.884347679492771e-01 -7.511287586083033e-02;
7.511287586083029e-02 -5.884347679492771e-01;
-5.884347679492771e-01 -7.511287586083033e-02;
-2.532729334225167e-01 5.364235653354144e-01;
5.884347679492771e-01 7.511287586083026e-02;

-4.589330913924027e-01 2.220584093624022e-01;
-2.220584093624022e-01 -4.589330913924027e-01;
-4.589330913924027e-01 2.220584093624022e-01;
6.937197270096614e-02 5.050911293490751e-01;
2.220584093624023e-01 4.589330913924026e-01;

2.467832512540879e-01 2.863568104947673e-01;
-2.863568104947673e-01 2.467832512540879e-01;
-3.713838980621987e-01 7.054215956717445e-02;
2.467832512540879e-01 2.863568104947673e-01;
2.467832512540879e-01 2.863568104947673e-01;

4.344507517341031e-01 2.234135586664107e-01;
-2.234135586664106e-01 4.344507517341031e-01;
-4.107071932220481e-01 2.645386083617743e-01;
4.344507517341031e-01 2.234135586664107e-01;
-2.234135586664106e-01 4.344507517341031e-01;

5.895719201437158e-01 6.601295166536690e-01;
-6.601295166536690e-01 5.895719201437158e-01;
-8.664748912818778e-01 1.805195018755940e-01;
5.895719201437158e-01 6.601295166536690e-01;
-5.895719201437160e-01 -6.601295166536689e-01;

1.613950440453861e-01 4.677521163750922e-01;
-4.677521163750922e-01 1.613950440453861e-01;
-4.857827374774580e-01 -9.410384999933329e-02;
1.613950440453861e-01 4.677521163750922e-01;
4.677521163750922e-01 -1.613950440453862e-01;

3.502673799757526e-01 1.690733849835375e-01;
-1.690733849835374e-01 3.502673799757526e-01;
-3.215555364874461e-01 2.188037566842498e-01;
-5.255977153297772e-02 3.853706234279812e-01;
3.502673799757526e-01 1.690733849835375e-01;

4.149501835161136e-01 8.598549516762323e-03;
-8.598549516762297e-03 4.149501835161136e-01;
-2.149216540752713e-01 3.550581254715881e-01;
1.200489519768790e-01 3.972981738985237e-01;
-8.598549516762297e-03 4.149501835161136e-01;

7.448502517249634e-01 -2.416600367571761e-02;
2.416600367571765e-02 7.448502517249634e-01;
-3.514967527713620e-01 6.571422418469111e-01;
2.531546213160751e-01 7.009269797451877e-01;
-7.448502517249634e-01 2.416600367571770e-02;

4.788109450473823e-01 3.930540972847460e-01;
-3.930540972847459e-01 4.788109450473823e-01;
-5.798003058338412e-01 2.181353933786950e-01;
-2.258559413667967e-01 5.768366651304441e-01;
3.930540972847459e-01 -4.788109450473824e-01;

5.870989165645436e-01 1.008119807579357e-01;
-1.008119807579357e-01 5.870989165645436e-01;
-3.808551946244720e-01 4.580365859002476e-01;
-5.342287964237422e-01 2.635294791237578e-01;
5.870989165645436e-01 1.008119807579357e-01;

4.763553721091507e-01 -2.135650359586775e-01;
2.135650359586776e-01 4.763553721091507e-01;
-5.322493955422334e-02 5.193183714550524e-01;
-2.598492128562823e-01 4.527724060709190e-01;
2.135650359586776e-01 4.763553721091507e-01;

5.521304652817115e-01 -7.119623444161260e-01;
7.119623444161260e-01 5.521304652817115e-01;
3.405122441614355e-01 8.341401813453471e-01;
-2.820196328967806e-02 9.005237808216467e-01;
-5.521304652817114e-01 7.119623444161262e-01;

1.541512662031646e+00 5.009259309014469e-01;
-5.009259309014468e-01 1.541512662031646e+00;
-1.204570912590844e+00 1.084526160124058e+00;
-1.541546815302516e+00 5.008208179419522e-01;
5.009259309014465e-01 -1.541512662031646e+00;

7.632152397538088e-01 7.604666305538270e-01;
-7.604666305538270e-01 7.632152397538088e-01;
-1.040191040666874e+00 2.807304709053161e-01;
-1.704630290266932e-01 -1.063837090025253e+00;
7.632152397538088e-01 7.604666305538270e-01;

1.022848558922737e+00 -5.620639454698267e-01;
5.620639454698269e-01 1.022848558922737e+00;
-2.466262413318659e-02 1.166844808986307e+00;
-1.157874764832904e+00 -1.464960144528696e-01;
5.620639454698269e-01 1.022848558922737e+00;

-8.887794948730977e-01 -1.419587045611260e+00;
1.419587045611260e+00 -8.887794948730978e-01;
1.673788191819198e+00 -5.991209811717444e-02;
-1.153746141514231e-01 1.670881524520393e+00;
8.887794948730979e-01 1.419587045611260e+00;

-8.479835629605577e-01 1.160961706134233e+00;
-1.160961706134233e+00 -8.479835629605575e-01;
-5.814305488528911e-01 -1.314856160582600e+00;
1.368429282727719e+00 -4.408055175864864e-01;
1.160961706134233e+00 8.479835629605574e-01;

2.038668259201790e-01 4.987413124848272e-01;
-4.987413124848272e-01 2.038668259201790e-01;
-5.338560594887428e-01 -7.281680600663856e-02;
5.373294889829067e-01 -3.976933189311839e-02;
2.038668259201790e-01 4.987413124848272e-01;

7.535429381093122e-01 6.158045654542943e-01;
-6.158045654542943e-01 7.535429381093122e-01;
-9.100738665045119e-01 3.446850445178823e-01;
8.185225186066185e-01 -5.263678456580005e-01;
-6.158045654542943e-01 7.535429381093122e-01;

-7.084089145607785e-01 1.449793835313036e+00;
-1.449793835313036e+00 -7.084089145607784e-01;
-9.013538343507728e-01 -1.338397033933512e+00;
1.159925480793015e+00 1.121747847846366e+00;
7.084089145607783e-01 -1.449793835313036e+00;

-1.318168673665702e-01 5.858928719927828e-01;
-5.858928719927828e-01 -1.318168673665702e-01;
-4.414896773586891e-01 -4.071031917831250e-01;
5.164835815980798e-01 3.064161449955060e-01;
5.858928719927828e-01 1.318168673665701e-01;

5.582346547945144e-01 1.338644418104881e-01;
-1.338644418104881e-01 5.582346547945144e-01;
-1.631873201259510e-01 -5.503776132301300e-01;
5.582346547945144e-01 1.338644418104881e-01;
5.582346547945144e-01 1.338644418104881e-01;

4.920698557859357e-01 -1.821245277092608e-01;
1.821245277092608e-01 4.920698557859357e-01;
-4.037593955414308e-01 -3.350827316925349e-01;
4.920698557859357e-01 -1.821245277092608e-01;
1.821245277092608e-01 4.920698557859357e-01;

6.615146009621289e-01 -6.940054660182507e-01;
6.940054660182507e-01 6.615146009621289e-01;
-9.317836644181277e-01 -2.258857163984036e-01;
6.615146009621289e-01 -6.940054660182507e-01;
-6.615146009621288e-01 6.940054660182509e-01;

1.278070001333713e+00 6.383832267084746e-01;
-6.383832267084745e-01 1.278070001333713e+00;
-8.617890898743753e-02 -1.426032702324044e+00;
1.278070001333713e+00 6.383832267084746e-01;
6.383832267084744e-01 -1.278070001333713e+00;

4.195658406228939e-01 -8.823119955241034e-02;
8.823119955241036e-02 4.195658406228939e-01;
-2.861933805302087e-01 -3.192390767633938e-01;
2.135658322865428e-01 3.717658866434750e-01;
4.195658406228939e-01 -8.823119955241034e-02;

2.954948805254072e-01 -1.924944857982974e-01;
1.924944857982974e-01 2.954948805254072e-01;
-3.144525550524521e-01 -1.596588303241014e-01;
2.743860749025012e-01 2.215482642204055e-01;
1.924944857982974e-01 2.954948805254072e-01;

2.969904123767200e-01 -3.725946464832049e-01;
3.725946464832049e-01 2.969904123767200e-01;
-4.711716353568977e-01 -7.090391855705316e-02;
4.461336510653713e-01 1.673165891916282e-01;
-2.969904123767199e-01 3.725946464832049e-01;

6.732156493974011e-01 -3.177936703389425e-01;
3.177936703389425e-01 6.732156493974011e-01;
-6.118252163741222e-01 -4.241250194339158e-01;
5.102748175561683e-01 5.420624853917488e-01;
-3.177936703389426e-01 -6.732156493974010e-01;

3.723556098248765e-01 -3.016367639181164e-01;
3.016367639181164e-01 3.723556098248765e-01;
-4.474029051808565e-01 -1.716510353909311e-01;
-1.239443749188770e-01 4.628944042014529e-01;
3.723556098248765e-01 -3.016367639181164e-01;

1.991419779240747e-01 -2.765204986005216e-01;
2.765204986005216e-01 1.991419779240747e-01;
-3.390447654172284e-01 -3.420176254186756e-02;
1.425426599931082e-03 3.407625003969803e-01;
2.765204986005216e-01 1.991419779240747e-01;

9.891138266472012e-02 -3.782154172767462e-01;
3.782154172767462e-01 9.891138266472009e-02;
-3.769998507969541e-01 1.034479385272819e-01;
1.422884549520332e-01 3.641213521256796e-01;
-9.891138266472008e-02 3.782154172767462e-01;

2.422146798850402e-01 -6.154068587366164e-01;
6.154068587366164e-01 2.422146798850402e-01;
-6.540653132716112e-01 9.793936341834805e-02;
1.657712834109352e-01 6.402448238979942e-01;
-6.154068587366164e-01 -2.422146798850401e-01;

4.885102355789956e-01 -7.372912467837609e-01;
7.372912467837609e-01 4.885102355789955e-01;
-8.827680674921365e-01 -5.441665062824997e-02;
-8.285820040133414e-01 3.093420363847005e-01;
4.885102355789956e-01 -7.372912467837609e-01;

1.575550477099510e-01 -4.411731648024296e-01;
4.411731648024296e-01 1.575550477099510e-01;
-4.608446920418582e-01 8.413990858992826e-02;
-3.867797911249709e-01 2.643080543191988e-01;
4.411731648024296e-01 1.575550477099510e-01;

-7.691781443177287e-02 -4.625579241607550e-01;
4.625579241607550e-01 -7.691781443177290e-02;
-3.621280058291230e-01 2.978917433818703e-01;
-2.096569071072291e-01 4.194283784904141e-01;
7.691781443177292e-02 4.625579241607550e-01;

-3.491001697791060e-01 -8.159149274367473e-01;
8.159149274367473e-01 -3.491001697791060e-01;
-5.320529695976067e-01 7.102870792125402e-01;
-1.971547913821272e-01 8.652849736294876e-01;
-8.159149274367472e-01 3.491001697791061e-01;

1.447381226856368e+00 2.602449279839806e-01;
-2.602449279839805e-01 1.447381226856368e+00;
-4.983118945880056e-01 -1.383591375410292e+00;
6.947730310298060e-01 -1.296121241918088e+00;
1.447381226856368e+00 2.602449279839806e-01;

5.155775411496989e-01 -6.404485211714555e-01;
6.404485211714555e-01 5.155775411496989e-01;
-8.124334597255058e-01 -1.262789876706279e-01;
-4.497805172784017e-01 -6.882528572301367e-01;
6.404485211714555e-01 5.155775411496989e-01;

-2.593108506478359e-01 -8.847565391881378e-01;
8.847565391881378e-01 -2.593108506478359e-01;
-6.365662137774113e-01 6.669480537320476e-01;
-9.215849316056320e-01 -2.678553223883483e-02;
2.593108506478360e-01 8.847565391881378e-01;

-2.498098775039675e+00 1.686836229495825e-01;
-1.686836229495827e-01 -2.498098775039675e+00;
1.395133690196573e+00 2.079075188872355e+00;
-6.115273163160225e-01 2.427959224514581e+00;
1.686836229495830e-01 2.498098775039675e+00;

2.462809337316046e+00 9.550782442891873e-03;
-2.462809337316046e+00 -9.550782442891571e-03;
2.462809337316046e+00 9.550782442891873e-03;
2.462809337316046e+00 9.550782442891873e-03;
2.462809337316046e+00 9.550782442891873e-03;

3.603108384642312e-01 -7.691373871931334e-01;
-3.603108384642311e-01 7.691373871931334e-01;
3.603108384642312e-01 -7.691373871931334e-01;
3.603108384642312e-01 -7.691373871931334e-01;
7.691373871931334e-01 3.603108384642312e-01;

-3.407743441766779e-01 -6.953569031730146e-01;
3.407743441766780e-01 6.953569031730146e-01;
-3.407743441766779e-01 -6.953569031730146e-01;
-3.407743441766779e-01 -6.953569031730146e-01;
3.407743441766780e-01 6.953569031730146e-01;

-1.482646446621633e+00 -2.058085355507217e-01;
1.482646446621633e+00 2.058085355507215e-01;
-1.482646446621633e+00 -2.058085355507217e-01;
-1.482646446621633e+00 -2.058085355507217e-01;
-2.058085355507214e-01 1.482646446621633e+00;

5.613579453878823e-01 -4.993048169989606e-01;
-5.613579453878822e-01 4.993048169989607e-01;
5.613579453878823e-01 -4.993048169989606e-01;
6.483362448766800e-01 3.795894581092524e-01;
5.613579453878823e-01 -4.993048169989606e-01;

2.177945113129834e-01 -3.908276390854143e-01;
-2.177945113129834e-01 3.908276390854143e-01;
2.177945113129834e-01 -3.908276390854143e-01;
4.390013781777324e-01 8.636250684869989e-02;
3.908276390854143e-01 2.177945113129834e-01;

4.834569136469307e-03 -4.887577483180305e-01;
-4.834569136469247e-03 4.887577483180305e-01;
4.834569136469307e-03 -4.887577483180305e-01;
4.663302054512591e-01 -1.464365018819863e-01;
-4.834569136469247e-03 4.887577483180305e-01;

-7.608880506359413e-02 -1.016748730974018e+00;
7.608880506359425e-02 1.016748730974018e+00;
-7.608880506359413e-02 -1.016748730974018e+00;
9.434727721813344e-01 -3.865573907529759e-01;
-1.016748730974018e+00 7.608880506359431e-02;

1.088970283625489e-01 -5.608636656845731e-01;
-1.088970283625489e-01 5.608636656845731e-01;
1.088970283625489e-01 -5.608636656845731e-01;
2.415678446538554e-01 5.177563043562301e-01;
1.088970283625489e-01 -5.608636656845731e-01;

5.375634203119243e-02 -3.507047253316732e-01;
-5.375634203119239e-02 3.507047253316732e-01;
5.375634203119243e-02 -3.507047253316732e-01;
1.626492712005732e-01 3.153232678640467e-01;
3.507047253316732e-01 5.375634203119241e-02;

-7.363492356701824e-02 -3.309123312206448e-01;
7.363492356701828e-02 3.309123312206448e-01;
-7.363492356701824e-02 -3.309123312206448e-01;
2.540772926384353e-01 2.244321774793563e-01;
7.363492356701828e-02 3.309123312206448e-01;

-1.921382255090436e-01 -4.741287822143956e-01;
1.921382255090436e-01 4.741287822143956e-01;
-1.921382255090436e-01 -4.741287822143956e-01;
4.341289955788739e-01 2.706422269778830e-01;
-4.741287822143955e-01 1.921382255090437e-01;

-2.941989057306045e-01 -5.974168871625599e-01;
2.941989057306045e-01 5.974168871625599e-01;
-2.941989057306045e-01 -5.974168871625599e-01;
-1.131409212820570e-01 6.562461924701242e-01;
-2.941989057306045e-01 -5.974168871625599e-01;

-9.257936150000000e-02 -3.922401770397411e-01;
9.257936150000004e-02 3.922401770397411e-01;
-9.257936150000000e-02 -3.922401770397411e-01;
-1.556547146386668e-01 3.717457524581422e-01;
3.922401770397411e-01 -9.257936150000003e-02;

-1.824976949477626e-01 -2.795122918849127e-01;
1.824976949477626e-01 2.795122918849127e-01;
-1.824976949477626e-01 -2.795122918849127e-01;
-1.664946635742585e-02 3.333996479392505e-01;
1.824976949477626e-01 2.795122918849127e-01;

-3.413000730137738e-01 -2.840143377188701e-01;
3.413000730137739e-01 2.840143377188701e-01;
-3.413000730137738e-01 -2.840143377188701e-01;
1.091781200987877e-01 4.303835753845521e-01;
-2.840143377188701e-01 3.413000730137739e-01;

-1.334579517439466e+00 -6.132976985317420e-01;
1.334579517439466e+00 6.132976985317419e-01;
-1.334579517439466e+00 -6.132976985317420e-01;
-9.956885238509452e-01 1.079741135117495e+00;
-1.334579517439466e+00 -6.132976985317420e-01;

-2.496425097362371e-01 -6.426397457123080e-01;
2.496425097362371e-01 6.426397457123080e-01;
-2.496425097362371e-01 -6.426397457123080e-01;
-6.883304958168615e-01 3.883753294302683e-02;
6.426397457123080e-01 -2.496425097362371e-01;

-3.442794241894416e-01 -3.124019464526003e-01;
3.442794241894416e-01 3.124019464526002e-01;
-3.442794241894416e-01 -3.124019464526003e-01;
-4.035000997651939e-01 2.308916792720460e-01;
3.442794241894416e-01 3.124019464526002e-01;

-5.646494533433105e-01 -1.264720505045848e-01;
5.646494533433105e-01 1.264720505045847e-01;
-5.646494533433105e-01 -1.264720505045848e-01;
-2.947683447092019e-01 4.979315291052885e-01;
-1.264720505045847e-01 5.646494533433105e-01;

4.681701692990454e-01 2.000682220001984e-01;
-4.681701692990454e-01 -2.000682220001983e-01;
-4.073492473916791e-01 3.054131489069357e-01;
4.681701692990454e-01 2.000682220001984e-01;
4.681701692990454e-01 2.000682220001984e-01;

5.139629867317166e-01 -8.006577804864232e-02;
-5.139629867317166e-01 8.006577804864239e-02;
-1.876424956019675e-01 4.851378921389121e-01;
5.139629867317166e-01 -8.006577804864232e-02;
8.006577804864234e-02 5.139629867317166e-01;

9.861406216832745e-01 -4.615813630511511e-01;
-9.861406216832744e-01 4.615813630511512e-01;
-9.332912452589237e-02 1.084813511607071e+00;
9.861406216832745e-01 -4.615813630511511e-01;
-9.861406216832744e-01 4.615813630511512e-01;

7.343830935252820e-01 6.747310459653193e-01;
-7.343830935252821e-01 -6.747310459653192e-01;
-9.515257732906532e-01 2.986288921200380e-01;
7.343830935252820e-01 6.747310459653193e-01;
6.747310459653192e-01 -7.343830935252821e-01;

4.166448053930799e-01 -1.989716356027824e-02;
-4.166448053930799e-01 1.989716356027829e-02;
-1.910909535900849e-01 3.707735676053701e-01;
1.476736525442976e-01 3.901041954696309e-01;
4.166448053930799e-01 -1.989716356027824e-02;

3.278985055323543e-01 -1.557870948178832e-01;
-3.278985055323543e-01 1.557870948178833e-01;
-2.903367107211511e-02 3.618619830629128e-01;
2.494885423208840e-01 2.637091505669608e-01;
1.557870948178833e-01 3.278985055323543e-01;

3.897352742730846e-01 -3.500030812323547e-01;
-3.897352742730845e-01 3.500030812323547e-01;
1.082439226135055e-01 5.125221888875643e-01;
4.533075341871772e-01 2.625033720431031e-01;
-3.897352742730845e-01 3.500030812323547e-01;

7.355917381247782e-01 -1.151900595826903e-01;
-7.355917381247782e-01 1.151900595826904e-01;
-2.680383512003360e-01 6.946361618213532e-01;
3.368626047809071e-01 6.639936298823343e-01;
-1.151900595826904e-01 -7.355917381247782e-01;

4.440492836191425e-01 -2.427905401758107e-01;
-4.440492836191424e-01 2.427905401758108e-01;
-1.176186621877266e-02 5.059532302343639e-01;
-2.165347178764424e-01 4.574272932780740e-01;
4.440492836191425e-01 -2.427905401758107e-01;

2.468633472148478e-01 -2.723378839946721e-01;
-2.468633472148478e-01 2.723378839946721e-01;
1.124198523448616e-01 3.499588719486527e-01;
-3.964045133248860e-02 3.654286111882464e-01;
2.723378839946721e-01 2.468633472148478e-01;

1.511204107842381e-01 -4.197223813676515e-01;
-1.511204107842380e-01 4.197223813676515e-01;
2.879300394091676e-01 3.407353054533157e-01;
1.244476453036110e-01 4.283888882253084e-01;
-1.511204107842380e-01 4.197223813676515e-01;

4.358555366048547e-01 -6.815519011561227e-01;
-4.358555366048546e-01 6.815519011561227e-01;
3.723134920963558e-01 7.182379176579637e-01;
4.799161996572699e-02 8.075765271302134e-01;
-6.815519011561229e-01 -4.358555366048546e-01;

8.414153760333485e-01 -6.589246579355913e-01;
-8.414153760333484e-01 6.589246579355914e-01;
1.499378049355195e-01 1.058149419747511e+00;
-1.068025534845769e+00 3.850969719806466e-02;
8.414153760333485e-01 -6.589246579355913e-01;

2.445825366170345e-01 -4.845782184070138e-01;
-2.445825366170345e-01 4.845782184070138e-01;
2.973657789525608e-01 4.541037992358964e-01;
-4.826993590123175e-01 2.482700058034324e-01;
4.845782184070138e-01 2.445825366170345e-01;

-7.721934341356110e-02 -5.647856700302829e-01;
7.721934341356117e-02 5.647856700302829e-01;
5.277284096464210e-01 2.155189219554428e-01;
-2.695009264338772e-01 5.023095964841394e-01;
7.721934341356117e-02 5.647856700302829e-01;

-5.922907226642831e-01 -1.199262133066861e+00;
5.922907226642832e-01 1.199262133066861e+00;
1.334736834364757e+00 8.669225428031731e-02;
-2.257353352034903e-01 1.318363198213157e+00;
-1.199262133066861e+00 5.922907226642833e-01;

9.227987906684983e-01 5.738642371025540e-01;
-9.227987906684985e-01 -5.738642371025539e-01;
-9.583804029884372e-01 5.122350767492011e-01;
8.309378308703463e-01 -7.003000013658595e-01;
9.227987906684983e-01 5.738642371025540e-01;

7.925398239095534e-01 -5.270333640793102e-01;
-7.925398239095532e-01 5.270333640793103e-01;
6.015436997987923e-02 9.498763030561739e-01;
-2.563302409056040e-01 -9.166124300557000e-01;
5.270333640793102e-01 7.925398239095534e-01;

-3.911281473935787e-01 -1.369278738960405e+00;
3.911281473935789e-01 1.369278738960405e+00;
1.381394246498421e+00 3.459124577022189e-01;
-1.423126711835709e+00 -5.114542708994801e-02;
3.911281473935789e-01 1.369278738960405e+00;

-1.212872872722131e+00 1.662913766046522e+00;
1.212872872722131e+00 -1.662913766046523e+00;
-8.336891293380757e-01 -1.881835602361637e+00;
1.206726643547959e+00 1.667379262928426e+00;
1.662913766046523e+00 1.212872872722131e+00;

4.634422205682945e-01 -2.158414563265757e-01;
-4.634422205682945e-01 2.158414563265758e-01;
-4.186452946527914e-01 -2.934320080351260e-01;
4.634422205682945e-01 -2.158414563265757e-01;
4.634422205682945e-01 -2.158414563265757e-01;

2.640238092550053e-01 -2.678417492820855e-01;
-2.640238092550053e-01 2.678417492820855e-01;
-3.639696636998512e-01 -9.473045137772869e-02;
2.640238092550053e-01 -2.678417492820855e-01;
2.678417492820855e-01 2.640238092550053e-01;

1.741768544398594e-01 -4.332469110675999e-01;
-1.741768544398593e-01 4.332469110675999e-01;
-4.622912583156086e-01 6.578187483761755e-02;
1.741768544398594e-01 -4.332469110675999e-01;
-1.741768544398593e-01 4.332469110675999e-01;

5.253953145995546e-01 -6.846747940900669e-01;
-5.253953145995545e-01 6.846747940900670e-01;
-8.556434223126550e-01 -1.126682924274975e-01;
5.253953145995546e-01 -6.846747940900669e-01;
-6.846747940900670e-01 -5.253953145995545e-01;

2.775662146547957e-01 -2.012117771121503e-01;
-2.775662146547957e-01 2.012117771121503e-01;
-3.130376178471324e-01 -1.397735045672623e-01;
2.771364491704950e-01 2.018032985547842e-01;
2.775662146547957e-01 -2.012117771121503e-01;

1.784926811562803e-01 -2.020963648976643e-01;
-1.784926811562803e-01 2.020963648976643e-01;
-2.642669265920071e-01 -5.353101382210242e-02;
2.473623366043263e-01 1.073054162698947e-01;
2.020963648976643e-01 1.784926811562803e-01;

1.362821285483045e-01 -2.822389625753825e-01;
-1.362821285483045e-01 2.822389625753825e-01;
-3.125671758021989e-01 2.309569588304319e-02;
3.105386982607188e-01 4.239537049989080e-02;
-1.362821285483045e-01 2.822389625753825e-01;

2.622535425618870e-01 -3.659284261458168e-01;
-2.622535425618870e-01 3.659284261458168e-01;
-4.480300842900786e-01 -4.415401701814906e-02;
4.290594156702656e-01 1.363398381710358e-01;
-3.659284261458168e-01 -2.622535425618870e-01;

1.814593565061997e-01 -2.716026467357907e-01;
-1.814593565061996e-01 2.716026467357907e-01;
-3.259444700613852e-01 -2.134708912085044e-02;
1.284032703304254e-02 3.263902905712964e-01;
1.814593565061997e-01 -2.716026467357907e-01;

1.102382895078420e-01 -2.220150436352899e-01;
-1.102382895078420e-01 2.220150436352899e-01;
-2.473898125643927e-01 1.553836263411036e-02;
4.131251879322370e-02 2.444103841185027e-01;
2.220150436352899e-01 1.102382895078420e-01;

5.091168564397810e-02 -2.597998011333064e-01;
-5.091168564397806e-02 2.597998011333064e-01;
-2.504490705015776e-01 8.580908744948079e-02;
1.115180727564216e-01 2.401075922429574e-01;
-5.091168564397806e-02 2.597998011333064e-01;

8.594213414445841e-02 -3.583159214805152e-01;
-8.594213414445837e-02 3.583159214805152e-01;
-3.532817576547856e-01 1.047298893157068e-01;
1.410841672521164e-01 3.403991888335101e-01;
-3.583159214805152e-01 -8.594213414445834e-02;

1.347071004216649e-01 -4.162697803622145e-01;
-1.347071004216648e-01 4.162697803622145e-01;
-4.278537548322788e-01 9.147511914580421e-02;
-3.536575713760362e-01 2.575904795508225e-01;
1.347071004216649e-01 -4.162697803622145e-01;

7.150395846610144e-02 -2.908417330939387e-01;
-7.150395846610140e-02 2.908417330939387e-01;
-2.876283085730948e-01 8.349662204417825e-02;
-2.288003990279573e-01 1.932669324795510e-01;
2.908417330939387e-01 7.150395846610143e-02;

-2.416179830137834e-02 -2.978225327277921e-01;
2.416179830137838e-02 2.978225327277921e-01;
-2.458409800110011e-01 1.698359974940055e-01;
-1.555083870973138e-01 2.551454389949883e-01;
2.416179830137838e-02 2.978225327277921e-01;

-6.899711763551837e-02 -4.298427265182246e-01;
6.899711763551843e-02 4.298427265182246e-01;
-3.377561619789902e-01 2.746746199193747e-01;
-1.968353747225774e-01 3.883055588585532e-01;
-4.298427265182246e-01 6.899711763551845e-02;

4.167262855170676e-01 -6.189612373456275e-01;
-4.167262855170675e-01 6.189612373456275e-01;
-7.443992982576966e-01 -5.141493100969358e-02;
-4.598916138841498e-01 -5.875997905516259e-01;
4.167262855170676e-01 -6.189612373456275e-01;

1.542279146600027e-01 -3.992557486107992e-01;
-1.542279146600026e-01 3.992557486107992e-01;
-4.228795782339269e-01 6.606258223713905e-02;
-3.320557347476504e-01 -2.700562746546371e-01;
3.992557486107992e-01 1.542279146600026e-01;

-4.329302700732848e-02 -4.356693579811137e-01;
4.329302700732853e-02 4.356693579811137e-01;
-3.556542181584367e-01 2.553275401856293e-01;
-4.277244629412622e-01 -9.345512009912482e-02;
4.329302700732853e-02 4.356693579811137e-01;

-2.054270309077508e-01 -7.753656812029878e-01;
2.054270309077509e-01 7.753656812029878e-01;
-5.687728616905381e-01 5.655878679916174e-01;
-8.008970272742149e-01 -4.422845597884841e-02;
-7.753656812029878e-01 2.054270309077509e-01;

-1.200062436134277e+00 -1.127796494697725e-01;
-1.127796494697723e-01 1.200062436134277e+00;
-1.200062436134277e+00 -1.127796494697725e-01;
-1.200062436134277e+00 -1.127796494697725e-01;
-1.200062436134277e+00 -1.127796494697725e-01;

-3.962931221514238e-01 -6.196107972575140e-01;
-6.196107972575139e-01 3.962931221514239e-01;
-3.962931221514238e-01 -6.196107972575140e-01;
-3.962931221514238e-01 -6.196107972575140e-01;
6.196107972575140e-01 -3.962931221514239e-01;

-3.769674962829108e-01 -2.593930157172983e-01;
-2.593930157172982e-01 3.769674962829109e-01;
-3.769674962829108e-01 -2.593930157172983e-01;
-3.769674962829108e-01 -2.593930157172983e-01;
3.769674962829109e-01 2.593930157172982e-01;

-5.237798814679869e-01 -4.731084933525451e-02;
-4.731084933525441e-02 5.237798814679869e-01;
-5.237798814679869e-01 -4.731084933525451e-02;
-5.237798814679869e-01 -4.731084933525451e-02;
-4.731084933525441e-02 5.237798814679869e-01;

-2.410010272376529e-01 -9.781587373031796e-01;
-9.781587373031796e-01 2.410010272376530e-01;
-2.410010272376529e-01 -9.781587373031796e-01;
8.558108280049739e-01 -5.314732704112179e-01;
-2.410010272376529e-01 -9.781587373031796e-01;

-3.472470745782129e-02 -4.897670906181876e-01;
-4.897670906181876e-01 3.472470745782138e-02;
-3.472470745782129e-02 -4.897670906181876e-01;
4.550656582701810e-01 -1.843715135907987e-01;
4.897670906181876e-01 -3.472470745782132e-02;

-2.025027653150163e-01 -3.551093677087248e-01;
-3.551093677087248e-01 2.025027653150163e-01;
-2.025027653150163e-01 -3.551093677087248e-01;
2.751522822665728e-01 -3.023264040043726e-01;
2.025027653150163e-01 3.551093677087248e-01;

-4.626180262445104e-01 -3.747277265609996e-01;
-3.747277265609995e-01 4.626180262445104e-01;
-4.626180262445104e-01 -3.747277265609996e-01;
2.134304141685579e-01 -5.557731241862812e-01;
-3.747277265609995e-01 4.626180262445104e-01;

-2.225044443527819e-01 -4.451428260384117e-01;
-4.451428260384116e-01 2.225044443527820e-01;
-2.225044443527819e-01 -4.451428260384117e-01;
4.416582651145277e-01 2.293432802290694e-01;
-2.225044443527819e-01 -4.451428260384117e-01;

-9.088738460456858e-02 -3.234864929913682e-01;
-3.234864929913682e-01 9.088738460456863e-02;
-9.088738460456858e-02 -3.234864929913682e-01;
2.636700286155266e-01 2.082838059907698e-01;
3.234864929913682e-01 -9.088738460456859e-02;

-1.527484236879943e-01 -2.413122655181818e-01;
-2.413122655181818e-01 1.527484236879944e-01;
-1.527484236879943e-01 -2.413122655181818e-01;
2.654158614964449e-01 1.054424530006034e-01;
1.527484236879943e-01 2.413122655181818e-01;

-2.642335593946334e-01 -2.541062472560046e-01;
-2.541062472560046e-01 2.642335593946335e-01;
-2.642335593946334e-01 -2.541062472560046e-01;
3.631293446869047e-01 5.026368303403722e-02;
-2.541062472560046e-01 2.642335593946335e-01;

-3.368332313061564e-01 -2.534757072663702e-01;
-2.534757072663701e-01 3.368332313061564e-01;
-3.368332313061564e-01 -2.534757072663702e-01;
1.235145258513317e-01 4.030517606834809e-01;
-3.368332313061564e-01 -2.534757072663702e-01;

-1.903285545173490e-01 -2.634288416671730e-01;
-2.634288416671729e-01 1.903285545173490e-01;
-1.903285545173490e-01 -2.634288416671730e-01;
-8.605530410992021e-04 3.249907271526918e-01;
2.634288416671730e-01 -1.903285545173490e-01;

-1.922018835969597e-01 -1.733005551919717e-01;
-1.733005551919717e-01 1.922018835969597e-01;
-1.922018835969597e-01 -1.733005551919717e-01;
5.363107962487708e-02 2.531765269260461e-01;
1.922018835969597e-01 1.733005551919717e-01;

-2.671872601472335e-01 -1.370381857510209e-01;
-1.370381857510209e-01 2.671872601472335e-01;
-2.671872601472335e-01 -1.370381857510209e-01;
1.356100095542254e-01 2.679149522658629e-01;
-1.370381857510209e-01 2.671872601472335e-01;

-5.202704578315329e-01 -1.021878839408036e-01;
-1.021878839408035e-01 5.202704578315329e-01;
-5.202704578315329e-01 -1.021878839408036e-01;
-2.579588660494921e-01 4.632288163996193e-01;
-5.202704578315329e-01 -1.021878839408036e-01;

-3.421164101248806e-01 -2.786478028145329e-01;
-2.786478028145328e-01 3.421164101248806e-01;
-3.421164101248806e-01 -2.786478028145329e-01;
-3.707295934012259e-01 2.392651346658431e-01;
2.786478028145329e-01 -3.421164101248806e-01;

-2.741311321768357e-01 -1.479509495831871e-01;
-1.479509495831871e-01 2.741311321768357e-01;
-2.741311321768357e-01 -1.479509495831871e-01;
-2.254208932230330e-01 2.149948418210318e-01;
2.741311321768357e-01 1.479509495831871e-01;

-3.344510660463485e-01 -5.236356647792741e-02;
-5.236356647792735e-02 3.344510660463485e-01;
-3.344510660463485e-01 -5.236356647792741e-02;
-1.531517743104269e-01 3.019006338174787e-01;
-5.236356647792735e-02 3.344510660463485e-01;

7.093488857352885e-01 8.557971933141006e-01;
8.557971933141005e-01 -7.093488857352886e-01;
-1.095816552765077e+00 1.864155585358948e-01;
7.093488857352885e-01 8.557971933141006e-01;
7.093488857352885e-01 8.557971933141006e-01;

1.138522225260872e+00 -6.397822975498477e-01;
-6.397822975498479e-01 -1.138522225260872e+00;
-1.519339006069284e-02 1.305880318624028e+00;
1.138522225260872e+00 -6.397822975498477e-01;
6.397822975498478e-01 1.138522225260872e+00;

-1.054009537501782e+00 -1.233964780198212e+00;
-1.233964780198212e+00 1.054009537501782e+00;
1.595649615777823e+00 -2.958166452085240e-01;
-1.054009537501782e+00 -1.233964780198212e+00;
1.054009537501782e+00 1.233964780198212e+00;

-8.190079834792123e-01 9.941484739891971e-01;
9.941484739891973e-01 8.190079834792121e-01;
-4.514538418685720e-01 -1.206355956589862e+00;
-8.190079834792123e-01 9.941484739891971e-01;
9.941484739891973e-01 8.190079834792121e-01;

8.369182984929109e-01 -1.393326037983905e-01;
-1.393326037983906e-01 -8.369182984929109e-01;
-2.977935747816169e-01 7.944588092861038e-01;
3.911351579125046e-01 7.529004589441213e-01;
8.369182984929109e-01 -1.393326037983905e-01;

3.964090530502017e-01 -3.980652987895967e-01;
-3.980652987895967e-01 -3.964090530502017e-01;
1.465301345917329e-01 5.423329596264062e-01;
5.010797304414156e-01 2.539984708248590e-01;
3.980652987895967e-01 3.964090530502017e-01;

1.006587939423002e-01 -7.241565909952226e-01;
-7.241565909952226e-01 -1.006587939423000e-01;
5.768086071486502e-01 4.492513681659462e-01;
7.198191226455475e-01 -1.280444913049161e-01;
-1.006587939423001e-01 7.241565909952226e-01;

1.038498713394171e+00 -3.141126248328824e+00;
-3.141126248328824e+00 -1.038498713394171e+00;
2.201045770849783e+00 2.469929391761219e+00;
3.308302338054193e+00 1.700957632683138e-02;
-3.141126248328824e+00 -1.038498713394171e+00;

3.839341623997973e-01 -7.860624760229338e-01;
-7.860624760229339e-01 -3.839341623997971e-01;
4.887829919976583e-01 7.255279760303914e-01;
1.514266686842394e-01 8.616087402528673e-01;
3.839341623997973e-01 -7.860624760229338e-01;

1.254788024619937e-01 -4.417078842137399e-01;
-4.417078842137399e-01 -1.254788024619937e-01;
3.197908475499773e-01 3.295217726754058e-01;
1.581148965365777e-01 4.311037744407975e-01;
4.417078842137399e-01 1.254788024619937e-01;

-9.430092803379986e-02 -4.366053485640863e-01;
-4.366053485640863e-01 9.430092803379994e-02;
4.252617873015584e-01 1.366356750043242e-01;
3.329212383226577e-01 2.977924520475819e-01;
9.430092803379991e-02 4.366053485640863e-01;

-3.591633409129720e-01 -7.109722672448653e-01;
-7.109722672448652e-01 3.591633409129721e-01;
7.953017152767582e-01 4.444155628370789e-02;
7.084682600305520e-01 3.640777317776439e-01;
-7.109722672448652e-01 3.591633409129721e-01;

-7.329232532750923e-01 -9.708003742803880e-01;
-9.708003742803879e-01 7.329232532750926e-01;
1.207199412767803e+00 -1.493299692203725e-01;
2.232522455009850e-02 1.216195480275714e+00;
-7.329232532750923e-01 -9.708003742803880e-01;

-1.282740298752422e-01 -5.501855699257615e-01;
-5.501855699257615e-01 1.282740298752423e-01;
5.406116952889503e-01 1.640042164451168e-01;
-2.196150939204611e-01 5.205070591425985e-01;
5.501855699257615e-01 -1.282740298752423e-01;

-2.690478833253526e-01 -3.326867871997672e-01;
-3.326867871997672e-01 2.690478833253527e-01;
4.226391508811023e-01 -6.665890819430349e-02;
2.211592276223085e-02 4.272916426277616e-01;
2.690478833253527e-01 3.326867871997672e-01;

-5.201515923020523e-01 -2.494242641849869e-01;
-2.494242641849868e-01 5.201515923020523e-01;
4.760835452554658e-01 -3.257523606600102e-01;
2.742035737717124e-01 5.075259034467143e-01;
-2.494242641849868e-01 5.201515923020523e-01;

-1.222810096359328e+00 1.103905814600999e+00;
1.103905814601000e+00 1.222810096359328e+00;
-3.446054306501566e-01 -1.610937514751775e+00;
6.720077176840913e-01 1.504087167235072e+00;
-1.222810096359328e+00 1.103905814600999e+00;

-6.327238535515660e-01 -1.171007488123286e+00;
-1.171007488123286e+00 6.327238535515662e-01;
1.330484159512353e+00 3.754881330560175e-02;
-1.309216725703910e+00 2.398949295651829e-01;
1.171007488123286e+00 -6.327238535515661e-01;

-5.481461659295302e-01 -2.902174788724496e-01;
-2.902174788724495e-01 5.481461659295302e-01;
5.254087922905800e-01 -3.295997652457886e-01;
-4.453997050980888e-01 4.316358499532452e-01;
5.481461659295302e-01 2.902174788724496e-01;

-6.317145727975816e-01 1.303657626799289e-01;
1.303657626799290e-01 6.317145727975816e-01;
2.029572241342389e-01 -6.122637493235042e-01;
-7.122533049022851e-02 6.410814970504984e-01;
1.303657626799290e-01 6.317145727975816e-01;

4.866761463940593e-01 -8.139577326972388e-01;
-8.139577326972389e-01 -4.866761463940591e-01;
-9.482461473196220e-01 -1.449503984454983e-02;
4.866761463940593e-01 -8.139577326972388e-01;
4.866761463940593e-01 -8.139577326972388e-01;

1.477595986845781e-01 -4.593729484756709e-01;
-4.593729484756709e-01 -1.477595986845780e-01;
-4.717084425335800e-01 1.017229081239973e-01;
1.477595986845781e-01 -4.593729484756709e-01;
4.593729484756709e-01 1.477595986845781e-01;

-9.719879923698051e-02 -4.636009385754861e-01;
-4.636009385754861e-01 9.719879923698059e-02;
-3.528907904061897e-01 3.159770986443119e-01;
-9.719879923698051e-02 -4.636009385754861e-01;
9.719879923698056e-02 4.636009385754861e-01;

-4.132896086864075e-01 -7.835646548104064e-01;
-7.835646548104063e-01 4.132896086864077e-01;
-4.719420922301923e-01 7.497016276477622e-01;
-4.132896086864075e-01 -7.835646548104064e-01;
-7.835646548104063e-01 4.132896086864077e-01;

2.518974957156075e-01 -3.994181560480161e-01;
-3.994181560480161e-01 -2.518974957156075e-01;
-4.718550177281228e-01 -1.844055241538966e-02;
4.577098470526734e-01 1.161417566580174e-01;
2.518974957156075e-01 -3.994181560480161e-01;

1.264866844665975e-01 -2.956649118486058e-01;
-2.956649118486058e-01 -1.264866844665974e-01;
-3.192966669018780e-01 3.829177393576310e-02;
3.202805761157690e-01 2.893050308493654e-02;
2.956649118486058e-01 1.264866844665975e-01;

1.777020352472726e-02 -3.377728467098691e-01;
-3.377728467098691e-01 -1.777020352472719e-02;
-3.014049677216972e-01 1.534969756721011e-01;
3.267323617736274e-01 -8.747708201367067e-02;
-1.777020352472721e-02 3.377728467098691e-01;

1.740761160341084e-02 -5.300323562027165e-01;
-5.300323562027165e-01 -1.740761160341074e-02;
-4.677252911009803e-01 2.499407442335919e-01;
5.094699740307999e-01 -1.472333831866760e-01;
-5.300323562027165e-01 -1.740761160341074e-02;

6.592781967833332e-02 -3.692109709798934e-01;
-3.692109709798934e-01 -6.592781967833325e-02;
-3.527099900636734e-01 1.275103188323906e-01;
1.636800372047069e-01 3.374493501551311e-01;
6.592781967833332e-02 -3.692109709798934e-01;

4.029304250553752e-02 -2.646823932958873e-01;
-2.646823932958873e-01 -4.029304250553747e-02;
-2.493681977814711e-01 9.744639824238210e-02;
1.229786511787468e-01 2.378162104429552e-01;
2.646823932958873e-01 4.029304250553751e-02;

-3.465789379344677e-02 -2.595044501928490e-01;
-2.595044501928490e-01 3.465789379344682e-02;
-2.074084993653973e-01 1.597668415632125e-01;
1.805717137957637e-01 1.895721114746350e-01;
3.465789379344680e-02 2.595044501928490e-01;

-7.732239964535520e-02 -3.508474886973564e-01;
-3.508474886973564e-01 7.732239964535527e-02;
-2.651816382432067e-01 2.423869067231288e-01;
2.687781150191001e-01 2.383926146065291e-01;
-3.508474886973564e-01 7.732239964535527e-02;

-9.859446359301635e-02 -4.205891113447159e-01;
-4.205891113447159e-01 9.859446359301643e-02;
-3.149436231831375e-01 2.956798658164102e-01;
-1.674514803251886e-01 3.982161103845943e-01;
-9.859446359301635e-02 -4.205891113447159e-01;

-3.875540061900543e-02 -2.959925660428940e-01;
-2.959925660428940e-01 3.875540061900548e-02;
-2.369593812149866e-01 1.815594444913490e-01;
-1.426262873836342e-01 2.622428690678882e-01;
2.959925660428940e-01 -3.875540061900545e-02;

-1.079503880683544e-01 -2.453295911243038e-01;
-2.453295911243038e-01 1.079503880683544e-01;
-1.584864641795192e-01 2.161525739777354e-01;
-5.686741711713895e-02 2.619274545284471e-01;
1.079503880683544e-01 2.453295911243038e-01;

-1.981035403441451e-01 -2.913308971403292e-01;
-2.913308971403292e-01 1.981035403441451e-01;
-1.532481876587637e-01 3.172281470878298e-01;
-1.097087409196454e-02 3.521339862142415e-01;
-2.913308971403292e-01 1.981035403441451e-01;

-2.927034198908242e-01 -7.208538251121336e-01;
-7.208538251121336e-01 2.927034198908243e-01;
-4.779260150168802e-01 6.139155099561041e-01;
-7.760230587271124e-01 5.562141240920945e-02;
-2.927034198908242e-01 -7.208538251121336e-01;

-7.425913487809171e-02 -4.299164139979946e-01;
-4.299164139979946e-01 7.425913487809180e-02;
-3.351889685871252e-01 2.792685042664799e-01;
-4.318221416599495e-01 -6.222684396586591e-02;
4.299164139979946e-01 -7.425913487809174e-02;

-1.903821067887338e-01 -3.071519064433702e-01;
-3.071519064433701e-01 1.903821067887339e-01;
-1.708103004064127e-01 3.184516941267305e-01;
-3.509501285380713e-01 8.614898430175989e-02;
1.903821067887339e-01 3.071519064433702e-01;

-3.824684074194187e-01 -3.166422546136036e-01;
-3.166422546136035e-01 3.824684074194188e-01;
-8.298603269725144e-02 4.895484842769951e-01;
-4.193339172887784e-01 2.659012333404653e-01;
-3.166422546136035e-01 3.824684074194188e-01;

