40

6.064790010785172e-56
1.196797446945002e-60
5.067515832580043e4

3.717858239747843e-56
3.996899145954907e-59
9.301856524227112e2

2.302716790714286e-58
2.540491468096032e-62
9.064060319163576e3

1.914521869582282e-55
5.335254151604451e-60
3.588436117905527e4

2.415725158591288e-45
3.742580652466520e-50
6.454704341506234e4

1.498097406722935e-49
1.252673757153062e-53
1.195919845984196e4

6.459537682848984e-59
4.797659591905643e-62
1.346393498560668e3

2.756073543056334e-56
4.973928418273749e-60
5.541039820619004e3

6.879933107843785e-59
5.209114870263370e-62
1.320748971599457e3

3.751263709789666e-55
7.402569293759405e-60
5.067515832580043e4

4.384475355901856e-61
4.713548681902681e-64
9.301856524227112e2

1.642987622816257e-60
1.769282521618126e-63
9.286180147835492e2

2.560428822457666e-58
2.824814412415495e-62
9.064060319163576e3

8.561614213892353e-57
2.402253952866805e-60
3.563992143160002e3

5.603567266711074e-54
3.527771900709860e-57
1.588415414722115e3

8.651640751755721e-56
5.200665177074675e-59
1.663564266719856e3

3.142446204623146e-56
8.518694498140959e-60
3.688882381342498e3

2.433237041149179e-56
2.620277662518038e-59
9.286180147835492e2

2.243624577766098e-58
8.551266531241467e-62
2.623733653452584e3

7.906898030722928e-56
2.203438425800365e-60
3.588436117905527e4

1.293286419128421e-58
1.055619524166877e-61
1.225144466846724e3

1.129856355688542e-58
8.554663906497387e-62
1.320748971599457e3

4.666597517980336e-58
8.421880493648967e-62
5.541039820619004e3

5.752867162197597e-58
4.272797787829169e-61
1.346393498560668e3

1.603117429754161e-58
6.110061620182409e-62
2.623733653452584e3

6.544677832231413e-54
1.131761184718042e-57
5.782737489678001e3

9.338159654122800e-60
3.585528372127231e-63
2.604402666763067e3

6.522121782650476e-59
5.323553229144567e-62
1.225144466846724e3

4.097933699136394e-59
1.573463946813413e-62
2.604402666763067e3

4.134781248259875e-59
2.603085571908300e-62
1.588415414722115e3

3.968283795346689e-55
1.075741480784895e-58
3.688882381342498e3

3.939604761326635e-55
2.368171065067764e-58
1.663564266719856e3

9.910118656026265e-59
8.088938834726099e-62
1.225144466846724e3

4.086184839301079e-47
9.038424379689958e-52
4.520903940384846e4

1.025021021713139e-53
2.876047366379173e-57
3.563992143160002e3

2.699697904112462e-45
4.182527597356187e-50
6.454704341506234e4

1.494651373658998e-50
1.249792265491636e-54
1.195919845984196e4

7.332554019353798e-48
1.621922101430363e-52
4.520903940384846e4

8.174816886236853e-59
6.672533001171032e-62
1.225144466846724e3

1.600707775598891e-52
2.768079613601867e-56
5.782737489678001e3

