40

3.834515089408995e-53
9.363709867127901e-59
4.095081056356077e5

1.518171962103472e-56
8.177901261563068e-60
1.856432247768786e3

3.765411354366578e-55
2.028305293065319e-58
1.856432247768786e3

1.051601261819722e-56
5.393025919541048e-60
1.949928069155682e3

2.362092511273234e-55
7.424153748849553e-59
3.181631996292189e3

1.391066932653916e-55
7.493227583855080e-59
1.856432247768786e3

5.157454414649731e-59
3.113138286056686e-62
1.656673729448272e3

6.529622901268294e-55
3.517296636662143e-58
1.856432247768786e3

6.679611366193501e-52
1.631130440220691e-57
4.095081056356077e5

9.955413913465028e-58
4.061393677128082e-61
2.451230957867833e3

1.357729776296926e-57
8.195517030073845e-61
1.656673729448272e3

4.671831384261163e-54
2.837712282868219e-57
1.646337231743279e3

6.167744073277202e-57
2.553305271052586e-60
2.415592112389516e3

4.300145268437298e-58
1.908531706928910e-61
2.253117018085501e3

1.873463794280020e-58
8.620235747274755e-62
2.173332434524550e3

6.122023925592695e-40
1.100243992506360e-45
5.564242083836970e5

5.446338875108338e-59
3.103661936949136e-62
1.754810603007242e3

2.908893692292448e-53
1.204215594749130e-56
2.415592112389516e3

3.985898949834547e-53
1.769059892513444e-56
2.253117018085501e3

5.973296709469125e-53
2.651125823258262e-56
2.253117018085501e3

3.362989621761703e-58
1.057001446327188e-61
3.181631996292189e3

1.614077268901485e-54
5.073111129076205e-58
3.181631996292189e3

2.094690675945066e-56
9.296857016884760e-60
2.253117018085501e3

2.948593684720913e-58
1.791002249034177e-61
1.646337231743279e3

1.346112906833217e-56
6.193773605222525e-60
2.173332434524550e3

1.634074145707832e-58
9.925512915586184e-62
1.646337231743279e3

7.813283271183999e-55
4.716247461584416e-58
1.656673729448272e3

1.367457833847079e-55
7.012862963910191e-59
1.949928069155682e3

3.138614220635182e-39
5.640685961080377e-45
5.564242083836970e5

1.691635746596075e-53
7.783603280029943e-57
2.173332434524550e3

3.317698857194184e-57
1.373451602270840e-60
2.415592112389516e3

1.933433368499246e-53
8.896169485098650e-57
2.173332434524550e3

2.708326769632575e-57
8.512382239016975e-61
3.181631996292189e3

6.233574957436296e-57
2.543038605737290e-60
2.451230957867833e3

1.647923963467547e-59
9.390893585002720e-63
1.754810603007242e3

2.504784524355099e-57
1.021847621626747e-60
2.451230957867833e3

7.859834651987182e-58
3.253792149624215e-61
2.415592112389516e3

8.890364135487124e-58
3.626897786579962e-61
2.451230957867833e3

1.623268083591434e-58
9.798357122087264e-62
1.656673729448272e3

3.888748553966058e-58
2.362060748543194e-61
1.646337231743279e3

