0
-2.208638015179508e-03 7.585984152707227e-04
-7.290947115357913e-02 -7.158141531792690e-03
7.027752111185610e-02 8.060941634100585e-03
-5.204464110828888e-01 3.288799312023342e-01
-7.624499526939517e-01 4.818937205313363e-01

1
5.040504700225312e-02 1.532592190567945e-01
1.126711998240094e-01 5.053978162014689e-02
-2.878931719313534e-02 1.417208538077007e-01
3.763593632962040e-02 7.896473696064568e-02
-5.842504765273474e-01 7.796284337120507e-01

2
1.352994145687559e-01 1.986616751339883e-01
5.486305799456583e-01 4.369257771270758e-01
-7.115578598075005e-02 -1.658695938188836e-01
1.616263724146059e-01 -9.057311019875448e-02
-1.587910054001592e-01 1.024103299810819e-01

3
-1.789027742323673e-03 -2.433058911546318e-03
2.036032899750142e-02 5.698962831240391e-02
-2.249042562448904e-02 -5.989671018223467e-02
-4.537500297104591e-01 -2.784449988296331e-01
-1.152868356878848e-01 4.246932930060682e-01

4
-1.143855927253072e-02 3.646987117224902e-01
-2.409057552870988e-01 4.512343672960785e-01
3.203262444790299e-01 1.140333069474140e-01
-6.760623716196354e-01 3.466551576136154e-01
1.152948938907954e-01 2.579081230525760e-01

5
-1.281651380882333e-03 1.808672205124197e-01
2.795873206698290e-02 5.898257375135280e-01
-6.809007562437406e-01 2.467519362259125e-01
-1.270335047354293e-01 -9.187749686101503e-02
-2.879723387533937e-02 5.919445552559533e-02

6
-3.812074651336570e-02 3.105039547854293e-03
4.911167788729851e-01 -5.862927507839373e-01
-5.363793577554239e-01 5.902158366333915e-01
3.068276245309029e-01 -6.664204963605712e+00
5.210845372105479e+00 1.790209862227915e+00

7
2.767581042663896e-02 2.305872917097638e-01
2.800603377227089e-01 6.213499400730207e-01
7.397532857878233e-03 -1.718465035688495e-01
-1.815673648780715e-01 1.759550815472900e-02
1.791115367128466e-01 -5.891928081087227e-03

8
8.479577294664863e-02 1.838122571619366e-01
1.288855421721663e-01 2.878740773090966e-01
4.030510581613389e-02 -1.703086799411407e-01
-4.317113119408293e-01 -9.440142905735176e-02
6.650911053592887e-02 5.963550632223221e-02

9
1.343365675796458e-01 1.891324224600793e-01
2.218374452675580e-01 2.970407245373096e-01
5.354725439071092e-03 -2.357065979814288e-01
-4.233312460964674e-01 -1.237561847816206e-02
-5.035915179721236e-02 -1.155382289059664e-01

10
2.365464294436566e-01 5.802070815102193e-01
1.049911451264050e+00 1.461864083386545e+00
1.920954712091042e+00 1.532633599756463e+00
-5.211354908790288e-01 7.992667855868050e-03
2.778371007872148e-01 -3.742219169294262e-01

11
2.028138936766176e-01 3.224579414169980e-01
7.834602537355704e-01 7.425186741325862e-01
1.399330538334467e+00 2.132851693342067e-01
-3.159194416736949e-01 6.818549298635730e-02
9.545761810965946e-02 9.725119964019197e-03

12
-8.840413233302051e-02 2.471018860095677e-01
-4.391950200549052e-02 2.168775755374829e-01
-9.431032951136878e-02 1.305031099311448e-01
3.123434343921475e-02 -8.557499040241202e-02
-4.162651130607975e-02 8.991076278935834e-01

13
9.303035890700963e-02 1.020582795321471e-01
1.040926062464324e-01 4.993725718151987e-02
2.802486702408908e-02 6.323766615469581e-02
-3.132362237937130e-02 -3.604419623381163e-02
-4.544547473222098e-01 7.114920169718596e-01

14
5.053082819455039e-01 3.877211246805204e-01
1.777029368361152e+00 -9.669243397984841e-03
2.525097653337878e+00 2.361063191589960e-01
-2.518991080533808e-03 -4.440073065452880e-01
-4.447439520867021e-01 3.087624358870936e-01

15
-1.026489101087116e+00 2.943724004663151e-01
-1.770287099379851e+00 1.527392490795383e+00
-4.037239775180193e+00 1.448252311055191e+00
-2.306579594253369e-02 1.703946997930515e-01
5.337340936453642e-01 5.279917304045747e-01

16
4.153822340392831e-01 3.279546601211907e-01
7.853237365193871e-01 3.485455460975421e-01
-3.897641909179611e-01 3.173538765293069e-01
6.767337230730303e-01 -9.131622803281789e-01
1.305546612506469e-01 2.001044722087164e-01

17
3.976464013562929e-01 2.112680804363571e-01
7.473132908933301e-01 1.986254883089033e-01
-3.303507052278101e-01 3.481557576352189e-01
3.293807508710478e-01 -7.926582432892793e-01
-1.847990398917280e-01 3.803301556195444e-02

18
5.238615016577529e-01 1.851449220924201e-01
1.144753039210863e+00 -1.787154591141019e-01
1.795638032040596e+00 -9.159664081504867e-01
6.878610984187054e-02 -1.275668435570118e-01
-2.690840527520282e-01 3.604913411079823e-01

19
-2.824320534763426e-01 6.131007798165313e-01
3.054154962504802e-01 1.957749431137827e+00
-1.020049804547945e+00 2.534323679765571e+00
5.066903849604932e-01 -7.590150578983920e-02
5.302983469159130e-02 1.502493191578602e-01

20
1.353351376471062e-01 5.076300036654440e-03
4.914318246635805e-01 4.415693501951353e-01
1.566159956147596e-01 -5.453037252530810e-01
1.280091021692016e-01 -9.681043277851659e-02
-3.027876048490690e-02 2.054773227233904e-01

21
-1.634322508518238e-01 4.851990103587339e-01
3.816041392700614e-01 7.029361986449758e-01
-7.213758203201446e-01 1.723398489680758e-01
3.062213362665795e-01 4.673156775673398e-01
-4.068397019466113e-01 1.109106758219136e-01

22
-3.948877222720648e-02 1.905615464979385e-01
2.725937185804698e-01 6.338865494601416e-01
-7.075337158083217e-01 -4.955907704110145e-01
1.017300881294926e-01 7.596306027979030e-02
9.240494537730808e-02 -1.221176236339645e-01

23
-9.238609888757007e-02 -1.935334618021423e-01
-1.149934035797279e-01 -1.286111908205770e-01
4.152305870399339e-02 -9.452557873334085e-02
-2.298837484425954e-02 -8.642840188745191e-02
-5.761225865731199e-01 1.266833669849470e+00

24
-1.718221925763799e-01 1.936991802864116e-01
5.677766000850181e-02 4.269785886305133e-01
-3.984658527997589e-01 -7.074569434057917e-02
-2.279237708166452e-01 -3.869419014088398e-02
7.071499725956337e-02 2.739701343653194e-01

25
3.806461994381444e-02 1.904520495721567e-02
1.367507572364887e-01 -2.471249145147833e-03
-9.110500293669888e-02 2.321364233631104e-02
-1.391805816120702e-02 2.977327455570748e-02
-6.672956551738234e-01 7.261413908920182e-01

26
-1.202210341883129e-02 -6.093089437620222e-03
4.512540863831687e-02 2.643392670354937e-01
-5.948977751424869e-02 -2.715922197686064e-01
-1.774535691424940e+00 -1.519872053014990e+00
1.618615475999287e+00 -1.053813365681916e+00

27
-2.763881996016117e-02 2.030091694196446e-01
2.038375537936285e-01 5.689225162669582e-01
-2.312585921364258e-01 -2.239849878485406e-01
-1.560208451861792e-01 -1.130667875615423e-02
1.671121315190680e-01 3.885625220314418e-02

28
8.627083348145674e-03 8.457253206805489e-03
4.896952748832643e-02 5.216234290921756e-01
-4.756860655120727e-01 -2.172060974052204e-01
-1.102848460436253e-01 -6.356729894085289e-02
5.128416433674538e-03 1.388128924428437e-01

29
-1.818465733724522e-02 2.668860444774890e-01
1.020951285051515e-01 6.795741683402107e-01
-9.772769600672703e-01 2.991396405488275e-01
-1.282448886532746e-02 7.355067326532296e-02
-1.936848237120223e-01 -1.224495053878725e-01

30
-6.625314117974077e-02 1.170952398577713e-01
1.891402535366102e-01 6.031274654007766e-01
-6.139624126487345e-01 -2.571610484020473e-01
-1.533177471131345e-01 -6.481867830994190e-02
1.137961950354140e-01 -1.255990715086092e-01

31
1.311646816879246e-02 1.587461334828882e-01
2.441498351456827e-02 6.323295351042252e-01
-7.278717367656835e-01 -5.684429476064531e-02
-1.357932441513151e-01 -1.001867898694720e-01
1.568605394563034e-01 -8.152540387993827e-02

32
7.247321014379851e-02 1.063820495249688e-01
1.531823699928701e-01 5.731702822400102e-01
-5.996538966470825e-01 -7.928920964021248e-02
1.239841477908148e-01 -1.389185500706169e-01
1.253444864604804e-02 1.421284360353433e-01

33
1.852100437661314e-01 1.395367035919046e-01
2.517989353685183e-01 2.053665905979316e-01
-1.723788382823618e-01 -7.182150696384913e-02
-2.294970299260298e-01 -4.141697683820590e-01
5.379326866495435e-02 6.380870994221698e-02

34
5.175029631405947e-02 1.518396452486968e-01
3.517487424903347e-01 5.923052341639272e-01
-7.572265970175770e-01 1.583472478808021e-01
1.363987770697655e-01 -1.583505222249739e-01
-1.982995161917700e-01 -5.545942227884560e-02

35
-4.875764362961386e-02 -1.326729672469352e-03
-1.402765210385562e-01 7.283520656607778e-02
8.177227317255430e-02 -7.645352969870725e-02
-5.171836270018107e-03 3.825277114762587e-02
-3.348147526283917e-01 1.100963448358267e+00

36
3.377644623930200e-02 -2.137590405875636e-03
5.446124681621934e-01 -5.247520888357599e-01
-5.044462724291054e-01 5.224026945020060e-01
7.423658636062630e-01 -6.289405227213525e+00
4.811313047961202e+00 2.056291668202467e+00

37
6.703819585684354e-02 2.218332763675049e-01
4.805143587320760e-01 5.004070494700976e-01
-3.473888192897087e-01 -1.254699825516322e-01
1.904308548104809e-01 -3.938874202746949e-02
-1.653301390400075e-01 6.260405569886554e-02

38
-4.046085449447749e-02 4.009292428415692e-01
1.159896443718009e-02 1.934749269633753e-01
-1.562914600045161e+00 1.491352140587584e-01
2.170333441521144e-02 -1.416719469573142e-01
-2.631535455069650e-01 -6.229118366196658e-02

39
-4.517812942191378e-02 -1.992042492479911e-01
-7.109931909671993e-02 -1.171115200109753e-01
4.616425327736185e-02 -1.041514353565599e-01
1.438222466904389e-02 6.958587259675417e-02
-7.741049887982975e-01 1.198150413215951e+00

40
3.975812695936789e-02 1.725479855579417e-02
1.406090511166626e-01 -1.203177313262050e-02
-9.303259395076974e-02 3.056286893940778e-02
1.665340265054771e-02 -3.003809809126988e-02
-6.251129498414093e-01 7.668573644386140e-01

41
1.179601330727193e+00 4.020963953570736e-01
5.246301137302483e-01 4.579593059067684e-01
7.634999419671752e-01 -1.540218079980277e-02
5.009360830843816e-01 1.895588639496674e-01
-4.183751163076729e-01 -1.450157961171437e-01

42
-3.771171201526664e-04 -4.064308232956131e-03
4.121474517746449e-02 -9.497005962905075e-02
-4.166296470084171e-02 9.012275468279644e-02
-2.132126862477332e-01 -8.406694073835312e-01
2.131434602461610e-01 8.399293804327845e-01

43
-3.179563997272688e-03 2.009085366923529e-03
-2.521863104063421e-02 -7.178146737218040e-02
2.144403397692212e-02 7.419253744065554e-02
-5.445917265238202e-01 -3.645473379603887e-01
-1.618498031136885e-01 5.167891435375773e-01

44
-4.946301920608316e-02 3.676602037593391e-03
-1.342337736715231e-01 8.556546365347172e-02
7.458943265109219e-02 -8.327759520626310e-02
-3.860534763643773e-03 -3.839364426797114e-02
-2.389666059111032e-01 1.090743175124889e+00

45
5.641734529508640e-02 1.561378612831053e-01
3.309551595270465e-01 2.467720898546075e-01
-6.510305273092737e-02 -6.638281479162174e-01
-1.531846198646953e-01 -1.457026040961652e-02
2.523722394604882e-02 4.726242664282190e-02

46
5.788173664453104e-02 1.255149803979966e-01
4.639321197028249e-01 4.157154075919408e-01
-1.079046151387875e-01 -5.960382980974264e-01
-5.268801130285426e-02 9.068680000787198e-02
-1.094259942069765e-01 -8.313873191459970e-02

47
1.582292657343202e-01 8.064184902808362e-02
3.476691191583318e-01 7.843544489265328e-01
4.499678685328758e-01 -5.720626929611657e-01
-1.277878309699199e-01 2.326988354767515e-01
1.997070388036919e-01 -6.889181900959289e-02

48
-3.509073972792990e-02 8.140406090501492e-02
-1.104330774868416e-01 1.434414548734265e-01
6.424033758591757e-02 -4.088099699054303e-02
2.408038854036392e-02 -5.320987075965029e-02
-1.425022062261161e-01 1.033554819495044e+00

49
1.552603204451783e-01 1.908392014657481e-01
3.855590893815071e-01 1.658466328008108e-03
-3.460972373375466e-01 -8.389603206373035e-01
8.610325652884820e-02 -3.777003910144674e-02
-1.885987144107567e-01 9.682942247236558e-02

50
8.382195325677036e-02 -3.354773843495110e-02
1.753980531985366e-01 -3.383448175864082e-02
-8.485504234067601e-02 -5.600404252233880e-03
-5.596086935757384e-02 2.303001674291680e-02
-7.547208173766931e-01 6.325800155028314e-01

51
1.057146206597714e-01 1.670362530673747e-01
4.363575721834486e-01 2.665300217256953e-01
-7.692906261669188e-03 -8.777275845205514e-01
-1.824101101066512e-01 2.702343288981652e-02
6.954028825003224e-02 -1.657355495320283e-01

52
-2.782389018372579e-03 1.312042813424842e-03
-1.844695324678487e-02 8.257531700167674e-02
1.514535499031853e-02 -8.100192718581319e-02
-3.223007611847558e-01 -6.364759009071301e-01
3.217921575645590e-01 6.367139262688349e-01

53
5.101731152324325e-02 1.073540814654975e-01
3.625502422674465e-01 3.226896023433623e-01
-9.756902318580134e-02 -5.029580552214861e-01
-9.891416441679265e-02 -5.787517431898458e-02
-3.370388265701767e-02 7.259950683335666e-02

54
2.258962886414501e-01 1.140706212964537e-01
3.049100747480859e-01 1.840133061186936e-01
-2.452365148412302e-01 -4.794996797816340e-02
-2.238589526061440e-01 -3.372691450128727e-01
-1.481115084921723e-01 -4.193313150615768e-02

55
7.623206581756191e-02 8.466529987568742e-02
4.623082246980602e-01 4.617946648083821e-01
5.726606209083625e-02 -6.003099330673349e-01
-1.374529015357771e-01 -9.421291625674483e-02
1.340802203040637e-01 -9.472473376487830e-02

56
8.402523523853883e-02 1.303911979706261e-01
8.102434772621889e-03 1.387459465639761e-01
1.166139867385411e-01 1.977627909328285e-02
5.539678644474363e-02 6.504171341923817e-02
-3.543275876156971e-01 8.638460312970432e-01

57
1.738633750686665e-01 1.252315821108729e-01
8.593301358628437e-02 4.071769498986266e-02
-5.137239194950888e-01 -7.457306618468802e-01
-6.136959520608283e-02 -4.981489857323208e-02
-1.021438749587858e-01 1.108809456848525e-01

58
3.054817904302683e-01 9.912082002646772e-02
1.382503136151662e-01 2.087411371037692e-02
-5.171562757816588e-01 -1.187848714489406e+00
-1.110875050365414e-01 -4.159262207595459e-02
3.389044507785403e-02 -2.104523102192729e-01

59
2.508608931893261e-01 1.581001602306600e-01
2.967049733307254e-01 1.650645010241724e-01
-2.827052646803666e-01 -1.903345796789364e-01
-1.635320411759139e-01 -1.587296090140186e-01
-2.457786482472880e-01 -7.059242853183140e-02

60
4.704530077733809e-01 -4.960861197799137e-02
4.333241813491924e-01 4.952758671867142e-01
4.112169471504234e-01 -5.614517081731714e-01
2.962662230377905e-01 -3.969411501328468e-01
2.798956368168195e-01 2.549478961108806e-01

61
1.305776970816266e-01 -1.692421323241415e+00
-2.242362512894445e-02 1.927862601114970e+00
9.413845829981571e-01 -7.516990173393283e-01
5.020716152211577e-01 7.200350333395289e-02
1.279912478254598e-02 9.696854970885570e-01

62
2.686177280454092e-01 -3.973469137519484e-01
4.758760164456270e-01 3.489669104353323e-02
9.401595430402048e-03 -6.326123592962897e-01
-1.304947589902073e-01 -8.103953372798781e-01
-2.437093963202459e-02 1.462541463248456e-01

63
-6.128197760948653e-03 7.710552623370870e-03
7.667768830325301e-01 2.726969822776472e-01
-1.461499754296170e-01 -8.000887174582872e-01
1.128540058463969e-01 -1.597996663364236e-01
-1.724526292394466e-01 -3.763325831727147e-02

64
8.928359323504669e-01 8.152773580715337e-01
-2.868304045935558e-01 1.745764811269834e+00
1.876849445139678e+00 -1.853420888987357e-01
-1.115537179388649e-01 1.008670266062166e+00
1.293226798454898e+00 -1.935927751015079e-01

65
2.123767981605475e-01 5.278062134875304e-01
-7.591985670198744e-01 7.606578229544764e-01
-1.864516316237093e+00 1.381416607803820e+00
-2.337495491429561e-01 1.578417213210266e-01
-2.819551751684006e-01 -1.917630403587219e-01

66
1.779417048338456e-01 3.314737048517093e-01
5.278466390092461e-02 5.962705891928770e-01
3.637390483202718e-01 -1.446344486716235e-01
-5.093293916068683e-01 4.917976451264819e-01
-3.652110386417592e-02 -1.519677634940234e-01

67
1.652476302215605e-01 -7.207291590917770e-01
1.292553760303048e+00 -5.308471947018441e-02
5.910374921154862e-01 -2.353258758014364e+00
3.462822418517406e-01 -3.737054247805627e-02
-6.550430208880424e-01 -1.854146829003006e-04

68
1.778915441316601e-02 6.305732590147782e-03
5.528274342213442e-01 7.919864539320678e-01
4.089391494541499e-01 -8.728882290588575e-01
-4.725554814949691e-02 2.277468879566056e-01
1.999295701526416e-01 -1.070575360296178e-01

69
1.087320968833009e-01 9.289673098281187e-02
3.491690104800164e-02 5.978336474881448e-02
1.152443754285719e-01 3.934436376147291e-02
-3.803028723532462e-02 -3.357031206428740e-02
-3.828504591633052e-01 7.903902642786270e-01

70
2.397763966295567e-01 -1.638377498169214e-01
3.860046953623534e-01 2.977500630577432e-01
2.286436921944259e-01 -1.236584097298215e+00
1.220691323987133e-01 1.021053583541146e-01
-8.726993897061820e-02 1.765837228341388e-01

71
1.360237197627255e-01 -1.134724731135360e-01
6.401221200327170e-01 6.331081241395018e-01
3.952648052627580e-01 -7.777359040324529e-01
1.310499055409608e-02 2.475067402173751e-01
-2.326903988321588e-01 -9.424148539733965e-02

72
-1.064134984896958e-01 2.843928850812795e-01
-1.014375241656055e-01 1.506579720011536e-01
-6.390647108242774e-02 2.482063582884234e-01
3.956028875639592e-02 -1.002440374689266e-01
-6.771404487264564e-02 1.056076129752219e+00

73
2.492022720062015e-01 -4.175979934967769e-02
2.624932367566486e-01 4.514778804232360e-01
1.172772785958169e-01 -4.110364482407306e-01
7.606756720873986e-03 -1.666032385570353e-01
4.499388428784720e-02 1.924870128996404e-01

74
9.971710177933327e-02 -1.645033641391313e-01
1.033728391335201e-01 6.481493767566090e-01
-1.464242155181105e-01 -8.029069377492692e-01
-4.498097369994523e-02 1.034489977571947e-01
1.170504766052299e-01 6.368090768730811e-02

75
-3.203131633901173e-01 -7.319683803028196e-01
-1.790141977767573e-01 -3.275707037807236e-01
-1.686163044586151e+00 -2.772192036563875e+00
1.056307007402993e-01 2.667001846441224e-01
-4.688710234431921e-01 2.841768954589612e-01

76
1.568388702481023e-02 2.013735320255586e-03
5.497412429835434e-01 5.148883174772040e-01
1.703403454128198e-01 -7.314659440745701e-01
-1.615802389653201e-01 -8.830516822912376e-02
1.589988444400416e-01 -1.167199038033405e-01

77
1.517235060550478e-01 -1.376805929976074e-01
4.373375354207477e-01 2.911797614920998e-01
4.492059199110254e-01 -7.612491405438713e-01
-1.672416171622774e-01 -1.177639502975330e-01
-2.975146145029154e-02 1.742633122293822e-01

78
2.755482119798162e-01 -1.479666904459958e-01
6.510448754544359e-01 5.637560376528802e-01
1.018464492836593e+00 -4.978391918579648e-01
-2.052738433866824e-01 -2.021224207146229e-01
1.170969008126981e-01 4.954266906864161e-02

79
-9.979957166154121e-03 -6.154138428363115e-02
1.116265773883592e-01 -5.713692246517118e-02
-1.200539427337932e-01 -1.420006050704254e-02
-4.384358825076155e-02 3.069867994998410e-03
-7.221134399992741e-01 7.979964639417261e-01

80
1.909708934926437e-01 2.194220412970280e-02
1.249669015076155e-01 3.106746604281470e-01
-4.246721604048742e-01 -4.784332556326364e-01
-2.469276111990339e-02 -1.483773128444366e-01
-2.409658852515251e-02 8.268652975491868e-02

81
1.218714969750652e-01 5.848641266470372e-03
9.137072845049951e-02 6.851804927109517e-01
-5.266378815356701e-01 -2.534828772071273e-01
-4.778341984315529e-03 1.636362331449915e-01
-1.518705873265797e-01 -6.415735020909558e-02

82
1.249654939442610e-01 3.560469051128364e-01
-4.451340706791373e-01 5.466955789019567e-01
-1.252622819981585e+00 -1.999311962168294e-01
-1.561246012494351e-01 1.076439871111674e-01
2.779885466024818e-01 -1.516019470000861e-01

83
-1.255514746677597e-02 -6.760051972850464e-02
1.224991899466995e-01 -6.491770519113430e-02
-1.335119423334702e-01 -1.338786985912844e-02
4.730191506477964e-02 -1.312465608335634e-02
-7.374972894181014e-01 8.880372288600130e-01

84
-1.134365216920719e+00 7.160511798459969e-01
-7.160565241285456e-01 1.602436890384617e+00
-1.194800722037461e+00 -6.081735325459324e-01
-6.360358710873975e-01 2.193890765387928e+00
1.778950156200057e-01 -2.057477555950221e-01

85
-5.346783201045007e+00 3.675509878324152e-01
-3.872700847348746e+00 -3.255139543802883e+00
-4.332479369406809e+00 3.608730935087917e+00
-9.572971135382319e+00 3.485904652134979e+00
-4.976527569010665e+00 -4.083563293933166e-01

86
3.583415283991641e-01 2.344973981399447e-01
6.697872228028486e-02 3.168074681420609e-01
-4.360260090440771e-01 -2.330846709156918e-01
-6.239809776532898e-02 1.097690735265359e-01
-2.268766725132828e-01 -1.079838539816129e-01

87
6.344108530050416e-02 1.732378691704268e-01
-7.590137220623133e-02 7.661472698541376e-01
-7.183593402871309e-01 -2.815031622742128e-01
-5.163478269814359e-02 1.533461983126860e-01
1.932254508652040e-01 -1.169931228209503e-01

88
2.491215914877550e-01 1.845614122446119e-01
2.167543530045903e-02 2.454297621153018e-01
-3.125397499338803e-01 -1.970158126681423e-01
-1.693540684296450e-01 -9.154241969896625e-02
-4.893536180016156e-02 8.701451917320671e-02

89
9.180071337416610e-01 4.995370458975928e-01
-2.296269048727381e+00 1.379631822262372e+00
-1.145711460765251e+00 4.270999996192731e+00
-7.608779037775603e-01 -1.038167797116934e-01
-1.267420519953273e-01 6.755977055256462e-01

90
6.910166308718594e-01 2.696944794187945e-02
-2.373314941676704e-01 5.317796915797385e-01
-3.038572120204004e-01 -5.318034809403203e-01
-1.060752241128439e-01 2.827453298636329e-01
-1.172371377705967e-01 -3.092835474850065e-01

91
3.242261448305588e-01 1.430955702136309e+00
-3.132556443726547e+00 -1.499347645475811e+00
-6.505665760176343e+00 -5.838392702566584e-01
-4.984263457147403e-01 -9.357209962963293e-01
1.240329035973108e+00 -3.031965504001071e-01

92
1.890892157865394e-01 1.252783508569351e-01
-1.804631806718637e-02 6.405269206102405e-01
-7.051913280771619e-01 2.977299642836670e-01
8.885047484967194e-02 -1.860049587500231e-01
-1.981421181330575e-02 1.302298790039819e-01

93
8.975752705392523e-02 8.790896242771200e-03
3.236494080796346e-02 5.036435926741309e-01
-3.868297029051239e-01 -2.124002934537716e-01
-1.169631449285592e-01 -5.681468402684634e-02
-9.604226347832459e-03 1.278431495074136e-01

94
5.541249080378958e-01 -7.284837325666128e-01
-6.485910362269772e-01 7.605465084192120e-01
3.000471459638981e-01 -2.947904820570126e-01
-3.732452400822718e-01 1.541136409166173e-01
-1.975124276442443e-01 3.870285319853599e-01

95
7.836912910517091e-04 1.122781079232475e-03
6.081544620094002e-02 1.715232251677120e-02
-5.988046631531865e-02 -1.582011842057100e-02
-4.913837369106476e-01 2.100454328936898e-01
-7.202646619175257e-01 3.076843805521513e-01

96
-4.188228461353617e-02 1.498929137813696e-01
2.929751174925738e-01 4.923388312971231e-01
-5.360889996295072e-01 -4.182002508695367e-01
6.002763560350109e-02 -8.726464661041952e-02
8.803102316217543e-02 5.144861994283657e-02

97
1.106656979987909e-02 9.433223762680153e-03
1.351549546948574e-01 6.272493119883699e-01
-6.106561538500296e-01 -1.950348166465311e-01
1.205603593079657e-01 -9.457018101302411e-02
8.547086373602244e-03 1.690350883808898e-01

98
2.496899740627416e-01 1.496846565903167e-01
-1.434440239187612e-02 7.775786352833134e-01
-9.020619837355093e-01 8.709369256935307e-01
9.184884542801493e-02 -2.418590705592325e-01
-2.078155248530234e-01 9.946817456571205e-03

99
9.421125239383588e-02 -7.986168948965605e-02
3.801489606945570e-01 4.148266370655018e-01
2.951686806590006e-01 -5.262270423965069e-01
-1.527953704887123e-01 -8.738405951053922e-02
-1.560933835751114e-02 1.709443768207748e-01

100
3.060561875407892e-02 4.849169708939440e-02
-7.231981526614230e-02 8.733608638019402e-02
1.119734546152589e-01 -2.928363426761179e-02
-3.187117366073540e-02 2.540032739068620e-02
-3.391674722613729e-01 9.404426977976797e-01

101
7.434102701889186e-01 -6.368433293131915e-01
-6.185659540017608e-01 6.532709781590731e-01
2.690378873395514e-01 -3.655713916193826e-01
-2.186800514849773e-01 3.928436410109018e-02
-1.334480629830538e-01 3.546236597248050e-01

102
1.037738399162219e-01 -8.401310144661740e-02
2.275199635231642e-01 6.168463423328211e-01
-5.410378839174280e-01 -2.425067512061623e-01
4.787905121114752e-02 -7.589091369416577e-02
-1.448553015920196e-01 -2.493749919364573e-02

103
2.124803492276666e-03 -1.160331993671072e-02
3.245888482905404e-01 6.626433912324733e-01
-7.373353575933074e-01 -5.067931317815259e-02
1.116069462946369e-01 -1.328176507048719e-01
-1.687551529868243e-01 -5.009131495403846e-02

104
2.164077111810144e+00 1.051011942274857e+00
1.165691357090748e+00 2.452958516125403e+00
2.234318694240662e+00 -9.016764035121481e-01
2.793307274293109e+00 2.669737541782490e+00
-6.625130231160499e-01 -3.375975982972486e-01

105
1.822223084132821e-01 8.971720249000173e-02
-1.594268176838911e-02 2.931698843065291e-01
-6.404824830147443e-01 -6.038067051705917e-01
-2.892707461477708e-02 9.146631332876742e-02
-1.155916412147823e-01 2.631604685963148e-02

106
3.195525917283996e-01 7.064106267478497e-02
3.024164382161896e-02 4.480099497212571e-01
-5.926450462523730e-01 -7.945056572067579e-01
-2.340801040695745e-02 1.557477395117732e-01
-1.061685042433241e-02 -2.637758051638733e-01

107
3.117164945741801e-01 4.995163289439442e-02
5.510686544217224e-02 8.801719055540049e-01
-1.800321764854295e-01 -2.370156559918601e-01
-4.106977403486153e-02 2.305756372008956e-01
4.544137941308700e-02 -1.991191294500706e-01

108
4.745704947952342e-01 4.233786017897925e-01
9.117858934015304e-02 3.201154300867817e-01
4.135003133975699e-01 1.657944704840389e-01
-1.646293017338459e-01 -1.526562439797056e-01
1.853582498509432e-01 2.026246816166666e-01

109
2.164929392782969e-01 1.124086101129107e-01
-1.641464071102168e-01 -7.806865689536491e-02
-7.240277963763437e-01 -7.889793733958019e-01
-1.307651529114814e-01 -6.612197754089082e-02
-7.749990964634876e-02 1.669805060741352e-01

110
-1.622789129530613e-02 -1.816141352040364e-01
5.306438359403538e-02 -8.705657196374041e-02
-4.880888623467817e-02 -1.116484460352837e-01
4.309157850398626e-03 6.413910043443420e-02
-8.271933330369828e-01 9.689144980148654e-01

111
3.768615735158652e-01 7.417610767047657e-03
-2.903463936840538e-01 -2.343470111744970e-02
-1.044950316202779e+00 -1.212278493478113e+00
-2.261609674513354e-01 -4.893315969428468e-03
1.121773193576668e-02 -2.797895726531879e-01

112
9.155260949949616e-03 -6.488132916577933e-03
7.124927367119466e-02 6.733245338700663e-01
-6.184042961850195e-01 -2.761101306324805e-01
-1.417270214516174e-01 -7.819925813464942e-02
1.291724559840202e-01 -9.994274981760946e-02

113
5.042088819537385e-01 -1.183548270853794e-01
-3.665149079173511e-01 1.915307440209381e-01
7.122605872870207e-01 -1.392629943900292e-01
-1.042792175734774e+00 -1.908489551701403e-01
1.885544437284896e-01 -2.125277462434101e-02

114
3.775971641301927e-01 -5.418859507911274e-02
-8.084702116666062e-02 3.460797121019412e-01
-2.240758719707047e-01 -2.905258329242121e-01
-9.035635585168504e-02 -1.626964806010816e-01
-2.626223072779093e-02 1.702307517506269e-01

115
3.526695583796861e-01 3.042506516280262e-01
1.526058103280485e-01 1.277480089937690e-01
-3.712892855719973e-01 -3.444636770610627e-01
-2.103025743804189e-01 -1.023281834856842e-01
-5.855294571711777e-02 -2.030951959937621e-01

116
3.552741139807065e-02 5.039555308391108e-02
-7.358032664587763e-02 9.846880903688571e-02
1.194211194850343e-01 -3.820032262049367e-02
3.876238245508739e-02 -2.226855628923442e-02
-2.780571820467803e-01 1.011043623019517e+00

117
2.110251918683638e-01 -8.610930823880411e-03
1.540775498890685e-01 5.655843780148990e-01
-1.461945729814154e-01 -1.322883590392546e-01
3.323715782492547e-03 -1.367047997463524e-01
3.871780014727893e-03 1.565689302444117e-01

118
1.767864477736378e-01 1.208619230917713e-02
1.356491172299132e-01 2.935613209578247e-01
-4.772526553431487e-01 -4.958318837163986e-01
-2.743160901134328e-02 -1.395601761788376e-01
-6.394144857918914e-02 6.264023006027061e-02

119
3.782966129554894e-01 2.200954557027383e-01
1.793981105627590e-01 9.425796102779717e-02
-4.044464565800105e-01 -2.546294997877364e-01
-8.914778092691518e-02 -1.609664902575800e-01
-2.062374581487858e-01 -7.169661579025637e-02

120
-6.740382007522986e-04 -1.198405843093574e-03
6.013754113622406e-02 1.578333854336010e-02
-6.093429803280553e-02 -1.720894355734143e-02
-4.931015921886454e-01 2.103447705982457e-01
-7.225843801812285e-01 3.084383450473872e-01

121
2.213675905581910e-01 -2.710296389810283e-01
2.031469318988821e-01 2.577090685432684e-01
2.371545782837940e-01 -5.123026854255220e-01
-6.084418037583323e-01 -4.761413207293813e-01
1.676933839139924e-01 -1.188669901791965e-01

122
2.979506565133083e-03 -1.111422427487400e-03
-1.546089250617541e-02 8.093518848488365e-02
1.900451977973753e-02 -8.223993390742683e-02
-3.167498231709315e-01 -6.381296111020579e-01
3.172933883785747e-01 6.379253557471519e-01

123
1.566292619768468e-03 2.267364381842859e-03
2.222558919001398e-02 5.958160472042159e-02
-2.036697854713752e-02 -5.690058677439370e-02
-4.509249323497621e-01 -2.764715549178904e-01
-1.139337650001112e-01 4.215104231007274e-01

124
-1.209531245921171e-02 -2.532016402836856e-01
8.481335624794016e-01 3.048147431705676e-01
1.550225150813450e-01 -9.952047434306422e-01
1.203061130436077e-01 -1.519722891718336e-01
-2.783684854441314e-01 7.732911505540647e-02

125
2.854978565251096e-02 -2.533686270850566e-03
-9.344483834652387e-02 6.306046872830232e-02
1.269624463388736e-01 -6.673479638458542e-02
3.190882654227137e-03 2.198665176387802e-02
-3.730998844881956e-01 1.027166572172170e+00

126
-3.976392417959214e-01 1.132979864626141e+00
1.023062000980847e+00 -6.748426996476825e-01
-5.980829958140575e-01 1.831296253750371e+00
-1.255930902012006e+00 -1.848099946048159e+00
3.719417552828161e-01 -4.725250128929296e-01

127
-3.110183236607368e-02 -2.498284576457247e-01
4.425431610504325e-01 7.077365094596397e-01
-3.872603782255830e-01 -6.360228784151913e-01
1.821783955040372e-01 6.417426599983142e-03
-1.672961699387415e-01 3.125510084765809e-02

128
-7.827452380491097e-02 3.001098362970889e-02
8.124430128548740e-02 -2.932863949457126e-02
-1.802856598942693e-01 6.354948313987406e-02
5.162052465449241e-02 -1.943291010898403e-02
-6.138195859369819e-01 9.391461525829836e-01

129
2.198017109327269e-03 -8.017037853611992e-04
-7.024823331880634e-02 -8.452422927749427e-03
7.285228769052113e-02 7.501621106469433e-03
-5.209039467948058e-01 3.257588589121549e-01
-7.637187265707527e-01 4.775310268689220e-01

130
4.097389172925595e-01 -7.558935118568610e-01
-4.945362543562060e-01 8.706251506093713e-01
4.025757041466046e-01 -8.608161661340222e-01
-9.601606201347487e-02 7.074872652518532e-01
-4.514760508550055e-01 4.879147130537753e-01

131
-1.227768781236714e-01 5.175394925752018e-01
3.663728666044421e-01 -2.940890637157418e-01
-1.983808225840132e-01 8.076961968873572e-01
-7.304893830763862e-01 -8.881957631556856e-01
4.367727741289170e-02 1.991695127628647e-01

132
-3.050259782589197e-02 -1.086923191272133e-02
1.078361698366189e-01 -3.481413525388387e-02
-1.440561731777075e-01 2.089310104797037e-02
2.000224617463503e-02 7.267592761334609e-03
-6.807871392977866e-01 8.561891887865958e-01

133
3.793710085268185e-01 -4.404832952955064e-01
-4.490804856534625e-01 4.873751382930918e-01
4.105403682919365e-01 -5.407343804451582e-01
-3.567747418550036e-01 2.782783508058783e-01
-1.974354446465367e-01 4.847911030017520e-01

134
-1.575526206202220e-01 -1.681503812855976e+00
-3.475713855833305e+00 6.546733173066414e-01
-4.435186790921375e+00 -2.854460804982260e+00
-9.008146448360415e-01 -1.703951120867642e-01
1.428203437035831e+00 9.527422419705375e-02

135
-3.514021700870043e-03 -1.907728283621156e-01
3.908640379469961e-01 5.860589689311788e-01
-1.429543822786244e-01 -8.305841945279258e-01
-2.553667884501993e-02 1.432480033702957e-01
-1.443105357624350e-01 -3.204751254084282e-02

136
-2.699394854737092e-02 -6.443111739477447e-03
1.057010923265565e-01 -2.966955479791074e-02
-1.379246453380382e-01 2.127618654791405e-02
-6.729391534992754e-03 2.063670737922343e-02
-6.814205295193690e-01 8.240692471835485e-01

137
-1.358190916306297e-01 -8.837204668664678e-02
6.180839137088627e-01 6.684136097419520e-01
1.253872709505816e-01 -7.701476991843779e-01
-1.276746268567660e-01 -8.247588365018665e-02
2.049772543018843e-01 -9.796959605040989e-02

138
5.795709080374128e-02 -1.924700574932502e-01
1.473382896501813e-01 6.710670716686065e-01
-9.930644855429996e-02 -5.870601887158997e-01
-1.267388517444192e-01 -3.104534456074450e-02
1.325431609072189e-01 6.639774591766591e-02

139
-6.262360757031780e-03 -1.493755818411364e-01
2.707904380186503e-01 5.174525897934497e-01
-1.249029342068683e-01 -6.390680973852276e-01
-1.057899273210359e-01 -1.412831333256462e-02
-1.808588971159843e-02 9.817129891152707e-02

140
2.802785038527746e-01 -4.553876010554580e-01
-1.678566573857237e-01 1.779026788959596e+00
6.537867334293966e-01 1.290905512903271e+00
-3.939602307790040e-01 -2.564448843759057e-01
3.738513980266632e-01 1.290130811766743e-01

141
-1.798284121483172e-02 -1.867508314879144e-01
-1.015310238928590e-01 8.334695527596058e-01
-6.791055040507494e-01 -2.974082341217373e-01
-1.404005742969766e-01 -1.044098832873653e-01
2.324447065463975e-01 -6.176858989594216e-03

142
4.529752041820614e-02 -4.728212552835639e-01
6.506586979460850e-01 1.528960609124844e+00
1.989688280012218e+00 8.570467714643450e-01
-4.355978366273596e-01 -5.662583298460087e-02
4.887785333460321e-02 3.865090901899237e-01

143
-5.213353501336342e-02 -1.738389614887713e-01
4.631868504625237e-02 -7.289625418937204e-02
-7.873821094035954e-02 -1.231851379223451e-01
-7.940675021222886e-03 -7.651855479622183e-02
-6.435044662813808e-01 9.819419139245903e-01

144
-6.235025526112978e-01 -5.132595453017270e-01
2.451155423647848e+00 5.503136234821027e-01
2.065997582284998e+00 -7.296916166866388e-01
2.744649590497277e-01 -5.292814948103709e-01
-4.633125040287702e-01 5.323475364235813e-01

145
-2.768847840992018e-02 -5.079064599796943e-03
1.053054104523690e-01 -3.501670546794684e-02
-1.384093723450630e-01 2.822858209151083e-02
2.774140630266585e-03 -2.176883448808511e-02
-6.446243633778562e-01 8.440664702665718e-01

146
-1.415319759839605e-01 1.236717249544107e-02
7.196837195628981e-01 4.754897892557492e-01
6.883464485285361e-02 -7.265537724277211e-01
1.753920781178450e-01 -1.335610885239309e-01
5.472512725733154e-02 2.151957108586245e-01

147
-1.130360369447934e-03 -1.596204050665501e-02
5.902633920449929e-01 4.281227142314772e-01
7.562857957561135e-02 -7.272232985440132e-01
1.362360422273559e-01 -1.070201581145517e-01
5.588338694123813e-03 1.871420077529564e-01

148
-1.710820504869357e-01 -2.557731338516650e-02
9.174641204851255e-01 3.771522607031927e-01
-2.050147046611197e-01 -8.067852271672888e-01
1.674413634430622e-01 -1.772322710165653e-01
-1.603589051547588e-01 -3.933149549516896e-02

149
-2.474771491257713e-01 5.803652054624578e-01
1.788400170146582e-01 -5.810065469943797e-01
-2.556654264511055e+00 -5.571797424310642e-01
1.443386143400585e-01 -3.649396213103349e-01
-4.386665876152606e-01 -1.528525004270072e-01

150
-2.981974734216378e-01 -4.987222709491707e-01
1.735432715371737e+00 7.028371994556509e-01
1.803559768743790e+00 -1.745343148261881e+00
2.664774596803466e-01 -3.368335783999650e-01
3.607350149614234e-01 3.212796741888562e-01

151
6.372016471711331e-01 -1.274561828024377e+00
-7.745601345674268e-01 1.358859329088686e+00
3.901105155985410e-01 -5.255920945514897e-01
-1.584478334979709e-01 6.646729760680962e-01
-5.622004443183558e-01 3.570066468717518e-01

152
-2.211238257796183e-01 4.197982014591805e-01
1.452766328237472e-01 -4.134641644563772e-01
-1.394559830615888e+00 -1.556475691574271e+00
1.292669343108502e-01 -2.622639910875579e-01
3.092857091630866e-01 1.825952949239344e-01

153
-4.122937774173268e-01 1.200451567960824e-01
1.158706647192227e+00 8.585049386664105e-01
1.298713904784289e-01 -7.686642403295815e-01
1.603332308157183e-01 3.614387482575872e-01
-1.815108515608108e-01 -2.185710710055003e-01

154
1.716072108792043e+00 -2.010183637623831e-02
-1.975291196452738e+00 1.262229425489914e-01
8.043816062657625e-01 9.492645003248907e-01
-1.007120754245531e+00 1.093748626112103e-01
-1.019663959358186e-02 5.401383564775031e-01

155
3.208991912830259e-01 -2.592879923218444e-01
-2.312837098460695e-01 3.324682852652895e-01
4.783419970507782e-01 -3.315763207256900e-01
-6.487309447498854e-01 1.070971121161094e-01
-1.660030027136319e-01 1.959889575862315e-01

156
1.058482789273810e-02 6.305930933423784e-03
5.436077176838407e-02 2.645371499741304e-01
-4.184851328684815e-02 -2.570619366060900e-01
-1.702132194068120e+00 -1.490629779490988e+00
1.576675898176932e+00 -1.001002644129397e+00

157
7.442654386757046e-02 -2.380552220298288e-01
4.948998770518763e-01 6.741425863871423e-01
5.752021814169583e-01 -8.175646160587838e-01
-2.890618635598650e-01 -5.882141685111184e-02
2.095278121185773e-01 -8.957531615538934e-02

158
1.700985273026501e-01 -2.064712618926928e-01
1.606931380595299e-01 2.459718530469487e-01
2.129368392755347e-01 -4.144227162470779e-01
-4.224976031449170e-01 -2.765004460082621e-01
-3.061236395887262e-02 1.456029765308858e-01

159
-2.761382388035573e-05 -1.365346593275127e-02
4.150184104673285e-01 4.013842789430753e-01
1.396731094642884e-01 -5.621471997550422e-01
-1.212479909738644e-01 -6.470155376676666e-02
-2.564581676175618e-03 1.581171330007181e-01

160
3.102248944786275e-02 5.724835789318034e-04
-8.699568115274234e-02 6.471627782208585e-02
1.235685410650167e-01 -6.493124920312590e-02
-2.027903711296537e-02 -3.049903346984528e-04
-3.490003174763778e-01 9.931168031846348e-01

161
4.204877394094447e-01 -1.967958593149652e-01
1.805225711331661e-01 -1.045010599400464e-01
7.206250767645815e-01 -1.758939129777569e+00
-1.542272402927926e-01 6.611366436389315e-02
8.596628417079319e-02 3.054702285217579e-01

162
-1.380198252753681e-01 -3.677153870697627e-02
1.206012007787514e-01 6.159767792863085e-01
-4.957609516757284e-01 -1.922779430929129e-01
-1.007497306701497e-01 -6.844451942256596e-02
2.373906939845520e-02 1.796657251025489e-01

163
-1.988359263455541e-01 1.760148568011103e-01
1.026655118330765e-01 2.308498130632474e-01
-3.640456322243749e-01 9.600588301792108e-02
-5.038129488166370e-01 -1.788666357862246e-01
-5.245156520544264e-02 1.706937192375141e-01

164
-1.250789624489622e-01 -1.857867562773312e-01
4.109370519597549e-01 9.467471283962986e-01
-9.072054084353047e-01 5.593658643730162e-02
2.579166037065527e-01 -1.421028936445918e-01
-2.169674973270723e-01 -4.635771326252379e-02

165
-1.203694701532799e-02 -1.062277482671139e-02
1.374483295735793e-01 6.494144326620271e-01
-6.308628655715716e-01 -2.039457787918398e-01
1.314390339074854e-01 -9.155406778081086e-02
8.894108709204523e-03 1.790753717642459e-01

166
2.844315229209343e-01 -1.903851889306367e-01
-7.429023633610017e-01 1.028750129304802e+00
-1.511943217813289e+00 3.720868668887319e-01
2.095023382185968e-01 2.159352443762629e-01
-2.368834924789840e-01 1.659741824651487e-01

167
1.626746239887963e-02 -5.718722030191123e-01
4.658633655390030e-01 1.892098595269771e+00
-5.994761531131573e-01 1.011197250292304e+00
4.897166113597449e-01 -2.267881890338222e-02
-4.531301301779192e-01 -8.464799288808879e-02

168
1.410104985939546e+00 -9.339032616628458e-01
-1.163111879154742e+00 9.962549435000082e-01
4.461162003017090e-01 -5.725825260289478e-01
-2.684719112850241e-01 6.184357660882145e-01
-4.089314279517509e-01 -2.381903643692618e-02

169
1.222946228379744e-02 -4.808010336914957e-03
-7.185953436230215e-02 8.253961588729758e-01
-6.785111186138297e-01 -4.755333281017788e-01
-3.821724390411981e-02 1.945505925445482e-01
1.548426266739667e-01 -7.321519637282575e-02

170
4.996883421250324e-02 -1.810921536276698e-01
2.162189699315289e-01 6.484557150038500e-01
-3.536208104862152e-01 -7.022026341482029e-01
1.164032442996388e-01 2.805438002279784e-02
-1.617141114353006e-03 1.019892924078013e-01

171
5.135838254185262e-03 -1.017964054698113e-02
9.942668605667908e-02 7.420640326991865e-01
-6.929795524066601e-01 -2.851600645708711e-01
4.957999227120197e-03 1.798693470842918e-01
-1.313098073097092e-01 -8.007418982153720e-02

172
5.211998961266749e-01 -1.075122259775925e+00
-7.822518789459090e-01 1.174056985158938e+00
-1.835779031609040e-01 -9.959616229461947e-01
-4.297595573132383e-01 5.850305061017167e-01
-2.496443416981763e-01 -1.781615164530453e-01

173
2.386127805489026e-01 2.072122750805796e-02
-5.544320922718807e-01 2.225093165004797e-01
-9.824021156754764e-01 -4.500276262016199e-01
-1.883152744965019e-01 -1.519418240323001e-03
1.909035167253006e-02 1.964909893518449e-01

174
-1.893354551847309e-01 -6.232840556252147e-02
6.611722578780161e-01 1.034997786044011e+00
4.826565982455818e-01 -9.174189417278193e-01
-3.250923596998709e-02 3.084003485861253e-01
2.923411390567008e-01 -9.225426021682470e-02

175
2.401626515547663e-01 -1.552432772881687e-01
-4.808667704862802e-01 6.382563016737607e-01
-1.246200491413479e+00 -3.355420079022268e-01
-1.980134961625947e-01 1.370973854267396e-01
-1.073022905156474e-01 -2.313010059213359e-01

176
1.117755577794164e-01 -5.803891130241890e-02
5.456182504699803e-02 6.224116787963847e-01
-4.572246088332080e-01 -3.447101140273218e-01
-1.371185762916492e-01 -5.667928287156914e-02
7.013917787596635e-02 -6.391461895084723e-02

177
1.918089414352128e-01 -2.362443478674175e-01
-3.876855299976026e-01 9.457237966573415e-01
-5.820975383512381e-01 2.290821364018923e-01
-1.640143914187226e-01 -1.826592181429807e-01
2.143655392856856e-01 1.489427741233180e-01

178
1.109496959587474e-01 -6.006997734533935e-01
-2.144282050618526e-01 6.931369368608161e-01
-2.377436594695213e-01 -4.434326056806221e-01
-1.576033234257859e-01 -5.370262263361527e-02
-1.314388869296501e-01 3.576431565356077e-01

179
9.932244434606732e-02 -1.481429143718791e-01
-2.132972715450415e-01 6.582553783727466e-01
-8.102481826149088e-01 1.012691038055432e-01
-1.114494628938562e-01 -1.169882518795961e-01
-9.580770502189510e-02 1.295540521326903e-01

180
-3.813678763221346e-01 2.791794698129587e-01
-1.489265987009452e-01 4.765617924448434e-01
-4.471848359440038e-01 -6.192898369066135e-02
-5.441133463586939e-01 6.931170920436391e-01
-3.720324026037023e-01 1.746935494621540e-01

181
4.447568721234614e-01 1.308419840601482e+00
5.345081316655584e-01 6.587331696182710e-01
-5.283762101339045e-02 7.719266052128810e-01
1.692273352735454e-01 5.632866485165752e-01
-1.502707201889855e-01 -4.546839802792075e-01

182
-4.088582970469840e-01 2.599674864953821e-01
-8.303125156600216e-02 4.822882939396113e-01
-5.440755760825161e-01 -6.327695051678309e-02
-7.367671714572837e-01 1.982014266136470e-01
1.013286123419635e-01 -6.184732788170110e-02

183
-2.864022048101108e-01 -2.021459327402628e-01
-4.084573565484252e-01 5.188086362741516e-01
-1.287654980020946e+00 -7.667508742326138e-01
-1.632539707562709e-01 1.094141831987917e-01
9.710613191572259e-02 2.287498681877662e-01

184
-9.378923794165137e-03 -8.820192345673054e-03
4.949864955196246e-02 5.348415640386885e-01
-4.872378888989600e-01 -2.232489928905493e-01
-1.088469511461445e-01 -6.436515552010247e-02
5.508050482178899e-03 1.462411257601455e-01

185
-2.521065806323843e-01 2.384689033792077e-01
2.057449262632299e-01 2.873389980188460e-01
-5.104320868220363e-01 1.847467830216813e-01
-5.713731574237020e-01 -3.200405860397974e-01
8.045852826792875e-02 -3.862371863200548e-02

186
-1.004898923635447e-02 7.519635481757154e-03
8.813377307844723e-02 6.779174270369976e-01
-6.308267049718793e-01 -2.639331597348622e-01
-1.434375470038435e-01 -7.922849050447446e-02
1.331583866079513e-01 -1.082954088872162e-01

187
-2.094455864725597e-01 1.172711845842331e-01
1.834548198790713e-01 4.166454127289839e-01
-6.179497439428786e-01 -8.145732721360967e-02
-1.545570248180007e-01 -2.061082356583744e-01
3.816231900503949e-02 1.932103848571194e-01

188
-4.425952503580792e-01 9.047208646862470e-02
4.444317657223129e-01 1.158146014852650e+00
-6.223075277731180e-01 1.320164983465494e+00
-1.480657585568409e-02 -3.968440564911898e-01
-4.175431842441715e-02 2.420154026472386e-01

189
-2.635088258752487e-03 1.170151110854646e-02
3.398432508126877e-01 6.463794889672602e-01
-7.308580475100908e-01 -2.940972463198547e-02
1.080562267548841e-01 -1.409224221080227e-01
-1.698664039544905e-01 -4.906392134998409e-02

190
-4.089259123499646e-01 -1.516811096949422e-01
-2.453027399085387e-01 1.122781903724920e+00
-1.810693759807413e+00 5.139028606027563e-01
1.988018083292905e-01 -3.470905022445049e-01
2.038919078629481e-01 2.578431925200441e-01

191
-9.142382654921988e-02 -9.321562311381698e-02
1.586070970135971e-01 7.650149511448504e-01
-7.024143725591560e-01 -1.823036439480733e-01
1.965508016912006e-01 -1.031392373926839e-01
1.323026920784947e-02 2.238640171591313e-01

192
5.683594673975374e-04 4.191030527258511e-03
4.115516453374471e-02 -8.960462875450514e-02
-4.048149061135746e-02 9.456456505403783e-02
-2.146205021599087e-01 -8.320373344107170e-01
2.147245964974165e-01 8.328049246986160e-01

193
2.817783297723900e-02 -3.775104554628100e-03
-8.987759471340512e-02 6.743137385334635e-02
1.229185399028193e-01 -7.256253864404444e-02
-1.274464086856286e-03 -2.221537380924539e-02
-3.229966069014174e-01 1.018206752423966e+00

194
2.372759647367590e-01 -3.138389803011420e-01
-2.404754989856844e-01 2.802709400126911e-01
-1.334524518856350e-01 -1.684588240765952e+00
-1.519355592206011e-01 1.922321767639353e-01
2.417014656472921e-01 1.742721228945734e-01

195
-1.505298131323671e-01 -3.510624681529015e-01
1.385898552425248e-01 3.418878926602440e-01
-8.736111177489483e-01 -1.390863655135954e+00
9.329253145409963e-02 2.226171744795236e-01
-2.789045989327980e-01 1.002080843920512e-01

196
-3.076770142900064e-04 4.994549470849546e-02
1.143305866501210e-01 5.652355904834049e-04
-1.132943442838833e-01 6.076998932366930e-02
3.685090656094113e-02 2.476517884076568e-03
-6.127042569820491e-01 8.273034382045606e-01

197
-5.182317741271553e-03 1.049142493055672e-02
1.180450791350743e-01 7.384529153544691e-01
-6.991296592210203e-01 -2.672896313533064e-01
1.239165462976808e-02 1.776042372891022e-01
-1.328503290243208e-01 -8.073716092760486e-02

198
-5.796164284460648e-02 -1.664580343108217e-01
-2.594289557593240e-01 9.915699219024199e-01
-7.278591064972215e-01 -5.812472571507828e-01
-9.450203122848588e-02 2.535996402316670e-01
2.697424212793212e-01 -1.606456368882854e-02

199
-1.302109668575823e-02 5.498640763271675e-03
-5.566734497392076e-02 8.429991837592486e-01
-7.018035552446943e-01 -4.704158374309834e-01
-3.075225806455527e-02 1.997624836523032e-01
1.626046095666369e-01 -8.093271425964052e-02

200
8.557581671533516e-03 -5.994040505137777e-03
6.265872127252492e-01 5.348994507079102e-01
1.509417363231396e-01 -8.101648361710646e-01
1.237618101221567e-02 1.987250687956990e-01
-1.592955997086954e-01 -6.513157081720315e-02

201
3.685511481886287e-01 3.170036233503796e-01
2.075441503971241e-01 8.999264321773164e-02
-3.714192010593670e-01 -2.562943165158922e-01
-3.576599873935591e-02 -1.028486527593202e-01
-1.864678106450807e-01 -4.171589730470545e-02

202
-6.009896357745297e-02 3.277307189958363e-01
-5.051603559681815e-04 1.572578058125541e-01
-1.186359233007129e+00 -7.446542103709490e-01
2.853146111416066e-02 -1.155073307972030e-01
2.171125417908182e-01 1.283248425802818e-02

203
-2.107080951980843e-02 -5.425714536224188e-02
-1.235639363097514e-01 4.802922970742254e-02
1.011675658949256e-01 -1.109762527364691e-01
3.842815717633023e-02 -1.962454997178223e-02
-3.466988798332162e-01 1.143137744149238e+00

204
-1.561238362675963e-01 1.476117370593139e-01
2.920770029655826e-01 3.696163841868421e-01
-6.886811860467594e-01 -5.609098796390454e-01
-1.086747413691238e-01 -1.365339799012749e-01
1.220309444684296e-01 -5.113708867188197e-02

205
-6.169260768233272e-05 4.593811477527597e-02
1.058054325611917e-01 4.875359503491728e-04
-1.045566789428532e-01 5.583378774430590e-02
-3.404202198278652e-02 4.041469492258313e-03
-6.006908784788797e-01 7.644081340745450e-01

206
-2.305707159962178e-01 4.752870933607640e-02
5.907663289573459e-01 5.084871793965418e-01
1.026483112725690e-01 -4.084161163685686e-01
-8.964965754711689e-02 -1.271850806660559e-01
7.205750945454804e-02 2.043582257172023e-01

207
-4.498343683378411e-01 5.733291156052912e-01
6.740738745935597e-01 8.551944633932310e-02
-3.360779032296768e-01 -5.367960418342187e-01
-1.880366936092041e-01 -2.606150440379462e-01
3.451211863012896e-01 1.011274128361172e-01

208
2.842029799281713e-01 4.071828816856091e-01
1.802698147451819e-01 1.065093410266163e-01
-3.105589368846801e-01 -3.325445377561045e-01
-1.902321946820579e-01 -7.549311628431851e-02
3.794552467743911e-03 -1.178617906745627e-01

209
2.425479929181527e-02 3.128441578080856e-02
1.238904026914669e-01 -5.363707383510820e-03
-9.351970854587964e-02 4.188011955635797e-02
-1.608251138056204e-02 -2.029309454402976e-02
-6.039278148452343e-01 7.560999500568282e-01

210
2.452236651540490e-01 2.136597661244957e-01
2.822020759900859e-01 2.250473406381925e-01
-2.796585466532481e-01 -2.536475199808785e-01
-2.507580169005939e-01 -1.021652724034630e-01
-1.399383748198321e-01 -2.164331531375650e-01

211
-1.903574626819627e-01 1.853720575838391e-01
3.579209725583146e-01 3.595841487929074e-01
-4.012945816706027e-01 -4.350204332623606e-01
-1.121391830361813e-01 -1.382842646488295e-01
1.189152183168466e-01 1.114589752227945e-01

212
-1.556642810481248e-01 2.585992350964550e-01
3.799810358327256e-01 3.391719057623086e-01
-7.490970045672124e-01 -1.063502800430725e+00
1.208126382435232e-01 1.001558334104089e-01
1.478008749062253e-01 -7.954574931967968e-02

213
1.845315528705607e-01 5.036110669989312e-01
2.419291074546799e-01 2.875985913217730e-01
-5.990928068476522e-02 2.752506559102086e-01
-6.080599203167195e-02 -1.763619718424457e-01
5.682800108818354e-02 2.254726199201957e-01

214
2.977343899810719e-03 -2.187470006959985e-03
-2.122086554243512e-02 -7.446041284740597e-02
2.476511566052422e-02 7.188358689032041e-02
-5.416168672675263e-01 -3.686687313068730e-01
-1.664202954631830e-01 5.148013226629226e-01

215
7.694467125525507e-02 -3.759790771513012e-02
-8.068545892208463e-02 3.691837150312202e-02
1.647394101316328e-01 -8.354896839199479e-02
-5.120038578440809e-02 2.430386946202881e-02
-4.303370245607626e-01 9.529421942345250e-01

216
-8.715328752773149e-03 5.853529007021858e-03
6.432685806391470e-01 5.259360118561005e-01
1.348007488551003e-01 -8.200751448702894e-01
1.920796590581365e-02 1.960487521560270e-01
-1.574151374595193e-01 -6.443235703379431e-02

217
-2.674249680378674e-01 4.162593745244748e-01
7.616531613621242e-01 3.791660430065830e-01
-9.066794853940267e-01 -5.536718692624101e-01
2.558876011289901e-01 1.493334345756962e-01
-2.634332773216860e-01 -2.042153814309717e-01

218
1.558171927740580e-01 1.164292558306218e+00
9.772526744018305e-01 -6.850086672594295e-01
-1.121466405695906e+00 -2.314099095927169e-01
5.304852319400475e-01 -2.639806624204363e-01
-5.420410539692149e-01 -6.388904643202477e-02

219
-1.733875618918304e-02 -5.113788823791485e-02
-1.144017537857741e-01 3.995569628487296e-02
9.618313385128435e-02 -9.926243667008246e-02
-3.784098820902381e-02 1.048227527123488e-02
-3.891594558797075e-01 1.051572315953327e+00

220
-3.137636415284317e-01 3.492825001183183e-01
4.677731496255936e-01 7.638176364784024e-01
-1.247539579176227e+00 4.368786986150748e-02
1.449103062776652e-01 3.092452045006761e-01
-3.717152768716388e-01 -3.025860616219036e-01

221
4.150648125528134e-01 2.576712851154763e-02
2.959058802076452e-01 8.632794444594000e-01
3.428466139144088e-01 -6.546449858998921e-01
2.556529025810066e-03 3.338874177039204e-01
7.885514663962946e-02 -2.678505712903265e-01

222
4.308427655339233e-01 3.872249301814888e-01
4.417213998900574e-01 3.454001868743298e-02
-4.493086689856270e-01 -4.932269451973939e-01
9.375499057931158e-02 -1.080701848915281e-01
-2.211378526618582e-01 -2.612318461347597e-01

223
3.072704634610071e-01 1.788992096289694e-01
6.189097202423416e-01 -9.948661873044978e-02
-1.763147611517750e-01 -1.419608654334807e+00
9.591372790662078e-02 -8.328466345468043e-02
-5.815511299982833e-02 -2.253223567291497e-01

224
-3.038887077590395e-04 1.229180220563758e-02
4.205941092248702e-01 3.835947624973545e-01
1.215598016458702e-01 -5.577960430673538e-01
-1.196171035319127e-01 -6.674701896893520e-02
-8.227128796475488e-04 1.502487304951179e-01

225
-4.686065807471326e-02 2.978122690380054e-01
1.049664453146175e+00 6.627303023743139e-02
7.217541036626791e-01 -1.175328876294949e+00
-2.860498658797428e-01 -4.973030918675617e-02
1.175846028176189e-01 -2.276510111278013e-01

226
-1.640843880363867e-02 -2.688451229945034e-03
5.760232302165426e-01 5.234668507136562e-01
1.643964246740681e-01 -7.583473854186150e-01
-1.604773088829795e-01 -8.537653958060104e-02
1.648037839348763e-01 -1.212734500791839e-01

227
-1.690054783396880e-01 1.572878611599061e-01
7.162034523240753e-01 4.282787769055048e-01
4.214544809273648e-01 -4.033677203312818e-01
-1.583491594252550e-01 -1.315847020424323e-01
1.014821219564557e-01 1.626055744609182e-01

228
-4.356785665184237e-02 1.349433483049329e-01
3.963831848095120e-01 4.983879665999246e-01
-6.563912263264579e-01 -1.097565193302977e-01
6.283453636272901e-02 -1.312856895317777e-01
-1.446467262270837e-01 -2.497575537645775e-02

229
8.683509590104189e-02 1.662367471046806e-01
6.423744590520942e-01 -7.286351612893620e-02
-4.940830052729894e-02 -8.694483972138977e-01
-2.211091164256166e-03 -1.742168066604148e-01
-1.788838566703242e-01 7.233770230401700e-02

230
-4.144893121907288e-02 -2.383244152485559e-02
-1.387053761450231e-01 6.160586755211427e-02
9.079194656296387e-02 -9.140268502787746e-02
2.695557450556553e-02 1.585604601409446e-02
-3.392533332940372e-01 1.143230895462477e+00

231
1.504022042758925e-01 2.577901021624842e-01
8.728394231325975e-01 -4.422753037425641e-03
4.997610128366657e-01 -1.156361317927449e+00
4.010004966149052e-03 -2.340399801421895e-01
1.717224900028480e-01 -7.521266363511346e-03

232
1.176157047903293e-03 1.468712036206669e-02
5.911832524571968e-01 4.040474308413534e-01
5.432017252983024e-02 -7.157152733144659e-01
1.312598952967819e-01 -1.116202136738336e-01
7.189567732761798e-03 1.767123982262515e-01

233
6.381174302232300e-03 -8.353243257629853e-03
7.593427299716635e-01 2.862855517762158e-01
-1.306010455512566e-01 -8.004970084686585e-01
1.139888724599607e-01 -1.560520613628066e-01
-1.751650121563435e-01 -3.811066645725372e-02

234
1.094569417768761e-01 5.812225730076340e-02
6.663580158298908e-01 3.132850246535527e-01
-1.460461690166943e-01 -6.377495059148595e-01
1.145937619438785e-01 -1.355677796520631e-01
-1.725305158220783e-01 -6.375689824619110e-02

235
2.477181631956237e-01 3.394542134740727e-01
3.100849616344039e-01 1.150450726988865e-01
-2.288296343877522e-01 -4.150089624969381e-01
-1.052081765496693e-01 -2.089444717606732e-01
7.132974076222577e-02 -5.357873881500451e-02

236
-2.077033746637619e-01 -4.829726163175941e-02
2.343643196280384e-01 9.378528996277602e-01
-7.505847769602680e-01 -2.462909027354836e-01
4.634402857869273e-02 2.564898111388589e-01
-1.436460212480838e-01 -8.797987950606594e-02

237
-1.658793062379939e-01 3.684089872028054e-01
1.391864221081040e+00 2.463148630525921e-01
4.129162621893054e-01 -9.662171684719287e-01
2.724612498608801e-01 1.979337698405338e-01
-3.491831970620336e-01 -1.065274028504587e-01

238
9.014218667577788e-01 6.390901185941359e-01
1.730770726119201e+00 -2.529934031173982e+00
-2.155317861577323e-01 -4.730393665564833e+00
5.772819436183662e-01 -4.191319398547799e-01
-4.384748494617730e-01 -6.929394947183418e-01

239
-1.869569462250190e-02 -6.598779272473415e-03
5.877040592094501e-01 8.154218808584731e-01
4.115903422161343e-01 -9.146926049377366e-01
-3.667696166634423e-02 2.369907861112706e-01
2.095020987089812e-01 -1.113491978900173e-01

