4 4

13
1 1 0 0 1 0
1 0 3 0 -38954340543819/8000000000000 0
1 0 2 0 -2250059310615927/1000000000000000 0
1 0 1 0 -1564402016624201/500000000000000 0
1 0 0 0 -299913828380303/250000000000000 0
0 1 3 0 -38954340543819/8000000000000 0
0 1 2 0 -2250059310615927/1000000000000000 0
0 1 1 0 -1564402016624201/500000000000000 0
0 1 0 0 -299913828380303/250000000000000 0
0 0 3 0 107137673817683/10000000000000 0
0 0 2 0 645524461707361/50000000000000 0
0 0 1 0 203339001306257/62500000000000 0
0 0 0 0 8142595335970579/10000000000000000 0

18
1 0 2 0 -38954340543819/8000000000000 0
1 0 1 1 -38954340543819/8000000000000 0
1 0 1 0 -2250059310615927/1000000000000000 0
1 0 0 2 -38954340543819/8000000000000 0
1 0 0 1 -2250059310615927/1000000000000000 0
1 0 0 0 -1564402016624201/500000000000000 0
0 1 2 0 -38954340543819/8000000000000 0
0 1 1 1 -38954340543819/8000000000000 0
0 1 1 0 -2250059310615927/1000000000000000 0
0 1 0 2 -38954340543819/8000000000000 0
0 1 0 1 -2250059310615927/1000000000000000 0
0 1 0 0 -1564402016624201/500000000000000 0
0 0 2 0 107137673817683/10000000000000 0
0 0 1 1 107137673817683/10000000000000 0
0 0 1 0 645524461707361/50000000000000 0
0 0 0 2 107137673817683/10000000000000 0
0 0 0 1 645524461707361/50000000000000 0
0 0 0 0 203339001306257/62500000000000 0

18
2 1 0 0 1 0
2 0 3 0 -38954340543819/8000000000000 0
2 0 2 0 -2250059310615927/1000000000000000 0
2 0 1 0 -1564402016624201/500000000000000 0
2 0 0 0 -299913828380303/250000000000000 0
1 2 0 0 1 0
1 1 3 0 -38954340543819/8000000000000 0
1 1 2 0 -2250059310615927/1000000000000000 0
1 1 1 0 -1564402016624201/500000000000000 0
1 1 0 0 -299913828380303/250000000000000 0
0 2 3 0 -38954340543819/8000000000000 0
0 2 2 0 -2250059310615927/1000000000000000 0
0 2 1 0 -1564402016624201/500000000000000 0
0 2 0 0 -299913828380303/250000000000000 0
0 0 3 0 529628704152983/62500000000000 0
0 0 2 0 4008241394656771/1000000000000000 0
0 0 1 0 2305611674375243/1000000000000000 0
0 0 0 0 640205267176049/1250000000000000 0

24
2 0 2 0 -38954340543819/8000000000000 0
2 0 1 1 -38954340543819/8000000000000 0
2 0 1 0 -2250059310615927/1000000000000000 0
2 0 0 2 -38954340543819/8000000000000 0
2 0 0 1 -2250059310615927/1000000000000000 0
2 0 0 0 -1564402016624201/500000000000000 0
1 1 2 0 -38954340543819/8000000000000 0
1 1 1 1 -38954340543819/8000000000000 0
1 1 1 0 -2250059310615927/1000000000000000 0
1 1 0 2 -38954340543819/8000000000000 0
1 1 0 1 -2250059310615927/1000000000000000 0
1 1 0 0 -1564402016624201/500000000000000 0
0 2 2 0 -38954340543819/8000000000000 0
0 2 1 1 -38954340543819/8000000000000 0
0 2 1 0 -2250059310615927/1000000000000000 0
0 2 0 2 -38954340543819/8000000000000 0
0 2 0 1 -2250059310615927/1000000000000000 0
0 2 0 0 -1564402016624201/500000000000000 0
0 0 2 0 529628704152983/62500000000000 0
0 0 1 1 529628704152983/62500000000000 0
0 0 1 0 4008241394656771/1000000000000000 0
0 0 0 2 529628704152983/62500000000000 0
0 0 0 1 4008241394656771/1000000000000000 0
0 0 0 0 2305611674375243/1000000000000000 0

