4.2472304943745487e-01 4.6495796684186893e-61
-7.7398188696357884e-01 -2.3370924435532147e-61
-1.6561218760915491e-01 -2.5874140103169557e-01
-1.6561218760915491e-01 2.5874140103169557e-01
-7.7398188696357884e-01 -2.3370924435532147e-61
4.2472304943745487e-01 4.6495796684186893e-61
-1.6561218760915491e-01 -2.5874140103169557e-01
-1.6561218760915491e-01 2.5874140103169557e-01
4.2472304943745487e-01 4.6495796684186893e-61
-7.7398188696357884e-01 -2.3370924435532147e-61
-1.6561218760915491e-01 2.5874140103169557e-01
-1.6561218760915491e-01 -2.5874140103169557e-01
-7.7398188696357884e-01 -2.3370924435532147e-61
4.2472304943745487e-01 4.6495796684186893e-61
-1.6561218760915491e-01 2.5874140103169557e-01
-1.6561218760915491e-01 -2.5874140103169557e-01
1.1115766587054781e+00 -2.8576823805409926e+00
1.1115766587054781e+00 2.8576823805409926e+00
2.2879030813542764e-01 9.5312358850360313e-01
2.2879030813542764e-01 -9.5312358850360313e-01
1.1115766587054781e+00 2.8576823805409926e+00
1.1115766587054781e+00 -2.8576823805409926e+00
2.2879030813542764e-01 9.5312358850360313e-01
2.2879030813542764e-01 -9.5312358850360313e-01
1.1115766587054781e+00 -2.8576823805409926e+00
1.1115766587054781e+00 2.8576823805409926e+00
2.2879030813542764e-01 -9.5312358850360313e-01
2.2879030813542764e-01 9.5312358850360313e-01
1.1115766587054781e+00 2.8576823805409926e+00
1.1115766587054781e+00 -2.8576823805409926e+00
2.2879030813542764e-01 -9.5312358850360313e-01
2.2879030813542764e-01 9.5312358850360313e-01
8.5797135160851123e-01 -7.1938423836704046e-01
8.5797135160851123e-01 7.1938423836704046e-01
2.1675165149538281e-01 5.5428830974108727e-63
-4.0584970921873325e+00 6.5205632247049968e-63
8.5797135160851123e-01 7.1938423836704046e-01
8.5797135160851123e-01 -7.1938423836704046e-01
2.1675165149538281e-01 5.5428830974108727e-63
-4.0584970921873325e+00 6.5205632247049968e-63
8.5797135160851123e-01 -7.1938423836704046e-01
8.5797135160851123e-01 7.1938423836704046e-01
-4.0584970921873325e+00 6.5205632247049968e-63
2.1675165149538281e-01 5.5428830974108727e-63
8.5797135160851123e-01 7.1938423836704046e-01
8.5797135160851123e-01 -7.1938423836704046e-01
-4.0584970921873325e+00 6.5205632247049968e-63
2.1675165149538281e-01 5.5428830974108727e-63
1.0119774919325009e+00 -1.0972735316129957e-60
-1.1392446374707514e+00 -3.7797772814741311e-62
-6.0408057976974550e-01 1.0068845209377653e-01
-6.0408057976974550e-01 -1.0068845209377653e-01
-1.1392446374707514e+00 -3.7797772814741311e-62
1.0119774919325009e+00 -1.0972735316129957e-60
-6.0408057976974550e-01 1.0068845209377653e-01
-6.0408057976974550e-01 -1.0068845209377653e-01
1.0119774919325009e+00 -1.0972735316129957e-60
-1.1392446374707514e+00 -3.7797772814741311e-62
-6.0408057976974550e-01 -1.0068845209377653e-01
-6.0408057976974550e-01 1.0068845209377653e-01
-1.1392446374707514e+00 -3.7797772814741311e-62
1.0119774919325009e+00 -1.0972735316129957e-60
-6.0408057976974550e-01 -1.0068845209377653e-01
-6.0408057976974550e-01 1.0068845209377653e-01
7.7510844342442564e-01 -3.7146280428766071e-01
7.7510844342442564e-01 3.7146280428766071e-01
-3.1281510981873790e+00 3.8720618064045458e-52
-1.1589079968523849e-01 -6.2759675614151342e-53
7.7510844342442564e-01 3.7146280428766071e-01
7.7510844342442564e-01 -3.7146280428766071e-01
-3.1281510981873790e+00 3.8720618064045458e-52
-1.1589079968523849e-01 -6.2759675614151342e-53
7.7510844342442564e-01 -3.7146280428766071e-01
7.7510844342442564e-01 3.7146280428766071e-01
-1.1589079968523849e-01 -6.2759675614151342e-53
-3.1281510981873790e+00 3.8720618064045458e-52
7.7510844342442564e-01 3.7146280428766071e-01
7.7510844342442564e-01 -3.7146280428766071e-01
-1.1589079968523849e-01 -6.2759675614151342e-53
-3.1281510981873790e+00 3.8720618064045458e-52
5.2389146289018440e-01 -2.7298326299438846e-01
5.2389146289018440e-01 2.7298326299438846e-01
-9.5501532481945151e-02 -5.4416527570951093e-64
9.3126991471767423e-02 7.1301742133358277e-64
5.2389146289018440e-01 2.7298326299438846e-01
5.2389146289018440e-01 -2.7298326299438846e-01
-9.5501532481945151e-02 -5.4416527570951093e-64
9.3126991471767423e-02 7.1301742133358277e-64
5.2389146289018440e-01 -2.7298326299438846e-01
5.2389146289018440e-01 2.7298326299438846e-01
9.3126991471767423e-02 7.1301742133358277e-64
-9.5501532481945151e-02 -5.4416527570951093e-64
5.2389146289018440e-01 2.7298326299438846e-01
5.2389146289018440e-01 -2.7298326299438846e-01
9.3126991471767423e-02 7.1301742133358277e-64
-9.5501532481945151e-02 -5.4416527570951093e-64
7.7472072611785514e-01 -6.4612390545535369e-59
-1.1362099935228407e+00 1.8493821725757190e-61
-5.8683776145535793e-01 -1.8472965804813219e-58
-3.8181168173026292e-01 2.1994935168807765e-58
-1.1362099935228407e+00 1.8493821725757190e-61
7.7472072611785514e-01 -6.4612390545535369e-59
-5.8683776145535793e-01 -1.8472965804813219e-58
-3.8181168173026292e-01 2.1994935168807765e-58
7.7472072611785514e-01 -6.4612390545535369e-59
-1.1362099935228407e+00 1.8493821725757190e-61
-3.8181168173026292e-01 2.1994935168807765e-58
-5.8683776145535793e-01 -1.8472965804813219e-58
-1.1362099935228407e+00 1.8493821725757190e-61
7.7472072611785514e-01 -6.4612390545535369e-59
-3.8181168173026292e-01 2.1994935168807765e-58
-5.8683776145535793e-01 -1.8472965804813219e-58
4.8552540703364117e-01 4.9390884215233594e-01
-1.1386557389473191e+00 1.1573980256652563e-02
-6.2022856899658463e-01 9.3993460868805889e-03
-2.3171696198922839e-02 3.1485813678408425e-01
-1.1386557389473191e+00 1.1573980256652563e-02
4.8552540703364117e-01 4.9390884215233594e-01
-6.2022856899658463e-01 9.3993460868805889e-03
-2.3171696198922839e-02 3.1485813678408425e-01
4.8552540703364117e-01 4.9390884215233594e-01
-1.1386557389473191e+00 1.1573980256652563e-02
-2.3171696198922839e-02 3.1485813678408425e-01
-6.2022856899658463e-01 9.3993460868805889e-03
-1.1386557389473191e+00 1.1573980256652563e-02
4.8552540703364117e-01 4.9390884215233594e-01
-2.3171696198922839e-02 3.1485813678408425e-01
-6.2022856899658463e-01 9.3993460868805889e-03
-1.1386557389473191e+00 -1.1573980256652563e-02
4.8552540703364117e-01 -4.9390884215233594e-01
-2.3171696198922839e-02 -3.1485813678408425e-01
-6.2022856899658463e-01 -9.3993460868805889e-03
4.8552540703364117e-01 -4.9390884215233594e-01
-1.1386557389473191e+00 -1.1573980256652563e-02
-2.3171696198922839e-02 -3.1485813678408425e-01
-6.2022856899658463e-01 -9.3993460868805889e-03
-1.1386557389473191e+00 -1.1573980256652563e-02
4.8552540703364117e-01 -4.9390884215233594e-01
-6.2022856899658463e-01 -9.3993460868805889e-03
-2.3171696198922839e-02 -3.1485813678408425e-01
4.8552540703364117e-01 -4.9390884215233594e-01
-1.1386557389473191e+00 -1.1573980256652563e-02
-6.2022856899658463e-01 -9.3993460868805889e-03
-2.3171696198922839e-02 -3.1485813678408425e-01
1.2250018583555559e-01 6.4229919159732949e-60
-6.2488815495045513e-01 -3.6763684708525162e-60
-1.5297074505695671e-01 3.3233062720877482e-01
-1.5297074505695671e-01 -3.3233062720877482e-01
-6.2488815495045513e-01 -3.6763684708525162e-60
1.2250018583555559e-01 6.4229919159732949e-60
-1.5297074505695671e-01 3.3233062720877482e-01
-1.5297074505695671e-01 -3.3233062720877482e-01
1.2250018583555559e-01 6.4229919159732949e-60
-6.2488815495045513e-01 -3.6763684708525162e-60
-1.5297074505695671e-01 -3.3233062720877482e-01
-1.5297074505695671e-01 3.3233062720877482e-01
-6.2488815495045513e-01 -3.6763684708525162e-60
1.2250018583555559e-01 6.4229919159732949e-60
-1.5297074505695671e-01 -3.3233062720877482e-01
-1.5297074505695671e-01 3.3233062720877482e-01
