40

1
1.009477346389891e+00 -2.411256423066201e+00
1.009477346389886e+00 2.411256423066200e+00
1.901313272178964e-01 -9.081994579372433e-01
1.901313272178964e-01 9.081994579372427e-01

2
9.383062923835994e-01 1.547567391965103e+00
9.383062923835988e-01 -1.547567391965103e+00
3.901648282277007e-01 -8.027935134242996e-01
3.901648282277010e-01 8.027935134242995e-01

12
7.076268105071112e-01 -8.282726724956601e-01
7.076268105071115e-01 8.282726724956598e-01
6.133848630202414e-01 -1.011890340705540e-01
6.133848630202439e-01 1.011890340705541e-01

33
4.075366780259585e-01 -4.824353989150489e-01
4.075366780259586e-01 4.824353989150488e-01
1.752654997952218e-01 -2.554185612542456e-01
1.752654997952218e-01 2.554185612542456e-01

40
7.076268105071110e-01 8.282726724956602e-01
7.076268105071116e-01 -8.282726724956602e-01
6.133848630202385e-01 1.011890340705548e-01
6.133848630202460e-01 -1.011890340705560e-01

44
9.383062923835993e-01 -1.547567391965103e+00
9.383062923835990e-01 1.547567391965103e+00
3.901648282277004e-01 8.027935134242995e-01
3.901648282277007e-01 -8.027935134242998e-01

54
1.033032813064555e+00 -5.349631610771959e-12
-8.591405219043445e-01 -4.252530717937254e-12
9.181286371700010e-04 1.459139206469219e-12
-4.263512486372202e+00 1.027572103263251e-10

61
-2.493937998621052e-01 4.621107508247893e-01
-2.493937998621052e-01 -4.621107508247893e-01
-1.581047010419420e-01 -2.705978672049654e-01
-1.581047010419419e-01 2.705978672049654e-01

64
9.383062923835986e-01 1.547567391965103e+00
9.383062923835997e-01 -1.547567391965103e+00
3.901648282277005e-01 8.027935134242996e-01
3.901648282277009e-01 -8.027935134242999e-01

72
7.076268105071114e-01 8.282726724956598e-01
7.076268105071107e-01 -8.282726724956599e-01
6.133848630202402e-01 -1.011890340705536e-01
6.133848630202448e-01 1.011890340705546e-01

73
4.075366780259586e-01 4.824353989150487e-01
4.075366780259585e-01 -4.824353989150487e-01
1.752654997952218e-01 -2.554185612542455e-01
1.752654997952218e-01 2.554185612542454e-01

85
-2.493937998621052e-01 -4.621107508247898e-01
-2.493937998621055e-01 4.621107508247893e-01
-1.581047010419420e-01 2.705978672049654e-01
-1.581047010419420e-01 -2.705978672049656e-01

86
-2.493937998621051e-01 4.621107508247893e-01
-2.493937998621053e-01 -4.621107508247891e-01
-1.581047010419419e-01 2.705978672049655e-01
-1.581047010419418e-01 -2.705978672049652e-01

95
0.103303281305549207992342192272e1 0.421342052806854928670360099815e-7
-0.859140521911550281438568083212e0 0.335070069911237698478097765392e-7
0.918128639642565888792608812007e-3 -0.114957594065536532506285209416e-7
-0.426351248619810073329056315367e1 -0.809334706226964258107549378763e-6

101
1.009477346389888e+00 2.411256423066203e+00
1.009477346389888e+00 -2.411256423066202e+00
1.901313272178960e-01 -9.081994579372428e-01
1.901313272178961e-01 9.081994579372429e-01

104
4.075366780259586e-01 4.824353989150487e-01
4.075366780259584e-01 -4.824353989150488e-01
1.752654997952218e-01 2.554185612542454e-01
1.752654997952217e-01 -2.554185612542455e-01

108
1.009477346389890e+00 2.411256423066200e+00
1.009477346389887e+00 -2.411256423066199e+00
1.901313272178963e-01 9.081994579372431e-01
1.901313272178962e-01 -9.081994579372428e-01

110
-4.090324069296265e-01 6.795008952552615e-01
-4.090324069296302e-01 -6.795008952552588e-01
-2.964525060276062e-01 3.196090300142360e-01
-2.964525060276072e-01 -3.196090300142334e-01

114
-4.090324069296273e-01 6.795008952552588e-01
-4.090324069296273e-01 -6.795008952552586e-01
-2.964525060276057e-01 -3.196090300142344e-01
-2.964525060276055e-01 3.196090300142344e-01

115
0.103303281305549223254181805191e1 0.421342052796835431415680256538e-7
-0.859140521911550379838266475780e0 0.335070070388189496373910362825e-7
-0.426351248619810129547525614554e1 -0.809334707213232459886197689735e-6
0.918128639642561421381527288032e-3 -0.114957594139890521105288196662e-7

129
-0.859140521911550450029332463998e0 -0.335070068718646207817835735889e-7
0.103303281305549201640849403384e1 -0.421342054163369305738933676477e-7
-0.426351248619810025070035648199e1 0.809334708444532537599199300905e-6
0.918128639642573160020552004818e-3 0.114957594276902442876783427067e-7

130
-0.859140521911550373562871751821e0 0.335070070567687120943577560217e-7
0.103303281305549222900715409280e1 0.421342053073942260314397359097e-7
-0.426351248619810178618828152563e1 -0.809334707857438580971144300847e-6
0.918128639642555801282330862352e-3 -0.114957594279477020584802633066e-7

147
-0.859140521917754297252e0 0.367077307677869668634e-11
0.103303281304769121389e1 0.461695411719739712275e-11
0.918128641770979717797e-3 -0.125924398687528726491e-11
-0.426351248604839677334e1 -0.886714735925248076498e-10

148
0.103303281305549202882572321702e1 -0.421342053086153743379473004176e-7
-0.859140521911550331315689023339e0 -0.335070070055223915741449442747e-7
-0.426351248619810087882276575837e1 0.809334706984730685453140838912e-6
0.918128639642567454352484171372e-3 0.114957594140674892467545715822e-7

149
-2.493937998621054e-01 -4.621107508247892e-01
-2.493937998621051e-01 4.621107508247895e-01
-1.581047010419419e-01 -2.705978672049653e-01
-1.581047010419419e-01 2.705978672049656e-01

162
-1.196146009981114e-01 1.358510054741476e-16
1.444448114664364e-01 -6.483717858131441e-17
-1.970401721668418e-02 2.464099629795679e-01
-1.970401721668423e-02 -2.464099629795679e-01

170
-5.178655999974546e-01 9.153859188130432e-01
-5.178655999974558e-01 -9.153859188130425e-01
-3.385969392846369e-01 4.720764132410620e-01
-3.385969392846376e-01 -4.720764132410620e-01

174
-0.859140521905337247984e0 -0.367053200442564453443e-11
0.103303281306330807954e1 -0.461563540209500300371e-11
0.918128637511148690076e-3 0.125939406052005219681e-11
-0.426351248634829220864e1 0.886604778309318941609e-10

178
-5.178655999974556e-01 9.153859188130429e-01
-5.178655999974549e-01 -9.153859188130433e-01
-3.385969392846371e-01 -4.720764132410622e-01
-3.385969392846374e-01 4.720764132410620e-01

182
7.076268105071112e-01 -8.282726724956594e-01
7.076268105071113e-01 8.282726724956594e-01
6.133848630202433e-01 1.011890340705493e-01
6.133848630202442e-01 -1.011890340705497e-01

187
1.009477346389888e+00 -2.411256423066198e+00
1.009477346389889e+00 2.411256423066199e+00
1.901313272178965e-01 9.081994579372428e-01
1.901313272178964e-01 -9.081994579372428e-01

197
9.383062923836005e-01 -1.547567391965106e+00
9.383062923835986e-01 1.547567391965106e+00
3.901648282277004e-01 -8.027935134243003e-01
3.901648282276994e-01 8.027935134242997e-01

201
4.075366780259585e-01 -4.824353989150485e-01
4.075366780259584e-01 4.824353989150487e-01
1.752654997952217e-01 2.554185612542454e-01
1.752654997952217e-01 -2.554185612542453e-01

204
-4.090324069296266e-01 -6.795008952552585e-01
-4.090324069296274e-01 6.795008952552579e-01
-2.964525060276056e-01 3.196090300142338e-01
-2.964525060276051e-01 -3.196090300142344e-01

213
-4.090324069296272e-01 -6.795008952552586e-01
-4.090324069296271e-01 6.795008952552587e-01
-2.964525060276055e-01 -3.196090300142346e-01
-2.964525060276056e-01 3.196090300142346e-01

222
1.444448114664364e-01 -1.588991504969773e-16
-1.196146009981114e-01 1.565816885032052e-16
-1.970401721668419e-02 2.464099629795679e-01
-1.970401721668425e-02 -2.464099629795680e-01

230
-5.178655999974552e-01 -9.153859188130433e-01
-5.178655999974554e-01 9.153859188130431e-01
-3.385969392846374e-01 4.720764132410621e-01
-3.385969392846371e-01 -4.720764132410623e-01

234
-5.178655999974545e-01 -9.153859188130435e-01
-5.178655999974561e-01 9.153859188130429e-01
-3.385969392846369e-01 -4.720764132410623e-01
-3.385969392846377e-01 4.720764132410621e-01

235
1.444448114664366e-01 4.640573505928874e-17
-1.196146009981114e-01 -2.893973216976415e-17
-1.970401721668412e-02 -2.464099629795679e-01
-1.970401721668413e-02 2.464099629795679e-01

236
-1.196146009981114e-01 -1.225969598940914e-16
1.444448114664363e-01 7.575572548938281e-18
-1.970401721668429e-02 -2.464099629795680e-01
-1.970401721668419e-02 2.464099629795680e-01

