3                                                

1.033032813064555e+00 -5.349631610771959e-12
-8.591405219043445e-01 -4.252530717937254e-12
9.181286371700010e-04 1.459139206469219e-12
-4.263512486372202e+00 1.027572103263251e-10

-0.859140521917754297252e0 0.367077307677869668634e-11
0.103303281304769121389e1 0.461695411719739712275e-11
0.918128641770979717797e-3 -0.125924398687528726491e-11
-0.426351248604839677334e1 -0.886714735925248076498e-10

-0.859140521905337247984e0 -0.367053200442564453443e-11
0.103303281306330807954e1 -0.461563540209500300371e-11
0.918128637511148690076e-3 0.125939406052005219681e-11
-0.426351248634829220864e1 0.886604778309318941609e-10

