0
-7.295303211835334e-03 1.218106821170889e-01
-3.079227578985308e-02 1.730355819485221e-01
2.793977818312149e-03 -8.511276811326440e-02
2.235720233052230e-03 -9.795432102304611e-03
7.639956225400404e-01 4.975749911961973e-01

1
-2.486619950254284e-01 -3.244964820951789e-02
-3.348752308494863e-01 -2.966723039701827e-02
-8.835711820177100e-01 -9.439505190504649e-01
-3.775096271542602e-02 -5.098361227902569e-03
5.746942159237442e-02 -2.272207584527398e-01

2
2.155169000690197e+00 9.919308257570763e-01
2.340960446308868e+00 7.774423305205440e-01
-1.804395461430261e+00 -1.248168369909298e+00
-7.969874611849473e-02 5.993139331959040e-02
-7.183237234780678e+00 7.844248429852775e-01

3
-4.882763646414554e-02 -3.407680711671967e-01
-3.131563122903107e-02 -4.566907065224394e-01
-9.642292611378412e-01 -1.507168825797369e+00
-5.133653779199030e-03 -5.080929219160173e-02
-3.137629282408858e-01 8.315961656494643e-02

4
2.848456831945677e-02 2.449366925869606e-02
-3.318208870445402e-02 1.058902275528794e-01
5.224425582517535e-02 -8.931881456354492e-02
-2.031109362656096e-02 2.553995976227014e-02
8.616548478616943e-01 6.456668183855746e-01

5
-3.598993117181495e-02 1.035082070340414e-02
-5.343746936002266e-02 1.089469853085318e-01
3.225106209688489e-02 -1.044504005295316e-01
-7.953425184715259e-03 -3.327990522175153e-02
9.674324477391422e-01 5.625657989044516e-01

6
-3.529998619071068e-01 -3.449630253823019e-01
6.727105749482217e-01 -1.444698613343523e+00
-2.496719659259250e-01 -2.653287233463389e+00
3.341342823737505e-01 -1.887410336647590e-01
2.628561598918070e-02 -1.852170668958991e-01

7
1.273879532833841e-01 -4.190268520446248e-02
5.953228638776265e-01 4.060438088577100e-01
2.312165454759536e-01 -6.665698840632381e-01
-7.545868728909107e-03 1.820255613325477e-01
-1.186915768668776e-01 -1.355182930563837e-01

8
-1.377084359478274e-01 1.052367928661498e-01
-1.932201481131847e-01 6.651502239264232e-01
-9.154972840836060e-01 3.219238445094948e-02
-7.753001781244488e-02 -1.697007245116261e-01
-5.391357224444607e-02 5.799719441413199e-02

9
-6.354427382246938e-02 1.509059208130409e-01
1.290560599221141e-01 4.158168287134412e-01
-2.659768824287307e-01 -1.168382618286295e-01
-1.241334892771773e-01 -4.762428461900173e-02
1.436996259850006e-01 9.119045222382249e-02

10
2.048123323467292e-02 1.041338630909758e-01
2.671900299922658e-01 1.791427680049471e-01
-5.403275963483120e-02 -5.448582652438746e-01
-1.160670055007117e-01 9.583849465633858e-04
9.325492315577742e-02 -5.158688345224102e-02

11
2.997227699805919e-01 2.648236026097247e-01
1.394254763142273e+00 9.513177727684036e-02
1.664883789278058e+00 -6.517774460463385e-01
-3.148570211132461e-01 2.764941817119917e-01
1.485656361723969e-01 -3.009773283570058e-01

12
9.912863569083170e-02 -1.463159913519452e-01
6.806159107678627e-01 -6.295568257999057e-02
2.231788334059593e-01 -8.971128625300044e-01
-1.780064444085058e-01 -7.714844212888182e-02
6.590093621008022e-02 -4.617356589198004e-02

13
9.517179362927115e-02 -6.301566559438741e-02
5.448528283911918e-01 1.293605753093180e-01
3.368941215394585e-02 -5.788393025103765e-01
-1.134782683618058e-01 -8.567215308465213e-02
3.132744369406607e-02 1.384147556227072e-01

14
8.300115938217882e-03 -1.863534272064458e-03
4.722015718483185e-01 1.768538629345201e-01
-8.191487080386743e-02 -4.973454336452364e-01
-9.282659233974797e-02 -6.081958655245508e-02
-1.570348133441487e-02 1.201291719595944e-01

15
2.631093063051947e-02 3.170011271853573e-02
-3.455822383342515e-02 1.138815826602063e-01
5.177562153368735e-02 -9.213112989643356e-02
2.709711280919151e-02 -2.458423820010215e-02
9.226441741410121e-01 6.451003362731997e-01

16
8.101648938008105e-03 9.519496335066233e-02
4.110806976046798e-02 6.455568737476213e-01
-5.504714494318710e-01 -2.301048833910227e-01
1.758125352084111e-01 -1.062159517099684e-02
-8.746143457251761e-02 1.247458654679078e-01

17
3.211698359950278e-03 2.338608675265459e-01
5.243640677622861e-01 6.175256102665077e-01
-5.816875820531433e-02 -2.877104230588684e-01
2.194679626807054e-01 1.671006004236040e-02
-2.119515878514928e-01 2.902014794880474e-03

18
-1.377268276895299e-01 2.137107236455898e-01
1.195075150354945e-01 6.905689523686485e-01
-3.921212928290215e-01 -2.635546892057724e-01
1.929493376881583e-01 1.733917589857154e-01
-1.802537922857751e-01 -1.036185523681899e-01

19
-2.576109182964410e-01 2.655580524380078e-01
-1.788546124854791e-01 4.215893480483619e-01
-2.189455855013977e-01 -1.675655154215358e-01
-5.516981215407374e-02 7.356093045033574e-01
-8.592064319979843e-02 1.196653079296524e-01

20
-3.228277627165359e-04 1.560275021522595e-03
8.968349058379631e-02 -4.201514166570364e-03
-8.988423526143555e-02 5.165601989053199e-03
-1.235909879346249e-01 8.682249498729023e-01
-1.811235585782463e-01 1.272408001058534e+00

21
-4.723554059148305e-01 5.352010067622273e-01
9.982151201196005e-02 4.379959101238163e-01
-4.447455368377767e-01 -5.882485752073793e-02
1.000551782840021e-01 2.015257803353930e-01
-2.184023284743118e-01 -7.698690023380934e-02

22
-1.804729434876832e-03 -7.400531298099037e-03
-5.925872822384168e-02 5.099127324655039e-01
-4.115226045965945e-01 -3.058900090438198e-01
-7.135675972477339e-02 8.707420367278891e-02
1.072851831715317e-01 3.885317155721059e-03

23
-1.171240444466362e-02 7.324293447454788e-02
-7.787221819322163e-02 4.909355178399007e-01
-3.868567999044043e-01 -2.534955302651397e-01
-7.450748986089610e-02 7.774698724781780e-02
1.288183625583406e-01 1.324049247996187e-02

24
4.139947951730551e-02 1.411521691137215e-01
4.943647232757049e-02 1.572347033271777e-01
-4.311560134559714e-01 -6.581549452051536e-01
5.887709521300428e-03 1.686467230549284e-02
-1.378282800177237e-01 2.287760150361848e-02

25
5.048207569680224e-03 3.957355701333598e-03
-5.237798732652672e-02 5.829209978060069e-01
-4.783569014087072e-01 -3.371882507303154e-01
-7.836480476214694e-02 1.013552460833789e-01
-4.379334066247156e-02 -1.020265120404054e-01

26
5.451814952615643e-02 6.677373774219555e-02
-4.278812610208960e-02 5.828414845708222e-01
-4.011833551213946e-01 -3.178370276011265e-01
-8.040410049334382e-02 1.066576397387485e-01
-4.330936887179428e-02 -9.882023329839522e-02

27
-2.274845790035415e-01 3.850551099768342e-01
9.991020876279720e-02 2.792749298819460e-01
-2.988691646744407e-01 -2.191448554576815e-03
-1.524006833693477e-01 -1.883817884641161e-02
7.823713983736665e-02 1.102884972834708e-01

28
2.945256435564176e-03 9.948220149665718e-02
2.471746302401475e-01 2.010072997030093e-01
-1.862604220038734e-01 -4.840929420246752e-01
-1.011740718690711e-01 -1.644190442741292e-02
7.424073870935896e-03 3.050639479470772e-02

29
1.365367412254618e-01 2.503572748432379e-01
2.269473220629336e-01 1.420609127349458e-01
-1.522298421552061e-01 -2.750841837884653e-01
-4.286378312762986e-01 -2.034697530333336e-01
-3.327963375978694e-02 -1.889091416930207e-02

30
-1.221042607192769e-01 -5.496926970475383e-02
-4.426434340145458e-02 3.251115332595742e-02
-7.825704929973259e-03 -6.028984126467725e-02
8.344925514583346e-03 -3.958064013400417e-02
1.063674948251572e+00 7.084298542223115e-01

31
-5.769503925235410e-02 8.608751392569494e-02
-4.021848297213814e-02 5.200596500097238e-01
-5.228301687887180e-01 -1.486952911154319e-01
-6.827788859514319e-02 -1.061513062432398e-01
1.294092981574294e-01 3.590368641762814e-02

32
-1.138287313476073e-01 1.934021800350138e-01
1.087675342872979e-01 3.497948378917389e-01
-3.400604151776412e-01 -4.436274627035988e-02
-1.623930558856206e-01 -1.974820636452804e-02
7.130927399975279e-02 1.931401549159001e-01

33
2.074606923540018e-01 4.513833296261443e-02
3.265626219084433e-01 6.553748818037709e-01
-2.454613873134272e-01 -1.345777603412625e-01
4.052740162328207e-02 -1.805821198384000e-01
-2.649226265816818e-02 1.963668339048930e-01

34
-2.740222382186986e-01 3.108866163433917e-01
-3.144287996988095e-01 2.799087948464431e-01
1.902507298552055e-01 -3.122425648816934e-01
2.135365488641021e-02 6.635350406858995e-03
1.244436383000056e+00 -3.741419804876141e-01

35
-9.308696782438780e-02 1.019850877648946e-01
-1.020170440116296e-01 1.334622101145131e-01
-5.123847372214443e-01 -5.488766009458542e-01
-1.194149749820253e-02 1.611633884969526e-02
1.039215992457572e-01 7.127154017612941e-02

36
9.016055428256591e-02 1.932087669683629e-02
5.617952110909022e-01 2.736569249751443e-01
5.158542130599468e-03 -5.694649758870142e-01
1.265170874696259e-01 -5.446528332050476e-02
-4.125739730356366e-02 1.605149931104438e-01

37
-2.645469876815334e-01 2.356294467255871e-01
-1.358000941149610e-02 5.498665980313889e-01
-4.572080180362653e-01 -2.087210524066840e-01
6.382205106045038e-03 3.347843254197365e-01
-2.129900846175430e-01 -8.608143667477824e-02

38
-3.423543448753365e-02 3.675718835973936e-03
-5.467195898663423e-02 1.024375215977090e-01
3.483305999551838e-02 -1.014713512346095e-01
2.003433290406375e-03 3.042311792252673e-02
9.264186218790720e-01 6.177220675610751e-01

39
-8.078939769187218e-02 6.545905991745467e-02
1.202831215786956e-01 3.336267050348812e-01
-3.430565431410367e-01 -4.677224892760058e-01
4.428414711947261e-02 5.465758348622769e-02
2.815248198038752e-02 2.245603643450488e-02

40
1.118624619365441e-01 2.994281757140734e-01
7.206078993678242e-03 4.195641262901408e-01
2.400179123355004e-01 -9.073339154824095e-02
-2.889212811217368e-01 5.780222847828493e-01
5.169071621716606e-02 1.127355828586228e-01

41
9.248996428990535e-03 -1.285180831003465e-03
5.417551538161530e-01 2.452900162468331e-01
-5.765683574360336e-02 -5.915552100164434e-01
1.199852677142287e-01 -5.093023667381609e-02
-3.279577679702098e-02 1.251216437035060e-01

42
4.341122332940994e-01 3.342907971411485e-01
8.793991144303084e-02 7.534663158618016e-01
6.206748478395017e-01 -2.967587438735038e-01
1.104123149546102e-01 5.061445338536864e-01
2.877329358025301e-01 -9.099467464623494e-02

43
4.297419593692196e-02 8.552129185694433e-02
5.405579512407804e-01 4.057091640196615e-01
2.268150961199462e-02 -5.991447621335858e-01
1.515681050715055e-01 -2.725370847183801e-02
-7.668788168300905e-02 -9.848206140566071e-02

44
1.947328536500900e-01 -2.842468580099488e-02
2.705440507626159e-01 -6.604776498556424e-02
-1.528096444452180e-01 -1.210508230141413e-03
-1.570311413543276e-02 4.196732615917896e-03
2.655419924321445e-01 1.286411874086647e+00

45
1.623680149048186e-01 -6.718257834905335e-02
2.053373110790082e-01 -5.874705538012707e-02
-2.060013584211792e-01 -9.294827214744060e-01
2.445796832709759e-02 -7.010867912501664e-03
3.952235312870195e-02 1.562014609464711e-01

46
1.600119154150746e-01 3.962164152416149e-01
-6.638848656143147e-02 5.462439515237084e-01
3.880539285995925e-01 -5.468771008589880e-02
-2.036540490010114e-01 6.625086341460201e-01
1.584450041307585e-01 2.651109056766042e-02

47
8.938406059252205e-03 9.741748481324936e-01
-6.091736676660481e-02 6.319437533519308e-02
2.295360816972317e-01 4.722105046837871e-02
-2.382566574814650e-01 -1.052869442439408e-02
3.110455324856751e-01 -2.396923389884279e-02

48
4.272624154110422e-02 1.261942013037684e-02
1.234298032924567e-01 -7.416723170970108e-02
-9.503850729278458e-02 8.068395319052171e-02
-1.307413111495564e-02 3.830379786574455e-02
5.815947893630444e-01 1.204210789552849e+00

49
1.855502196820772e-01 1.047762345317612e-01
7.244773657401934e-01 -1.088216867415776e-01
6.510213834585961e-01 -8.742709197445240e-01
-1.341549598074023e-01 1.821752763402167e-01
7.987548117277084e-02 -1.971778063891123e-02

50
-7.164988090170400e-03 6.740468524470974e-03
1.132701956203817e-01 5.330968538358026e-01
-5.194612100820379e-01 -1.683436174574947e-01
-7.596266913950449e-02 -9.293874231700774e-02
-4.787750087897642e-02 1.249860412248185e-01

51
-9.040028961376069e-03 1.471671495635253e-01
3.000617389699887e-01 4.180105179982476e-01
-2.208325640005942e-02 -1.857524786405177e-01
-1.335189389564435e-01 -8.155583188317073e-03
1.371975792228973e-01 2.081801502057526e-02

52
3.340098168592033e-02 6.329406417726351e-02
4.041493379341761e-01 2.944630705720829e-01
9.173423132657508e-03 -4.565656930555471e-01
-6.828253785017376e-02 -7.370689923473972e-02
1.184295778990650e-01 -2.823396793255402e-02

53
6.760039775809475e-02 4.737224958296844e-02
1.106098854295854e-01 5.341204336497232e-01
-4.533934059415194e-01 -1.881536976570625e-01
-6.711189999726119e-02 -8.840413297832274e-02
-5.088609883723316e-02 1.238017959390543e-01

54
-1.455333918203811e-02 -4.855271659171168e-02
9.502769142558851e-02 -1.122515303945976e-01
-1.038407401145095e-01 8.546730354822321e-02
-4.259015660821710e-02 1.519795823023488e-02
7.122623962591649e-01 1.205467018047294e+00

55
1.209469261560129e-01 4.184774787698790e-02
9.252873667704348e-02 3.560728380344232e-01
-3.973280143064857e-01 -5.180121768076319e-01
2.341348858783317e-02 -1.287268272865025e-01
2.275072627488299e-02 2.482933437737097e-02

56
-9.742419711747534e-02 9.444729992331984e-02
-1.461226826523624e-01 7.223743459740115e-01
-6.411192099163731e-01 -3.430829414923335e-01
1.714933012000064e-01 9.102571711151247e-02
-5.254096412021917e-02 -1.729300608527807e-01

57
3.948599703703305e-01 -2.652727206752307e-01
-2.980670100850018e-02 -1.487472875139810e+00
-3.419801536343632e-01 -2.079437933537907e+00
-2.752258797848245e-01 -2.511004055420718e-01
2.345869521172857e-01 4.357086246729350e-01

58
2.141671412822945e+00 1.458076780948367e+00
-9.630036620317062e-02 5.292849980970942e-01
5.202237307557738e-01 -3.580945252421152e-01
4.150029609429421e-01 -6.339288509472084e-01
-4.149271147322789e-01 5.891071100474419e-01

59
1.016770758874406e-01 1.116261304860127e-01
1.076563740585824e-01 1.301834257009477e-01
-1.503124406134678e-01 -7.846138035231470e-01
1.112645886432649e-02 1.488980728187441e-02
9.242709587563731e-02 -1.091647495100616e-01

60
6.008058111095332e-01 1.619784064824015e-01
1.507732053630410e-01 8.420150808899649e-01
7.946275728125031e-01 -4.943989109871094e-01
1.039628097557393e-01 3.737910685628852e-01
4.928440800827461e-01 -3.096263907857487e-01

61
1.041834535334515e-03 -9.114800261515938e-03
4.465268960231159e-01 2.586435542584060e-01
-6.636470230931619e-05 -5.168488434028534e-01
-8.370903419286896e-02 -7.618668831209413e-02
1.190099547819779e-01 -4.162415184222525e-02

62
5.079262993561166e-01 -4.725782577160186e-01
7.810122441893397e-01 2.949357740852319e-01
5.300162252079671e-02 -9.427883044545687e-01
1.099336740402463e-01 -7.024649907870959e-01
3.453858046295495e-01 5.323005732469580e-02

63
3.076494639181225e-02 -2.105611563428447e-01
7.436705550255636e-01 5.964240669654256e-02
-1.056525567951666e-01 -1.051142453285418e+00
1.174686321454437e-01 -8.865346680127534e-02
-2.589352738112051e-01 -1.576186893971742e-02

64
5.534766131770289e-03 4.563065906703648e-03
5.982497105224853e-01 3.373989242023011e-01
-7.256166921806960e-03 -6.863088930084597e-01
1.431862499566440e-01 -4.632768432731250e-02
-9.312828411054649e-02 -9.393939002054440e-02

65
-1.584747596896932e-01 -1.325339482812654e-01
4.993492159093569e-01 -2.396844644977330e-01
-1.595850336499676e-01 -1.105758628254836e+00
5.956279750929488e-02 -1.249680466285680e-01
9.432756919771824e-02 -3.244587350817950e-02

66
-1.239253102203482e-01 -8.510530690772455e-02
3.529091014818358e-03 -6.829423912668457e-02
-5.554183844242332e-02 2.719815400935694e-02
1.722727635747166e-02 -4.207374417991089e-02
1.034098207411986e+00 9.955710907030694e-01

67
7.762062509618556e-01 7.532496666758454e-01
-1.860182405563948e-01 7.031881275152408e-01
7.218823810647894e-01 -6.792932389977772e-02
-1.346360783884603e-01 3.476074843190340e-01
3.068173950962707e-01 -1.171790105982096e-01

68
1.939687620960936e-03 -8.440609042433508e-03
4.012977007557862e-01 3.244974697882413e-01
7.968461471549025e-02 -5.103091472495835e-01
-4.141595281083441e-02 1.054220174201093e-01
1.139834566696297e-01 -3.107492124514087e-02

69
-1.926230000938707e-01 -1.698377080598770e-01
4.361838331076878e-01 -4.384350004905999e-01
-1.785177668666968e-01 -1.368580585418491e+00
5.850210943750325e-02 -8.561032374826512e-02
1.262426965738891e-01 -1.079972700849780e-01

70
2.553466644885705e-01 9.023678291159516e-02
2.369186069941197e-01 6.216100033838905e-01
2.506294686840336e-01 -4.445858486178050e-01
-3.572896399949375e-02 2.685888704762796e-01
9.084883134826234e-02 -1.865137947706015e-01

71
4.395705977970857e-02 -1.062410592944954e-01
4.140549042918527e-01 3.596079001931978e-01
-1.142548664799252e-01 -6.382130916564560e-01
-3.022075038357258e-02 6.291213631064826e-02
-9.513219342496997e-02 -7.607759893464056e-02

72
-7.417467421414402e-02 -2.581301566517563e-01
2.708077202085291e-01 1.891218691595701e-01
-7.859521749693611e-02 -4.290710257914741e-01
-5.531194166985998e-01 2.033981391763813e-01
7.403335437709055e-02 -6.612804730681596e-02

73
4.128482023397715e-04 -1.846340057436430e-03
3.348473650231335e-02 5.190334267594161e-02
-3.322395758642686e-02 -5.303290793887189e-02
-5.645958507288766e-01 2.209518524534873e-01
3.065098124216218e-01 3.960368572582580e-01

74
-8.941676189569628e-02 -2.480315845122354e-01
3.027452888403048e-01 1.850352135064931e-01
-9.569764207525937e-02 -4.401495209672749e-01
-4.816423149659856e-01 2.260904765138925e-01
2.410065134149931e-02 -4.534826477829353e-03

75
1.834942908697067e-03 -4.344016047863736e-03
-2.875760302132536e-02 1.436936797869970e-01
2.991130218258643e-02 -1.463574701434717e-01
-1.332522151042381e+00 -5.524921299832593e-01
7.481483306728999e-01 -9.274250341737563e-01

76
-3.560911081787638e-01 -5.884721819112015e-01
4.260760313264258e-01 -3.452448162388960e-01
-7.037772017941644e-01 -5.102600376079489e-01
-1.236681243366705e+00 -4.080318863130631e-01
-9.686368944355193e-02 -1.824382389011259e-01

77
1.189904345540731e+00 -7.526415037558924e-02
4.464908619364408e-01 6.023330974780926e-01
4.107706179499281e-01 -6.319801588282126e-01
1.235356900342472e-01 -3.544942456233002e-01
1.638990153757142e-01 3.516523243449647e-01

78
5.484194138705017e-02 -1.031016902915980e-01
4.168158922954400e-01 1.478406168128724e-01
-1.333433828936680e-01 -6.008994673148726e-01
-1.255261054909443e-01 -7.688800809981514e-02
1.726654793882160e-02 9.716704624539912e-02

79
-3.896256053299627e-01 -1.079903536008891e+00
7.170632446058796e-01 -6.306046518458448e-01
-1.017337046989195e+00 -8.679316085884770e-01
-1.476799490055128e+00 -1.244951230013361e+00
1.835583784611730e-01 -4.183708664250679e-01

80
-3.820848025303340e-02 -4.301512689234340e-03
9.638590435829075e-02 -9.624142179928984e-02
-1.186470912298038e-01 9.234222109056688e-02
4.957132755945434e-03 -3.503115043372430e-02
7.355069032488329e-01 1.171295059237320e+00

81
-7.677260817984671e-02 -1.087747446240048e-02
5.848229590526737e-01 2.053326291067604e-01
-7.612942923616138e-02 -5.626028656022486e-01
1.174867510169617e-01 -6.876523665740565e-02
-1.238188735889279e-02 1.506501101210307e-01

82
1.107859839347332e-01 -1.412812498067901e-01
-2.455383332045437e-01 9.401121512461363e-01
-7.144984254227991e-01 -4.517967055987385e-01
2.153503762702965e-01 1.321247055221220e-01
-5.934661365934669e-02 -1.965892065383459e-01

83
-2.527130733709266e-03 -5.518306269866664e-04
-4.616166429335239e-02 -6.935413112518438e-02
4.459734383286271e-02 6.900360957027557e-02
-7.473952480852257e-01 3.043117929573692e-01
4.151633146434142e-01 5.215608180479154e-01

84
5.956129527221140e-01 4.126984036464278e-01
-4.165456564793739e-01 4.257007943774677e-01
-1.460078373197197e-01 -5.314279191941766e-01
-2.677352311945158e-01 1.906113991925475e-01
-8.958350095441248e-02 -2.384897706186966e-01

85
1.174434576404452e-01 1.343629883955454e-01
-4.284604992591832e-01 2.037399112443053e-01
-8.351007489560229e-01 -5.514364070370966e-01
-7.371059013671960e-02 3.012905163726457e-03
-8.358343673577279e-02 1.051365884629873e-01

86
1.265549246540615e-01 1.005562164019862e-01
-2.086726719028601e-01 2.680537492012010e-01
-3.921834329364284e-01 -6.525484545707055e-01
-7.752851651065931e-02 6.651102115905760e-02
1.034138303519837e-01 -1.426060229772027e-01

87
-1.576215215116848e-01 2.380803592309264e-01
-7.734174504755695e-01 -1.835279044488748e-01
-1.131078395497388e+00 -5.706055632218933e-01
-1.461329295569689e-01 -1.451677122146836e-01
2.562529147585388e-01 1.458107043535520e-01

88
-2.152157173355691e-02 -4.541777295150896e-02
1.007159069485574e-01 -1.119429015310682e-01
-1.130097922810538e-01 8.672127249571218e-02
3.890891501137660e-02 -1.978905799125225e-02
7.657519385580590e-01 1.260794935826308e+00

89
7.990469338604081e-02 1.252341871621060e-01
-2.503908789265931e-01 2.179533437260804e-01
-6.241558723836124e-01 -5.475252011080396e-01
-8.734846777498596e-02 3.555063134292175e-02
-5.127401500335388e-02 4.142128182662099e-02

90
1.466829094285990e-01 6.179720380302942e-02
-3.615059512489153e-01 3.410277551673351e-01
-6.029657632510341e-01 -6.336422243295875e-01
-8.272424153542075e-02 2.236036907546355e-02
7.862031885002044e-02 -1.604016506139562e-01

91
-1.882850842550362e-01 1.533303199632528e-01
-3.114226733149884e-01 -4.924650978613236e-01
-7.578834550248207e-01 -9.653631261247695e-01
-3.816930041781225e-02 -7.373867757768393e-02
1.615162137889983e-01 1.889186997209752e-01

92
1.984894132720998e-01 5.441356695014322e-01
2.148202626071646e-01 9.196450756781231e-01
-6.163766262597159e-01 -3.906562876096591e-01
1.133098375262604e+00 -5.459729315794235e-01
-7.761972655056015e-02 1.480977539825453e-01

93
-6.776415827151253e-02 -5.484327576560986e-01
7.371131169960078e-02 5.569827772932036e-01
1.291666776979798e-01 -4.576869219639850e-01
-3.715533291293138e-01 9.294994878406294e-01
1.435272029186540e-01 8.584734108072239e-03

94
3.929716725469259e-01 2.317808095445101e-01
2.436921172534008e-01 4.057290815911554e-01
-4.592611040589407e-01 -2.458024064767615e-01
-2.397498757612461e-01 -7.575353724576570e-01
-4.596483638692769e-02 -6.057030008374246e-02

95
-2.111661165646870e-01 3.502966504143077e-01
3.428119859467123e-01 8.687125513959607e-02
-8.983314522089225e-02 -3.277386516808221e-01
-1.493430839535172e-02 -1.749757317474777e-01
1.957929643577451e-01 2.329585367374420e-02

96
1.242225070549831e-01 7.344156302251055e-02
4.912741499321916e-02 4.003265103479979e-01
-5.490092781738798e-01 -4.522225528126438e-01
5.510988736740016e-02 -1.451637291352319e-01
-9.873122095502994e-02 9.667964884698969e-02

97
-3.127204856965408e-01 4.603439873149371e-01
-1.875814916578231e+00 2.565128812004889e-01
-2.315093512637806e+00 -1.045688611922882e+00
5.155110462554818e-01 2.787538163064279e-01
-2.782465547200839e-01 -3.360751524292307e-01

98
9.494984858532832e-02 5.778152209741612e-01
7.360967175406313e-02 1.000332935296905e+00
-6.011715258704227e-01 -4.807786909426133e-01
1.184453870539038e+00 -2.403430405550908e-01
-1.510518158401471e-01 -2.470461638277869e-02

99
-6.385575424275799e-02 2.720279591318856e-01
-8.178006423295262e-01 4.532352661077704e-01
-1.318998483337513e+00 -4.914202628774838e-01
2.948809252851359e-01 4.021686413120941e-02
-1.050103463770032e-01 4.782061693077194e-02

100
1.850169989337959e-03 5.222254766037157e-04
-9.158749026177991e-02 4.118583187806218e-02
9.272911778653847e-02 -4.086916677124967e-02
2.200749721750199e-01 9.589118740639341e-01
3.224913267075492e-01 1.405342400343954e+00

101
-3.236826429463429e-03 -5.660653465815357e-03
1.559126506021554e-01 -1.503622886154643e-01
-1.579170673372652e-01 1.468491769656618e-01
-1.128263746291597e+00 -1.781366323102962e+00
1.674592284248859e+00 -4.795751874978429e-01

102
1.405691248548743e-03 -1.690498494603802e-03
1.351761504115023e-02 -8.573326177987077e-02
-1.264719503251842e-02 8.470067215726675e-02
-7.909564897811763e-01 -2.848663029388314e-01
7.910006005853522e-01 2.848130860762725e-01

103
-5.907829312441814e-03 -5.161911871352309e-03
-5.416258804032213e-02 7.160049616688370e-01
-5.922877692035626e-01 -4.051902894232362e-01
1.564283927251439e-01 1.931228074079245e-02
-4.138066453776119e-02 -1.428323359232933e-01

104
1.001853648542254e-01 6.470944140012487e-02
4.053927916205883e-03 8.182238881828852e-02
7.655171980549615e-02 -3.480848759962238e-02
-4.518077268016616e-03 3.854069432582157e-02
7.871133713515954e-01 8.005098363052011e-01

105
9.637393339471499e-02 -7.797540463865661e-02
1.112368295452860e-01 3.804698189830628e-01
-3.146816329451482e-01 -6.075666418084257e-01
5.416512696808879e-02 6.963157593642925e-02
1.638864636575204e-02 3.433563730538403e-02

106
9.395923563383214e-03 -5.762620284777501e-03
4.963715315188382e-02 6.367947535673036e-01
-5.773225721520410e-01 -2.758724293617370e-01
1.388266934070241e-01 -3.990604177685003e-03
-8.350095527440772e-02 1.241597928624294e-01

107
7.251554264365848e-01 1.847138976377375e-01
-5.071379423373301e-01 5.650839443654992e-01
-1.930490335215844e-01 -7.501717982814260e-01
-2.806570246396389e-01 2.773998835354740e-01
-1.183262783730070e-01 -4.092135701670542e-01

108
1.519773711592847e-03 7.063477961080057e-04
1.697346489989171e-03 6.702392150398902e-02
-7.673713764762305e-04 -6.659456696718588e-02
-6.417178003197936e-01 -1.135685504593073e-01
6.417656373143472e-01 1.135908530723334e-01

109
8.489148971127329e-02 -6.537170547206743e-02
1.843421141284533e-01 3.627059674690448e-01
-2.514599472532972e-01 -5.306103529146038e-01
6.255360690450392e-03 2.368471493308128e-02
5.034832316140616e-02 6.613092841453458e-02

110
-3.298880085614337e-02 -1.968995774312920e-02
9.586695189825561e-02 -9.752949029444961e-02
-1.143961913699057e-01 8.550444840977467e-02
3.576944893665827e-03 2.165638889175912e-03
7.148506499989460e-01 1.193051048792157e+00

111
1.060169738851382e+00 1.000432975231480e-01
-6.711847342702044e-01 6.166823966122426e-01
-2.028573650770784e-01 -9.280161430064156e-01
-3.892979845939052e-01 2.604243088569068e-01
-1.734236779159474e-01 -5.018150217706083e-01

112
3.039326916768113e-02 3.319780843725273e-03
-3.769628644116441e-02 1.031699380783449e-01
5.766243246018835e-02 -1.016658818790912e-01
-3.668430351583398e-03 -2.103993787193598e-04
9.183232570150232e-01 6.485549076533353e-01

113
3.755036650215632e-01 1.664709199011423e-01
2.487961381567429e-01 2.522312620272228e-01
-3.813825431143135e-01 -1.616050358587321e-01
-4.684486990276371e-01 -6.003649639569414e-01
-7.065942717961021e-02 1.022209975344203e-01

114
3.275680143834037e-04 -1.531493951232803e-03
9.012576414858983e-02 -5.152669357408585e-03
-8.992638724625462e-02 4.214321448022591e-03
-1.240143472272957e-01 8.703937170259172e-01
-1.817592763263163e-01 1.275658926701557e+00

115
9.991597104093092e-02 -3.184708502588879e-03
3.489239925279951e-02 5.100821689386343e-01
-4.247578174620790e-01 -3.442827946413713e-01
-5.495742249460822e-02 -1.106926168210819e-01
7.975957249690710e-02 -9.485926457958167e-03

116
1.068034302999023e-01 6.999216234868602e-02
7.031746578569556e-03 8.662624646067962e-02
7.907306146838136e-02 -3.466864163140360e-02
3.587423906836754e-02 -2.308824763833909e-02
8.514865072677847e-01 8.045689878488680e-01

117
3.824163937105473e-01 -6.224395098745155e-02
4.609248330913867e-01 3.554175433395897e-01
1.388221431591872e-01 -5.172812028426627e-01
7.440925304518750e-02 -2.350533821069252e-01
2.733944936075700e-01 2.180914254324785e-01

118
-1.169508524960612e-01 -7.726164141711289e-02
1.007598405772488e-02 -5.396765166763150e-02
-5.850562616661589e-02 1.524725538518640e-02
-2.817047697448725e-02 2.781504996743206e-02
9.188569997988998e-01 9.582670716126787e-01

119
1.161290092543937e-01 1.268416104594202e-02
1.043301537462589e-02 6.323898548997927e-01
-4.559338407762884e-01 -4.599148042778293e-01
8.461100942222738e-02 -1.204537237778688e-02
-4.715706771478660e-02 -1.243911889800711e-01

120
-4.482273534348610e-02 -1.972792707369216e-01
5.226753364059998e-02 1.931958453444269e-01
-6.846435300578655e-01 -8.050997269581801e-01
9.102003667603779e-03 3.069446059038137e-02
-1.857184785001769e-01 3.188151195638540e-02

121
-1.675198183647094e-01 -7.301399138299644e-02
1.617142343334146e-01 8.385794674939293e-02
-3.780692428123655e-01 -8.649697800339292e-01
2.602262975322637e-02 1.438049575764824e-02
5.878528549654914e-02 -1.581556386037926e-01

122
-1.426101790265233e-01 -2.573187119993424e-01
9.631770613773294e-02 2.597157898768154e-01
-1.795294995749839e-01 -2.385608211544279e-01
1.201789237565637e-02 -2.994605662895495e-03
7.086359090775888e-01 4.287262464746299e-01

123
-7.241424618908854e-02 -4.676016076317297e-02
1.890588249318198e-01 5.508979482127490e-01
-5.072669591020114e-01 -1.373845109682484e-01
-7.508140143169956e-02 -8.472299283899876e-02
-4.206333219714307e-02 1.389730382473770e-01

124
1.081790601024269e-02 3.653653482102943e-02
1.022693851437004e-01 -7.587572687336648e-02
-9.546846918981527e-02 1.001864725176817e-01
-3.210783478843325e-02 1.087417331945728e-02
6.301981376014482e-01 1.153151639950758e+00

125
-1.138742256859842e-01 1.364402529681494e-02
1.624191643582616e-01 3.567122061452205e-01
-4.597582970359534e-01 -3.828947310825819e-01
-2.498243571408419e-02 -1.129436788640101e-01
3.831140662994723e-02 1.294155219388906e-02

126
-3.654387184821712e-01 3.038356333774004e-01
3.690942417091087e-01 4.472926868732086e-04
-2.020219836842338e-01 -3.415847760081226e-01
-7.786756852684455e-02 -2.039084670293476e-01
1.736199555226768e-01 -1.289669259950747e-02

127
-1.209483791020547e-01 5.166601239178039e-02
2.926137185345068e-01 3.105558097804624e-01
-3.139628931066511e-01 -3.052255406900853e-01
-4.502457617804216e-02 -1.066495689844169e-01
5.233173295660381e-02 1.046460871441864e-01

128
8.322626786284043e-02 -1.935263435095185e-01
3.064038466587441e-01 6.213031546980979e-01
-3.291610924543457e-01 -6.384193418890857e-01
1.686781816577373e-01 8.903901423406899e-02
-1.749741005620880e-01 -7.577454564121680e-02

129
-6.550782548018702e-01 3.223773063038177e-01
5.632703000037234e-01 1.715946329614566e-01
-1.459010774505760e-01 -6.117803094719224e-01
2.806585448044930e-01 4.887684181992399e-02
-3.222238396081328e-02 -3.453351467510435e-01

130
6.546609433674668e-01 -9.335786867526427e-01
-7.110354099904580e-01 1.007240916706356e+00
1.433515245618488e-01 -1.041637539300855e+00
-1.887863126459340e-02 1.952482069896866e+00
-6.213837870544298e-02 1.699218031674626e-01

131
8.117303466313696e-01 -1.107882292977466e+00
-7.908059872599034e-01 1.093425163620945e+00
3.056077953612349e-01 -1.016275910684027e+00
-6.046841034558735e-01 2.330623058223062e+00
-3.420302020418617e-01 -9.388476245453407e-02

132
-5.069672283777975e-03 -4.015877653970210e-03
-4.737937734071442e-02 5.860754470820146e-01
-4.835859822148789e-01 -3.344350455767675e-01
-7.806565706081979e-02 1.026696018923326e-01
-4.433440805258699e-02 -1.021820179421035e-01

133
-1.685144415664677e-01 -6.192136365762735e-04
2.223567514685795e-01 4.222360500193632e-01
-2.470516244829048e-01 -4.966852289593486e-01
1.006350782817126e-02 1.451024827504859e-01
-3.469067125291121e-05 -1.529679910272113e-01

134
-2.115986343801425e-02 -2.735219957488924e-02
-4.464856039083344e-02 9.815378847364280e-02
3.220607220218935e-02 -1.132833075981189e-01
-2.399841561100363e-02 2.006876002116814e-02
9.230049199928286e-01 6.139564018857095e-01

135
-5.843105864231094e-02 -7.164396288448431e-02
2.093681027345581e-02 6.393337227568262e-01
-4.767763509663322e-01 -2.959326603951357e-01
-7.991657782329790e-02 1.252268618083642e-01
-5.202077429163050e-02 -9.997867836837232e-02

136
-4.179802610353117e-03 -1.425648006182997e-01
3.969276799861165e-01 1.855577903850640e-01
-4.051074848386593e-02 -6.309411901964389e-01
-1.745020615161125e-01 -1.009168872173234e-02
1.239770052124741e-01 -6.287024339172563e-02

137
5.448971790594592e-02 -1.210244614429920e-01
2.533217915479002e-01 4.062356639009432e-01
-2.263648406580853e-01 -3.984114159380180e-01
-1.064465493898408e-01 -4.736876693384505e-02
1.077468015547963e-01 5.817097851709082e-02

138
1.442231005040420e-02 -1.066623100107592e-01
3.282033430966518e-01 2.778939789938540e-01
-2.292340716868183e-01 -5.341273936041315e-01
-1.011779015680215e-01 -3.064178852507855e-02
-3.335076529446647e-03 3.988328904472961e-02

139
-3.439990612310502e-02 -7.872974973351727e-03
9.525043977599168e-02 -9.095734984676132e-02
-1.151627747824527e-01 8.525414690452053e-02
-8.206780123990185e-03 3.069048854978945e-02
6.723970909167319e-01 1.178781058056001e+00

140
5.281647579894898e-02 2.015839517172193e-01
-5.314381681469819e-02 -2.463165754258125e-01
-5.499621456871355e-01 -9.940502764765144e-01
-9.050471348922909e-03 -3.744124500663235e-02
-1.865651517871849e-01 5.801660273033456e-02

141
-4.585740663884501e-02 -6.454932833678802e-02
4.665580019705375e-01 2.920301003019971e-01
-2.826659991412132e-02 -4.995287314500527e-01
-7.924192241578895e-02 -6.721652841156210e-02
1.268078240462162e-01 -4.386908355049044e-02

142
-9.971616936283320e-02 4.402750146120189e-02
5.377460115252498e-01 1.086313292142927e-01
-2.646136520871714e-02 -4.499921026314352e-01
-9.346785682004161e-02 -6.968481204903906e-02
4.129797037740955e-02 1.364625923273167e-01

143
-2.674431771509971e-01 1.166639912261589e-01
2.423574745941006e-01 -8.023038071921950e-01
-3.892951919092182e-01 -1.082887493300221e+00
-1.145123786109076e-01 -1.867041245802525e-01
1.128386741699190e-01 2.773145529063920e-01

144
-8.049626111367128e-03 1.989800190567446e-03
4.718030438015723e-01 1.707300879572453e-01
-8.704231010595309e-02 -4.939611830742547e-01
-9.214756352477343e-02 -5.895908755227509e-02
-1.325524404672668e-02 1.188498497761928e-01

145
-2.399011477154831e-02 -2.413790897917872e-02
-4.779444870374078e-02 1.026084591610440e-01
3.390214453729154e-02 -1.160532611282513e-01
2.069552830165802e-02 -2.190018209958744e-02
9.849437840201596e-01 6.199550320236080e-01

146
-5.116884949531120e-02 1.220645693815252e-01
5.544410237180754e-01 -9.587754213978955e-02
1.517940798663166e-01 -7.307241464903603e-01
-1.404700387655946e-01 -3.959487658017418e-02
5.061137259322784e-02 -4.979412888975519e-02

147
-1.212573563438661e-01 1.325250500301271e-01
6.968882601783779e-01 3.856601601713086e-02
2.084725312908430e-01 -3.843013309942114e-01
-1.450527946717174e-01 -9.767960436266925e-02
1.141086603369938e-01 1.312362551842062e-01

148
1.465413617477506e-01 2.143026236050545e-01
-9.461227610675900e-01 -1.259142199604338e-01
-1.101628955040891e+00 -9.581773420303938e-01
-1.559427320785224e-01 1.651444299428876e-01
-9.604449664837904e-02 -5.127749258309487e-02

149
-6.596837330366470e-02 -8.463038698574289e-02
6.613443736612704e-01 3.829343496601494e-01
-5.395504094569031e-02 -6.736536906170267e-01
1.660695304873858e-01 -5.550738438900848e-02
-9.764575342334841e-02 -9.135140535193956e-02

150
6.146521069152283e-01 3.944708924392118e-02
-1.925321124670189e+00 1.301295963935676e+00
-1.374184389585819e+00 -5.274794707474241e-01
2.353271491606403e-02 6.003031185094533e-01
1.187817604011206e-01 -5.812871889577893e-01

151
-1.290952592126838e-01 7.063034176468878e-02
1.462033500436029e-01 -5.982728448452936e-02
-3.639316798859868e-01 -7.219148214706100e-01
2.412640404389524e-02 -1.056608265586804e-02
5.779305395952272e-02 1.191522480558519e-01

152
-2.630800211779067e-01 1.424392306754581e-01
1.049707672865914e+00 4.134738113989603e-01
5.473914355006800e-01 -5.003604498593026e-01
1.071959315948226e-01 2.686682944381833e-01
-1.754527262648853e-01 -2.340210884640856e-01

153
-6.074027337245177e-02 -3.072132808517201e-02
4.303874149111669e-01 3.321661866177051e-01
7.845011892842531e-02 -4.892485035478421e-01
-4.278856828993246e-02 1.277692930981565e-01
1.186373950244167e-01 -3.671698711788664e-02

154
-4.534288893790386e-03 -3.931938484263382e-03
4.890734182568303e-01 3.221368844629137e-01
3.440961314762972e-02 -5.840512129905795e-01
-3.501298157908946e-02 1.235033932284514e-01
-8.978500325405105e-02 -7.544489125318497e-02

155
5.651409962125430e-02 2.768474873895982e-01
7.342673465365737e-01 -5.962550143442548e-01
5.001925035168346e-01 -1.496853360824871e+00
2.270415247873716e-01 1.613580371192128e-03
5.699796084875634e-02 -1.029139407697472e-01

156
7.277702211760845e-03 -6.610601365901537e-03
1.087574275123783e-01 5.413693527185842e-01
-5.243771597924674e-01 -1.764189993918563e-01
-7.579633504124401e-02 -9.390849637044342e-02
-4.998196119633141e-02 1.254869332598542e-01

157
-2.959375881408596e-01 -1.941696036367840e-01
1.255240473842375e+00 -3.031819705537560e-01
8.953604151798275e-01 -1.101717925095671e+00
-2.125032145026420e-01 3.042380429105360e-01
9.819432152761619e-02 -2.437989507586943e-01

158
-2.072741826110394e-01 -7.604640992664506e-02
7.118241129401087e-01 -3.782012441138715e-01
3.495391727866479e-01 -1.117525811776835e+00
-8.828012168874304e-02 2.184382444795128e-01
9.381475147646247e-02 -4.577713384980078e-02

159
-2.538169922066328e-01 -1.063533866791760e-01
2.440810319559568e-01 5.693847936604830e-02
-2.385974650079044e-01 -1.456361993169663e-01
-1.495094036998629e-03 1.624054002279801e-02
4.525992426100406e-01 6.633962841505786e-01

160
3.255445676859644e-03 7.828888319828791e-03
1.057136631846498e-02 5.338649325768656e-01
-4.669298299346310e-01 -2.571409886991906e-01
-5.625246950890771e-02 -1.027608863178290e-01
1.251479905735455e-01 -9.095597106866242e-03

161
4.996837949244943e-02 -1.126847885051801e-01
-3.637501697005958e-02 6.478157877353872e-01
-5.423254967065783e-01 -1.822663848039015e-01
-7.598535793779858e-02 -1.139984486515022e-01
1.611187287527083e-01 4.736409319456718e-02

162
1.986170684017046e-01 -2.143273576249644e-01
-6.784439441413768e-02 1.116113637737173e+00
-6.016235674650429e-01 3.398126011989361e-01
-1.775616776514890e-01 -2.179718960010461e-01
2.280781124211020e-01 1.714714456495624e-01

163
1.958497512170443e-01 -5.209312883370151e-02
-4.663166289493258e-01 7.451313320941015e-01
-1.131296952329427e+00 -2.270478260342090e-01
-2.216331295816936e-02 -2.185744868264313e-01
-9.536059856764623e-02 5.026588534672573e-02

164
2.945736342300291e-02 -8.120961960210397e-03
-4.151762595498657e-02 9.990117404208011e-02
6.017454126769316e-02 -1.061603775093503e-01
6.803283517865780e-03 2.710856928868211e-02
9.159475721688407e-01 6.738587187281474e-01

165
1.137964416179234e-01 -6.117362515742734e-02
1.913048228814284e-01 2.744293234131535e-01
-2.043660539214144e-01 -6.916746463232347e-01
4.119891462650032e-02 7.920155508516981e-02
1.129828662083748e-02 4.168743146317692e-02

166
5.358445194647041e-02 -2.948882796098412e-01
6.139165217100445e-01 1.017386176469654e-01
-2.450372032424107e-01 -1.194379870626484e+00
1.807988616570230e-01 3.348118279794325e-03
-3.264914061131579e-01 -5.821961342130409e-02

167
1.492746232214298e-01 1.258899669151926e-01
-2.324531941400364e-02 6.712075578424210e-01
-1.393867804625026e-01 -2.164547594488896e-01
-1.058866829060380e-01 1.481566270651081e-01
1.105318752035337e-01 -1.292478325058865e-01

168
1.827614110897110e-03 7.269646019154934e-03
-6.148373239862564e-02 5.042043800835577e-01
-4.054759185162522e-01 -3.049773594217125e-01
-7.075851915546073e-02 8.580799394936957e-02
1.060442357495527e-01 3.349598002565147e-03

169
6.922389048093129e-03 -7.070113534862929e-02
-7.171494657753334e-02 5.529609526171835e-01
-4.332226583749511e-01 -2.840198522588464e-01
-8.318771324624769e-02 8.939759185000118e-02
1.331191629508905e-01 1.890232998269342e-02

170
6.443306209072301e-01 -4.454022616185907e-02
-8.699405810254894e-02 5.381313253797226e-01
-3.938601383513997e-01 -3.202501140807575e-01
-2.068225735373474e-01 -1.244987724202549e-01
-9.211962540913178e-02 2.872184794584396e-01

171
1.738067671638131e-01 2.617127652474450e-01
1.937706047163638e-01 1.530018671649289e-01
-1.693650952794418e-01 -2.572240617891146e-01
-4.650874959620875e-01 -3.257751605029314e-01
5.104056641898272e-02 -7.878195999590784e-02

172
8.412036672918641e-02 -1.169807787939131e-01
-7.333866948811699e-02 1.015764807607842e-01
1.040365625845764e-01 -1.926881978678213e-01
-5.418843781364598e-03 1.085042456550410e-02
1.046864835164379e+00 6.368128872169915e-01

173
1.172337929839312e-01 -1.186533831495870e-01
-1.104626757522588e-01 1.368999802860680e-01
-4.916172407775493e-01 -7.664811693006213e-01
-1.851958292188551e-02 2.279742378236361e-02
1.107341539536186e-01 1.012447188197325e-01

174
-9.083885608072394e-02 1.162346436341296e-01
7.925191610876407e-02 -1.010896159028454e-01
-1.613462329140935e-01 1.668854959697906e-01
9.728261282283332e-03 -8.858563462777122e-03
6.401316960761029e-01 1.176866757966790e+00

175
-1.855607815091741e-01 -4.195874794399468e-01
2.256584212404165e-01 4.618360686620931e-01
3.038273098421847e-02 -4.623495854583738e-01
-2.279987865192156e-01 7.773144939311638e-01
2.350084130417859e-02 7.285791099209404e-02

176
2.888049655759094e-02 -6.569921674815397e-03
-3.874446401445308e-02 1.038908162871257e-01
5.716993794950907e-02 -1.090385831856462e-01
-4.932251019941645e-03 -2.637503734320158e-02
9.487203732843000e-01 6.298917104626727e-01

177
4.427784435904464e-01 -2.955093148617276e-01
2.424754270102479e-02 5.520895104553040e-01
-4.756662093866613e-01 -2.907529805585494e-01
-2.621563332167365e-01 -1.436073078473697e-01
4.424579383870400e-03 2.896933662504853e-01

178
5.348693280080672e-01 -5.385300563220513e-01
8.119421996415702e-03 6.386544067310128e-01
-5.801532460798694e-01 -3.360345911538341e-01
-3.424139705229285e-01 -1.420593019447887e-01
-3.309733561304075e-02 3.154962599454529e-01

179
1.545744558262870e-01 1.417972021073100e-01
-1.941887852526729e-01 -1.626014289597955e-01
-3.634434182659853e-01 -1.076809418091848e+00
-2.902814247748609e-02 -2.627249700396099e-02
1.383190290734437e-01 -1.389170897062287e-01

180
-2.029822079081313e-01 2.113146273259849e-01
8.529313928987488e-02 3.325585974717869e-01
-3.685216593842688e-01 -3.697775040647334e-03
-2.506354286047641e-01 7.981960933254448e-02
-7.289771958111525e-03 1.488734971703231e-01

181
-2.849130550012776e-01 2.528440196633872e-01
-1.209815363320254e-01 4.041583441858237e-01
-2.931920363059181e-01 -1.165007700789908e-01
-2.557466971149058e-01 5.768052670410905e-01
-1.504582437209095e-01 -2.611929336499818e-02

182
-1.559833608511707e-03 -6.842050975985708e-04
9.315051273439848e-04 6.663284761823063e-02
-1.896666997194434e-03 -6.705892705883039e-02
-6.425621149054660e-01 -1.119633607042465e-01
6.425130348810908e-01 1.119417704139715e-01

183
-1.792974767469310e-01 -1.723156235963436e-01
-5.131096612337316e-01 3.435757862087606e-01
-1.272899975572618e+00 -4.259872025342628e-01
-8.327310783319868e-02 2.914441840644851e-02
-9.561799777083728e-02 1.594245666124366e-01

184
-2.254297972934536e-01 1.895559390474216e-01
1.216771814405852e-01 2.111481965435513e-01
-3.571762833829001e-01 9.802440612047363e-02
-5.417795237283674e-01 2.724227411486305e-03
-6.606324365401938e-03 1.265609018065346e-01

185
-3.140212510992171e-03 -7.933595644863753e-03
1.481548747909191e-02 5.400837860673089e-01
-4.744430189786873e-01 -2.565585555095782e-01
-5.679028721325801e-02 -1.032982626054870e-01
1.267522906618663e-01 -8.773585060556775e-03

186
-2.560457515217701e-01 2.026334045666718e-01
1.834467425727506e-01 2.132975503206678e-01
-4.230745744925477e-01 1.443097186308157e-01
-6.272054897719751e-01 -1.301947587170412e-01
-6.157033807221320e-02 4.603215695788948e-02

187
-8.769427773651027e-02 4.336376850218586e-02
6.072766351973909e-02 4.346559928961402e-01
-4.820182896961008e-01 -2.704472411609630e-01
-6.793491744728394e-02 -1.062759357007831e-01
8.891964628754508e-02 4.679248612436490e-03

188
2.441869558541732e-02 2.941171001318085e-02
1.119807789861579e-01 -7.586763460434562e-02
-9.556724464096795e-02 9.510473505301037e-02
-3.052248488313834e-03 -3.570818928172771e-03
6.404592691738814e-01 1.184885205344039e+00

189
-1.099661224867758e-01 2.133584996993194e-02
1.029938909535464e-01 5.561587351253959e-01
-5.058399250099153e-01 -3.958877940439247e-01
7.656266748449039e-02 -9.566060946818455e-03
-5.509669224599012e-02 -1.123203333817926e-01

190
-3.016568576011290e-02 -1.106484243018992e-02
-5.030175081866483e-02 1.014484693851149e-01
3.324551154076837e-02 -1.080669705384424e-01
3.280611560861707e-03 1.236390792675405e-03
9.539632503939699e-01 6.125691925594414e-01

191
-2.632597942882710e-01 6.594402019252125e-01
1.417502040187587e-01 9.539002704423052e-02
-5.867996669881599e-02 2.561326514426711e-02
-1.577768795311324e-01 -7.295990048180905e-02
2.163933287186288e-01 6.981953625134323e-02

192
-6.783533977833939e-01 3.189205057476773e-01
9.282840754914581e-01 1.303391172477838e-01
-9.828318054343883e-01 6.821008948844213e-01
-4.368733715573953e-01 -1.573308556037838e+00
8.368950473494825e-02 2.651519022229218e-01

193
5.947290235774476e-03 5.185703235296893e-03
-6.067731139616424e-02 7.107758660133683e-01
-5.844949586680128e-01 -4.082239643717125e-01
1.546435476384697e-01 1.967861537641807e-02
-4.065447154950933e-02 -1.422764820046049e-01

194
-1.821480735177671e-03 -5.189167361194468e-04
-9.262016204990682e-02 4.117869057683307e-02
9.150258641036635e-02 -4.150248977382562e-02
2.230766978356228e-01 9.585237904374176e-01
3.269765350289712e-01 1.404797898217545e+00

195
-2.761672799959044e-01 -2.663382087595228e-01
-1.319906934106504e+00 2.729820085610881e-01
-1.957325894203313e+00 -6.910622343982957e-01
-1.519924381811505e-01 2.906920208534854e-01
-1.398710941589095e-01 -1.320559202783499e-02

196
-6.862397602997146e-01 1.115017930596268e+00
1.924945993902329e-01 2.543396974130220e-01
-2.697943132087843e-01 -3.627681247822589e-02
3.295030723748784e-01 1.946832037620096e-01
-3.071193873551953e-01 -1.956049845591313e-01

197
-3.530556306348138e-01 2.761925584595623e-01
9.780544554712581e-02 5.554716006261914e-01
-6.072900812188177e-01 -9.144560313345185e-02
-7.938452720623249e-04 2.529750945273912e-01
-4.072840766294233e-01 -1.251402710129169e-02

198
-1.059532696424895e-01 -1.521517017735445e-01
-2.575029668531255e-01 3.311412095517112e-01
-8.791220752209374e-01 -4.842898181582604e-01
-1.109735873350444e-01 5.410626832047934e-02
-4.197541566257010e-02 6.782546850258186e-02

199
6.276519245892244e-03 4.149798009389256e-02
1.069028219969218e-01 -7.648098701503378e-02
-1.034517301355373e-01 1.040931146216333e-01
3.727720797895669e-02 -6.749263371787494e-03
6.631555991892066e-01 1.210320304955743e+00

200
8.161993680702258e-03 1.819608680372087e-01
3.831765602754020e-01 -9.333839745440817e-03
-1.751103900886260e-01 -8.513112428390104e-01
1.020769904715246e-01 -1.934205433250304e-02
-1.972486263619828e-01 4.338078361568230e-03

201
-1.737041227128269e-03 4.216834459404800e-03
-2.941369641930874e-02 1.453449924995512e-01
2.836851275348803e-02 -1.427424779602509e-01
-1.324145383033955e+00 -5.460272941067916e-01
7.409245231889211e-01 -9.223939687045621e-01

202
8.452607973015243e-02 1.737640213299982e-01
1.853212178564639e-01 2.483865107090377e-01
2.560993898567866e-02 -2.463017270917584e-01
-3.970868551416152e-01 1.089837211023201e-01
5.121091981808433e-02 -9.370917157802805e-03

203
-3.631453433692536e-04 1.811081364165630e-03
3.313637988850922e-02 5.286227854656787e-02
-3.335303012477528e-02 -5.174216196684273e-02
-5.628364569033739e-01 2.203741795083526e-01
3.057158272853933e-01 3.947769071756006e-01

204
8.775676103669855e-02 1.753444121026648e-01
1.988577177288755e-01 2.541777937138115e-01
2.596879995541299e-02 -2.602631350315092e-01
-3.854541092984601e-01 1.131574932954316e-01
2.676344853951372e-02 -1.632183697564215e-02

205
-2.197030656708724e-02 9.120492575484156e-02
3.826424589359824e-01 3.092047225115677e-01
-7.754034550489694e-02 -5.126473341784766e-01
-3.788122293783410e-02 5.411680037008895e-02
-7.604782228497706e-02 -6.852386588366437e-02

206
-1.863672361611445e-03 8.254124718011048e-03
3.962377870860513e-01 3.191231879190248e-01
7.755745838882926e-02 -5.032174254619413e-01
-4.093896919576433e-02 1.028648503441914e-01
1.122390926139793e-01 -3.054872344719520e-02

207
-2.471188705530931e-01 2.590444674351445e-01
3.575931941453299e-01 7.149759510075498e-02
-1.414521874623476e-01 -3.328374469530371e-01
-6.401561209231761e-02 -1.789993594945400e-01
1.960201046206689e-01 3.793957410913010e-02

208
-1.122949663892487e-02 8.786856958108129e-02
3.745957163090370e-01 1.974745156664232e-01
-1.325537286422701e-01 -4.610020218050504e-01
-9.087539693631511e-02 -5.553333882593690e-02
-1.717382294647517e-02 6.371154674825884e-02

209
2.410500480790060e-01 -4.763152822715828e-02
4.617934430576545e-01 3.239859028411542e-01
-1.224880298423284e-02 -4.327974560613142e-01
-1.753503779450236e-02 -1.814130211363267e-01
1.064868594898325e-01 2.274279155111465e-01

210
-1.112625237830952e-03 8.896816376657095e-03
4.401916633614929e-01 2.549873052376295e-01
-4.315645331435657e-05 -5.095177302972815e-01
-8.165572802212692e-02 -7.582706184913059e-02
1.171177087712027e-01 -4.064352117317016e-02

211
-7.500421045095292e-02 5.962373684815055e-02
1.750383654510837e-01 3.208809527988106e-01
-3.086764859305655e-01 -4.281412273542257e-01
1.885124641252461e-02 1.384663875900179e-02
4.578468230287373e-02 5.588818077181822e-02

212
-9.102761389541143e-03 1.535192443113980e-03
5.421905680244657e-01 2.365552353709972e-01
-6.543292386730123e-02 -5.876004616167915e-01
1.183856255378717e-01 -5.243822758121271e-02
-2.969850635095178e-02 1.242412891506573e-01

213
-4.732366981702129e-03 1.496013955739394e-01
5.267372954140822e-01 -9.223605208115144e-03
-7.428812453488577e-02 -8.255872493558218e-01
7.467259020500544e-02 -6.886417688826942e-02
-1.750332681309580e-01 -9.410456465899298e-04

214
-5.630342114753430e-03 -4.412859545049700e-03
6.051140752707773e-01 3.326489483814230e-01
-1.478900957987109e-02 -6.898771345255393e-01
1.433867325497930e-01 -4.836028980792702e-02
-9.453424975804323e-02 -9.271361920509336e-02

215
3.354111313035734e-03 5.566251184647152e-03
1.576843542143715e-01 -1.447150306785358e-01
-1.556351565809960e-01 1.481104854389879e-01
-1.107479425187796e+00 -1.774287415728499e+00
1.663900361727385e+00 -4.646689576265671e-01

216
-1.326058180555297e-01 2.196421813912283e-02
6.084959953489953e-01 3.333332019267450e-01
1.212958955924931e-01 -5.538249728600526e-01
8.745452532807889e-03 1.782514053016498e-01
-9.458997558695927e-02 -1.110652454795576e-01

217
-4.838488014184954e-01 2.871408678657058e-01
4.978331539797872e-01 2.937909258096683e-01
-3.835081833725135e-02 -5.805254500213848e-01
2.692270155957439e-01 1.483926187629950e-01
-1.010601877633472e-02 -3.094629013025004e-01

218
-1.206606722283189e-01 -5.175942682570889e-02
-5.136965342748412e-02 2.392377311393007e-02
2.759443471203576e-04 -5.155544492739397e-02
-2.129944629997279e-02 3.038821205367041e-02
1.006913163704419e+00 7.305418859442637e-01

219
-1.012516036624337e-01 5.592911944103697e-02
1.906187709918997e-01 2.048226987041601e-01
-2.765023099531933e-01 -5.822371402271458e-01
4.120131394720900e-02 6.939421822967025e-02
2.218959537875927e-02 2.886082088338056e-02

220
8.733086790772017e-02 9.913479697038119e-02
9.147867731825582e-02 -1.389990593145564e-02
-1.966693760591216e-02 8.833768413559741e-02
-1.589051434482107e-02 3.992003334514698e-02
5.981070848254690e-01 1.086260291867907e+00

221
4.543795972065139e-03 3.996200721570272e-03
4.837594298908304e-01 3.245324437956530e-01
3.913665844210705e-02 -5.806381329450827e-01
-3.668948609932775e-02 1.223599005182530e-01
-8.886804896389773e-02 -7.649961559655259e-02

222
-1.440556082242719e-03 1.715104878330414e-03
1.245418154473452e-02 -8.443412405829871e-02
-1.333496329639632e-02 8.549733180096497e-02
-7.890415268242821e-01 -2.824285665606753e-01
7.889963058036032e-01 2.824825273870985e-01

223
6.682893922402929e-02 3.923216302806670e-02
3.747705715685509e-01 3.632561570006833e-01
1.381082714254729e-01 -4.506106100291284e-01
-6.736070484121241e-02 1.247461936248041e-01
1.196654587834588e-01 -2.159134712776192e-02

224
-9.965220092062060e-01 9.814955817198513e-02
1.225164791311615e+00 5.659979695457819e-01
-1.551471458577963e+00 5.189358782194908e-01
2.461870020854748e-01 -2.016388036873419e+00
-5.203388865536492e-02 7.073797865601357e-02

225
-4.646554287327290e-02 -5.015236261572612e-01
-1.416126916385905e+00 1.040611969623686e+00
-2.531006503429725e+00 -5.661498259585850e-01
5.367464998105044e-01 -5.066441569029623e-02
-1.955076201388897e-01 1.632300671939140e-01

226
-1.740935295697196e-01 4.594317530349253e-03
1.604679198399602e-01 4.474410182778573e-01
-6.813803487555160e-01 -1.632536150070526e-01
-2.831272732702680e-02 -2.063004310130484e-01
-5.281176864471562e-02 1.560344312348988e-01

227
-8.538459123559434e-01 -1.411917732027189e+00
-2.634607049151206e+00 5.184427820697519e+00
-6.494899540438560e+00 2.629160007612209e+00
1.488678774846334e+00 -9.027939130532324e-01
-1.045958527471236e+00 3.606705282784561e-01

228
-1.685994249017183e-01 2.576229430308403e-03
-2.064857851452307e-01 4.688797175648455e-01
-7.047524660653347e-01 -4.307191479418214e-01
-6.752654271465698e-02 5.937929713816541e-02
1.727464065098389e-02 -1.929559942640673e-01

229
2.581657054037973e-03 5.225053289139754e-04
-4.428502849489684e-02 -6.923207795589592e-02
4.586335308618295e-02 6.954256806626422e-02
-7.485893830476045e-01 3.010401869880832e-01
4.128486223682379e-01 5.231662916954136e-01

230
9.241653839296093e-02 1.080501320812834e-01
9.495964369964291e-02 -1.289934399156622e-02
-1.910149922879603e-02 9.527629722605929e-02
4.506786201946900e-02 -1.368000994685922e-02
6.630045843164741e-01 1.123122846950878e+00

231
-1.483090727455008e-02 -9.067596480750680e-02
8.048306237203194e-02 7.292507022097584e-01
-6.327925249831250e-01 -2.479629361747835e-01
1.841949932913533e-01 -5.408668746639408e-03
-9.497848790189097e-02 1.433485312852240e-01

232
4.093541353317235e-02 1.693138445587727e-02
1.249737740714891e-01 -7.984715003256319e-02
-9.753400432003938e-02 8.962438334692138e-02
1.683768053902030e-02 -3.570453021581188e-02
6.596354578902777e-01 1.211807281281200e+00

233
2.721779936575875e-01 -2.061185740149855e-01
-4.139253633982924e-01 -6.983905223852050e-01
-7.377042149859845e-01 -1.540143661125141e+00
-5.577184313042426e-02 -9.519276511057893e-02
1.966876241926089e-01 2.892872362549367e-01

234
-9.188656395432969e-03 5.940550948257404e-03
5.781009943995605e-02 6.290902673793675e-01
-5.747189757626679e-01 -2.648992856438555e-01
1.388033561864394e-01 -6.206474937207030e-03
-8.103599392067518e-02 1.244283473309916e-01

235
7.529426167759305e-02 1.607114273941684e-01
4.041107236778175e-01 -1.542836856487204e-01
9.861979069661639e-02 -9.782888848256123e-01
6.560897369865450e-02 -5.280073167528389e-02
9.832441098491788e-02 -4.016975640978016e-02

236
-1.995880168229522e-01 -3.676429009400232e-02
-9.753087934303105e-02 4.305303515591931e-01
-5.666095005512292e-01 -5.106114846608119e-01
-5.689300263195942e-02 1.256812168625031e-01
3.233824836170980e-02 -2.251677756878566e-01

237
9.543006584642504e-02 -3.269181039544956e-01
-8.372944688307524e-01 1.968665976644761e-01
-1.219343816087803e+00 -6.593096019706646e-01
-2.235203746439237e-01 -9.026226801331774e-02
3.340500980679272e-01 9.846345468515175e-02

238
-4.189162979533085e-01 4.209949137318489e-01
4.377452121431301e-01 2.612413424997282e-01
6.014060840962133e-03 -4.863777665876691e-01
2.594311240286537e-01 1.079942201508617e-01
3.869677814415201e-02 -2.391367006880123e-01

239
6.967992391462886e-02 1.496958382050015e-01
4.452706676902763e-01 -1.067128583639115e-01
9.821724775946385e-02 -9.129002809883272e-01
6.762835459129155e-02 -7.282824380357232e-02
8.889563235353404e-02 -1.327034457645233e-02

