4 4

13
1 1 0 0 1 0
1 0 3 0 -1520818255328993/200000000000000 0
1 0 2 0 -1742912798503989/1000000000000000 0
1 0 1 0 -850665276916487/250000000000000 0
1 0 0 0 -877351112146109/500000000000000 0
0 1 3 0 -1520818255328993/200000000000000 0
0 1 2 0 -1742912798503989/1000000000000000 0
0 1 1 0 -850665276916487/250000000000000 0
0 1 0 0 -877351112146109/500000000000000 0
0 0 3 0 1669314367866801/250000000000000 0
0 0 2 0 600038624890477/50000000000000 0
0 0 1 0 6646112651283/1600000000000 0
0 0 0 0 -43293186716017/40000000000000 0

18
1 0 2 0 -1520818255328993/200000000000000 0
1 0 1 1 -1520818255328993/200000000000000 0
1 0 1 0 -1742912798503989/1000000000000000 0
1 0 0 2 -1520818255328993/200000000000000 0
1 0 0 1 -1742912798503989/1000000000000000 0
1 0 0 0 -850665276916487/250000000000000 0
0 1 2 0 -1520818255328993/200000000000000 0
0 1 1 1 -1520818255328993/200000000000000 0
0 1 1 0 -1742912798503989/1000000000000000 0
0 1 0 2 -1520818255328993/200000000000000 0
0 1 0 1 -1742912798503989/1000000000000000 0
0 1 0 0 -850665276916487/250000000000000 0
0 0 2 0 1669314367866801/250000000000000 0
0 0 1 1 1669314367866801/250000000000000 0
0 0 1 0 600038624890477/50000000000000 0
0 0 0 2 1669314367866801/250000000000000 0
0 0 0 1 600038624890477/50000000000000 0
0 0 0 0 6646112651283/1600000000000 0

18
2 1 0 0 1 0
2 0 3 0 -1520818255328993/200000000000000 0
2 0 2 0 -1742912798503989/1000000000000000 0
2 0 1 0 -850665276916487/250000000000000 0
2 0 0 0 -877351112146109/500000000000000 0
1 2 0 0 1 0
1 1 3 0 -1520818255328993/200000000000000 0
1 1 2 0 -1742912798503989/1000000000000000 0
1 1 1 0 -850665276916487/250000000000000 0
1 1 0 0 -877351112146109/500000000000000 0
0 2 3 0 -1520818255328993/200000000000000 0
0 2 2 0 -1742912798503989/1000000000000000 0
0 2 1 0 -850665276916487/250000000000000 0
0 2 0 0 -877351112146109/500000000000000 0
0 0 3 0 1768629313279203/200000000000000 0
0 0 2 0 1786877760942853/500000000000000 0
0 0 1 0 2307957288412183/1000000000000000 0
0 0 0 0 2645862058312393/1000000000000000 0

24
2 0 2 0 -1520818255328993/200000000000000 0
2 0 1 1 -1520818255328993/200000000000000 0
2 0 1 0 -1742912798503989/1000000000000000 0
2 0 0 2 -1520818255328993/200000000000000 0
2 0 0 1 -1742912798503989/1000000000000000 0
2 0 0 0 -850665276916487/250000000000000 0
1 1 2 0 -1520818255328993/200000000000000 0
1 1 1 1 -1520818255328993/200000000000000 0
1 1 1 0 -1742912798503989/1000000000000000 0
1 1 0 2 -1520818255328993/200000000000000 0
1 1 0 1 -1742912798503989/1000000000000000 0
1 1 0 0 -850665276916487/250000000000000 0
0 2 2 0 -1520818255328993/200000000000000 0
0 2 1 1 -1520818255328993/200000000000000 0
0 2 1 0 -1742912798503989/1000000000000000 0
0 2 0 2 -1520818255328993/200000000000000 0
0 2 0 1 -1742912798503989/1000000000000000 0
0 2 0 0 -850665276916487/250000000000000 0
0 0 2 0 1768629313279203/200000000000000 0
0 0 1 1 1768629313279203/200000000000000 0
0 0 1 0 1786877760942853/500000000000000 0
0 0 0 2 1768629313279203/200000000000000 0
0 0 0 1 1786877760942853/500000000000000 0
0 0 0 0 2307957288412183/1000000000000000 0

