0
4.464656462765440e-02 1.643692728396844e-01
3.909655385697373e-01 2.874213381983777e-01
-1.795805114911903e-01 5.946080761257434e-01
4.761006187600658e-02 1.279708756114724e-02
-1.200889825329738e-01 1.904680550183509e-02

1
2.249177265788465e-01 9.362238822219152e-02
3.460192915473218e-01 2.150453508448800e-02
-7.065801964646792e-02 2.150464224407480e-01
3.756626179710704e-01 -1.712873955239209e-01
-1.349357605471748e-01 -3.201152763549267e-02

2
1.280644544489470e+00 1.503587593738170e+00
2.416529817946704e-01 1.821971111287017e-01
1.210104375209300e+00 1.461767054504141e+00
8.718224977956518e-01 1.005407829948175e+00
-7.443428336958487e-01 -8.883883596600833e-01

3
1.785959106436889e-01 1.068082879313031e-01
2.802431113767276e-01 5.149611089943024e-02
-6.924891697238271e-02 1.738981880046220e-01
3.418852682773024e-01 -7.719924055228645e-02
1.031008790001791e-01 1.178093144831215e-01

4
1.226756144973019e-01 -2.522203170567145e-01
1.114151375725487e+00 -1.131533456019718e+00
-1.343294171902564e+00 -4.349798869051596e-01
4.233955193967704e-01 1.808386129274000e-01
-8.232722425106279e-02 -4.152168568182373e-01

5
2.604461719539830e-01 -6.852787193655687e-01
3.067139723220855e-01 -6.764450488180521e-01
-1.084570343792870e-01 5.587694470093647e-01
1.369099881698017e-01 -2.329964119283950e-01
-1.594220927551189e+00 1.426205246163507e+00

6
1.590907502083165e-01 3.026660018863399e-01
-3.076969848982019e-01 8.229744427302509e-01
-3.749059845744780e-01 1.409205554879683e+00
-1.266347199707375e-01 1.708497037442323e-01
-1.443784202523247e-01 -1.068631017920354e-01

7
-4.150653017160842e-01 4.037507112658733e-01
-1.514600960322531e+00 -2.219095685897734e-01
-1.497613011067787e+00 1.505251530521479e+00
-2.993591295196669e-01 -1.046515734170641e-01
3.105258781758897e-01 3.283540139845222e-01

8
-1.650689969405720e-02 2.090611570620129e-01
3.717338090617950e-01 5.324058925524378e-01
-2.160358527560217e-01 5.067893241257042e-01
-1.343479626237027e-01 -1.133548249183642e-02
1.174622973622421e-01 1.296896019608263e-02

9
5.346987553198081e-02 1.239564612842480e-01
4.107680406749455e-01 4.019251518673100e-01
-4.642374295190819e-01 3.184791075582858e-01
-1.300042530745126e-01 -3.334652002300167e-02
1.140613107675428e-01 -9.253716983541396e-02

10
5.421913948845133e-01 9.489578732137862e-01
6.395656474857416e-01 6.638351761218652e-01
-5.039114025857513e-01 -9.702893799129313e-01
-1.241336025344030e+00 -7.794316687829301e-01
-2.919640065071228e-01 -7.560727138323977e-01

11
3.228474144630058e-03 1.335848089819996e-02
4.709542476005986e-01 2.713389749869713e-01
-4.710674327770414e-01 2.738766877148286e-01
-1.327724077706170e-01 1.281926128056643e-03
7.651734016550740e-02 1.284507252281006e-01

12
-1.372754897703566e+00 -3.517016512278862e-01
-1.437489336272323e+00 -4.041940845859604e+00
-3.595295552662928e+00 3.261666773495991e-01
3.140262927271989e-01 -6.691170909025522e-01
-1.362260997853006e-01 9.493245954639720e-01

13
3.215431650172239e-01 -3.781647302934483e-01
2.036840207441541e+00 -6.360479881106576e-02
-3.652853048176468e-01 -1.902996464802875e+00
-4.694119389603874e-01 -9.725779939624310e-02
2.330655190749310e-01 4.346147146450619e-01

14
8.184262310979233e-03 -2.413156624250572e-02
9.525909572770876e-01 -4.819001433404952e-01
-8.918112584040226e-01 -5.870721491966158e-01
-2.488885623857331e-01 7.889649693223233e-02
1.967934611209237e-01 2.107198922916709e-01

15
4.168780647800988e-02 1.947986787828300e-01
2.394397623234489e-02 2.167960561737153e-01
-7.784428015026515e-03 -1.000059027099542e-02
-2.563205910575298e-02 -1.186929110220456e-01
4.538430342726466e-01 6.202113561905667e-01

16
1.252823213429427e-03 -2.175322853574314e-03
5.782943894341921e-02 2.351857764459980e-02
-5.695899519465891e-02 -2.503253056738293e-02
3.283181273908008e-01 -4.059733587922825e-01
2.453876011989753e-01 3.547664004581247e-01

17
6.013841240897037e-01 3.829085753822879e-02
5.961130199472033e-01 3.317723659699115e-02
5.164995931348377e-02 8.916987507126876e-03
3.994899813390882e-01 2.551119041257459e-02
-3.627810911580652e-01 -1.993034040063976e-02

18
-9.693604771327123e-02 2.454597369135177e-01
1.737982951171926e-01 6.986981636783203e-01
-2.593677556674909e-02 1.106184125684231e+00
1.079117242445568e-01 1.009422184179469e-01
9.195292855390011e-02 -7.058758438353076e-02

19
1.706098615543763e-01 2.684139175317115e-01
2.612629164651375e-01 1.452113103756031e-01
-4.307371281031531e-02 2.428584676029206e-01
1.173354553038224e-01 2.602138561149310e-01
3.662529130340221e-01 3.608108721642984e-01

20
1.582453661335310e-01 2.050128683937286e-01
7.261253483732373e-02 -2.959791430183557e-02
1.388935940190468e-01 2.295616508032649e-01
1.223029148402983e-01 1.211174195959311e-01
1.608728068995639e-01 7.780046500905117e-01

21
4.535590895502136e-03 -7.449104201896550e-03
5.865133587030757e-01 8.033202196186409e-02
-3.634132773785048e-01 4.674862173848753e-01
1.142814409349963e-01 8.647973285678673e-02
-1.118621412738269e-01 4.875555836039072e-02

22
-1.271611625679080e-02 4.129265369063773e-03
6.398622467989340e-01 1.787545666430697e-01
-4.741870645418730e-01 4.638302180559378e-01
1.143022146566449e-01 1.140761325876694e-01
1.888981072923620e-02 -1.509572009278233e-01

23
1.119099364305050e-01 3.213046224948410e-02
5.869260339794958e-01 2.741729389070061e-01
-4.467383784131240e-01 3.854428508181791e-01
9.329358845556870e-02 1.300895425228053e-01
5.543570458676635e-02 -1.714345295984517e-01

24
4.345666697681851e-01 -1.461120522384690e-01
3.415805273915258e-01 -1.506799733931160e-01
-4.155057834543003e-01 1.277096894776852e-01
9.379697826615874e-02 -4.937521106201279e-02
-5.210346985436752e-01 3.211216244123413e-01

25
1.487774819529938e-01 -5.283855202905179e-02
2.852202021180418e-01 1.441936682428242e-01
-5.625676034685119e-01 4.320368292731799e-01
6.988590358392117e-02 6.287528698906508e-02
-5.083429426408775e-02 6.765066377370525e-02

26
8.893682300977147e-02 -6.662945402635767e-02
6.108274167459117e-01 1.087153286340361e-01
-3.720979197692457e-01 3.766715399180672e-01
1.206200367656759e-01 9.017823585684874e-02
-1.288613853068766e-01 6.255396647752146e-02

27
1.949396281657971e-01 5.064563156492003e-02
2.604416138059644e-01 3.798592164874204e-01
-5.722054792199132e-01 5.482877443118828e-01
3.534991805944687e-02 1.234262339582173e-01
4.802220929944848e-02 -1.609254999925129e-01

28
2.102773773845335e-01 2.540909081503669e-03
-1.410217309182543e-02 -5.722402483868811e-02
-9.131322350957856e-01 1.956900947311769e-01
-1.254311439212831e-01 -7.649290760350101e-03
4.313972699116145e-02 1.658394911894070e-01

29
3.239501718008043e-01 4.846114547993867e-01
3.139101322661604e-01 2.751901123882487e-01
-3.266728732401621e-01 -4.745599911200009e-01
-5.424853119900274e-01 -3.333298179176004e-01
7.507190811208728e-02 5.040242812811987e-02

30
-1.415287397712226e-01 -1.460421612970931e-01
-8.816124633140413e-02 -3.534749825113485e-02
2.364981497547422e-02 -4.686500821345333e-02
8.402736290563621e-02 8.575138906218073e-02
7.288369411866047e-01 1.429871765764677e+00

31
-6.583550676013753e-01 1.821286495902315e-01
2.492466362161272e-01 6.115746889603082e-01
-1.022601703667138e+00 1.992958974585275e-02
-9.470907445817448e-01 -7.848024063954481e-01
3.777969775691324e-01 -7.808220697504351e-02

32
1.558704293655919e-01 8.052986405616894e-02
2.205805562897059e-01 1.680682224985018e-01
-2.128447246854047e-01 3.394475243072440e-02
1.293081832187686e-01 -2.975487432799285e-01
4.986689003197944e-02 8.218820975204148e-02

33
1.249652237296661e-02 1.871899186948382e-01
2.513550668684536e-02 -1.745080192530238e-02
-5.452365629385806e-01 5.767924233808827e-01
-4.923731089217480e-03 -1.121690177232144e-01
-1.390276238947608e-01 5.079245536190088e-02

34
3.356149231695688e-01 1.949375298906335e-01
2.354571808888462e-01 2.687143960730476e-01
-3.600872912955501e-01 -1.759861014443473e-01
-2.043125990767074e-01 -5.091684055658710e-01
-2.557832436660302e-01 -1.156291178395110e-01

35
-1.134242719843218e-03 2.236366350921289e-03
5.700483290627727e-02 2.462771319961209e-02
-5.778006518474962e-02 -2.310392309930905e-02
3.248177538298480e-01 -4.065967490572674e-01
2.465750218723086e-01 3.520345883170225e-01

36
1.104024307204672e-01 -7.555309469426133e-02
7.161931719437828e-01 -2.399571544709835e-01
-4.661730717661968e-01 -4.855624231893329e-01
6.855515911389064e-02 -1.792765514078371e-01
1.210049939561443e-01 1.762465197059188e-01

37
1.132619985418144e-01 6.611911284729836e-02
3.694107563498308e-01 -1.087499757990616e-01
-4.781609901801841e-01 1.300534987763676e-01
6.985809983537501e-02 -6.143717457162535e-02
-3.462467573908094e-02 9.679739253542516e-02

38
9.032830793256622e-02 9.945740133895269e-02
3.584612332912999e-01 2.033092803672020e-02
-5.118230132516212e-01 3.332552774043782e-01
9.334754868327583e-02 -1.929512021730057e-02
-2.978180488498273e-02 -8.402423648045361e-02

39
-6.850120273181999e-02 1.286639682789241e-03
-1.546467081963509e-01 1.335169936681673e-01
1.095769864926948e-01 -1.364464534974963e-01
-1.737873809281191e-02 5.247301658559742e-02
8.313260734591306e-01 1.360360981484888e+00

40
5.661142764295594e-01 1.675716645382738e-01
3.239699694756475e-01 4.334509914452561e-01
4.925106273147321e-01 -1.962417497289774e-01
6.588044950683817e-01 2.188610525708343e-01
6.803433593025238e-01 1.936708685945026e-01

41
2.049990822365631e-01 1.128845780749691e-01
1.990640495307544e-01 1.428687602348831e-01
5.085049711867880e-02 -5.505408039609375e-02
1.487000925559329e-01 5.579336379664696e-02
3.926455035028050e-01 5.842129172714087e-01

42
4.036430493686941e-01 -4.016608906698929e-01
5.104522246191812e-01 -1.027391777877746e-01
4.727112741028580e-02 -4.765595339488580e-01
6.478573906665656e-01 -5.272402905982659e-01
-2.336572214073715e-01 2.245195607387843e-01

43
8.063418243240876e-03 -7.733152986576492e-03
5.998111388115874e-01 -5.604305523436637e-01
-7.844614400488632e-01 -2.385444492047046e-01
-1.284103805110370e-02 -1.987141637719250e-01
-1.512172321035449e-01 8.575107033508257e-02

44
2.995781141929377e-02 1.765896957668934e-02
1.071331379424416e-01 -4.952634127019694e-02
-8.469363672574262e-02 6.126145283841727e-02
-7.213826652523935e-03 2.820366368570001e-02
2.514610353698242e-01 9.258183951755374e-01

45
-4.559109512948229e-01 1.654586663305832e-02
-9.630596646214051e-01 1.028767884386174e+00
-5.581965191843182e-01 1.753748912191275e+00
-3.330378035047373e-02 -3.778060232103876e-01
2.385693964672235e-01 1.126542285613670e-01

46
3.760398963991547e-03 1.561870597410971e-01
3.306341239730299e-01 4.070796986582592e-01
-3.179347899051373e-01 5.197082213468490e-01
-1.102235145251597e-01 -1.905031899689239e-02
2.170028079370868e-02 3.565251475665539e-02

47
-1.070217335073183e+00 -5.980686358629532e-01
-3.541016494552587e+00 1.025969267758407e+00
-1.536097376494220e+00 4.656509421303253e+00
4.684065084016965e-01 -9.545516008581625e-01
-7.278520882955167e-01 3.963598493370776e-01

48
1.071709631289497e-01 9.498929941976671e-02
1.199394328375643e-01 5.470906778970979e-02
-1.013400018983508e-02 1.420528367648250e-02
-6.432694018882378e-02 -5.542774050342381e-02
1.632450210326465e-01 8.145119901025565e-01

49
-3.586457034307052e-01 -1.657070622386677e-01
5.464155966797219e-02 1.327388901655945e-01
-1.116486344452164e+00 1.299599229982929e+00
2.165389746413964e-01 1.103953231074202e-01
5.544699634856742e-02 -3.151710930910811e-01

50
-9.088048703287119e-02 1.521220279152557e-01
1.932234747988515e-01 4.231659958815541e-01
-1.349734476569078e-01 7.455830525999237e-01
8.086475737048907e-02 -4.736137477275018e-02
5.649934225107916e-02 9.145004037447836e-02

51
3.032094782757018e-01 2.924318764486943e-01
3.227264756030049e-01 2.779474165030559e-01
-2.167545293126621e-01 -2.447089477843746e-01
-2.084578400746614e-01 -2.105765357558367e-01
1.153395300104521e-01 9.104588750773725e-02

52
2.189558975367648e-01 7.155773389983607e-02
1.304074235136957e+00 -4.033081991795495e-02
-7.037259885224886e-01 -9.195417035609146e-01
-3.184092798440054e-01 -5.812354418710607e-02
2.123667895328588e-01 -2.684946833157366e-01

53
2.656053118466209e-01 2.219421251150142e-01
1.566556093054526e-01 2.384275578038489e-01
-2.712646341874155e-01 -2.171305736904065e-01
-1.507099307925089e-01 -4.136443310467313e-01
2.049083025804952e-02 7.514615130068214e-02

54
3.521123377494368e-01 -6.252499686828467e-01
3.781432820802181e-01 -6.215000470566280e-01
-2.871650754561696e-01 4.687970290369463e-01
-2.525269056280334e-01 4.391205089836306e-01
-1.139102056001949e+00 1.944729650198744e+00

55
2.553329314614207e-01 -3.998519344741454e-01
-1.603998579707819e-01 -2.858547772797501e-02
-1.954679574840282e+00 8.301975798067507e-01
-1.670276221342070e-01 2.337897802101490e-01
-2.429594658030921e-01 -2.910031808626395e-01

56
3.777582876253351e-02 1.159843968531205e-02
1.100283281294772e-01 -4.454895527052518e-02
-8.208850697460533e-02 5.082655898131466e-02
1.897120634373293e-02 -2.596663290687011e-02
2.152334487662828e-01 8.647558712544073e-01

57
4.226203623402915e-01 -2.253960529524766e-01
5.706694712686402e-01 -9.874628963262003e-01
-1.121354738539461e+00 -1.441342720492100e+00
3.633582943037754e-03 -2.889514175726965e-01
1.927118478895109e-01 3.386449297564899e-01

58
4.819774798467446e-01 -4.152092371886541e-02
4.596316936029447e-01 -5.624095173396344e-02
-3.955861802672500e-01 2.149989561127027e-02
1.559920523002228e-01 -2.345322762212445e-02
-3.572856349978066e-01 3.032074899844576e-02

59
2.396769719565502e-01 -1.380627680860989e-01
2.285594250118639e-01 -5.472297327062869e-01
-1.217790079372999e+00 -1.909882576746225e-01
-1.925953072466115e-03 -1.561809230954690e-01
-1.490941373132513e-01 -1.701849122199294e-02

60
3.912253245023291e-01 4.572229583734412e-01
-4.655450628128554e-03 4.595712195204625e-01
5.160387258833219e-01 2.022082159657636e-01
2.891753481149258e-01 4.539300409464038e-01
7.841633930626127e-01 6.084516068825792e-01

61
-2.537066867931739e-01 3.632468151091139e-01
-4.024993120170111e-01 -1.237429966248566e+00
-1.315618021546200e+00 1.500574707484739e+00
3.146174632177138e-01 3.722625189031687e-01
-4.488985665974413e-01 -3.152917088255652e-02

62
4.598073454401141e-03 -1.523431128600897e-02
6.267070069534662e-01 -3.684048961445996e-01
-6.312588797584641e-01 -3.597354199850594e-01
2.731008276026654e-02 -1.744011115729062e-01
1.197454066298683e-01 1.305930443571979e-01

63
1.510846997969285e-03 -4.638287753736974e-03
1.099752443074913e-01 -4.210999525695502e-02
-1.089086938563493e-01 3.888769539288466e-02
-7.212708900179100e-02 -9.746457353312814e-01
-7.558203777471524e-01 2.840281399961317e-01

64
1.315609710581037e-01 -2.170974817611706e-02
6.706772977253794e-01 -3.900406120341335e-01
-6.078875503338965e-01 -2.776377120234666e-01
4.198961724049106e-02 -1.856332563917577e-01
-1.745771707994033e-01 4.453708035827528e-02

65
-5.084934092051242e-01 5.298382566845103e-01
-6.870954783767129e-01 -2.178770237114826e+00
-3.334679846449477e+00 1.005589130638130e-01
-5.872350038936227e-01 -1.086341302953334e-01
2.289512977389441e-01 -5.189493521026399e-01

66
-3.700064570279780e-01 -1.563275589210927e-01
2.997386346437396e-01 7.082542962987094e-02
-3.639002071122195e-01 -1.796599991974478e-01
-1.228923349499477e-01 -7.783419005520530e-02
7.845237937751826e-01 9.054706568546727e-01

67
-2.959810468647057e-01 1.170892038731657e-02
1.594610204774970e-01 -9.139864434196903e-01
-1.303975489058836e+00 1.313588879745452e-02
-1.806553313759846e-01 -1.785522457246553e-01
-3.044406485477323e-03 3.120454568865002e-01

68
-2.763442728307076e-02 4.178013117394023e-03
6.051847262689477e-01 -1.045434051347389e+00
-1.208676444472966e+00 1.690987320498095e-03
2.906716719908718e-01 4.662408930986025e-02
-1.451343156115329e-01 -2.686992282119455e-01

69
6.107157351208758e-02 2.825335936545231e-01
-6.960262041803376e-01 2.292181127975206e-01
-6.603625202565805e-01 1.082007895081884e+00
-1.024473694022913e-01 -1.522640981929856e-01
-1.529955550552904e-01 1.359070793078605e-01

70
4.366077148926233e-03 -1.073525973172859e-02
3.748983795188753e-01 -7.754896771247951e-01
-8.578741010395553e-01 6.266100666199469e-02
2.083607776611581e-01 1.978093046797387e-02
-9.167412235946908e-02 1.658530653596209e-01

71
-1.891930894145974e-01 -1.553024426379850e-02
4.028490513905601e-01 -6.777839687309309e-01
-8.441862140535645e-01 3.345615996673104e-01
1.706608873750051e-01 2.979952491434298e-02
-9.867589782890980e-02 1.625149049034391e-01

72
-4.203049176912007e-02 4.163417138407146e-01
-2.547035748880827e-02 -1.941092943461159e-03
-3.080815212692316e-02 4.306565921038398e-01
2.486441713442631e-02 -2.478214403736934e-01
-3.392100145811429e-02 2.635033135906895e-01

73
7.171123382023569e-03 1.491650420680150e-03
-1.586886286454543e-01 7.969781737030143e-02
1.636019360465430e-01 -7.862800373290070e-02
-2.646111229866041e-01 -1.478967289997099e+00
-1.110561752107039e+00 5.537729940773600e-01

74
1.282612493150724e-01 3.371823151225208e-01
-3.661342826055622e-01 -2.402088503518384e-01
1.052095219489444e-01 5.550602261047374e-01
6.002352867287325e-01 -2.824442489541859e-01
-4.529225733219157e-02 1.883133002173958e-01

75
-1.213662546795837e-01 -1.225282545028652e-01
2.014651972536086e-02 -4.038557705641036e-02
-7.562379002956132e-02 -2.877013396018339e-02
7.204312322537253e-02 7.197952437352235e-02
6.308580431712429e-01 1.207305902693010e+00

76
4.426895193569756e-01 1.444673518784329e-01
-7.323344986965820e-02 4.136174088413850e-01
6.417380151820520e-01 -2.200499264724562e-02
7.130769394054680e-01 -3.528698728761845e-01
2.792183596072067e-01 2.308350014948002e-01

77
2.710599593706360e-01 5.313008444955428e-01
-1.050283610297228e+00 1.659510024673211e+00
1.185728318926674e+00 1.960067805950814e+00
4.132660078641488e-01 -2.437176763670663e-01
-1.274033563344218e-01 2.658644150500055e-01

78
-2.106359307485324e-01 -2.840110066312410e-01
1.005980147578444e+00 -7.332527777189077e-01
-1.561822917919683e+00 -5.687236985754291e-01
-3.763713833197470e-01 1.688391950710654e-01
2.923754481286937e-01 2.250100735691736e-01

79
6.766213846175225e-01 9.667329570044905e-02
9.624602023412713e-01 1.947867455974129e+00
1.740129122035552e+00 -2.728226795142800e-01
2.111804321383214e-02 -4.603787243378818e-01
-1.035725721526680e-01 3.341057090225626e-01

80
-1.359868205667821e-03 -4.638552580408337e-02
9.662599381292827e-02 -7.694939721729951e-02
-9.820198933271869e-02 4.815991558110520e-02
3.455486499405903e-02 -1.257322208372231e-02
2.544615239194408e-01 9.598668117336441e-01

81
-5.714342792207887e-01 -5.892616211113840e-01
8.681954055334686e-01 -4.939857419119851e-02
-3.306467506129752e-01 6.818123130074809e-01
4.080646701970927e-01 -2.019637637933550e-01
-2.190631304602555e-01 3.424371885050519e-01

82
-6.000799363656566e-02 -9.451630311264936e-02
5.378930997810123e-01 2.321605554031593e-01
-3.644131493499621e-01 4.615887573656397e-01
8.770857546489645e-02 -1.200111195891368e-01
-1.468357137611442e-01 1.036601304881849e-02

83
6.860662205703122e-01 -1.026849392042484e-01
1.268529331441252e-01 6.219038143238081e-01
8.815838531054823e-01 -4.434320429797061e-01
6.739238953484878e-01 -1.003754492955170e+00
-3.996729229016007e-01 9.110713541102504e-02

84
4.849339964651672e-01 -1.169359035624405e+00
2.383451532976564e-01 -1.903832803755833e+00
-1.222516561261113e+00 1.003916034418457e+00
1.849507702549643e+00 1.210625621590621e+00
-4.391921032467232e-01 7.285718404493723e-01

85
8.548926760541363e-02 -1.491812540363072e-01
2.123019375774938e-01 6.040072477712155e-01
-2.291378383200315e-01 7.770363950561251e-01
1.579452990912519e-01 1.249087896263708e-02
-5.264077987072777e-02 1.287778647528402e-01

86
2.983720724455293e-01 -1.574776154874689e+00
8.989776053385834e-01 4.559502424869651e-01
-9.962636132379302e-01 9.915667240584743e-01
5.607347716641380e-01 2.794050373067027e-01
-8.878036174212560e-01 2.983139352159814e-01

87
3.688786517265788e-01 -1.549846494351050e-01
-3.816324116655859e-01 1.342974799288390e+00
-4.448075867289961e-01 1.663628940050207e+00
2.623688254805658e-01 2.289507818844508e-01
-6.215304347127936e-02 -3.699101362350652e-01

88
1.836023733107476e-01 -7.427403313871729e-02
-1.886604216055022e-02 4.625936651517552e-01
-7.456104505707308e-01 5.452912140220481e-01
-1.239857346904813e-01 7.973807332591180e-02
1.263587335117552e-01 1.142123200363151e-01

89
9.863497057510899e-01 2.443031583494966e-01
3.425315180376501e-02 -2.751014917409091e-03
-7.668359238718919e-01 -1.570547735214489e-01
-3.140277045462711e-01 9.693594625475740e-02
-5.050127712491207e-01 -1.505206098306562e-02

90
2.305634849827412e-02 -2.333245125484769e-01
5.130070462606071e-01 4.561903697882330e-01
-6.622519798389319e-01 8.958273515797860e-01
1.377650831938513e-02 1.990340420481633e-01
-2.235339877462312e-01 -8.303240365242745e-02

91
1.551357433861137e-01 2.059894874744544e-01
-4.848562276283305e-01 3.091674505730263e-01
-9.241780997240134e-01 6.283842217944803e-01
-1.351941270669519e-01 -1.054644665132853e-01
1.993484656169907e-01 -1.044847933915545e-01

92
-1.501821288757134e-02 1.892588853745244e-01
-4.810220700631378e-02 2.530621770125686e-01
-6.918535978774171e-03 -8.945261403524334e-02
7.695671121229855e-03 -1.254672576188562e-01
6.909526543287755e-01 6.672849687930591e-01

93
1.220208004768115e-03 1.975138000314847e-01
-3.576793236805761e-02 -1.024741640763741e-01
-6.174689477905597e-01 5.823392124275900e-01
-4.291791892226877e-03 -1.263621342703148e-01
-1.506271445259944e-01 5.179744104528959e-02

94
5.014655309936052e-02 -1.211334180357044e-01
5.585009267203608e-01 1.685028221792805e-01
-5.324947231836014e-01 2.372794905794575e-01
-6.697896998909028e-03 -7.803418623441920e-02
-1.033914474069354e-01 2.953518669895467e-02

95
7.707979489519445e-02 1.633138901138783e-01
2.670781573320123e-02 -2.458587690948957e-02
-7.475986806994743e-01 2.546820729080678e-01
-4.276305878613552e-02 -9.855894187611955e-02
1.385146309010583e-01 -2.099018074608685e-02

96
1.273144817115900e-01 -1.106570206610658e-01
3.418505235320973e-01 2.073260367618676e-01
-6.513647181306017e-01 1.591577725173854e-01
-9.514545268929629e-02 -1.047556712576684e-01
-1.639440224989981e-02 9.451528132177786e-02

97
1.297431008999417e-01 2.258912235085671e-02
1.334374677285619e-01 3.557877924625272e-01
-3.753012321648188e-01 3.941632605959923e-01
3.073100687441524e-02 -1.142165453937739e-01
3.655751084821984e-02 9.032050289457658e-02

98
1.536615321156583e-01 6.097865621910633e-02
6.672048804452155e-02 4.895591168095137e-01
-2.737901583851594e-01 6.385540512039048e-01
6.441495990957710e-02 -1.279427265278220e-01
-1.057836557942108e-01 2.337579786685324e-03

99
1.894667605931505e-01 6.956558529732934e-02
2.844273036156549e-01 1.644660924437440e-01
-2.439572025396755e-01 7.830528629015995e-02
1.117786887661936e-01 -3.449477605916278e-01
-1.352283270638513e-01 -2.497625070763341e-02

100
1.166333049653920e-03 -2.705430500898552e-03
1.921470441115638e-02 1.092806783124912e-01
-1.842188983266160e-02 -1.111500219989614e-01
9.302275471540519e-01 1.029733876652883e-01
1.363272131550914e+00 1.510174219783519e-01

101
7.198540048517031e-02 2.779662151453862e-02
3.664429615449084e-01 2.087807144923626e-01
-3.165823889943601e-01 2.142044834231142e-01
5.593226446553125e-02 -1.128063876710204e-01
5.231454835697678e-02 1.001413194412085e-01

102
-2.728246376866730e-01 2.371103997032837e-02
3.106343851118744e-01 1.346390283155281e-01
-3.883280123160509e-01 1.402345614352745e-01
5.521978146967251e-02 -4.818684804774638e-01
1.733084452608923e-01 1.534381515937687e-02

103
-5.440992574473290e-03 5.226344554627322e-03
4.911386210708613e-01 1.548747188239210e-01
-3.799580457821304e-01 3.471218903731892e-01
3.667008782366637e-02 -1.199519056760860e-01
-1.180057165902912e-01 1.091961445020397e-02

104
1.843124458290067e-02 6.143068229084202e-02
-9.972888894923598e-02 1.391420620181530e-01
1.128650712640725e-01 -9.242750029914529e-02
-4.200360772704964e-02 2.956556513830004e-02
6.333297178533384e-01 1.204919096061073e+00

105
-5.120561951350794e-02 -2.146077208413151e-01
3.288656386525499e-01 -3.886571357415163e-01
-9.973819870610655e-01 2.765024202732998e-02
1.140807780120412e-01 -1.087987119059537e-01
8.805470269740139e-02 1.171890643863740e-01

106
1.234356094414984e-01 -4.419111042994729e-01
3.542843273096591e-01 -6.010009730236913e-01
-4.528218545819271e-01 -7.512413461187185e-02
7.666428820163906e-01 -2.532613868604225e-01
-1.131356799704318e-01 2.551776162560903e-01

107
3.789679440282737e-02 -2.349011183828223e-01
5.087061450324613e-01 -2.394776908768281e-01
-8.805809417711904e-01 2.587612363572926e-01
1.634903453301570e-01 -3.829820666164050e-02
-1.857170867479246e-01 -5.837346736121677e-02

108
4.265681174761253e-02 2.146891105346167e-02
-1.112277433679974e-01 1.054234858267122e-01
1.429998315847446e-01 -9.126833559008520e-02
-2.807482569028505e-02 -1.398178465416457e-02
5.243496960626526e-01 1.258293142559054e+00

109
-1.016988158269925e-01 -1.976993461356180e-01
7.177441742363816e-01 -1.567520259252829e-01
-9.599121018570989e-01 2.046733861470185e-01
8.163112512071975e-02 1.149814541757849e-01
1.168266648170705e-01 -1.286239336857283e-01

110
-3.040377125268641e-02 -1.894475079332850e-02
8.941403444941813e-02 -7.000765422533398e-02
-1.085040611824504e-01 5.673635410075042e-02
1.968139079051446e-02 1.242329055090431e-02
3.199145664200208e-01 9.596256933915106e-01

111
7.114283527449257e-01 1.005139706605101e+00
-7.868265102740650e-02 2.018751088810241e-02
-4.795673508730953e-01 -7.845544720112411e-01
-4.687176249678501e-01 -5.142026588102228e-01
7.970577122348343e-02 -5.894264328942236e-01

112
-5.910720851211602e-04 2.508537518801995e-03
-7.753997299231441e-02 7.907728170745030e-03
7.713890524920688e-02 -6.194634826921101e-03
1.222091313083145e-01 -6.384947924978964e-01
-1.222393212761688e-01 6.386218856986250e-01

113
1.044878740907235e-01 -2.379428196963731e-02
4.706838311274489e-01 3.270940382451321e-01
-4.729013994667310e-01 1.766303929630942e-01
-1.440916268577694e-01 -1.026498853409613e-03
6.920690409726056e-02 1.330419082819994e-01

114
-2.328264384333732e-03 -6.110588286116136e-04
1.634208320034237e-02 -1.042819347172823e-01
-1.793658477799525e-02 1.038642511012772e-01
7.976228778252898e-01 3.785351875637620e-01
1.169059836994158e+00 5.547932413543651e-01

115
8.628506706857936e-02 -1.461836891558274e-01
6.204854519767297e-01 3.589747308782219e-01
-7.333619062381980e-01 1.832164714509656e-01
-1.545353363149389e-01 1.556755639973591e-03
3.345679811266029e-02 -1.002369902526011e-01

116
2.841624883638922e-02 4.219355027001679e-02
-9.390254590393864e-02 1.167648372261687e-01
1.153924658502600e-01 -8.542430723318654e-02
3.979651350577251e-02 -1.295328847186887e-02
6.001413216020208e-01 1.120256549154679e+00

117
1.059585836203457e-01 -1.680602619978408e-01
5.633089566763346e-01 1.861538958603669e-01
-7.214641671838301e-01 -1.165993579519218e-01
-1.124262433105623e-01 -1.022943382561107e-01
1.344680063623565e-01 3.694751312847774e-02

118
-1.426466598614067e-02 -3.958120909742409e-02
9.954505148795864e-02 -7.502980643093043e-02
-1.082663156968972e-01 5.001867499872339e-02
-3.424507904593496e-02 2.448422926408915e-03
2.395115646494405e-01 1.023337001863341e+00

119
1.247012245524497e-01 -1.799244389821208e-01
4.753921991275715e-01 3.056099625094701e-01
-7.275856287658654e-01 3.283419750288222e-02
-1.363338226652997e-01 -8.574097941919988e-02
9.515454107625093e-02 3.143277888971287e-02

120
-3.234987813219174e-01 4.222921647182556e-02
1.494073263826973e+00 -1.118760822391717e+00
-1.705214088852850e+00 -4.255097542593394e-01
-3.244425834397063e-01 2.386202381264979e-01
-1.477355852963218e-02 -4.662173086917017e-01

121
-4.336060630165848e-02 -2.045926435584036e-02
1.715931477967156e+00 -9.093184135820727e-01
-1.651572248918109e+00 -1.028112443505546e+00
-4.442428937333999e-01 1.546394649145123e-01
8.126640960541186e-02 -5.227726975910165e-01

122
-1.202574051710977e+00 4.986228820135313e-01
1.007864473541524e+00 -4.039404290991978e-01
-1.120391837103675e+00 4.946830187981334e-01
-3.720326422470012e-01 1.663009419600446e-01
8.784056120625644e-01 -3.509477766691703e-01

123
-3.234423027583863e-01 2.142740090068088e-02
8.419760529685301e-01 -5.598124490106652e-01
-5.769384719920044e-01 -1.799953406562287e-01
1.378419360330727e-03 -2.017562586949379e-01
2.165105768565803e-02 1.864934473243489e-01

124
-1.392144092950754e-03 3.742513561540243e-02
9.183687637338767e-02 -4.985589350662430e-02
-9.351291103016757e-02 7.768787513209220e-02
-2.924512489167917e-02 8.597874454494085e-03
2.567201110123066e-01 9.211438628561882e-01

125
-7.874463796128158e-03 -5.807480236243566e-02
-1.270194611765280e-01 1.020588950679412e-01
1.208919057994443e-01 -1.386892890182571e-01
4.230658445521949e-02 -2.084449901836517e-02
6.590391337325308e-01 1.304810312437384e+00

126
-7.010679311014785e-02 1.598097903150408e-01
4.860449689737555e-01 -3.572414706117475e-02
-7.301197011787015e-01 2.328172447062090e-01
-1.515018338864627e-01 -2.048297436840358e-02
6.037489177736336e-02 -1.080849261288337e-01

127
-1.725979274635773e-01 1.099498795650848e-01
6.117004366637805e-01 1.576721329669168e-01
-2.697420152368607e-01 2.587729389810685e-01
-5.501238447715767e-02 -1.022060249643574e-01
7.887893800951805e-02 1.010704531319023e-01

128
-1.338468346314073e-01 4.041021877219194e-02
6.009449618838371e-01 -5.937538834950398e-01
-7.554194739725549e-01 -9.982954925359838e-02
-1.575776837548075e-02 -1.979477297009831e-01
-1.343733980645537e-01 1.014458067850457e-01

129
-3.166207382149635e-01 -1.996344031107753e-01
1.246138760356425e-01 1.205645045374459e-02
-1.204557830762918e+00 1.101362861401407e+00
1.984158481350895e-01 1.188833745054615e-01
8.055164598356841e-02 -2.881427137490677e-01

130
-3.503897785881905e-01 1.434501429032922e-01
3.568062121178261e-01 -1.288272424647136e-01
-2.586832798912886e-01 1.915704503948761e-01
3.219364811273249e-01 -3.999363974279116e-01
2.794389592696755e-01 -7.225497356701176e-02

131
-1.760212823695674e-01 9.328226430748728e-02
6.502945430711669e-02 -4.620281677042960e-02
-5.122889064324647e-01 6.823295974104028e-01
1.102805152916377e-01 -5.927026373844132e-02
2.833601441907115e-02 1.596539883175974e-01

132
-1.843971888907736e-01 3.775836251440056e-01
1.612147071368202e-01 -2.833702240297434e-01
-1.674746686156716e-01 3.917637302892095e-01
1.363017571051633e-01 -2.599048502356073e-01
-5.393953141784905e-02 1.402068568612658e-01

133
-6.244894429869319e-02 3.535328811600220e-01
5.317887824278208e-02 -3.582992049988631e-01
-1.374308038318832e-01 2.675353282226064e-01
3.088811867197210e-01 -3.513690447804694e-01
-5.643966668884676e-02 6.773958135728134e-02

134
-4.554574767095186e-01 -1.283741748584680e-01
3.502532057351926e-01 1.112912684285974e-01
-4.561498360604271e-01 -1.445804927349534e-01
3.180158648170359e-01 9.436335146696077e-02
1.383258185906917e+00 4.148261247533666e-01

135
-4.591737097686085e-03 7.481085189490008e-03
5.845210601938153e-01 6.885146803166618e-02
-3.524672832400627e-01 4.714960312917069e-01
1.156689193541076e-01 8.403891857405699e-02
-1.104209639075422e-01 4.948458097840887e-02

136
2.628717505740541e-03 1.762101439632626e-03
-6.293830897805693e-02 -3.634234829938991e-02
6.474113920804959e-02 3.757920007994395e-02
4.448189637421686e-01 -4.277814850061131e-01
2.354191476925217e-01 4.521938474485500e-01

137
-7.059903418539869e-01 4.038287789483072e-01
1.326773066175214e+00 -2.155450188268924e+00
-1.510948730385185e+00 2.131146000104794e-01
2.532681166433290e-01 3.966905635118734e-01
-2.192603776712687e-01 -4.574915117807886e-01

138
-2.213448439837726e-01 -7.779398914897627e-02
7.239576193490139e-01 -3.537810516317755e-01
-1.053117750643692e+00 1.187045957534138e-01
-1.352255608839877e-01 1.585757405389126e-01
1.631054713646317e-01 6.157938570770946e-02

139
-3.485600690129759e-02 -4.346638100748146e-03
9.098706657296818e-02 -6.868630956991953e-02
-1.140509283486266e-01 6.422023387462018e-02
-1.262768143816300e-02 2.584794087106156e-02
3.157004978402151e-01 9.762468545668206e-01

140
1.368329161755902e-01 9.333235049256926e-02
5.835254407666856e-01 -2.775820543821459e-01
-7.180467970062737e-01 -1.680849080921705e-01
-1.154371299399596e-01 4.069410672258953e-02
3.590684114013892e-02 8.030998540269808e-02

141
-1.207824165463470e+00 -5.825852206628064e-01
1.133897422326054e+00 5.850419393252003e-01
-1.024714432948067e+00 -3.812485610473711e-01
-3.029062454820060e-01 -9.011631181639101e-02
1.785913902617164e+00 3.866860712727617e-01

142
-2.988665471592523e-01 7.421520504917849e-01
5.459059900909465e-01 -4.142502940429718e-01
-3.665412197125126e-01 -2.679042191821176e-01
-2.346031301715837e-01 -1.813801408334844e-01
4.639698842663926e-01 -7.969172213839891e-02

143
-6.498037438979910e-03 2.289896264332060e-02
9.009083787938873e-01 -5.096800984995457e-01
-8.902842496041048e-01 -5.283112127275464e-01
-2.341850377191182e-01 8.507956887354355e-02
1.992719679466241e-01 1.900264458119419e-01

144
2.327908946023673e-02 2.506121370181886e-01
8.880182552241729e-01 -8.731679657143037e-01
-1.039444109231328e+00 -7.470229727152249e-01
-2.731151756298598e-01 1.474898895778717e-01
2.894953756070779e-01 1.059415095920786e-01

145
-2.812129302515954e-02 -1.033343044864539e-02
9.145000246272295e-02 -6.409686124896358e-02
-1.096842977135456e-01 5.626231705817365e-02
1.673618478574011e-03 -2.510246651934580e-02
2.736708710897996e-01 9.332096862979036e-01

146
6.970504448003455e-01 -3.243937356784142e-01
-2.522556251500111e+00 -1.363274164936636e+00
-2.948178300620027e+00 2.118930482588934e+00
5.131624823290375e-01 5.787392490771845e-01
-6.254533803173561e-01 2.030306423945308e-01

147
1.865451839956301e-02 6.381554164630024e-01
4.996743179338468e-01 -2.819515323114205e-01
-5.089705355301619e-01 -3.520091852876938e-01
-3.246251739448135e-01 -9.350030941544184e-02
3.046629474274011e-01 -9.694763907770819e-02

148
2.124948978449702e-01 -1.938103136703742e-02
-7.310288652619260e-02 7.333910938833743e-02
-9.112014818440305e-01 3.071976881852154e-01
-1.328807738513216e-01 1.828657319500528e-02
7.019733817166818e-02 1.594103844166566e-01

149
-2.433869011731172e-01 1.132216924628007e+00
1.682447391171466e-01 -8.623468207794160e-01
-2.434768926367883e-02 3.403104386525560e-03
3.998743373479130e-02 -6.079771427868627e-01
-1.690509820141035e-01 -3.369750297292378e-01

150
-7.024971741557549e-02 8.836085006702767e-02
6.091321861814616e-01 -4.242060764575454e-01
-5.864056475897673e-01 -3.187847127570369e-01
1.984181068760226e-02 -1.838143580251475e-01
1.542560062873636e-01 1.164097778740715e-01

151
7.882953722813682e-02 1.823547628206343e-01
-8.825792597007871e-02 -6.956565458679180e-02
-8.323371274155515e-01 2.682775369861106e-01
-5.467978629058926e-02 -1.141438323923742e-01
1.611654776610998e-01 -2.184260804249448e-02

152
-4.148162475124661e-03 1.036927969639358e-02
3.549652099528609e-01 -7.719006517226851e-01
-8.448636448216997e-01 7.814362923799471e-02
2.056389602843999e-01 1.338885000061304e-02
-8.581676082094296e-02 1.639846817882585e-01

153
1.222176290978660e+00 -6.779132176355082e-01
-5.783992703510922e-01 1.190602639457254e+00
-6.172739065079862e-01 -7.123419911889174e-01
-3.965845253779570e-01 -4.205864178898293e-01
3.838230387813994e-02 8.064897392661653e-01

154
-2.539676228715067e-02 1.740625708827126e-01
4.819508027131866e-01 -1.045553689694813e+00
-1.027748099809558e+00 6.324174001223763e-02
3.040369930758581e-01 8.818086326713799e-03
-1.447856821548844e-01 -2.551076627010470e-01

155
-1.292728621323746e-01 4.237272576407039e-01
1.003906631602952e-01 -4.465669745725202e-01
-2.377674682083903e-01 3.336514178655143e-01
5.201028858262432e-01 -3.643592477522855e-01
5.701444038603449e-02 -3.210054723149532e-01

156
2.183916657081660e-01 1.103358565097866e-02
-6.180974978647870e-01 3.992802893263807e-01
-6.266471013456907e-01 7.105246876113475e-01
6.219475761376831e-02 -1.962026901888058e-01
7.315270864914251e-02 1.802151466355605e-01

157
3.384721941218936e-01 2.659116140079055e-01
1.004299063917418e-01 -2.828361007214086e-01
-3.921927404046174e-01 6.776339121645554e-03
6.746048857176010e-02 -1.712212477025354e-01
-2.127118776291101e-01 1.075839031122903e-01

158
2.651112324544334e-01 1.874813017140730e-01
-1.040364395903542e+00 3.579523864162057e-02
-8.993229247085837e-01 1.165576856724742e+00
2.286315768478744e-01 -2.072854421473504e-01
-2.324109766909356e-01 -1.018094320549408e-01

159
1.348324223738772e-01 5.506190565918216e-01
-5.468655696384207e-01 -4.506481684069896e-01
5.375162929906871e-02 9.063466396937883e-01
9.673167124040356e-01 -2.980673317516617e-01
-1.213933033569762e-01 -3.473035280088513e-01

160
-1.531101894769343e-02 -3.560135856785613e-04
5.893767914710299e-01 3.986760405544797e-01
-6.383097629218325e-01 3.102163326615646e-01
-1.713977924141712e-01 -1.109548492525926e-02
8.695771258917144e-02 -1.644968238386083e-01

161
1.513533025123666e-02 -1.308639349175619e-05
5.693603115748753e-01 4.055610512346466e-01
-6.343012964604009e-01 2.894061528883061e-01
-1.696458506149662e-01 -1.333192370651842e-02
8.594162135464090e-02 -1.602046495589272e-01

162
-2.796805591565261e-03 -1.355796429890952e-02
4.813120648680085e-01 2.841706282816322e-01
-4.874640405478821e-01 2.764223770672184e-01
-1.347517821103383e-01 8.633097382049916e-04
7.623668417607729e-02 1.328892174135339e-01

163
2.965897042106449e-02 -1.559072002658302e-01
2.408155568858656e-01 5.789215991304212e-01
-5.252677503632145e-01 5.524311452052699e-01
-1.381706440537276e-01 -8.256021198905698e-02
-2.134996307851578e-02 1.377522626310639e-01

164
4.110860096829520e-02 7.883561786256045e-03
-1.112763437799641e-01 1.101097023819132e-01
1.409242135808761e-01 -1.059528413862932e-01
3.639066203465916e-03 3.498694419790688e-02
6.125972839721964e-01 1.277705671244634e+00

165
-7.471031134216616e-02 -1.300382148524499e-01
5.288276173165456e-01 -2.235356688238556e-02
-6.272837584290887e-01 1.740942343790199e-01
6.919476955228586e-02 -8.404256581981842e-02
5.827175203504882e-02 6.402257856327839e-02

166
-2.456578940218443e-03 -1.077721689903891e-02
4.122863922114807e-01 1.913518596259618e-01
-3.726866766156955e-01 2.623414760196955e-01
4.541736598440762e-02 -9.914929029223696e-02
5.922418493742473e-02 1.039691312820846e-01

167
-1.979759039060438e-02 -2.505821965598095e-01
6.442282241644897e-01 3.071251615433363e-02
-6.096746417389164e-01 3.535256702058515e-01
1.441018812493326e-01 -2.405526678703282e-02
-1.632123925561450e-01 9.469400660787079e-03

168
1.245727067855762e-02 -3.860102746256352e-03
6.280951173518641e-01 1.932970281715400e-01
-4.809094230400669e-01 4.464226970626485e-01
1.098029116298302e-01 1.150741623552366e-01
1.998541375084666e-02 -1.482717036958586e-01

169
-3.177071615485312e-01 2.774046581142812e-01
3.129849403808818e-01 -2.803699769584003e-01
-1.666296238288994e-01 2.592687802966182e-01
1.750099352696582e-01 -4.337705795564531e-01
-2.931140462660108e-02 7.354534200709127e-02

170
-7.131253747719125e-02 9.923551787387638e-02
4.726432273604419e-02 -6.784990142995850e-02
-1.239437538375727e-01 1.347804302225566e-01
4.759718418743924e-02 -6.634521495391192e-02
3.093140745276691e-01 7.397642042035615e-01

171
1.655039083125588e+00 1.187489819329800e+00
2.792596334033174e+00 1.006359175644083e+00
-1.194597289311411e+00 -2.170334331468590e+00
-2.756724660212240e+00 2.336398399477174e+00
9.320941354773230e-01 2.270601738028929e-02

172
1.199336834812079e-01 1.325940378451622e-01
-1.650141362297206e-02 1.135035170408175e-02
1.440597788734294e-01 8.833597193771892e-02
-7.171985635841047e-02 -7.862167405802431e-02
6.401243132631299e-02 1.023485789849880e+00

173
-1.215509810537382e-01 -2.765363208109236e-02
7.541712185005658e-01 2.098512465048798e-01
-4.647113685229329e-01 5.496100448649639e-01
1.411673536528758e-01 1.358678795202919e-01
4.693356720007381e-02 -1.958179947654635e-01

174
6.931973463038089e-01 4.462440943277780e-01
8.312582195380773e-03 2.273057043258496e-02
-5.389230765731269e-01 -3.312599064504519e-01
-4.112764042895953e-01 -1.851288543000242e-01
-2.589663189225123e-01 4.025843680727616e-02

175
1.723755246990962e-01 -3.567608776698030e-01
3.814414668268382e-02 1.562860060662262e-01
-1.522063844834851e+00 9.057443699457646e-01
-9.780088370718709e-02 2.260976665184951e-01
-2.476157871110122e-01 -2.163958483857222e-01

176
4.574584077539484e-02 3.281487633574360e-03
-1.132559502701671e-01 9.657441372953665e-02
1.459608217402732e-01 -9.634186944583527e-02
1.454591858190437e-02 -3.487091721619352e-02
5.212854754911873e-01 1.232277506903681e+00

177
5.821668652746684e-01 -2.180315167985186e-01
4.306028032880525e-03 5.732322841039876e-01
-5.846307133367369e-01 -3.063695806810322e-01
-2.334360996106768e-01 -2.757920896030523e-01
4.487657304184486e-02 2.886582427171217e-01

178
7.401715567025428e-01 2.952685101935517e-01
-2.142072430604348e-02 2.821306705430858e-02
-5.419712971401082e-01 -2.512624802215923e-01
-1.711086648402067e-01 -3.145480722594540e-01
-3.995620212271083e-01 -1.345343324139408e-01

179
-2.673518318693261e-02 -1.540861881693940e-01
4.663960202602844e-01 6.095955507999028e-01
-6.880815313096889e-01 3.767659327593041e-01
-1.774008495615660e-01 -5.639447328499175e-02
1.634376873504907e-01 -9.509435265616860e-02

180
2.393273833237043e-03 6.074152429992125e-04
1.833693759489389e-02 -1.032577209357874e-01
-1.667947628986011e-02 1.036788966166911e-01
7.922710635207114e-01 3.801986716500408e-01
1.161038554587251e+00 5.571852938980275e-01

181
6.454853316914264e-01 2.026501308827487e-01
5.367606080828473e-01 -2.107095592928499e-01
3.813511298663103e-01 4.828076994043845e-01
9.099188139911542e-01 3.687836087345234e-01
-3.613992882892249e-01 -1.075415096457266e-01

182
5.381866358560771e-04 -2.588455672247444e-03
-7.753492953795547e-02 5.791533570623224e-03
7.791078146185683e-02 -7.589285293832996e-03
1.260789559331502e-01 -6.411491300638222e-01
-1.260514866397192e-01 6.410181269325842e-01

183
-8.083850564313590e-02 5.025065080958506e-02
5.347254558009661e-01 2.091984266205907e-01
-4.542065273669755e-01 2.924162161563754e-01
-1.335576694538614e-01 5.375249434750176e-03
9.113013845174756e-02 1.221517971889013e-01

184
-3.648866528706326e-01 4.334891362822507e-01
4.272940967587379e-01 3.050706654684524e-01
-6.760256682056246e-01 4.738683627441180e-01
-1.034384725226271e+00 -5.690823352639132e-02
-1.027929849226495e-01 3.857502606522000e-01

185
-5.069174200516268e-02 -1.719506333577491e-02
-1.463448386329984e-01 1.091865807224114e-01
1.140406574387233e-01 -1.222740685891254e-01
2.331180389721447e-03 -4.462101148915575e-02
6.777002715369671e-01 1.294777755348576e+00

186
2.010788776551004e-01 3.178515134046980e-01
2.218216135684870e-01 3.236157745150292e-01
-3.459628852685905e-02 9.396866014506528e-03
-1.239973831326528e-01 -1.901281628390604e-01
1.166309373397932e-01 2.035969350832683e-01

187
-2.099616444322572e-03 -6.900027177585254e-04
6.163017226236719e-02 -6.880809036111688e-03
-6.308075827123276e-02 6.417993940259475e-03
9.030027778401552e-02 -5.169658004191068e-01
-9.040620204908284e-02 5.169312827462850e-01

188
1.855114855344543e-02 2.954034066844421e-02
9.922229803759465e-02 -4.301907953239305e-02
-8.493860973382848e-02 6.463796187031076e-02
-1.227574694922150e-02 -1.940358219454091e-02
2.246406152006021e-01 8.878420990325494e-01

189
-5.332719288661476e-03 1.009213306427863e-01
4.526229326143781e-01 3.547393488514176e-02
-3.919465351697112e-01 3.035665898678539e-01
4.140215021751252e-03 -1.006654423869940e-01
-1.020247206586219e-01 3.780007500936610e-02

190
-4.328321473500892e-02 -3.749149315215360e-02
-1.362827919987616e-01 1.117563448536500e-01
1.093881182046472e-01 -1.364403952835607e-01
2.800442619444331e-02 2.435906631898172e-02
7.606557429202119e-01 1.330026742693770e+00

191
-1.734942305055200e-01 1.023844974568546e-01
4.727119407834991e-02 -5.056258608966774e-03
-4.887058734823656e-01 7.076883725445495e-01
1.070269308302431e-01 -6.064066066520213e-02
3.457085006476444e-02 1.568636198000063e-01

192
2.022891523443753e-03 6.624471049062095e-04
6.278864181262497e-02 -6.180169636498238e-03
-6.139959678105000e-02 6.648006098724062e-03
9.191730616257927e-02 -5.142221215304350e-01
-9.181519801032682e-02 5.142552164746782e-01

193
5.565362888772640e-03 -5.408885453683209e-03
4.894107667625520e-01 1.637429706579079e-01
-3.867963822829955e-01 3.411664456320559e-01
3.743014005262503e-02 -1.187995276834916e-01
-1.186083710012358e-01 1.011865354822279e-02

194
-1.684176845680787e-02 1.954888073001801e-01
-8.279996416595676e-03 1.086830756239058e-03
-3.409768777967086e-02 2.042230755702981e-01
1.010664329045921e-02 -1.162988571870229e-01
1.938679347339009e-01 6.769762259315726e-01

195
6.080121335702509e-02 1.795099988679040e-01
4.626096233459294e-01 3.262346192864108e-01
3.216965431219254e-03 5.173321205252215e-01
1.027607415716583e-01 -2.847259749594610e-02
-1.162173006201469e-01 4.028645802406216e-02

196
-5.928704193366455e-02 7.862539498077072e-02
6.045370151109758e-01 -2.921947462127581e-02
-2.960151556593659e-01 4.563835963197631e-01
1.301724889215043e-01 6.530250991892940e-02
-1.072268293887618e-01 6.087838263569594e-02

197
-1.506816233210067e-01 2.198244752176495e-01
8.255206113349743e-01 -1.137059334499863e-01
-1.972368442323647e-01 4.471853424378604e-01
1.458672333448940e-01 8.104631498859804e-02
-1.182776136845447e-01 -9.428431757519153e-02

198
-1.494741759917801e-01 1.225790992035790e-01
4.029961496468718e-01 3.323424807534945e-01
-4.168584654890695e-01 7.564543725310400e-01
1.199199244227659e-02 1.473218465955184e-01
1.353044500351295e-01 -3.927096966086478e-02

199
7.028603985027869e-03 3.024082997141822e-02
9.086024089437544e-02 -4.876807624609706e-02
-8.578758644813525e-02 7.114368459504199e-02
2.582781002343009e-02 1.447272028830017e-03
2.818169595499401e-01 8.751948788062464e-01

200
9.076697770492659e-02 1.103992439974288e-01
2.151566037850878e-01 -7.552605962578974e-01
-7.646594515751405e-01 -6.294927399300420e-03
1.869455272622161e-01 -5.106696122175659e-02
-7.917148500384094e-02 1.752827921241001e-01

201
-2.564190229216046e-03 -1.689004278883746e-03
-6.531859961488128e-02 -3.766043214867128e-02
6.354626704224911e-02 3.651942304265792e-02
4.468539659464176e-01 -4.325284019128663e-01
2.388471678145333e-01 4.547741195763635e-01

202
2.653548729380128e-02 -2.745369157454163e-03
6.444933056978247e-01 -9.838776845881552e-01
-1.175007935113008e+00 -6.324491862911714e-02
2.757033063939986e-01 6.373358732669797e-02
-1.260455632446495e-01 -2.693734111355918e-01

203
-7.047698932675076e-03 -1.155979341439380e-03
-1.645093654906317e-01 8.200786499242968e-02
1.596359340845082e-01 -8.276213589366607e-02
-2.893932777657429e-01 -1.494058488759601e+00
-1.116741129415544e+00 5.773827545635634e-01

204
1.523218778159461e-01 5.132516675375877e-02
5.566229418302722e-01 -4.429084849333104e-01
-7.311329492626172e-01 1.066756645886976e-02
5.518416905357485e-02 9.441699807473124e-02
-1.156509269417344e-01 4.813437187498831e-02

205
-1.104823395432390e+00 1.611574787861546e+00
8.007433594020128e-01 -1.261607313602905e+00
-1.861664558309942e-02 3.733840650901111e-02
5.931869241396148e-02 -6.464243504983983e-01
3.598553549585626e-01 -8.685395554686197e-01

206
3.316386339282699e-01 2.102953885195640e-02
4.976191729188362e-01 -7.112285294593184e-01
-1.365759969364263e+00 -5.180040690112485e-02
-4.519443613198239e-02 2.949587698602631e-01
-1.573860460151380e-01 -1.824893756924889e-01

207
1.153044089053451e-01 1.284984221389484e-01
6.089230045121204e-01 -7.938717291651769e-02
-6.496407614965268e-01 6.342165741189245e-03
-7.300469434032145e-02 1.087562970442304e-01
1.142341330110510e-01 -5.881754325706848e-02

208
1.595494629060651e-01 1.470247809056764e-01
5.145904573221806e-01 -3.764377641260832e-01
-9.103791483051653e-01 -1.840355280280088e-01
-1.502275555235363e-01 1.258800037929647e-01
1.238543222044387e-01 1.622489095950642e-02

209
1.835632139949931e-01 -2.980499277602919e-03
2.504923861635998e-01 -2.851909927902047e-02
-1.278046559359653e-01 -3.418389775599256e-02
-1.256879794839823e-01 -1.325379611427482e-03
-2.039193862764000e-02 8.451611483473244e-01

210
3.739093289051711e-02 2.115748233045264e-02
1.592742796365207e+00 -7.460938708901876e-01
-1.448135342733074e+00 -1.003784066625452e+00
-4.118697932388335e-01 1.131242988964761e-01
9.796578052132891e-02 -4.680263797738937e-01

211
3.668443022446757e-02 1.161545874411025e-01
4.108461667864904e-01 -1.949265532155448e-02
-5.310492705508022e-01 1.029176039924843e-01
-1.111850616036987e-02 -7.637968624545083e-02
9.329278979010533e-02 6.699310442012018e-03

212
-3.655732352336591e-03 1.509797915239909e-02
6.053143243923250e-01 -3.787405626499681e-01
-6.296433375597060e-01 -3.361146268985465e-01
2.177283092934829e-02 -1.719273872116546e-01
1.209092187396539e-01 1.217695890775965e-01

213
1.921281552274504e-01 1.007385000968734e-01
2.414089644168494e-01 -6.562842533117299e-01
-9.647657724320764e-01 -3.383625733863114e-01
-1.349991851829133e-01 -1.328312266946721e-01
-6.650656257492660e-02 2.147452006715742e-01

214
-7.523003550924464e-03 7.924783323242385e-03
5.849370905864197e-01 -5.725269111265324e-01
-7.875060189444976e-01 -2.196695023730614e-01
-1.760851574218950e-02 -1.978505026420509e-01
-1.472123448814214e-01 8.868446573751664e-02

215
-4.284736323531604e-01 7.300309032504314e-01
3.563772627668551e-01 -5.159634578057618e-01
-3.572333238348586e-02 -5.529770609915270e-02
1.819189640180537e-01 -4.320616242811819e-01
3.905802858200444e-01 -1.228400826682641e-01

216
1.477812370396044e-01 8.257604195327554e-02
2.963554655348444e-01 -2.487818270568638e-01
-5.770797779421974e-01 7.852638379938168e-02
6.753442079114107e-02 -6.277307552473843e-02
-5.797988677278508e-02 1.121540353594573e-01

217
2.081154703184280e-01 3.661042498170467e-01
8.728310325821954e-02 -4.244450794160686e-01
-3.312107818370145e-01 9.006309862169869e-02
1.553398866921684e-01 -1.991088945720945e-01
-1.772485904245828e-01 6.316893449698693e-02

218
6.706161606273188e-02 1.357820970674159e-01
3.905422059195500e-01 -2.335053755980499e-01
-6.260049933570012e-01 2.079508838378558e-01
1.059763881559886e-01 -7.829017607908387e-03
-1.744285452008605e-02 -8.496542072867945e-02

219
-2.046490463823157e-02 -5.038251435675269e-02
-1.419006300710337e-01 1.087257192156503e-01
1.287092026113866e-01 -1.408312934304888e-01
-4.469678898578399e-02 4.773086862122674e-03
6.552893185054943e-01 1.423567870642668e+00

220
2.226795132857205e-01 2.599921006891530e-01
3.033027382150217e-01 6.122689461228346e-02
1.879198355792606e-02 3.128896230040848e-01
2.562029991356811e-01 3.075320030612000e-01
2.687799009463437e-01 3.054174774881450e-01

221
-1.743217836053115e-01 -2.356395055623457e-01
3.651608704766910e-01 -1.242113480736914e+00
-1.210415642536506e+00 -6.242047153246837e-02
3.105825485574000e-01 -8.170024337201287e-02
-1.218908451991000e-01 2.901753592576841e-01

222
-1.621058030966295e-02 1.340649248791625e-01
5.551660798233895e-01 2.339810327507786e-01
-6.034466994810753e-01 3.332890414967570e-01
-1.679682323601843e-01 2.749731454848478e-02
4.742002034941018e-02 -1.533351425919857e-01

223
4.833033502104340e-01 -5.863339060277514e-01
9.115121349163013e-01 -6.389463974151122e-01
-5.810833201783007e-01 -4.198183068886556e-01
1.364739555545152e+00 7.011421394397274e-02
1.755173408983035e-01 -5.372149325499235e-01

224
-2.591647969314463e-01 8.803599918054777e-02
3.303407521783930e-01 4.240599797360811e-02
-3.306933487455707e-01 2.256214385104421e-01
-3.807095176650538e-02 -4.870685533675270e-01
-7.469312799338014e-02 9.774347208471013e-02

225
-1.651391392891925e-01 -3.942054813889407e-02
2.109507542703370e-01 4.598391097694661e-01
-4.097040201079268e-01 6.304617440487342e-01
9.836188332489441e-03 -1.590415513864137e-01
1.126604267478489e-01 6.148125611464644e-02

226
-9.441419706005756e-02 1.031735241166894e-01
3.585296964702383e-01 9.913438409534132e-02
-5.171321028050521e-01 3.443886860086057e-01
-1.277550532277006e-01 -6.252376601346889e-02
4.725202762732610e-02 1.275568680853330e-01

227
-2.233227137917126e-01 -9.044026601149896e-02
2.103365195832217e-01 7.292503288429446e-01
-1.032991886455265e-01 1.016963474749331e+00
3.877343501503765e-02 -2.196606260139537e-01
-1.530251544163454e-01 1.349205522383066e-01

228
2.871923900684844e-01 5.548912575993489e-02
-1.913178998131614e-01 -5.543656691709213e-02
4.109361066663260e-01 1.950776425661620e-02
-1.908146053123958e-01 -4.159832868752041e-02
-1.699546408952898e-01 1.664220822691308e+00

229
-4.605723666791566e-01 2.814688141009159e-01
1.559600216710450e-01 1.263700598948892e+00
4.900624433666677e-01 2.188097650115156e+00
3.163226436516682e-01 -6.248107312775575e-02
-2.757912243236904e-01 -3.588384407566758e-01

230
2.730963342107422e-03 1.034492525829669e-02
4.039368944816538e-01 1.832809582974283e-01
-3.614219490974593e-01 2.590969398080974e-01
4.352758141402017e-02 -9.935929536329431e-02
5.921719150648043e-02 1.010684172637456e-01

231
-7.176627325020354e-02 -2.516163904278139e-02
4.515022822782971e-01 1.954631608413186e-01
-3.488141678456307e-01 2.882401684774121e-01
5.726014643758540e-02 -1.205883587292391e-01
7.271199811124091e-02 1.089317036390824e-01

232
6.704007956941373e-02 8.001407496577700e-02
4.320112370283689e-01 1.799919201270290e-01
-2.759359284171577e-01 3.533905001136689e-01
6.969100412726875e-02 -1.036492503066499e-01
-1.160404738092151e-01 2.834516815444027e-03

233
-1.346213293423117e-03 4.763472553457227e-03
1.077020483042456e-01 -3.957203542686608e-02
-1.086043341584549e-01 4.282199442661332e-02
-8.092218504740811e-02 -9.652258695758420e-01
-7.459982630512104e-01 2.888347427775811e-01

234
-1.153294669298785e-03 2.638178688495135e-03
1.908487508193239e-02 1.105224695862038e-01
-1.988902205017291e-02 -1.087115118900393e-01
9.267882702012127e-01 9.662398726319672e-02
1.358318364934687e+00 1.415110104493195e-01

235
9.655863819741736e-01 1.460096860965113e-01
6.094330797881640e-01 -2.386273856158239e+00
-3.196736013219112e+00 -3.190278290435625e+00
-6.287837074289604e-01 -3.043346034008595e-01
4.742672593234480e-01 -6.194489186977308e-01

236
-1.232806337645681e-02 1.678955166531715e-01
4.470006312223049e-01 6.470232504737589e-02
-2.916465993727402e-01 6.634924766293417e-01
9.985097087913983e-02 9.773744173798127e-02
-1.688785954777696e-01 1.826515556284857e-04

237
-7.081676668269050e-01 -8.928674889611341e-01
-1.919618570620764e+00 3.151085963897623e+00
-2.827641028045173e+00 3.859520988755196e+00
-9.152325215858873e-01 1.750311539695744e-01
6.870898796779500e-01 -7.845766095839655e-01

238
1.041598881625170e-01 1.246527293688655e+00
-2.678608907457288e-02 -9.266939642487029e-01
-5.647148008799288e-02 -2.828103422781948e-02
3.183053910242444e-01 -4.643045133067264e-01
-9.839920820448178e-02 -6.419182384214251e-01

239
3.532040189712886e-01 -4.998125495143834e-01
-2.094281223529009e+00 -5.299452650549465e-01
-2.703725270212516e+00 9.429173329255287e-01
-2.446632478965083e-01 -4.749202748047806e-01
-3.501506084155258e-01 3.223649538783912e-01

