40

7.019442061544381e-57
1.087377246167240e-60
6.455388032337748e3

6.332153078964166e-56
8.832844031650213e-62
7.168872286518965e5

2.157928957901505e-57
8.447797230405965e-61
2.554427975773993e3

3.426859902471805e-50
2.297816749188763e-54
1.491354740834597e4

5.453904871739164e-58
8.064078812553426e-62
6.763208791125677e3

3.442760868977812e-56
5.333158675716437e-60
6.455388032337748e3

1.753279406742227e-57
6.863686991256751e-61
2.554427975773993e3

6.015285435794491e-52
7.388722325264703e-56
8.141171329752187e3

1.382337547262332e-56
1.156197105944216e-60
1.195589869716407e4

1.033692419377121e-57
4.046668879219083e-61
2.554427975773993e3

3.260314067186940e-50
2.186142557445716e-54
1.491354740834597e4

7.566339685139767e-58
2.734538920504572e-61
2.766952639951323e3

6.631236056207488e-57
5.546413719430737e-61
1.195589869716407e4

8.112898967159161e-60
2.932070050646724e-63
2.766952639951323e3

1.248425340664694e-39
1.318140188683147e-45
9.471112036360110e5

6.563021351166999e-50
4.400711092717067e-54
1.491354740834597e4

6.566120109165849e-55
1.017153434661619e-58
6.455388032337748e3

2.897520191400159e-58
3.525088130520093e-61
8.219709930975991e2

5.162422463358027e-56
2.088194237170805e-59
2.472194574366965e3

4.146473651490173e-56
1.838447555535901e-59
2.255421232443854e3

4.924470931160230e-59
5.991051962311167e-62
8.219709930975991e2

5.615533705172623e-56
2.198352726492950e-59
2.554427975773993e3

4.229838471982801e-56
6.552415518313949e-60
6.455388032337748e3

3.398774402522015e-59
1.228345709083697e-62
2.766952639951323e3

7.650643414150495e-52
9.397472555565756e-56
8.141171329752187e3

1.029744143143729e-55
3.951933467374875e-59
2.605671759519145e3

7.557683811509464e-55
1.117470130661389e-58
6.763208791125677e3

1.288174695204093e-57
5.210652545558416e-61
2.472194574366965e3

1.570315217136668e-57
1.313422986353293e-61
1.195589869716407e4

1.156968015555717e-57
4.440190946265718e-61
2.605671759519145e3

2.976791447987816e-53
4.152384543920053e-59
7.168872286518965e5

7.112458363833033e-58
3.034646338453906e-61
2.343751979829285e3

3.506037797966502e-58
4.265403313995294e-61
8.219709930975991e2

5.341114835281514e-39
5.639374568452665e-45
9.471112036360110e5

1.079580042681401e-49
7.238921854885056e-54
1.491354740834597e4

6.213215780453748e-58
2.245508539157017e-61
2.766952639951323e3

6.186740903283004e-59
2.743053410284420e-62
2.255421232443854e3

1.797089772165686e-57
1.503098861645553e-61
1.195589869716407e4

1.835112434132815e-57
7.829806438249841e-61
2.343751979829285e3

2.076059876847105e-58
2.525709415880321e-61
8.219709930975991e2

