40                                               

3.499684219920131e-01 -1.908749766183672e-01
3.499684219920129e-01 1.908749766183673e-01
1.457534735429946e-03 -2.138659379884765e-01
1.457534735429856e-03 2.138659379884765e-01

1.419620131119777e+00 -5.955466497121861e-17
-3.592782865608977e-01 5.126738807791843e-17
-3.310814747042880e-02 8.825248260099379e-19
6.364034416134878e+00 -2.719805001782337e-15

6.175686728576338e-01 1.547547587909077e+00
6.175686728576341e-01 -1.547547587909077e+00
4.191793691467168e-02 5.630146122641645e-01
4.191793691467170e-02 -5.630146122641645e-01

1.563915287658996e+00 -2.783973096972195e-01
-2.593426510081078e-01 7.259031102719044e-01
1.246562258109011e+00 -1.798800956828810e+00
-1.369770446774822e-01 3.108631616848966e-01

1.086744680131982e+00 7.067320824146942e-17
-1.156873836175129e+00 1.307911225182661e-16
1.940213840777795e-01 2.146977948878810e-17
-1.779045250318274e+00 7.361685725343600e-17

3.499684219920130e-01 -1.908749766183664e-01
3.499684219920127e-01 1.908749766183666e-01
1.457534735429898e-03 2.138659379884764e-01
1.457534735429883e-03 -2.138659379884764e-01

6.175686728576352e-01 -1.547547587909078e+00
6.175686728576331e-01 1.547547587909078e+00
4.191793691467164e-02 5.630146122641648e-01
4.191793691467167e-02 -5.630146122641648e-01

1.086744680131984e+00 -1.668972050120036e-15
-1.156873836175128e+00 -4.934239975940956e-16
-1.779045250318281e+00 4.746510946819021e-15
1.940213840777785e-01 -6.023790704495568e-16

1.563915287658994e+00 -2.783973096972250e-01
-2.593426510081003e-01 7.259031102719088e-01
-1.369770446774818e-01 3.108631616849005e-01
1.246562258109010e+00 -1.798800956828787e+00

6.175686728576334e-01 -1.547547587909078e+00
6.175686728576341e-01 1.547547587909078e+00
4.191793691467147e-02 -5.630146122641647e-01
4.191793691467166e-02 5.630146122641648e-01

1.563915287658997e+00 2.783973096972237e-01
-2.593426510081055e-01 -7.259031102719105e-01
1.246562258108999e+00 1.798800956828796e+00
-1.369770446774848e-01 -3.108631616849009e-01

6.498820093880409e-01 -1.037631099437112e-17
-2.801654672023068e-01 2.227783282142506e-17
-4.510162942995515e-02 -8.796788894951219e-02
-4.510162942995515e-02 8.796788894951219e-02

-2.593426510081001e-01 -7.259031102719087e-01
1.563915287658994e+00 2.783973096972250e-01
-1.369770446774819e-01 -3.108631616849005e-01
1.246562258109010e+00 1.798800956828787e+00

6.498820093880406e-01 6.958459100281766e-18
-2.801654672023070e-01 2.857057662317923e-17
-4.510162942995519e-02 8.796788894951212e-02
-4.510162942995521e-02 -8.796788894951210e-02

-3.592782865609900e-01 -8.806274715818576e-14
1.419620131119802e+00 2.284247317084173e-14
6.364034416136886e+00 1.921295958821688e-12
-3.310814747049882e-02 5.729444562529570e-14

-2.593426510080978e-01 7.259031102719143e-01
1.563915287658995e+00 -2.783973096972286e-01
1.246562258109000e+00 -1.798800956828773e+00
-1.369770446774813e-01 3.108631616849058e-01

3.499684219920141e-01 1.908749766183666e-01
3.499684219920118e-01 -1.908749766183669e-01
1.457534735430020e-03 2.138659379884764e-01
1.457534735429765e-03 -2.138659379884764e-01

-5.737429222459776e-01 -6.524876879657830e-01
-5.737429222459781e-01 6.524876879657828e-01
-4.571222736580395e-01 2.437989202720867e-01
-4.571222736580391e-01 -2.437989202720868e-01

-3.922130194244434e-01 1.596339040109838e-01
-3.922130194244433e-01 -1.596339040109838e-01
-5.025400823611430e-02 -5.485926413383903e-18
-5.229014125132059e-01 5.015549481188403e-17

-3.392930816161932e-01 1.582616525373646e-01
-3.392930816161934e-01 -1.582616525373645e-01
-5.101860195509296e-02 -6.046622771635366e-18
-4.070072680010570e-01 3.669978126141702e-17

-5.737429222459781e-01 6.524876879657833e-01
-5.737429222459776e-01 -6.524876879657832e-01
-4.571222736580395e-01 2.437989202720869e-01
-4.571222736580393e-01 -2.437989202720869e-01

6.175686728576332e-01 1.547547587909079e+00
6.175686728576341e-01 -1.547547587909079e+00
4.191793691467156e-02 -5.630146122641650e-01
4.191793691467156e-02 5.630146122641648e-01

3.499684219920127e-01 1.908749766183667e-01
3.499684219920129e-01 -1.908749766183665e-01
1.457534735429910e-03 -2.138659379884763e-01
1.457534735429801e-03 2.138659379884764e-01

-2.801654672023070e-01 7.626226188740402e-17
6.498820093880407e-01 6.776862855805962e-17
-4.510162942995517e-02 8.796788894951210e-02
-4.510162942995519e-02 -8.796788894951210e-02

-1.156873836175129e+00 2.624117416598497e-16
1.086744680131979e+00 3.850893711707907e-16
-1.779045250318266e+00 -9.314305877539952e-16
1.940213840777793e-01 2.489071315538312e-16

-3.922130194244426e-01 -1.596339040109836e-01
-3.922130194244434e-01 1.596339040109837e-01
-5.229014125132053e-01 4.239899895463622e-16
-5.025400823611431e-02 -9.416402518466264e-17

-1.156873836175129e+00 8.877614810090639e-16
1.086744680131982e+00 -1.579518731869904e-16
1.940213840777795e-01 -3.651957695730830e-16
-1.779045250318274e+00 -4.380858229127727e-15

-3.922130194244431e-01 -1.596339040109837e-01
-3.922130194244431e-01 1.596339040109837e-01
-5.025400823611428e-02 3.492838641469832e-18
-5.229014125132055e-01 1.445910495948429e-16

-2.593426510081001e-01 7.259031102719090e-01
1.563915287658995e+00 -2.783973096972252e-01
-1.369770446774819e-01 3.108631616849006e-01
1.246562258109010e+00 -1.798800956828786e+00

-3.922130194244433e-01 1.596339040109838e-01
-3.922130194244429e-01 -1.596339040109837e-01
-5.229014125132054e-01 1.089358278482726e-16
-5.025400823611425e-02 9.806746710012003e-18

-3.592782865608978e-01 8.159059026838646e-17
1.419620131119777e+00 -6.909305672453740e-17
-3.310814747042881e-02 -1.123978448028455e-17
6.364034416134882e+00 8.630774545180225e-15

-3.392930816161935e-01 1.582616525373646e-01
-3.392930816161933e-01 -1.582616525373647e-01
-4.070072680010573e-01 5.886075117759216e-17
-5.101860195509299e-02 -7.476751338200678e-17

-5.737429222459773e-01 6.524876879657829e-01
-5.737429222459780e-01 -6.524876879657829e-01
-4.571222736580394e-01 -2.437989202720867e-01
-4.571222736580390e-01 2.437989202720870e-01

1.419620131119835e+00 2.248643209734491e-14
-3.592782865611167e-01 -8.634325241814999e-14
6.364034416139639e+00 1.877818993557737e-12
-3.310814747049223e-02 -8.932648483578995e-15

-2.593426510081080e-01 -7.259031102719145e-01
1.563915287659001e+00 2.783973096972242e-01
1.246562258108987e+00 1.798800956828796e+00
-1.369770446774848e-01 -3.108631616849017e-01

-2.801654672023071e-01 1.444420894270759e-16
6.498820093880407e-01 8.035455714894365e-17
-4.510162942995516e-02 -8.796788894951207e-02
-4.510162942995520e-02 8.796788894951214e-02

-3.392930816161934e-01 -1.582616525373646e-01
-3.392930816161934e-01 1.582616525373648e-01
-5.101860195509294e-02 -1.528883645876811e-18
-4.070072680010574e-01 6.118115404816083e-17

1.563915287658995e+00 2.783973096972249e-01
-2.593426510081002e-01 -7.259031102719091e-01
-1.369770446774820e-01 -3.108631616849007e-01
1.246562258109010e+00 1.798800956828786e+00

-3.392930816161931e-01 -1.582616525373644e-01
-3.392930816161935e-01 1.582616525373643e-01
-4.070072680010572e-01 9.170481500647350e-17
-5.101860195509293e-02 -6.584780318645388e-17

-5.737429222459781e-01 -6.524876879657835e-01
-5.737429222459781e-01 6.524876879657834e-01
-4.571222736580395e-01 -2.437989202720869e-01
-4.571222736580393e-01 2.437989202720868e-01

