5
0
2
52
-1.428622233324007e-01 4.182955793266321e-01
-9.545926269770236e-02 2.507991971630181e-01
-7.790172538413288e-02 2.567956956702152e-01
-3.234390471053471e-01 9.470181859833121e-01
-4.429728399562358e-04 1.297008939052740e-03
1.447654608782635e-15
7.092454978414203e+04
8.228685430392726e-13
5.960464477539063e-09
9.619055208941690e-13
0.000000000000000e+00
1
1
12
52
-9.461040245256941e-02 -7.344793866458087e-02
-1.167019054937180e-01 -9.059801221160049e-02
3.748539914478545e-02 2.910066151112499e-02
1.092711050293909e-02 8.482933389944280e-03
-7.246691226222493e-01 -5.625750645882459e-01
4.041272810440265e-16
4.300787100373725e+05
2.218126441935078e-16
2.441406250000000e-05
3.132881473427226e-12
0.000000000000000e+00
1
1
18
52
-5.523158339741834e-02 1.579311038233272e-01
2.188319566754151e-02 -6.257356813551937e-02
-6.812814298243909e-02 1.948079732791386e-01
-4.230467479706230e-01 1.209674533408860e+00
6.379019636233894e-03 -1.824038983655187e-02
7.447602459741819e-16
6.742263652202168e+05
1.006030257950653e-12
1.490116119384766e-09
4.111364924887547e-12
0.000000000000000e+00
1
1
19
52
-3.693700538915672e-01 -3.916629067999697e-01
-2.158924523075315e-01 -2.453902573367351e-01
-2.323321099092516e-01 -2.298863198719432e-01
-1.145305581490570e-03 -1.214429021775846e-03
-8.362511479467634e-01 -8.867220067487942e-01
8.881784197001252e-16
4.197779070175601e+04
8.390952499607499e-15
6.103515625000000e-06
8.194109320830663e-13
0.000000000000000e+00
1
1
21
52
3.222622001938569e+00 1.967580823094377e+00
9.482064855622296e-01 3.059922102981761e-01
7.054237603336422e-01 7.036363338985437e-01
5.217716201466865e-02 3.185691133548814e-02
3.765347234260537e-01 2.298943222619912e-01
4.019436694230464e-14
2.165804101127559e+03
1.321655288610781e-14
1.525878906250000e-06
1.898708597141758e-14
0.000000000000000e+00
1
1
28
52
-3.221235801206316e-02 -4.295811269228152e-01
-6.846407201434092e-01 -3.667223734608238e-01
6.222943265104366e-01 -4.647235587617093e-01
3.173089143841521e-01 -2.339437855687492e-01
-3.486491342175082e-01 -1.840065845649771e-01
4.965068306494546e-16
2.905248387705766e+01
1.511521170307226e-16
9.765625000000001e-05
7.778298891464532e-15
0.000000000000000e+00
1
1
37
52
-2.476960400873950e-01 -1.873386049509128e-01
-5.246800023419982e-01 1.954935914853287e-01
4.526912497517820e-02 -5.580838247910554e-01
-2.657056945812579e-01 1.008621268398512e-01
2.471593700797953e-02 -2.831286054452719e-01
1.110223024625157e-16
5.679894220969135e+01
1.552054976372224e-16
9.765625000000001e-05
4.543322584431148e-15
0.000000000000000e+00
1
1
46
52
1.682268630348065e+00 1.973059589852244e+00
5.533422533170362e-01 4.024311225454210e-01
3.098834949066034e-01 6.100087518090306e-01
1.965581297078574e-01 2.305344674371464e-01
2.723744914081262e-02 3.194561751964322e-02
2.864289338439558e-14
6.163469542106633e+02
1.038219005986192e-14
1.525878906250000e-06
2.011802545442657e-14
0.000000000000000e+00
1
1
47
52
-2.430031748249369e-01 1.896100639366685e+00
-8.160166895598055e-02 6.367199802730527e-01
7.845156163521737e-02 -6.121403816349865e-01
-6.391351763295147e-02 -1.157113889535715e-01
9.102764497461460e-02 -9.585421806137606e-02
1.069508444366134e-14
1.882063267254686e+02
9.286132098359989e-16
2.441406250000000e-05
5.244506852942940e-12
0.000000000000000e+00
1
1
57
52
-5.891174428566367e-01 1.646146448221440e+00
-1.978285534039362e-01 5.527841256296381e-01
1.901916854047052e-01 -5.314447419720937e-01
1.001246521486390e-01 -6.776787732393313e-02
-3.439133250655116e-02 -1.159080127225961e-01
7.081099581852424e-15
1.382611369179389e+02
1.468868483116213e-16
2.441406250000000e-05
4.957592998279534e-12
0.000000000000000e+00
1
1
58
52
2.930763653207570e-02 6.254438480604914e-01
1.151734059146150e-02 2.457874694557382e-01
-2.672884969366245e-02 -5.704108752795108e-01
-2.770867189197241e-04 -5.913209123425813e-03
-3.277405438975504e-02 -6.994194387404224e-01
1.650465180893346e-15
1.635407995891720e+02
1.666472580754424e-16
9.765625000000001e-05
4.501494674877814e-12
0.000000000000000e+00
1
1
61
52
-2.319587666121365e-02 3.109077521000065e-01
-4.953922881098073e-01 2.655930013361615e-01
4.504971191054044e-01 3.361629175788902e-01
2.297084092837470e-01 1.692247188162345e-01
-2.522762658038319e-01 1.332653160660245e-01
1.804112415015879e-16
6.317105545638889e+01
2.344136397555794e-16
9.765625000000001e-05
9.244106859640993e-15
0.000000000000000e+00
1
1
66
52
9.295988982125190e-01 1.353745947352363e+00
1.549830748412835e-01 4.046774305846947e-01
3.220238014572674e-01 2.899728394296599e-01
1.086153647014936e-01 1.581731756218485e-01
1.505104610206057e-02 2.191837006611863e-02
2.512147933894040e-15
4.978777068304200e+02
1.968733226065405e-15
1.525878906250000e-06
6.008553267260379e-15
0.000000000000000e+00
1
1
68
52
1.438552712058577e+00 1.555216576388319e+00
2.731334207657501e-01 4.877682210607810e-01
4.650339080567463e-01 3.102630615678715e-01
2.329146821394792e-02 2.518036158919595e-02
1.680820919248170e-01 1.817132270262310e-01
7.944109290391274e-15
4.368761751664497e+02
1.713545528048472e-15
1.525878906250000e-06
1.643730087448047e-14
0.000000000000000e+00
1
1
76
52
1.706327667721640e-01 2.236737585168178e-01
-1.751184406814728e-01 4.760201904066300e-01
5.053748484823740e-01 -4.310397270429146e-02
-9.036862521411644e-02 2.410706401745766e-01
2.563815702897538e-01 -2.345276941066282e-02
8.777083671441753e-17
8.334193759452486e+01
2.384023504324672e-16
9.765625000000001e-05
4.380702658469288e-15
0.000000000000000e+00
1
1
77
52
3.325435104522630e-02 1.629694163356342e-01
-4.782077122268392e-01 2.388974784382296e-01
5.335749584897828e-01 3.244048257961304e-02
1.531760245395143e-01 -1.049652509629328e-02
-1.450426315119007e-01 5.035579983408039e-02
8.777083671441753e-17
2.323074101404507e+02
2.210760097920186e-16
2.441406250000000e-05
5.447573024373289e-13
0.000000000000000e+00
1
1
84
52
8.668788123992736e-01 6.547753485233693e-01
-3.052616422104556e-01 -4.406767068873313e-02
-1.258667908813578e-01 -2.815744675182456e-01
-1.369961298883088e-01 -1.034766191201530e-01
-2.383140232254170e-01 -1.800045697085941e-01
8.881784197001252e-16
5.795577299111836e+02
1.743220203159162e-15
1.525878906250000e-06
2.555925345420226e-15
0.000000000000000e+00
1
1
94
52
1.052282394743072e+00 4.573316253010399e-01
-3.999623481732635e-01 6.307969306758979e-02
-2.267547508993484e-01 -3.354567193817201e-01
-4.234742125471249e-01 -1.840457949926452e-01
-1.538157815376079e-01 -6.684975603409182e-02
1.986027322597818e-15
2.548133842157291e+02
4.294934678142784e-15
1.525878906250000e-06
6.162737906427329e-15
0.000000000000000e+00
1
1
109
52
1.105321717185673e+00 5.855941840869615e-01
-3.550774399441387e-01 5.799609678973718e-03
-1.946367913608087e-01 -2.970355926122004e-01
-3.038644636519506e-01 -1.609859463526624e-01
-1.746781618953590e-01 -9.254365864933078e-02
3.339908118180928e-15
3.016372693921786e+02
2.136290122581493e-15
1.525878906250000e-06
4.078181044013423e-15
0.000000000000000e+00
1
1
115
52
6.655398057806402e-01 5.745671167435742e-01
-3.069951075121194e-01 -4.506831557947896e-02
-8.938629968421916e-02 -2.971316855105026e-01
-9.728427072614103e-02 -8.398647601559597e-02
-2.678358457574852e-01 -2.312253426779657e-01
1.897149936107019e-15
2.145267577971241e+02
9.867020674955959e-16
1.525878906250000e-06
1.890641683868921e-15
0.000000000000000e+00
1
1
120
52
-6.945751251653380e-02 -1.151439290430710e-01
2.751962271370183e-02 4.562094682392033e-02
-8.567582265171023e-02 -1.420300049151194e-01
8.022055660400880e-03 1.329864796872603e-02
-5.320103640835265e-01 -8.819458312393496e-01
4.449557262054371e-16
4.303545375790963e+05
1.925942150802426e-16
6.103515625000000e-06
4.463041323674983e-15
0.000000000000000e+00
1
1
122
52
4.105436510151821e-01 1.073452960566536e-01
-3.744198044991671e-01 -9.789995452140411e-02
1.613358024018515e-01 4.218464816235621e-02
-3.881452300275536e-03 -1.014887564994715e-03
-4.591015018565032e-01 -1.200417702599382e-01
2.220446049250313e-16
2.829186059811654e+02
7.369041782219180e-17
9.765625000000001e-05
9.130913764712377e-13
0.000000000000000e+00
1
1
126
52
8.768317922554229e-02 1.186462079269729e-01
-2.953081756821799e-01 3.709577665361914e-01
4.412973778378882e-01 -1.734162838134322e-01
-9.783284943867314e-02 9.473529561436729e-02
1.192785170321289e-01 -6.571664963346632e-02
1.110223024625157e-16
3.579410838073716e+02
1.443217031164833e-16
2.441406250000000e-05
9.440331061014396e-13
0.000000000000000e+00
1
1
130
52
3.798355104085832e-01 -2.106386152579139e-01
-3.464136814620073e-01 1.921044667231419e-01
1.492680904964692e-01 -8.277694692249270e-02
-4.247612960419709e-01 2.355523082009758e-01
-3.591124626957951e-03 1.991466037041527e-03
1.273811594446465e-16
3.349888685067143e+02
3.352730960568888e-15
2.441406250000000e-05
2.163042777787171e-14
0.000000000000000e+00
1
1
140
52
1.951260947505532e+00 -3.485107882448443e-01
-5.329567077954365e-01 -1.806393367154535e-01
-4.374719874485788e-01 3.539656516541412e-01
-5.364219774568728e-01 9.580924910855435e-02
-3.083651306122020e-01 5.507647497084878e-02
3.552713678800501e-15
4.334301318916067e+02
1.703920614969525e-14
1.525878906250000e-06
2.614622365795455e-14
0.000000000000000e+00
1
1
148
52
1.849122041116530e+00 3.235960364420274e-01
-4.154864669643402e-01 -3.337782033666041e-01
-5.041450625866685e-01 1.728428452167790e-01
-2.922237338146610e-01 -5.113910272770122e-02
-5.083429272352641e-01 -8.895992408772609e-02
5.617333549722722e-15
2.337284282932710e+02
2.550444250004904e-15
1.525878906250000e-06
3.510833468576701e-15
0.000000000000000e+00
1
1
171
52
2.439980728515667e-01 1.897953139380033e-01
-3.763208804436901e-01 1.629209943515511e-01
6.531456437121859e-02 -4.048390583175123e-01
-1.937167085913984e-01 8.312670294717513e-02
3.290508664771379e-02 -2.082149543213914e-01
5.003707553108401e-17
6.621994027938712e+01
9.508532565601363e-17
3.906250000000000e-04
1.393945386368744e-13
0.000000000000000e+00
1
1
178
52
1.250639681792396e-01 4.009185831605174e-01
-5.461543953877592e-01 -1.100047344758268e-01
3.867445952927731e-01 -4.010165622767907e-01
1.981420257711536e-01 -2.067817794624885e-01
-2.805678389530946e-01 -5.745132234822849e-02
1.241267076623637e-16
2.812782802973705e+01
2.331193451000220e-16
3.906250000000000e-04
7.312734538760868e-13
0.000000000000000e+00
1
1
181
52
-6.770938389921809e-02 9.868937870996621e-02
-8.351950648138688e-02 1.217333215892510e-01
2.682700015550819e-02 -3.910152220482629e-02
-5.186205591724645e-01 7.559120733907360e-01
7.820154029291770e-03 -1.139821540420382e-02
5.900916318210353e-16
5.397100138937831e+05
5.141569692859295e-13
1.490116119384766e-09
1.445257008419685e-12
0.000000000000000e+00
1
1
187
52
9.554009314768247e-01 1.328534056817129e-02
-3.084432749329101e-01 -4.289062129248245e-03
3.208283619618235e-01 4.461283124356067e-03
-5.384430021394108e-02 3.829443620307267e-02
-5.275867950872504e-02 -3.977680537871091e-02
5.013320832966251e-16
1.859775529504589e+02
7.250911423633697e-17
2.441406250000000e-05
7.397091876028665e-13
0.000000000000000e+00
1
1
197
52
-1.051559444445273e-01 -1.361954771841232e-01
-5.103197487582551e-01 2.130459837010443e-01
3.352390483664677e-01 -4.398063410117900e-01
-1.374720265113291e-01 7.955729384074721e-02
1.117528469611388e-01 -1.128681632369149e-01
2.145734436807299e-17
2.137916563265919e+02
3.313106750326370e-16
2.441406250000000e-05
1.196367616475996e-12
0.000000000000000e+00
1
1
198
52
1.085154905426206e+00 4.031105912760308e-02
-3.503332703703674e-01 -1.301409144966245e-02
3.644003886876804e-01 1.353665319214635e-02
-5.889339660239938e-02 -4.658602836840809e-02
-6.218744241278387e-02 4.208814807836447e-02
6.938893903907228e-16
1.321610927470049e+02
7.333859342163400e-17
2.441406250000000e-05
8.248997960728567e-13
0.000000000000000e+00
1
1
199
52
-1.568210956375374e-01 4.252626350326263e-01
-8.622494022958674e-02 2.613158549821404e-01
-1.040749127171536e-01 2.547334468126704e-01
-3.550418337043572e-01 9.627915500407487e-01
-4.862551098519157e-04 1.318611685953573e-03
1.776356839400250e-15
7.217589646209903e+04
1.005461913039434e-12
5.960464477539063e-09
1.092560781948675e-12
0.000000000000000e+00
1
1
207
52
1.761240618674510e-01 -4.440764081257448e-01
-6.289077141735849e-01 7.810381585865270e-02
4.044153851442562e-01 4.879275717330891e-01
2.070818827870165e-01 2.514874853163690e-01
-3.231598325888763e-01 4.118961095344337e-02
1.246227083727528e-16
3.600991638544878e+01
5.871018971867121e-17
3.906250000000000e-04
7.624405293328322e-13
0.000000000000000e+00
1
1
208
52
-3.794611425707366e+00 -2.323752154857471e+00
-1.491209710967113e+00 -9.131901505720689e-01
3.460722543511256e+00 2.119284576377670e+00
4.243426491181268e+00 2.598598472048708e+00
3.587585196006059e-02 2.196972995304702e-02
9.952672311836255e-13
9.579791434618511e+04
2.412232196330279e-14
6.103515625000000e-06
6.753223014464260e-14
0.000000000000000e+00
1
1
217
52
-2.748564714905125e-01 -4.250872055118248e-01
-3.193989069704967e-01 5.906959164817224e-01
6.697381438666198e-01 -4.886866247632125e-02
-1.632092725663099e-01 3.041747444275936e-01
3.443587155334106e-01 -2.401284729879835e-02
4.475452091311810e-16
3.122687333954717e+01
2.499169926434653e-16
3.906250000000000e-04
4.897760182837600e-13
0.000000000000000e+00
1
1
227
52
-2.797216186524838e-02 -1.943963144914240e-01
-6.267333350408292e-01 -7.499981136154643e-02
5.801607354915602e-01 -2.486627554531626e-01
1.744427231888896e-01 -4.936606201158651e-02
-1.812841914218037e-01 1.820355083551768e-03
6.206335383118183e-17
1.347555714172058e+02
9.216599253986136e-17
2.441406250000000e-05
1.002799284445134e-12
0.000000000000000e+00
1
1
230
52
-3.502907863336192e-01 -3.813112404089276e-01
-2.205386688260187e-01 -2.240059468970940e-01
-2.045335120364043e-01 -2.387090512462139e-01
-1.086146504043290e-03 -1.182331613849891e-03
-7.930558232873326e-01 -8.632859084201184e-01
1.776356839400250e-15
4.133962227711910e+04
3.288508631678244e-15
6.103515625000000e-06
8.168032346875992e-13
0.000000000000000e+00
1
1
235
52
1.696128109346518e+00 3.067265502015648e-01
-4.470049076771703e-01 -4.125316501737383e-01
-5.631730575302634e-01 2.298518156433789e-01
-2.479289514206307e-01 -4.483528782129584e-02
-6.825796184302148e-01 -1.234371923000939e-01
1.080515682314282e-14
2.472737099327058e+02
3.464420715294445e-15
1.525878906250000e-06
3.128879526812945e-15
0.000000000000000e+00
1
1
238
52
1.476205285043064e+00 -8.480025155783011e-01
-6.001825082766022e-01 -2.701930682026969e-02
-2.790140823911890e-01 5.320716380428906e-01
-5.940751967005502e-01 3.412650437910099e-01
-2.157820664521206e-01 1.239554803265348e-01
3.866800966722330e-15
1.916947428744454e+02
1.559225856071714e-14
1.525878906250000e-06
2.313982855101580e-14
0.000000000000000e+00
1
1
-1

2 0
1 5
1788713849051289500949214095892920652636660658804752683649982093229977146300508862346083821184211908144199469665983867761413424120471127016391844990382443663532588022222285854653251212382028827627153782063853548149312277117020964793036278470956909998268008997813876643540031769337994301425555659703430963812991/5000000000000000000000000000000000000000000000000000000000000000000000000000000000000000000000000000000000000000000000000000000000000000000000000000000000000000000000000000000000000000000000000000000000000000000000000000000000000000000000000000000000000000000000000000000000000000000000000000000000000000000000 -2739867625493238219010783781940969849612131526139164190332869829930954354057301932585699271755412067246787472439721321370372343160659180809525407342306207691799165238253911150200684940368727494953028638223164265230087847585548738534791502770360434333201198612062947072316945410658112645772845782463848679181791/10000000000000000000000000000000000000000000000000000000000000000000000000000000000000000000000000000000000000000000000000000000000000000000000000000000000000000000000000000000000000000000000000000000000000000000000000000000000000000000000000000000000000000000000000000000000000000000000000000000000000000000000
-2064657639866019802100369161173866098384373786920259629513867192518444076183534988677352595469157866683947845495654714088789203996712933003177177960048671031619279071992653681290446121988481696483706359018928344925515014825868349972760536627780368772695111573675669550310515567282533002987399534344111882926587/2500000000000000000000000000000000000000000000000000000000000000000000000000000000000000000000000000000000000000000000000000000000000000000000000000000000000000000000000000000000000000000000000000000000000000000000000000000000000000000000000000000000000000000000000000000000000000000000000000000000000000000000 -4756328996046829981376776430662513558786329412648528482330604960503673415896789035963555938077437235231426683619417524350762803328701617067029863766816723106874033832513443219469333379120225185095843014652050369508846691949427211207604103277726967036743045675051151946272073505507646952736602394374950694486651/10000000000000000000000000000000000000000000000000000000000000000000000000000000000000000000000000000000000000000000000000000000000000000000000000000000000000000000000000000000000000000000000000000000000000000000000000000000000000000000000000000000000000000000000000000000000000000000000000000000000000000000000
1727862739294369746554926150006935432388861275139275260586978778609520394574742028939899319554790595659994455483728977928763157550753592918491540398711865824278160286369058533361011122990524096743022085047859714712552929379097365209689424076808698398389045251315706087221610131916719999531148502997889261476467/2000000000000000000000000000000000000000000000000000000000000000000000000000000000000000000000000000000000000000000000000000000000000000000000000000000000000000000000000000000000000000000000000000000000000000000000000000000000000000000000000000000000000000000000000000000000000000000000000000000000000000000000 2900642792570413282122136405426845500567680322019367108717415445978867981331218808950724882907548459059244498658586954654431344857719418133109086643989993413179512063369087795439619432448426962528988754461142610864130928707538909290124409351421977211865727155026051074905378835677319641352632640786752329667779/10000000000000000000000000000000000000000000000000000000000000000000000000000000000000000000000000000000000000000000000000000000000000000000000000000000000000000000000000000000000000000000000000000000000000000000000000000000000000000000000000000000000000000000000000000000000000000000000000000000000000000000000
-1243182020307885057296952886662137230187190263575823166259332688330458043170066473881337662696570704235050220429716330400883658645448695578404575172860789369915904652088611898559869640132330117078607765178607997370816254347564194871012625470138543583847259255191314490976421107720956839744288672131005503565493/2500000000000000000000000000000000000000000000000000000000000000000000000000000000000000000000000000000000000000000000000000000000000000000000000000000000000000000000000000000000000000000000000000000000000000000000000000000000000000000000000000000000000000000000000000000000000000000000000000000000000000000000 -950375083643427267830943146578180538489609397057937651962741314566182060644448538015289979091709106984802929384334570173094049787441828444705853103986313050589624470273304070216434210950088830605769897299671568695716874228562460296879419266040858629732684744984230166954581718649109861201007980103714883796587/1250000000000000000000000000000000000000000000000000000000000000000000000000000000000000000000000000000000000000000000000000000000000000000000000000000000000000000000000000000000000000000000000000000000000000000000000000000000000000000000000000000000000000000000000000000000000000000000000000000000000000000000
-1843852178711053804597922344033489944808387015172932415765552188736336735214808956565815310625632759839815162880395393197522456834667669999002192585447664507680319639080023052416723393233265325900001631475454282300892603631021092968846999320499998162670487500903314997067392228258064971325078267631126670775163/2500000000000000000000000000000000000000000000000000000000000000000000000000000000000000000000000000000000000000000000000000000000000000000000000000000000000000000000000000000000000000000000000000000000000000000000000000000000000000000000000000000000000000000000000000000000000000000000000000000000000000000000 7843377979552654542763330090027591185557876006405738469517868929615795722277524729219304305069726878971352512464942611073854339197965552713174996469294825459318861368101247985754821200680468374363718673590809299163461376524520092135303256925732025301659582726841222299888505696427889621921894272056882007499439/10000000000000000000000000000000000000000000000000000000000000000000000000000000000000000000000000000000000000000000000000000000000000000000000000000000000000000000000000000000000000000000000000000000000000000000000000000000000000000000000000000000000000000000000000000000000000000000000000000000000000000000000

0
-6829633366869018747413149427871793910413653089228521625824894048248311080761379701118514855383455374135899168853681563847480748026947637236314025821309463750427478735646656777147533211431216570187888407536669683286988564494297624929391574104673172207407661296002757481956282725625078075054966642747756328403641/10000000000000000000000000000000000000000000000000000000000000000000000000000000000000000000000000000000000000000000000000000000000000000000000000000000000000000000000000000000000000000000000000000000000000000000000000000000000000000000000000000000000000000000000000000000000000000000000000000000000000000000000 19094694582140289343890131177824507875489499256357414502515319704228452273202512866327229440200511468192994328680647258449036189785065359339839203017685992907115120773276120412675524680363208396812128097402552701184508973933963280757512114651310946949764764023846058015376478424828013555270091193210374143719/25000000000000000000000000000000000000000000000000000000000000000000000000000000000000000000000000000000000000000000000000000000000000000000000000000000000000000000000000000000000000000000000000000000000000000000000000000000000000000000000000000000000000000000000000000000000000000000000000000000000000000000
5 5
1 0
0 0
0 0
0 0
0 0
0 0
1 0
0 0
0 0
0 0
0 0
0 0
1 0
0 0
0 0
0 0
0 0
0 0
1 0
0 0
0 0
0 0
0 0
0 0
1 0

5 0

4 0

