40

4.567707856863999e-54
1.316134371305808e-57
3.470548263496932e3

2.764367226669156e-53
5.855709709392879e-57
4.720806467292870e3

2.240502551517621e-54
2.709395267789580e-58
8.269382390061905e3

1.478039957933035e-54
1.787364386135214e-58
8.269382390061905e3

3.071113830089704e-59
1.505659442609546e-62
2.039713459218226e3

2.671463626685475e-55
5.658913673318653e-59
4.720806467292870e3

1.574257326885971e-58
7.718031764566316e-62
2.039713459218226e3

1.109273436819017e-34
7.287164658429036e-42
1.522229136864534e7

2.844924261413532e-56
7.536239383535581e-60
3.774991897986729e3

2.505449327262671e-54
7.219174427322831e-58
3.470548263496932e3

1.356930394445876e-56
3.594525315854457e-60
3.774991897986729e3

3.159333766383095e-53
9.103269934646416e-57
3.470548263496932e3

5.326103061333586e-54
1.128218896121751e-57
4.720806467292870e3

1.648571242026995e-58
8.082366837246117e-62
2.039713459218226e3

7.089647092562122e-54
1.501787277593622e-57
4.720806467292870e3

6.251768869049437e-54
4.028143939584188e-57
1.552022212417461e3

6.532991095049482e-57
4.209341234152548e-60
1.552022212417461e3

4.314216029342957e-51
3.774807679963318e-58
1.142896908958520e7

5.578805348505768e-56
2.639879822441600e-59
2.113280044447623e3

1.364350576629974e-55
2.018301022701565e-59
6.759896374643580e3

3.778823870544600e-56
4.569656707477898e-60
8.269382390061905e3

6.207666604416051e-49
3.625071569782898e-53
1.712425943851868e4

2.660288426799078e-54
3.217033995182272e-58
8.269382390061905e3

3.726065905426016e-48
2.175899003868594e-52
1.712425943851868e4

5.214694894784088e-52
4.562699272269491e-59
1.142896908958520e7

2.047881778709431e-53
5.900744272162869e-57
3.470548263496932e3

7.262504839189631e-58
5.269232466853972e-62
1.378285145867887e4

7.108421574867670e-33
4.669744785932489e-40
1.522229136864534e7

2.408944401233638e-53
1.552132683385644e-56
1.552022212417461e3

3.827662297364771e-57
2.777119312966655e-61
1.378285145867887e4

8.767993554072568e-54
4.148997468229243e-57
2.113280044447623e3

9.521748961251639e-57
2.522323019111580e-60
3.774991897986729e3

6.203552745991912e-57
9.176993850470080e-61
6.759896374643580e3

8.972069872994711e-57
2.376712352092643e-60
3.774991897986729e3

2.849320328888348e-57
4.215035513822621e-61
6.759896374643580e3

1.884106415306221e-58
9.237113217012134e-62
2.039713459218226e3

6.928322593673866e-54
4.464061492317287e-57
1.552022212417461e3

9.629402247295832e-56
1.424489624340366e-59
6.759896374643580e3

3.585908593231420e-57
1.696844960351063e-60
2.113280044447623e3

1.682720456182392e-56
7.962600416369464e-60
2.113280044447623e3

