0
-8.147508366236801e-02 -3.814863579438377e-01
1.742021459562997e-01 -3.102704200736633e-01
-2.844104882289715e-01 -2.067595980713318e-01
-1.303971496258980e-01 -5.777836698897773e-01
1.598799077108837e-02 -1.414917669956580e-01

1
-1.646726980041706e-02 -1.032816371584386e-01
4.383232669871444e-01 -3.822910313323762e-01
-4.891597082863401e-01 -1.900390196587674e-01
-9.612097283456694e-02 -1.106731876950317e-01
1.761467626651662e-01 -2.052518523611866e-02

2
-1.383458019386640e-01 -4.578578762537091e-01
6.103509492829874e-01 8.295627883728819e-02
-3.910369747072271e-01 -7.777011393701247e-01
-8.977474485584078e-01 -1.545407376063995e-02
1.937446130302431e-01 3.246045974780355e-03

3
3.131765925735915e-02 -1.663389004479983e-02
1.364653438967691e+00 -1.600713492195660e+00
7.027832119815736e-01 1.983762001266216e+00
2.820624906476367e-01 -4.239761736447659e-01
-4.381698197702724e-01 7.184443486747891e-04

4
1.773696975465326e-01 -4.157334269217151e-01
4.648927900293256e-01 -1.495693393174589e+00
2.129225657865449e-01 -1.720876198296996e+00
3.856508858428431e-01 2.430656573191294e-01
-4.237068415250962e-01 -9.508931295863043e-02

5
-4.437851351754960e-01 -5.313637534028720e-01
-5.745733136340855e-01 -1.010222660392510e+00
-3.592905091350969e-01 7.061268763731425e-01
6.598610699478696e-01 -1.216647179145165e+00
-1.053052200591849e-01 -5.868724356310320e-02

6
1.228560790819406e-01 -2.177989556322785e-01
3.294695755726176e-01 -8.169508215429722e-01
-3.151935958840111e-01 -1.179683678358222e+00
2.027677066557915e-01 1.634285581198194e-01
2.084554721681780e-02 -8.899484804371403e-02

7
6.152335861345110e-01 -1.919350970547707e-02
1.958342436620425e+00 -4.199844949791322e-01
-3.475003441447072e-01 1.910409978127841e-01
3.587359071326113e-02 5.936041911439623e-01
1.957747822185459e-02 -6.098880702793655e-01

8
1.350718626294986e-01 -4.783507017854182e-02
9.206848553149757e-01 -1.635930213730013e-01
-6.766955841878414e-01 -6.289375874533749e-01
-1.480919445587826e-01 1.299509990402369e-01
-4.846332486049745e-02 -2.403177183494250e-01

9
6.445227652732656e-02 5.123827820640477e-01
4.007415592946232e-01 5.971274180816587e-01
3.238985378552605e-02 -6.875194639802669e-01
-9.124313302783233e-01 -3.884828093389571e-01
9.072666502489131e-02 1.017892793430382e-01

10
1.604724767548947e-02 -9.427046272090152e-03
6.153127533192738e-01 -3.961182558013740e-01
-6.521444346398811e-01 -3.328458717803072e-01
-9.027464310345772e-02 1.523174184115777e-01
2.000793802730452e-01 5.711333919536806e-03

11
1.432418757630582e-01 -5.732803716506349e-01
4.456571270156126e-01 5.405443434850845e-01
1.896313633489478e-01 -9.766618175743242e-01
-1.169012724835931e+00 -5.511158865685505e-01
1.359885185194634e-01 -2.305502854874410e-01

12
7.781456454492157e-01 -4.135201376207448e-01
1.750086404171163e-01 -9.133137730802974e-01
9.310832866042594e-01 2.932508223329331e-01
2.227944961768754e-01 -2.162852265371170e-01
8.527323533703786e-01 -3.064563416900925e-01

13
-9.619095859992221e-03 -2.749887625977072e-01
6.656147198881453e-02 -3.184966603136249e-01
-9.488147594273687e-01 -9.837827729739508e-01
6.944598386016940e-03 -4.373596046867661e-02
2.560735305744027e-01 2.256498789832241e-02

14
-1.845515840735277e-02 -1.174680990586095e-01
2.273937238181315e-02 -5.255989917081451e-02
-5.957298259072267e-02 -2.255660341073782e-02
-3.391095939005812e-02 -7.794654422683395e-03
8.528551003909299e-01 -4.169522123664784e-01

15
-3.282777661604214e-01 -1.115297983942891e+00
-1.384470308714965e+00 -1.297116623508974e+00
-7.003668264132679e-02 -5.773857800270319e+00
-1.642716884583262e-01 -1.919529930151111e-01
-9.685989243688506e-01 4.425814467305221e-01

16
3.020982021976803e-02 4.744701705695078e-03
1.150484736742671e-01 -1.151987728582965e-02
-9.566321372108431e-02 1.569979395500838e-02
6.452016006953437e-03 -2.832350412038676e-02
7.681523786296940e-01 -4.273682105858327e-01

17
1.153381463976316e-01 -1.923260806298952e-01
1.660735935705169e-01 -7.396558665802629e-01
1.942895640502785e-01 -8.384725903792508e-01
-1.975799178874205e-01 -7.260950064483511e-02
1.766299823438847e-01 1.451632268590585e-01

18
-1.773919750577940e-02 -1.064615012168022e-01
3.789703580837821e-02 -5.661151321001841e-02
-6.975216233811236e-02 -1.180254592087753e-02
1.828798074615810e-02 -1.828242541616810e-02
8.216229961565046e-01 -4.588156746374030e-01

19
1.523667517267857e-01 -2.214940809708686e-01
2.986504020860238e-01 -9.085903195370869e-01
1.044485076235686e+00 -8.271888682897240e-01
-2.460399080553535e-01 -1.035670729444327e-01
4.949580844935040e-02 -8.300874659495372e-02

20
3.091139906193950e-01 2.090593704382286e-01
1.213311226395213e+00 3.374918231617315e-01
-1.893259612942654e+00 4.228100650563374e-01
1.393818657437114e-01 -3.318584594351928e-02
1.027039385154592e-01 -2.754429359456091e-01

21
4.786561088800089e-01 -3.944450330673665e-01
-2.846089847819857e-02 -1.131686837398692e+00
9.895557363586901e-01 4.328356368092925e-01
-5.995720519446123e-02 -6.127504195574931e-01
4.883604617952236e-01 2.064597558397129e-01

22
-8.537428473314626e-01 4.747912151862443e-01
-4.086930495315459e-01 -4.376258229391199e-01
4.808325676895670e-01 -1.005830794506148e-01
-9.902044476425578e-02 -3.178488677644330e-01
1.564261871572019e-01 2.913582312552662e-02

23
-3.844253120371779e-03 1.206465041935192e-01
-5.424876433659505e-02 2.777099293003176e-02
2.819410127904127e-02 3.407796280468108e-02
-3.351738118489903e-02 1.084151976065906e-02
9.379207074362319e-01 -3.643990121622358e-01

24
3.275326689209878e-02 3.490953977919928e-03
1.241007882309648e-01 -1.293560063867578e-02
-1.028864043923086e-01 1.630416707194116e-02
-2.580838118807888e-03 3.180045035845826e-02
8.229797493487763e-01 -4.258709900939189e-01

25
-3.362156711465377e-01 -5.477518491221672e-01
-1.097036314337417e+00 -2.074383886230058e+00
2.248376035001835e+00 -2.219044049112622e+00
5.934704252646299e-01 -1.526812275847516e-01
-6.740853842251426e-02 -2.945871402530335e-01

26
1.492826021873557e-01 5.717827917247056e-01
2.852355543926191e+00 2.508883527838904e+00
-3.751480492932310e+00 8.324730869529092e-01
-8.883745879540949e-01 4.424206374918615e-01
1.653883839518448e-02 -8.270064142599861e-01

27
4.914510089334684e-01 5.374175115552247e-02
1.695382129253627e+00 -1.594159531173389e-01
-7.609418645246204e-01 1.210816310214502e-01
-2.190477509686973e-02 4.826062301160761e-01
1.040438016093918e-01 -4.814249858156840e-01

28
-1.594956558856491e+00 3.835172640445238e-03
-1.671755814384185e-01 -1.027587012195983e+00
8.050927592580209e-01 3.395211763776262e-01
2.426463295621552e-01 1.801454102626503e-01
1.201581770885954e-01 -5.479428337374086e-01

29
-3.493298964330384e-01 -2.303222000852037e-01
-6.361715332633779e-01 -5.499338988501671e-01
7.463175376953584e-01 -1.840979496718637e+00
-8.064099339567846e-02 -8.410833321695943e-02
2.638134758388978e-01 -2.793629605147067e-01

30
7.639432637385482e-02 7.504374703289982e-02
5.323644851315027e+00 2.724514146495114e+00
-5.032378378069730e+00 3.247677845829835e+00
-1.116812790650345e+00 9.253712172018564e-01
-4.322723322102968e-01 -1.386325374957664e+00

31
-1.748087246651233e-01 1.385206715522492e+00
-2.316203981499823e+00 5.694020119340824e+00
-5.935323991120105e+00 -3.995426237639879e+00
-1.174757513017111e+00 -9.081202371027366e-01
1.751077919548806e+00 -1.088329847213407e-01

32
2.602224509051814e-01 9.231136562706585e-02
1.083328154400716e+00 -6.105627846270124e-02
-1.265583745218696e+00 6.692831941309856e-01
2.812092652304497e-02 -1.841520290901057e-01
7.717678294133659e-02 -8.757557902347224e-02

33
2.669278675200701e-01 -2.928256604462899e-01
1.368826116893961e+00 -1.489020206829281e+00
9.197548472209867e-01 2.082080040814213e+00
-5.364481539069690e-01 -2.111555624414311e-01
1.904985401112834e-01 5.201497120758845e-01

34
3.420028297966368e-01 4.603417655551945e-02
1.625730660642494e+00 -9.493388532779825e-01
-3.673551337202658e-01 1.967678406473643e+00
-2.990017978380805e-01 -1.773657798633432e-01
-7.086438915613565e-04 4.757671118218264e-01

35
3.930420273817610e-02 2.460289035072584e-02
1.210379347295279e-01 2.048558416957679e-03
-9.756600044735883e-02 1.686822777052000e-02
-3.687916770018939e-03 -2.574246268308327e-03
7.949859571039228e-01 -4.207696490916375e-01

36
2.819679299282894e-01 -2.314496644090977e-01
4.304699028858496e-01 -4.614239690433882e-01
7.984868770800414e-02 4.289858863582124e-01
-2.783611043939656e-01 -6.793365513733933e-01
1.066243893803895e-01 1.122321297539422e-01

37
2.133003580901285e-01 -1.646472788373250e-01
6.159191467802956e-01 -6.905276843655318e-01
-2.558363784873079e-01 3.242216794063318e-01
-1.414446670539775e-01 -2.278134363522225e-01
1.740685407326260e-01 1.982017825886477e-01

38
1.237123274955884e-02 -1.380584672933940e-02
-2.081263133898223e-02 -4.945708566702932e-01
2.838273048202430e-02 4.863359055000069e-01
-1.612475090814728e+00 -3.804583723484340e+00
-2.640069392216654e+00 2.163548475520427e+00

39
2.879577375722953e-01 -1.494731854982200e-01
4.793325919359530e-01 -2.758701831670087e-01
-6.505966429084138e-02 3.868879925900937e-01
-2.058069795619690e-01 -6.597456944763799e-01
9.718567011473506e-02 -3.541711509062868e-02

40
-1.176978529836134e+00 -1.004606777856004e+00
1.015825767821558e-01 -1.087450020313897e+00
-1.073605448492525e+00 1.913847453598394e-01
3.522682290822816e-02 -4.710309950239498e-01
-4.058134120902265e-01 9.929554991386909e-02

41
3.714268273688826e-04 -2.354602584016003e-03
-6.834306183110057e-03 -6.488064814536365e-02
7.071408214538373e-03 6.345567404253992e-02
-2.402413457904350e-01 -4.868282934336455e-01
4.417800306270232e-01 -7.707132975615319e-02

42
-2.077559520795240e-01 -1.028409266829443e-02
1.943270168340127e-01 -1.178104418019015e+00
7.685576729162428e-01 7.050245059996669e-01
2.073679342842717e-02 -3.112717486138500e-01
1.982302828808221e-01 1.612906839240914e-01

43
4.085531464965903e-01 -1.918623550654429e-02
4.163975814522806e-01 4.556641044020020e-02
-6.990984917701786e-01 -1.796770557526392e+00
5.752585052676381e-02 8.264644225585380e-03
-5.894151631831412e-02 -3.766585700673913e-01

44
4.041412323646145e-01 7.359195013852231e-01
1.563394226209313e+00 1.474393457753437e-01
-7.727774295097543e-01 1.314097034544426e+00
-3.658149634531571e-01 6.642154848633551e-01
8.481680942309612e-01 2.706089384495872e-02

45
2.580433503371517e-01 -4.503470365630183e-02
1.007090079646172e+00 -3.198968345788351e-01
-1.324731652438740e+00 -2.436120489098695e-01
-1.798288432927657e-02 2.162120153397760e-01
8.818309408353382e-02 6.056030518374632e-02

46
-3.627685739449395e-02 -5.182103582856364e-03
-1.390558135782979e-01 8.703662034493853e-03
1.189516410452500e-01 -1.028100398105480e-02
4.272337615030364e-03 -3.500875960468971e-02
9.563389807224598e-01 -4.663604810505128e-01

47
-3.371619019391334e-02 -1.693211696655788e-01
6.853023463618751e-01 -6.636611067242234e-01
-8.119865709064765e-01 -2.386296129037061e-01
2.734293110970067e-01 -6.515478913835922e-02
-1.792888099233696e-01 -1.468352902645355e-01

48
-2.629558442579243e-01 -9.497473672728248e-01
4.637056243968581e-01 -5.143327405371757e-01
-6.185174309206276e-01 -3.046980380209739e-01
-2.464949947980451e-01 -8.292785432286541e-02
2.051247263228932e-01 -2.429762181174742e-01

49
6.507807298823624e-01 5.664482760757257e-02
6.515378468985908e-01 8.234577973207387e-02
-2.977490391459883e+00 -1.433979746505704e+00
8.444731249729948e-02 1.271010335094134e-02
-9.378902286771956e-02 6.045449402663201e-01

50
-1.729329693569223e-01 -1.014589888363613e-01
-2.521268073208061e-01 -8.071420772354435e-02
1.539598968270772e-01 8.301235378173585e-02
1.210722743881591e-02 2.984310400439277e-03
1.054551305052817e+00 -4.610183109053083e-01

51
2.187913323050332e-01 4.796761214236721e-02
8.963994908044917e-01 -9.343577123745860e-02
-6.709934983138439e-01 -1.000243797344679e+00
-1.339740183631529e-01 2.318330818584672e-01
-4.599788021216226e-02 -2.665727323532851e-01

52
5.190826258564214e-01 1.014827581336049e-01
4.544099798731501e-01 3.944773668455884e-01
-6.262952776894011e-01 -9.700351154181128e-02
-5.129844974698849e-01 -8.310073688649111e-01
5.513196274479334e-02 1.476730597958049e-01

53
1.611118930925409e-02 -1.514863010806030e-03
3.648617833566306e-01 2.638740984471972e-01
-3.553021329130169e-01 -2.647345462136637e-01
-3.608052261765595e+00 -1.051128389193601e+00
6.789264608575244e-03 3.104158944020489e+00

54
7.821521118786975e-02 4.067345991263709e-01
8.410623482297902e-02 2.673308851274758e-01
-7.880525551032218e-02 -3.950812007665461e-01
-2.156404356176792e-01 -6.832565004428089e-01
6.698435968161006e-03 -1.389021307004057e-01

55
2.462508888664977e-03 5.050922551951267e-06
1.558628858538734e-02 6.463554680032001e-02
-1.411850966434828e-02 -6.461667892629520e-02
-3.039870540017833e-01 -4.682009582159743e-01
4.418310965316639e-01 -1.319166782257044e-01

56
-9.282544024559266e-03 -5.823337957542999e-03
5.866653414426629e-01 -4.604995515264573e-01
-6.921445164549569e-01 -2.789893036109106e-01
-1.031326601691089e-01 -1.480271636716109e-01
-9.147381708461153e-02 1.434648611143566e-01

57
2.034220428406351e-01 -1.933168615302871e-01
5.398457574137092e-01 -7.362523158771872e-01
-6.090250856407617e-02 1.823552140019608e-01
-1.786196444543436e-01 -2.137824806728932e-01
1.925905722726682e-01 1.907446497248835e-01

58
7.595248615903781e-02 -8.841768342691314e-02
6.477332511861138e-01 -4.802584425124555e-01
-7.231961748490866e-01 -2.341853810640088e-01
-1.079993306614865e-01 -1.743061458981471e-01
-9.008793926800010e-02 1.420374946123509e-01

59
-3.890060825661969e-02 -8.107920998603441e-03
-1.514279451636596e-01 7.314141098155006e-03
1.297542460732448e-01 -1.033338239319230e-02
-9.872331555335042e-03 3.655069052378675e-02
1.040288606791641e+00 -4.636952149351436e-01

60
3.213248836249043e-02 4.259214676574883e-03
-1.297187361495289e-01 1.138330679799213e-02
1.502410316840863e-01 -7.797066293547745e-03
-3.140731973228892e-03 3.073393401813847e-02
1.053001950238194e+00 -4.633184283153599e-01

61
-4.613063120187393e-02 -2.896393713057631e-01
4.815110701478926e-01 -2.704482569989116e-01
-4.983778419201952e-01 -2.743160568061215e-01
-2.432110280632044e-01 -8.197775127375841e-02
2.299995932013264e-01 -9.934657453808556e-02

62
-1.157501558349802e-02 7.247370021425946e-03
4.409415730810277e-01 -3.468105619147958e-01
-5.220511691429841e-01 -2.075608564149566e-01
-7.756876234892743e-02 -1.109686226651332e-01
1.460988072625143e-01 3.570351487245965e-03

63
-1.532273239965803e-01 1.346707191910747e-02
3.951293348129760e-01 -4.948306740906313e-01
-6.659273342897051e-01 -3.070482387678014e-01
-1.046836816067915e-01 -1.021482112833856e-01
1.427104580004842e-02 1.966097333015895e-01

64
-9.038924737524567e-02 -4.795471061150349e-01
3.214801998075745e-01 -4.521876669639704e-01
-4.698831658082162e-01 -2.437413643728370e-01
-1.189599268321156e-02 -4.672270280918951e-01
-7.372489880923250e-02 -1.838095019160975e-01

65
-1.060434099400856e-04 -1.531723115579891e-03
4.645695275690820e-02 -3.649732810502029e-02
-4.652523706066988e-02 3.557368442526347e-02
2.635293795103756e-01 -4.190525819164762e-01
3.862230082894132e-01 -6.141367886687968e-01

66
-1.537149321402169e-01 -1.979977659403451e-01
3.915627637291291e-01 -3.182767144754527e-01
-1.273864604881669e+00 -2.673429242496797e-01
1.352162095300392e-01 -1.132326412925353e-01
8.500440450322913e-02 -3.916612653529995e-02

67
-2.912487109194345e-01 -5.057785423245193e-02
1.636791966754634e-01 -5.588958174889738e-01
-1.087788434790827e+00 -4.386031168148990e-01
3.317891672615748e-02 -1.811766132241062e-01
-4.265115195746823e-02 3.173222458962743e-01

68
-2.920953624587331e-01 -4.053777893923537e-01
5.655582592408006e-01 -9.604739026866840e-01
-1.077438502328145e+00 1.004413176327522e-01
3.004595476267982e-01 -3.585583984217126e-01
-4.208124710001638e-01 1.040101216398628e-01

69
-1.274369270065083e-02 -2.787688814517209e-03
5.104617348706900e-01 -7.234728711098477e-01
-8.825567516644857e-01 -8.094993575768768e-02
1.993635251126132e-01 -7.884957625774565e-02
-2.318156222628363e-02 1.813339757307115e-01

70
-1.012982259869557e-02 -3.915731071698128e-02
9.350356781438730e-02 -3.035298667893947e-02
-1.027255437391504e-01 6.727602225604461e-03
3.321696474075828e-02 -8.611150277824119e-03
7.821942297385873e-01 -4.650385557772039e-01

71
-2.133798944357141e-01 8.826822504854759e-02
6.222309361221430e-01 -5.499371898488150e-01
-1.145518593675597e+00 2.427966924968269e-01
8.818497572865369e-02 2.556240495358385e-03
3.778378337514322e-02 2.121157493612273e-01

72
1.408587419987797e-01 -4.501012543562113e-01
4.613860704397459e-01 -2.585827370202299e-01
-2.842191131064994e-01 -3.948009190645454e-01
-1.634988161225152e-02 -1.558681281509258e-01
2.491208813165665e-01 -4.522825755611195e-01

73
8.592773250629510e-02 -5.572079337351001e-02
1.564573390385957e-01 -5.865845252417113e-02
-8.940273581205097e-02 1.294384435764322e-02
-8.934871758235272e-03 3.378832585523520e-03
7.947831509350286e-01 -4.106755550703894e-01

74
-2.277881546431147e-01 -4.063100909970434e-01
2.144674982811327e-01 3.173309181320653e-01
-2.152969395067540e+00 -8.484942761733338e-01
3.275582535919846e-02 4.636749724812450e-02
3.721525254180243e-01 -2.207491371957971e-01

75
-3.632332837834026e-01 -4.376613483754375e-01
-3.636500352035338e-01 -7.077194764437492e-01
-1.127399465348799e+00 -2.529649789618678e+00
-4.660800896602497e-02 -8.932903222484845e-02
-3.864996164922874e-01 3.958115597397945e-01

76
-1.387190735078317e-03 -1.923872423749379e-02
8.416436487026977e-01 -2.081808923404209e-01
-5.987801610249313e-01 -6.248391176619918e-01
-1.604388736129405e-01 1.368003417662717e-01
-6.377170752176355e-02 -2.179866336131795e-01

77
-1.126395322071899e-01 -1.512896179638756e-01
4.696499738586843e-01 -4.324503626749042e-01
-4.928890115378318e-01 -6.583229048539200e-01
-1.593327201227350e-01 1.488172312023986e-01
1.553387538179615e-01 -3.744245787435654e-02

78
-1.236347795892224e-01 -1.702011876834989e-01
4.806985285637232e-01 -4.909220303576832e-01
-2.873923665026741e-01 -9.323905462561045e-01
-1.738094894401287e-01 1.519783859549343e-01
1.829927416125890e-02 -9.396656695550200e-02

79
1.533764309589610e-04 5.037919947866449e-02
-1.210029470816370e-01 3.071987212998532e-02
1.174324725520570e-01 -2.260668782265982e-03
4.285119329269346e-02 -8.242059414132042e-04
9.849075644869948e-01 -4.945350380777451e-01

80
-9.904638132846201e-02 1.772512365995102e-01
-3.334114612664513e-02 -4.045213431245630e-01
-3.745510422143530e-01 -9.532385630593454e-01
-2.836492698318485e-03 -5.269324090703069e-02
1.683415035983088e-01 1.129438559186849e-01

81
-7.305636948415544e-03 -2.595856268571152e-02
9.638820374416185e-01 -4.019654519441833e-01
-1.326269811262665e-01 1.032991809962444e+00
-2.171051328476809e-01 -1.262778795602814e-01
2.521986377249035e-01 -1.286043246322816e-01

82
-1.911940424286423e-01 5.233809257435953e-02
2.449824946041025e-01 -3.797602820293766e-01
-3.651628127947492e-01 -9.112549453807662e-01
3.404595074671807e-02 -5.592435459326704e-02
-6.783786220325966e-02 -1.448769298783409e-01

83
1.224691561886671e-02 1.194913050337082e-01
-6.448679664654665e-02 1.167081513625046e-02
4.725897883937977e-02 5.552080268842053e-02
2.346966720054739e-02 9.459670504459458e-03
9.505521936266521e-01 -4.068836255326430e-01

84
-2.974933156146551e-02 1.634430483348862e-02
1.285490150147729e+00 -1.564351728081347e+00
7.109681068305346e-01 1.897016469993105e+00
2.650981127201508e-01 -4.100737563394136e-01
-4.193471219237267e-01 6.312786480917335e-03

85
-3.216526127950874e-01 -5.626677529802078e-01
6.472442095627297e-01 -8.935741304230962e-01
-1.159009706768728e+00 -2.096785259545863e-01
3.060941174332176e-01 -4.198981278161196e-01
-6.405484871131754e-01 -5.415706391383046e-02

86
-1.760355838025245e-01 1.916566990777700e+00
9.468898212290511e-01 9.656254035333337e-01
-1.174043516066306e+00 6.573021948555137e-01
-4.987499282716942e-01 2.943612454970215e-01
3.823373223030672e-01 3.482531129774036e-01

87
-2.466451833783307e-01 -6.427491342276177e-01
1.080635714667308e+00 -3.375241115052782e+00
2.892212042711743e+00 2.246688620973750e+00
2.238166098067429e-01 -7.611088789843569e-01
-9.337758307713019e-01 3.903529712410272e-01

88
-2.073091883525301e-01 -1.839479038773915e-03
5.246094146414170e-04 -4.751176865367150e-01
-1.428113133753746e-01 -1.012423167793541e+00
8.792178583165913e-03 -1.443321414969560e-01
-2.967138242867086e-03 -6.883901037342233e-02

89
1.672719518782237e-01 -2.671137325290202e-02
-1.204748361801535e-01 2.021507289721459e-02
2.607587015095410e-01 -3.273291747818757e-02
-1.375267273569938e-02 8.521617376269264e-04
1.095906421650046e+00 -4.875873074347931e-01

90
-2.590748094386092e-01 1.772994814699128e-01
-4.558957968889699e-01 -5.339415497515716e-01
6.590174252561493e-02 -1.249606404351615e+00
-1.208559103830061e-01 -1.809615853861143e-01
1.807031032322964e-01 2.668315377686598e-01

91
3.195288720651374e-03 5.030854736517466e-02
-1.238053564067556e-01 1.546549918213714e-02
1.216828938570696e-01 1.375423967691556e-02
-4.318050100182609e-02 2.613165148406725e-03
1.006351153816629e+00 -3.947063285945814e-01

92
-3.818916539725801e-01 -1.557159400405874e-01
1.372884153569103e-01 -1.338879075169704e+00
1.596233866609828e+00 -1.022026115099543e+00
-1.644237200310873e-01 4.115355174475422e-01
1.687013388524561e-01 -1.732944719346561e-01

93
-9.538091258517660e-04 -2.361722316724265e-03
6.699854104468082e-02 5.304947582428595e-02
-6.756178739718566e-02 -5.448094925540239e-02
-6.869532401593228e-01 -2.304681225701157e-01
6.869419681660538e-01 2.304407654352342e-01

94
-3.862446586883534e-01 -3.557477886495692e-01
7.461121080077470e-01 -1.575269664446713e+00
2.228317493687457e+00 -5.909244160775588e-03
-3.900268566766771e-01 4.157206664592736e-01
1.203811577617400e-01 -3.067747331871096e-01

95
-9.200460299853288e-04 3.531005814495302e-04
-5.093708051365043e-02 4.195668147927533e-02
5.038908492938932e-02 -4.174262444433541e-02
2.795214119737564e-01 -4.770209338436588e-01
4.096659170778496e-01 -6.991114157785174e-01

96
1.127583478399606e-01 -1.619568827506402e-01
1.080259330724505e+00 -4.087004202662529e-01
-9.619899882501033e-02 1.180602750259388e+00
-2.999013078103242e-01 -1.815448788387453e-01
2.750222281921408e-01 -1.231537551409044e-01

97
-3.326124706211618e-04 -4.181279784294774e-02
9.965997654326561e-02 -2.581287739784052e-02
-1.029143633673578e-01 -7.950695365063214e-04
-3.608274912423553e-02 4.652861079117128e-04
8.003309019720719e-01 -4.020408671722461e-01

98
2.337621265708580e-02 -2.483916938620529e-02
1.295657882562244e+00 -1.166210914989815e+00
3.643592974159324e-01 1.707973054922723e+00
-4.145377426772209e-01 -8.296374660861261e-02
8.685698501715412e-02 4.270059775158359e-01

99
-5.145890299337235e-02 -3.027015304394205e-01
4.623422243153911e-01 -2.381477683993266e-01
-4.790461783369429e-01 -3.229857628189721e-01
-2.816323976621448e-01 -1.111578033540754e-01
2.154419444544576e-01 -9.694786161856027e-02

100
-1.752137497576584e-01 -2.774216269209228e-01
8.457404690735568e-01 -6.272849919180818e-01
-9.439932441566077e-03 4.851022112180573e-01
-2.303868842739951e-01 1.117427433351997e-01
2.573661237028977e-01 -1.739302813641272e-01

101
-1.362443073957846e-01 -8.887012193409492e-02
9.669288696991456e-02 6.167234983223766e-02
-1.910461768593619e-01 -6.445191923324589e-02
9.758640496157921e-03 3.944047059744085e-03
7.404788611430603e-01 -5.517615735188972e-01

102
-2.769628233871574e-01 1.005398026298561e-02
9.780455226199902e-01 -1.130424524754839e+00
1.850234327034566e-01 1.457159068210590e+00
-2.462823838424409e-01 -2.585186939755043e-02
1.185278482938033e-01 3.378445471383729e-01

103
3.089267174127700e-01 3.228395484443733e-01
-3.378588229879079e-01 -2.459208348243134e-01
8.929447113550265e-01 -1.962316454403507e+00
-5.048863050582912e-02 -3.921329927706729e-02
3.103821236533508e-01 -2.776809199916624e-01

104
-4.368415160543427e-01 -5.607571709342341e-01
-4.700293992126202e-01 -1.040010756932841e+00
-4.316442405304294e-01 6.239407100688457e-01
5.956857736913601e-01 -1.297574545633066e+00
-3.068191600249971e-01 1.785140944921296e-02

105
-9.405196566419950e-01 8.206122911133691e-01
-1.661584167949112e+00 -1.807748776194688e+00
6.234130576548446e+00 -2.241549518204924e+00
-5.097571605900220e-01 -6.817371766500900e-01
-3.747817592928542e-01 -3.202022236589369e-01

106
2.944313030969383e-03 -2.522746175597533e-02
3.449826851661978e-01 -1.365757274061961e+00
1.011643516578212e+00 9.819779303198218e-01
4.361569037263193e-02 -3.374621019248666e-01
2.188942333860244e-01 2.073901078404446e-01

107
-2.933273470705282e-03 5.700346669396580e-04
-6.337826076314074e-02 -6.746359738220395e-02
6.160796892781131e-02 6.781946522817958e-02
-6.892770154319964e-01 -3.544855140248848e-01
6.892425931047034e-01 3.544918931561721e-01

108
-3.895089764103512e-01 -7.187875654112595e-02
1.410332470246463e-01 -1.283559767684582e+00
4.264638578584629e-01 4.032989958114586e-01
5.638103196954793e-02 -3.715516993619383e-01
-9.049582211791656e-02 2.963422331878185e-01

109
-1.814161216568104e-02 4.621874886200787e-01
-1.597975886240386e-01 -8.361443224469214e-01
1.056141053341003e+00 -2.147330661735348e+00
-9.712231354559892e-03 -1.133277269697041e-01
-4.345507706274089e-01 3.911300846156891e-02

110
-4.160021635724856e-01 4.842802131208659e-01
-1.423976795018528e-01 -4.258349458222769e-01
4.743806341197256e-01 3.775396225390439e-02
2.530025451152416e-02 -2.309470250703022e-01
2.921567339753812e-01 -7.889840984726887e-02

111
-5.732803386063610e-01 9.663649836529007e-01
-1.848893665520718e+00 -1.254574086959603e+00
4.292040683984976e+00 -4.188408683837110e-01
-6.404671295103447e-01 -4.939181704130131e-01
1.063152895109312e+00 5.004628928765052e-01

112
-6.562129560165505e-01 -3.265051280665593e-01
4.013173546089040e+00 -1.129706765593863e+00
-1.590563829277454e+00 3.754460948274855e+00
-1.472388636888367e-01 1.035231708570811e+00
-6.547531597063527e-01 -4.470690181557154e-01

113
-1.975660089856534e-02 -4.293276553713980e-02
1.632073489385507e+00 -8.773481832307980e-01
-5.680587375575073e-02 1.847175165124167e+00
3.887794991765776e-02 4.446299116069803e-01
3.889566833918737e-01 -3.105654408802383e-01

114
-8.358353042402611e-01 8.021747133939255e-01
-2.081264666140204e-01 -8.170250090331429e-01
8.938853762864927e-01 1.676321746462671e-01
5.697567666149864e-01 -4.964316391431740e-02
6.772269282361171e-02 -4.126519567742375e-01

115
-5.759332479873157e-02 1.763582286775377e-01
-1.096771235617416e-01 1.677146486266328e-01
5.015378018559148e-02 -1.167134260783547e-01
9.077019270623977e-03 -8.726448920324290e-03
9.028493308134036e-01 -5.075016874758328e-01

116
-1.230636685482003e+00 5.326839206423088e-02
5.685753537378418e-01 -1.380455756182386e+00
8.509503742185790e-01 1.242342742714175e+00
4.925908901885403e-01 6.550692475949244e-01
3.701409887539596e-01 -6.814050776850495e-01

117
1.312224343061817e-01 -4.358989736529367e-01
1.105160247680606e+00 -1.756819785185471e-02
-1.578375029578024e+00 7.349727209532778e-01
-4.540007793089573e-01 -7.032979742078983e-02
3.520112360359602e-01 1.533557550377614e-01

118
1.599748904053416e-01 -3.320423561016550e-01
9.102258401541934e-01 1.756678651351427e-01
-1.658135038761008e+00 -1.992520614994267e-01
-3.399329644607614e-01 -1.366723638102377e-01
8.227612924969230e-02 6.448862775825901e-03

119
5.399387023642814e-01 8.787940175960650e-02
5.868226216577331e-01 4.177748331320272e-01
-6.957205089861975e-01 5.925082354671257e-03
-4.152665976373250e-01 -9.881259381402602e-01
-1.658776250554392e-01 3.663915891058997e-02

120
9.604667177174831e-04 -3.310016929295478e-04
-5.040568110128616e-02 4.176843593640486e-02
5.098542336505969e-02 -4.196438516650925e-02
2.797587446041876e-01 -4.772610588908250e-01
4.099974354750870e-01 -6.994574406481857e-01

121
-8.309008014038477e-02 -6.274030134365752e-02
5.640954246453722e+00 1.921966764430634e+00
-4.495616727724979e+00 3.925225879251266e+00
-9.664425454688842e-01 1.064140090386466e+00
-6.134828275636713e-01 -1.300658410597099e+00

122
-4.124282982648907e-01 8.196310457978345e-01
1.549297821381925e-01 -3.210550296848440e-01
2.587829163720062e-01 3.926200588013720e-01
-6.786959875825954e-02 -9.419731400987386e-02
2.755848416613009e-01 8.624258538850707e-02

123
1.781730954338138e-02 4.389594595193939e-02
1.620212460518831e+00 -7.643391264084570e-01
-1.486053540632924e-01 1.780335942483249e+00
1.218730896909588e-02 4.340758290730418e-01
3.964947141535789e-01 -2.815666383669791e-01

124
-1.355725753423631e-01 2.179988291714224e-01
8.254734552232791e-01 -9.497750859007532e-01
6.178366116930881e-01 1.142491510366746e+00
-3.437953962693586e-01 -1.409635736124992e-01
1.175941692992330e-01 2.987220066263968e-01

125
-2.451638397669373e-02 -1.686340421615554e-03
9.709879741608712e-02 -1.468097188225392e-02
-1.108310809656491e-01 1.438861884467420e-02
1.044809088963505e-03 -2.331151529386496e-02
7.594079920624313e-01 -4.256036626771375e-01

126
-2.310829299223765e-01 1.018363277823699e-02
8.405538999219232e-01 -3.258643056176021e-01
-8.779033722721202e-01 7.712674995163951e-01
-2.007115770012128e-02 -1.760291671916678e-01
2.686581356685871e-02 -6.851104986326877e-02

127
-1.713093225904852e-01 1.085773665646273e-01
5.660657399427226e-01 -5.187486098876866e-01
-4.888300470133671e-01 4.812465969319127e-01
-9.614325727081492e-02 -1.695439732541010e-01
1.064944729841551e-01 1.618199847878710e-01

128
-5.193895594553751e-01 5.907104774660354e-01
3.850109603549381e-01 -1.847808602976932e-01
-4.293695833651391e-01 -2.723183311269277e-01
1.423762998149721e-01 -3.181868536698270e-02
-1.597798045246726e-01 -2.223946138283552e-01

129
-1.958052198464824e-01 2.307319121262015e-01
3.106823642018655e-01 -2.559599385994650e-01
-1.023920376030086e-01 4.104074199204322e-01
-2.013826680004909e-01 -5.459767376843271e-01
4.681383695987134e-03 7.442806157803684e-02

130
-1.527344013623792e-01 3.731511012659237e-01
1.066211218477214e-01 -3.547180551408494e-01
1.493520718166231e-02 1.969267587404241e-01
8.693463568577688e-02 -5.239809903405367e-01
2.019851783278091e-02 -2.885224353210099e-02

131
-3.984486088249127e-04 2.426773376910987e-03
-6.982103793928511e-03 -6.340282891870483e-02
6.758460820928039e-03 6.484423164548188e-02
-2.394812867584500e-01 -4.866078146528850e-01
4.413958518996746e-01 -7.653251908275191e-02

132
-7.801980810789948e-03 -1.585165509856601e-02
6.842878590207941e-01 -5.119820270411323e-01
-7.843562541726243e-01 -3.374650293754304e-01
2.073576209395167e-01 -1.290977116256875e-02
-1.313745700196420e-01 -1.465602349546385e-01

133
-3.199521343968646e-02 -6.410465398028574e-03
9.893349667510562e-02 -1.551517822037888e-02
-1.168227423958930e-01 1.331123998068136e-02
2.690040276261069e-03 3.398611911204945e-04
7.775280752055763e-01 -4.327069015853252e-01

134
-2.817336672613567e-01 -6.285052592014033e-02
9.510423563013105e-01 -1.485508382341735e-01
-1.312784139298197e+00 6.376222353970402e-01
6.669824891601846e-02 -4.613753723907456e-02
2.829791867669184e-02 -2.388600216400400e-01

135
-1.540046251115644e-01 -2.246831887181684e-02
3.418223258622164e-01 -7.193145958812994e-01
-8.132046318441110e-01 -1.062301280071938e-01
1.375791656244147e-01 -1.294459156461448e-01
4.913331959354551e-03 2.277135370197548e-01

136
2.970485530226388e-02 4.951364588373703e-03
-1.208194010159568e-01 1.121708338055691e-02
1.396862440872713e-01 -7.204813546947813e-03
6.153039510974279e-03 -2.769327621596313e-02
9.835175309174241e-01 -4.630747841221978e-01

137
-2.902220151208817e-01 -1.418951505620360e-03
1.072701987970600e+00 -2.979251418066971e-01
-9.545727696945183e-01 2.443759350197484e-01
2.891915457450980e-03 2.706976313489566e-01
1.647170648133525e-02 -2.826418451705053e-01

138
-2.570232732380135e-02 -2.827926420384378e-03
1.028167258834323e-01 -1.570008939962392e-02
-1.172528155509963e-01 1.482707459990651e-02
-3.830078851368516e-03 2.411910089233948e-02
8.018818269459030e-01 -4.269041859133746e-01

139
-2.137828002112339e-01 6.141330306996656e-02
8.114834883822686e-01 -4.142769645312200e-01
-1.126057612822029e+00 9.565267435155307e-02
2.093554590281027e-02 1.877819017185426e-01
6.339436270781820e-02 3.369141958552184e-02

140
-1.546865122104108e-02 9.336380145746318e-03
5.992997995288583e-01 -3.934173898563558e-01
-6.417759549366857e-01 -3.203966275845034e-01
-8.500640285928987e-02 1.498340224605874e-01
1.954462081982336e-01 1.647191657265087e-03

141
-3.639726433243806e-01 4.273046872949459e-01
2.371019064642432e-01 -1.488779973325247e-01
-3.044601937816372e-01 -1.535370109701531e-01
-1.147950776386854e-01 -1.512074852152771e-01
8.790489339505826e-02 -1.583285899052199e-02

142
4.798674225699452e-02 6.159112926414254e-01
-9.277307800282319e-02 -7.445320469049083e-01
-3.122622798563401e-01 6.445596107636646e-01
7.819623891192522e-01 -8.163011119969126e-01
-1.263766855147202e-01 8.330556154696257e-02

143
-1.367295268113016e-01 -6.525389255794942e-02
5.872569897606708e-01 -4.115719502003841e-01
-6.871407513415642e-01 -4.092332370506550e-01
-1.048426938341016e-01 2.174750484646623e-01
1.844256553494198e-01 -2.698643098775325e-02

144
-6.849258457413633e-02 8.580419813473904e-02
5.646108939129484e-01 -4.204692940916133e-01
-6.277393386337871e-01 -1.853706930492877e-01
-9.677756465959403e-02 -1.445849845560121e-01
-6.833155596116362e-02 1.189290537517742e-01

145
-3.982535488191228e-02 -3.939179115088172e-01
2.169497590090017e-01 -1.997526133953997e-01
-2.327550342650443e-01 -3.262584031123148e-01
-2.361770995740979e-01 -6.307490037189302e-01
-4.160293698261727e-02 -1.633135043399405e-01

146
-1.238880246960008e-01 5.593696017460407e-02
3.161506357604731e-01 -3.486991402023942e-01
-3.428752365002934e-01 -6.006301137739516e-01
-7.863131387633190e-02 -8.868721667578787e-02
3.816263560789934e-02 -5.413174023643832e-02

147
-1.024596913067481e-01 1.342446309672538e-01
2.287421442289095e-01 -5.156127225909970e-01
-9.191767633479253e-02 -4.928493382296340e-01
-1.330705717882359e-01 -7.194866444619082e-02
1.252355383618964e-01 1.190954651436839e-01

148
6.619970058962132e-02 4.781327719231475e-01
1.512567598708831e-01 1.548022217106740e-01
-1.193984194123891e-01 -4.153081208680882e-01
-2.248874179248655e-01 -5.418154362797234e-01
1.168440553129062e-02 -2.557104529708912e-02

149
3.893956517247175e-02 1.028018307738171e-02
-1.240755191427765e-01 1.076279535635529e-02
1.489483600548223e-01 -2.531975128812148e-03
-3.712529625288647e-03 -1.151105873106287e-03
1.020178986928087e+00 -4.537309512624781e-01

150
8.978323624025840e-03 6.032963766044504e-03
5.932951483540156e-01 -4.527117558458847e-01
-6.886733436289801e-01 -2.886141766766752e-01
-1.003316161946088e-01 -1.495378236172952e-01
-9.382963091931736e-02 1.411894565161552e-01

151
-6.950387801530537e-03 8.044247614643654e-02
4.361769009780693e-01 -3.278365465116045e-01
-4.551508240259080e-01 -1.945521581625040e-01
-7.617951855051826e-02 -1.067826656332219e-01
1.520789405910276e-01 -1.168450016648622e-03

152
-4.751246560504577e-02 2.171899438303738e-01
6.602104062180868e-02 -2.033716884901463e-01
-6.813064880012121e-01 -9.150016822229866e-01
8.723914282888249e-03 -3.054045406776013e-02
1.959472413288096e-01 5.904671780228184e-02

153
-2.048760931108461e-01 -3.133998380596439e-02
7.939953700974052e-01 -3.217991283520322e-01
-7.100055240075759e-01 -7.192602595762971e-01
-8.128491052476218e-02 2.650357388012803e-01
-1.008714209820818e-01 -2.194070121745932e-01

154
-2.707691776983752e-01 1.279757497965463e-01
2.454573796349084e-01 -8.812014073330580e-02
-7.366258549218222e-01 -1.202390812212730e+00
3.774388351468081e-02 -1.371866904374694e-02
-1.278404279394397e-01 -2.412744126943666e-01

155
-6.173907428963827e-02 6.658964231960324e-01
-5.877917646946761e-02 -8.454494244806424e-01
-4.608024150364831e-01 7.438305557967486e-01
1.151653338970972e+00 -5.995520140139493e-01
-6.658011748038703e-02 -1.777449537623803e-01

156
-1.113903527778561e-01 1.409091341524724e-01
2.804955976162712e-01 -6.147988454494930e-01
-2.239229250436977e-01 -8.983775217824783e-01
1.307405654727806e-01 1.354905628565096e-01
2.168497651781391e-02 -6.962914320306907e-02

157
-1.172687928781559e-01 7.112372994210583e-02
7.869642278340309e-01 -2.254289839525286e-01
-6.403968520906881e-01 -4.477535113977802e-01
-1.031354619466197e-01 1.140893301568017e-01
-6.604763135892187e-02 -1.939120002697590e-01

158
-1.954040490051353e-01 1.796759469806447e-01
5.357161539060789e-01 -8.009305786141168e-01
6.246742308942471e-03 -7.886853273613235e-01
1.621172055053595e-01 2.192691511936338e-01
-1.868620304730381e-01 -1.458749373959717e-01

159
-6.734846360430929e-02 1.477939970897311e-01
4.385116761105358e-02 -1.036114892009197e-01
-1.061880317505428e-01 1.381837614560651e-01
9.486389569487844e-03 -6.787790074343683e-03
7.767766657551203e-01 -2.668576631969998e-01

160
8.029311698477711e-01 -1.642185193148757e+00
-8.558946761818614e-01 -1.838361220475846e+00
1.999155965620932e+00 -5.811069236579065e-01
8.867045196487753e-01 -1.311644268801385e+00
2.387593879310254e-01 -7.916565697879687e-01

161
-8.426281077599465e-02 5.125127965864507e-01
1.620534931855117e-01 7.616599748978644e-01
3.107647484874145e-01 -6.131833068271693e-01
-9.056256248724263e-01 -5.593064682057615e-01
1.538893499572048e-01 -9.471301276322124e-02

162
-4.506491719019973e-01 2.927397090696737e-01
-3.477760659847171e-01 2.649503833818181e-01
4.519626196623285e-01 -2.850158459837187e-01
-1.077738479347995e-02 9.295371413353404e-03
8.684470965099114e-01 -7.193816062473677e-01

163
-2.193172228234090e-02 2.319106239751884e-02
1.237056879955724e+00 -1.127345817852760e+00
3.598598514397996e-01 1.637578039504276e+00
-3.960624822778162e-01 -8.019226547858556e-02
8.325750877414165e-02 4.077460807367789e-01

164
1.795071043036471e-04 1.129037989328395e-01
2.747802315836038e-02 3.114973466604370e-02
-4.990439122147605e-02 2.749585922572497e-02
-3.093993503459141e-02 1.108417298698818e-02
8.656670336202301e-01 -3.696228056881757e-01

165
-9.908898485369906e-02 1.712863096712838e-01
2.535347374935214e-01 -7.080476538771334e-01
8.497727828337350e-01 -5.866045021321685e-01
-1.879679656482209e-01 -6.706733852633434e-02
4.123005012732793e-02 -6.631763977742730e-02

166
-7.879716670925258e-02 1.176371473324436e-01
8.457403725472823e-01 -3.616801232752770e-01
-4.262645472903226e-02 9.244712907572933e-01
-2.227288727490649e-01 -1.510710740431257e-01
2.233663804925453e-01 -9.808065717837038e-02

167
-9.841725343997304e-02 1.773377997144868e-01
2.703276826384078e-01 -6.827323680247512e-01
4.232675568956276e-01 -2.480347329312853e-01
-1.892736206529137e-01 -7.820760928650411e-02
1.513877478846209e-01 1.160167866781349e-01

168
-3.637398589117781e-03 2.442918003242499e-02
3.545243961436930e-01 -1.328268680628685e+00
9.743774175106851e-01 9.715245517861648e-01
4.908620670845205e-02 -3.280808191313910e-01
2.091832552813555e-01 2.051263924444865e-01

169
1.526008080360360e-01 5.217736459262318e-01
-2.100810993645333e-01 -5.433455063087643e-01
3.403133120931561e-01 -2.763229816449421e+00
-2.755097288857079e-02 -7.920891987400075e-02
-4.756091388867706e-01 1.811897314034456e-01

170
-1.133267773532331e-01 3.239332146602604e-01
1.040660005101865e-01 -3.141636928259377e-01
-3.963169336325591e-02 2.146220122291106e-01
1.147741653799169e-01 -5.503901299286719e-01
4.739379441910767e-02 -7.766410455236071e-02

171
1.240362369890240e-01 3.055758498749871e-01
-2.845014791379020e-01 -6.838182253779087e-01
1.171713410271460e+00 -1.166962643358656e+00
-2.775319770651108e-02 -1.011680111931805e-01
3.032570698727156e-01 -7.604388041107310e-02

172
-7.687998574863320e-02 5.668715035892038e-01
4.044190659692347e-01 -2.325925916038358e-01
-3.518401968115851e-01 -2.351063120622529e-01
2.215445978655515e-01 -2.066905801415596e-01
-1.161882207445425e-01 -1.616779098296431e-01

173
-2.810352129093039e-02 3.369306487657354e-01
1.424499046617273e+00 -1.458393879861310e+00
7.947497866346183e-01 1.854381160353128e+00
3.332855632996939e-01 -3.408615637312563e-01
-5.455538863124241e-01 -8.211367318778269e-02

174
-2.426801425232377e-01 1.335463992705463e-01
2.427863881065045e-01 -1.281229283657192e-01
-1.978724568373165e-01 1.172237051597667e-01
-4.318987585168120e-03 4.835365503397100e-03
5.043671030876418e-01 -3.262216568720890e-01

175
-3.591563764395626e-01 3.568536979225664e-01
-1.675600744648115e-01 -5.648222253907451e-01
5.658650650887357e-01 1.603177492899295e-01
-5.827652685464415e-02 -3.129003549819346e-01
3.169573933342785e-01 6.031688080696238e-02

176
-8.099825410195101e-01 3.708445768873300e-01
4.038301294643799e+00 -5.431769982486699e-01
-5.566672446146433e-01 4.187943373818750e+00
-1.905095046296957e-01 9.250111483119419e-01
-6.000147805841216e-01 -1.007919999636413e+00

177
-2.727043434890733e-01 3.510352037946809e-01
7.555073326686770e-01 -1.357154957218353e+00
1.003472322552944e+00 -3.843329348292727e-01
2.895495041338307e-01 3.027008698763186e-01
-3.840097619298228e-01 -2.328471712209428e-01

178
-2.191547786323396e-01 -1.982981318265702e-01
1.334142398864229e+00 -1.039310589555654e+00
1.499536997251238e-01 1.517946584524354e+00
8.009845429568122e-02 3.941258024555945e-01
3.328688645689148e-01 -3.397578381138857e-01

179
-2.276719752170905e-02 3.960147106696856e-01
-1.306380857057350e-02 -1.531296341342575e+00
1.952916542714865e+00 -6.971574936088085e-01
3.717017441606632e-01 1.197257467230756e-01
5.438685042860972e-02 -1.870641124562964e-01

180
7.204819674503826e-02 2.503577787337906e-01
1.378362854401374e+00 -5.322010631908436e-01
-2.160323165205943e-01 1.331767021804341e+00
-4.746566933056134e-02 3.511528681630912e-01
3.890516500902904e-01 -1.869164025556535e-01

181
-5.367279835833929e-02 -3.003069420451861e-02
-1.516498912897000e-01 -4.465145736670161e-03
1.200632423138613e-01 -7.485745853461889e-03
4.608401553060665e-03 1.672253911962631e-03
9.980575578546521e-01 -4.744795297356377e-01

182
1.182241234630721e-01 -2.818663892258598e-01
-1.667035742107729e-01 -5.427823371761870e-01
-4.959051235301584e-01 -1.382473122888506e+00
-1.768865925447319e-02 -6.869792327623778e-02
2.711538338929258e-01 1.468955189527265e-01

183
-4.540127228939669e-01 1.929231079261287e-01
2.984974508552406e-01 4.304856680517714e-01
-7.807142529324372e-01 8.330456181675287e-02
-7.565154234042198e-01 -5.487812723340573e-01
4.399821807894551e-02 2.279619070810255e-01

184
-1.284324123972385e-02 1.361345454079621e-02
-2.693884276797210e-02 -4.810265636559988e-01
1.939044825062548e-02 4.892412769120718e-01
-1.586370405071324e+00 -3.766304833412246e+00
-2.615572097608691e+00 2.134084858320863e+00

185
-4.185693895095667e-01 1.077022411545796e-01
2.885867601843088e-01 3.585419391015983e-01
-6.931824488705379e-01 6.038005367671405e-02
-5.409059327085965e-01 -7.369006199113231e-01
-1.564529841912848e-01 2.962651535976072e-02

186
-1.842561820711329e-01 1.870916376929605e-01
3.070791330842141e-01 -1.635783435010500e-01
-1.548444824545651e-01 3.617850895718563e-01
-2.146488174089190e-01 -4.931378698858111e-01
9.198115227370431e-02 1.673264480741351e-03

187
-1.054786401390064e-01 4.277271257815324e-01
9.063109473790260e-01 2.212678889959689e-01
-9.437704368253319e-01 7.446464443691040e-01
-4.871184055138985e-01 1.867341228881230e-02
3.712718794481656e-01 1.599597832046325e-01

188
3.391496239055380e-01 3.420344607413675e-01
9.489132031657618e-01 -1.206969470825885e+00
2.138700479769145e+00 4.448621396650602e-02
-3.866157510910867e-01 3.477782636459502e-01
2.234712910837648e-01 -7.281388690343386e-02

189
-1.995364181730516e-02 -1.190909456396211e-01
-7.872437056245554e-02 -1.355199095928811e-02
4.308096821574338e-02 -6.289746200754712e-02
2.074515959718297e-02 -1.989843622005132e-02
9.226360050710503e-01 -5.142747825009237e-01

190
1.428387241244697e-01 4.817311664842460e-01
1.439337614741965e+00 -6.691912858793054e-01
1.613329041597180e+00 1.515466947052631e+00
-5.387845939133713e-01 1.259839983060059e-01
2.736048132229993e-01 -2.159084581773646e-01

191
6.595671421438937e-03 2.549427499446612e-02
9.476010933301193e-01 -3.687234598783150e-01
-1.533130569859692e-01 1.002412915030696e+00
-2.094546252375627e-01 -1.309310838025518e-01
2.514293796497455e-01 -1.191646003913913e-01

192
-9.462795898556483e-01 1.844878897566759e+00
4.144956906934638e-01 -5.795141259815295e-01
4.414767166301641e-01 8.808282867671385e-01
6.185338595357751e-01 2.145785915764515e-01
-1.908833291059922e-01 -1.752918423617108e-01

193
-1.958549449934696e-02 -1.279647213747955e-01
-6.465412566121642e-02 -2.481909918819502e-02
2.486384496653994e-02 -5.711760449792812e-02
-3.683104203115067e-02 -8.689344629542170e-03
9.300676132321607e-01 -4.500191119836050e-01

194
5.784024898958753e-01 -4.578399853544808e-01
-1.169164308593458e+00 -9.161192726503504e-01
6.758347892983078e-01 -2.788057896095841e+00
-2.934439163062149e-01 -3.908458556329233e-01
4.566924685272721e-01 6.211374167253740e-01

195
-4.830866165961435e-01 1.299989774918685e-01
3.937330779346435e-01 -1.064633614751821e-01
-2.463936245140605e+00 1.011153039138535e-01
5.795660238404703e-02 -1.460792404127580e-02
1.048668020221457e-01 4.635497576276593e-01

196
2.107700367221929e-01 1.108199096743435e-01
4.856626069959460e-01 -1.237847192757002e+00
7.089034306762040e-01 9.322413605127231e-01
1.203664303187263e-01 -3.409876527656283e-01
1.663628633208736e-01 2.299368717647045e-01

197
1.086968481923182e+00 -3.809231381776796e-01
-3.077521634366019e-01 -2.477569333481756e+00
2.673670587877015e+00 1.460692539697906e+00
-6.750010002321598e-02 -9.839706374789466e-01
7.141090541220221e-01 1.032231103325612e+00

198
2.029329275238591e-01 -5.259133791264118e-01
-7.918052089407454e-02 -6.019714571757588e-01
4.154278692382688e-01 -7.326471630693079e-02
3.105781718787883e-02 -9.622626145406371e-01
5.480284435211852e-03 -1.975490886841828e-01

199
9.758803034761650e-02 2.581484235400910e+00
5.036785197027664e+00 -6.614398898262064e-01
-2.804075589664487e+00 1.296241944966007e+01
1.806768799148968e+00 1.018361465313002e-01
9.802383623237134e-01 -2.926545640848209e-01

200
2.513782204176933e-02 3.681240050023261e-01
7.080656322176074e-02 3.896053757716259e-01
-1.443434628430569e+00 -1.193591611923578e+00
1.174223206976703e-02 5.200283643749231e-02
3.323453123773716e-01 -4.973280806065768e-02

201
-5.362595448950745e-01 -1.101797973428134e-01
-6.872977543328898e-01 4.152963390280805e-02
6.300634095652013e-02 -2.524510876652781e+00
-9.857661450569216e-02 4.365966997865702e-03
1.521859674201026e-01 -4.908035216077691e-01

202
1.695385233257070e-01 8.569290690227064e-01
4.213392071873764e-01 1.445058541295730e-01
-6.939213984880951e-02 -3.302976947945497e-01
-1.048432378371752e-01 -3.075942692743991e-02
2.562496921252108e-01 -9.631307378011507e-02

203
1.891067842210730e-02 1.091931616221166e-01
4.691759740854298e-02 4.762088924103194e-02
-5.845948015224032e-02 1.527620953667167e-02
2.197370785117384e-02 6.853233992844748e-03
8.484430640639301e-01 -4.371897391211168e-01

204
-1.632681593748853e-02 2.042392139845127e-03
3.532802978229721e-01 2.609686748942393e-01
-3.631731631990530e-01 -2.596865621238721e-01
-3.582552175827872e+00 -1.025087996810780e+00
2.156315517330217e-02 3.078114673547093e+00

205
-2.584569539568222e-03 -4.893458739234279e-02
-1.243891124146513e-01 4.302602053244021e-03
1.193844660216485e-01 -3.506761282801115e-02
4.132485923893037e-02 -3.420909978108609e-03
9.879882190381445e-01 -5.251281278497772e-01

206
-2.484568004455920e-03 7.871115137609338e-05
1.412391321191874e-02 6.456207614578975e-02
-1.562177615408619e-02 -6.449793832261426e-02
-3.039754569868456e-01 -4.673826055879196e-01
4.411869402186090e-01 -1.321335822710250e-01

207
9.675895131972332e-04 2.278830185040603e-03
6.747990172915450e-02 5.452767726319183e-02
-6.689171003820200e-02 -5.317597252387170e-02
-6.864204590392270e-01 -2.313573250871304e-01
6.864318666858233e-01 2.313837306958693e-01

208
-8.327267133675492e-02 2.606091692454108e-01
6.642392362650940e-01 2.329031003593520e-01
-1.208370112226471e+00 -2.413424897792339e-01
-2.559094950335957e-01 -8.265727660723247e-02
6.400384182566650e-02 6.999448495994226e-03

209
4.763088994895660e+00 -1.261582443962895e+00
1.574223289451832e+00 -3.021426934146530e+00
2.492706315588968e+00 2.319650720860500e+00
4.373763764145628e-01 -1.201344812594814e+00
1.182036540375982e+00 1.016954958175418e+00

210
-4.831797813589266e-03 2.416526140556857e-01
5.955413369304573e-01 4.377601997411028e-02
-7.908160398863954e-01 -1.984095298201395e-01
-2.257946051565813e-01 -2.277871680227270e-02
1.956947539332491e-01 -1.106426683595589e-02

211
1.918418418306838e-04 3.919704672553879e-02
9.911359795874640e-02 1.271960865152821e-03
-1.017985086869674e-01 2.094051066930212e-02
-3.371501328581585e-02 8.552928393402464e-04
7.978796232931643e-01 -3.834571604088324e-01

212
6.572064900787354e-02 2.163212167576792e-01
4.125250627108637e-01 -1.671833714058224e-01
-1.070366688039254e+00 -5.294067769158732e-01
1.458244101486465e-01 -5.091223427824323e-02
7.970810002599839e-02 -1.499289555620343e-02

213
2.954576365632977e-03 -6.345674839591719e-04
-6.167689984885023e-02 -6.797494908317084e-02
6.343759683175425e-02 6.760953775733924e-02
-6.901317131283726e-01 -3.555218474933664e-01
6.901664133395523e-01 3.555147023416934e-01

214
8.821851749664968e-03 4.860644625965633e-01
9.735047067783116e-01 -2.132429267252961e-01
-1.614416100316112e+00 -2.676256558422258e-01
3.655451280797042e-01 -4.169824625992301e-02
-4.664401411131908e-01 -2.586737034103284e-02

215
1.128157936104786e-04 1.527309960971026e-03
4.653137312308745e-02 -3.553084504638301e-02
-4.646855725571757e-02 3.644160984887079e-02
2.637460861784361e-01 -4.186371419682804e-01
3.865388633832240e-01 -6.135545763969316e-01

216
1.277626823679377e-02 3.104466983846329e-03
5.265951394297917e-01 -7.201708613594058e-01
-8.877657540561885e-01 -9.660889981097098e-02
2.015293672421798e-01 -7.490122089206072e-02
-2.739004746653014e-02 1.816113574880956e-01

217
9.767269906758717e-03 -4.803007744190658e-02
-1.236410314338640e-01 -6.413395666902307e-03
1.268793856531686e-01 -2.516631676231341e-02
-4.242598695096760e-02 -7.726577485456652e-03
1.002164560743986e+00 -4.303050050456397e-01

218
-1.372948596285887e-02 1.260225716812705e-01
6.692467263577656e-01 -4.856106437388830e-01
-6.824011784709738e-01 -2.803084968709064e-01
2.204327506175194e-01 -1.212046662462906e-02
-1.228340161622566e-01 -1.443511732360745e-01

219
-2.560676432492571e-03 3.892858171750815e-02
9.644013988785681e-02 -8.838135259925956e-03
-1.003822029166266e-01 3.040855394516504e-02
3.390692671748222e-02 1.350821361166024e-03
7.900071003989509e-01 -4.426316848622617e-01

220
-5.386182187935674e-02 -5.674653860090917e-01
-3.330685119886450e-01 -3.456527458289411e-01
2.641038111387985e-01 -4.061326308364026e-01
-1.087306308423603e-01 -9.435011470232272e-01
8.082840524166147e-02 -2.328914844364694e-01

221
2.446148813494165e-01 -7.088648762286739e-02
8.442253626894102e-01 -6.292362097498040e-01
-1.331457064505563e+00 -8.220987473582400e-02
1.487264104927122e-01 3.046874752766618e-02
-2.585520804048638e-02 2.431004455740702e-01

222
-1.258208664528626e-01 3.989697641762288e-01
3.015531787280947e-01 -1.102310380067611e-01
-2.077178600321679e-01 -2.138196353332406e-01
-5.529553171323827e-02 -1.379661598822831e-01
1.656616972662218e-01 -1.282155734161860e-01

223
2.330869315887457e-01 1.815684745193396e-02
3.790003212618920e-01 -3.589113165056799e-01
-2.653557459255733e-01 -1.121445495993000e+00
5.314498146299086e-02 -5.410485291235221e-02
-2.671888347474834e-02 -1.847782557427337e-01

224
9.852008681703110e-02 1.559791429580785e-01
5.389948309951924e-01 -3.574485826531692e-01
-6.917696253634391e-02 -9.040391598463656e-01
-1.655820361041166e-01 1.161075177678182e-01
3.071877745577122e-02 -9.066881131786245e-02

225
1.408678926034027e-01 6.960225779879568e-02
6.819991133975284e-01 -2.955099312871109e-01
-6.836295316762979e-01 -5.376339368661489e-01
-1.448018181698672e-01 1.889707936158831e-01
1.776284806443352e-01 2.438894938158511e-02

226
6.888346854310551e-04 1.850769766264336e-02
8.268346076047467e-01 -1.946865226796687e-01
-5.797725552658270e-01 -6.186583700229985e-01
-1.577320683819929e-01 1.302524094803715e-01
-5.875358828576883e-02 -2.130704271836948e-01

227
3.430315280733372e-02 1.878415465660652e-01
5.830532835383444e-01 -3.260626090061303e-01
-2.725832145240845e-01 -2.326445778114058e-01
-1.412633195420676e-01 6.887071972777932e-02
1.946857671335460e-01 -3.038524573465098e-02

228
1.012762155112201e+00 1.152768609028218e+00
7.235219148023910e-01 -6.068967974286123e-02
-2.821739756733297e-01 -4.426984953945544e-01
3.142806440227464e-01 -3.664562241716878e-01
-1.703184739646200e-01 8.337787009333927e-02

229
1.983721822450600e-01 8.182363160102879e-02
4.752668267934058e-01 -6.649614961819422e-01
-7.876785472687374e-01 -4.714032760237298e-01
1.478573525769594e-01 -1.150372545538408e-01
-7.686144216684397e-02 2.449887971499326e-01

230
-2.610856763235221e-02 5.551297340210853e-01
5.637391897613262e-01 -2.425364260025206e-01
-5.048155950774634e-01 -3.481545596896929e-01
2.936324624561662e-01 -1.604068012321572e-01
-2.488779112264117e-01 -2.219991951947366e-01

231
8.640023646166889e-02 1.498959193058991e-01
5.419562735511678e-01 -3.607155209747861e-01
-2.071516323928039e-01 -5.943731559529511e-01
-1.517051978304905e-01 1.128325379122243e-01
1.460781875367425e-01 -3.307935997616479e-02

232
1.568366107160307e-01 -2.530829617182739e-02
4.045898012045909e-01 -3.577977732220791e-01
-3.421623057161297e-01 -7.140705474356555e-01
-6.800474351966496e-02 -1.163509440329124e-01
5.300920455865760e-02 -5.596204042128760e-02

233
1.678254230867954e-01 7.344387535577943e-03
5.022686758861717e-01 -4.629148859718654e-01
-6.927208586024748e-01 -5.286912063491972e-01
-8.684562425548954e-02 -1.329931911012989e-01
-2.453818310919151e-02 2.039690631789106e-01

234
-5.065173112822626e-02 3.293326816700931e-01
3.393316409104246e-01 -9.200744491595207e-02
-2.604031372378031e-01 -2.457111813370626e-01
-1.313547236386636e-01 -1.559710510676122e-01
1.761750381274441e-01 -7.389478240726979e-02

235
1.176923058417798e-02 -6.948210322784211e-03
4.492384695074472e-01 -3.501925841605028e-01
-5.291326546550935e-01 -2.131083913294347e-01
-7.783156579938165e-02 -1.139655164601099e-01
1.484638645571061e-01 5.922611456072469e-03

236
1.573547778677005e-01 2.175749443926631e-01
5.605556259965621e-01 -7.665683070545186e-01
-4.869085399816517e-01 -1.318626598292574e-01
2.283846859108804e-01 -1.558997724644614e-01
-1.380801925210315e-01 1.724878705512038e-01

237
2.571335604551035e-01 1.273296699553351e-01
3.473558060293990e-01 -5.748575894090497e-01
-7.729800495934124e-01 -8.852270881148807e-01
1.050207388821617e-01 -1.537942699095450e-01
-1.271222782397504e-01 2.773761379688882e-01

238
2.098668410461937e-01 8.594884713114162e-02
1.375789949668131e-01 -5.122020817104040e-01
5.837693678978823e-02 -1.133747901846427e+00
6.792335682261046e-02 -1.454739107860821e-01
1.067410950038275e-02 -7.579494794377710e-02

239
7.301179176451986e-03 1.549703812115252e-02
6.861950500103837e-01 -4.925472551684780e-01
-7.684928734239661e-01 -3.488116501143795e-01
2.034202100469630e-01 -8.430209208777356e-03
-1.256650778838428e-01 -1.472248675106740e-01

