7.6394063309580917e-01 -9.5003714209647816e-01
7.6394063309580917e-01 9.5003714209647816e-01
6.1755080559582187e-01 -2.8401220147028111e-01
6.1755080559582187e-01 2.8401220147028111e-01
7.6394063309580917e-01 9.5003714209647816e-01
7.6394063309580917e-01 -9.5003714209647816e-01
6.1755080559582187e-01 -2.8401220147028111e-01
6.1755080559582187e-01 2.8401220147028111e-01
7.6394063309580917e-01 -9.5003714209647816e-01
7.6394063309580917e-01 9.5003714209647816e-01
6.1755080559582187e-01 2.8401220147028111e-01
6.1755080559582187e-01 -2.8401220147028111e-01
7.6394063309580917e-01 9.5003714209647816e-01
7.6394063309580917e-01 -9.5003714209647816e-01
6.1755080559582187e-01 2.8401220147028111e-01
6.1755080559582187e-01 -2.8401220147028111e-01
8.5940032859898885e-01 -1.2376819237931456e+00
8.5940032859898885e-01 1.2376819237931456e+00
5.1847622274213423e-01 -6.1701762688676443e-01
5.1847622274213423e-01 6.1701762688676443e-01
8.5940032859898885e-01 1.2376819237931456e+00
8.5940032859898885e-01 -1.2376819237931456e+00
5.1847622274213423e-01 -6.1701762688676443e-01
5.1847622274213423e-01 6.1701762688676443e-01
8.5940032859898885e-01 -1.2376819237931456e+00
8.5940032859898885e-01 1.2376819237931456e+00
5.1847622274213423e-01 6.1701762688676443e-01
5.1847622274213423e-01 -6.1701762688676443e-01
8.5940032859898885e-01 1.2376819237931456e+00
8.5940032859898885e-01 -1.2376819237931456e+00
5.1847622274213423e-01 6.1701762688676443e-01
5.1847622274213423e-01 -6.1701762688676443e-01
-1.6388736231248793e-01 3.6404695136236725e-01
-1.6388736231248793e-01 -3.6404695136236725e-01
-1.1534622398380105e-01 2.4384782140755917e-01
-1.1534622398380105e-01 -2.4384782140755917e-01
-1.6388736231248793e-01 -3.6404695136236725e-01
-1.6388736231248793e-01 3.6404695136236725e-01
-1.1534622398380105e-01 2.4384782140755917e-01
-1.1534622398380105e-01 -2.4384782140755917e-01
-1.6388736231248793e-01 3.6404695136236725e-01
-1.6388736231248793e-01 -3.6404695136236725e-01
-1.1534622398380105e-01 -2.4384782140755917e-01
-1.1534622398380105e-01 2.4384782140755917e-01
-1.6388736231248793e-01 -3.6404695136236725e-01
-1.6388736231248793e-01 3.6404695136236725e-01
-1.1534622398380105e-01 -2.4384782140755917e-01
-1.1534622398380105e-01 2.4384782140755917e-01
3.7944272809135698e-01 4.9456574949487642e-01
3.7944272809135698e-01 -4.9456574949487642e-01
1.4001568837588857e-01 2.4620851241734013e-01
1.4001568837588857e-01 -2.4620851241734013e-01
3.7944272809135698e-01 -4.9456574949487642e-01
3.7944272809135698e-01 4.9456574949487642e-01
1.4001568837588857e-01 2.4620851241734013e-01
1.4001568837588857e-01 -2.4620851241734013e-01
3.7944272809135698e-01 4.9456574949487642e-01
3.7944272809135698e-01 -4.9456574949487642e-01
1.4001568837588857e-01 -2.4620851241734013e-01
1.4001568837588857e-01 2.4620851241734013e-01
3.7944272809135698e-01 -4.9456574949487642e-01
3.7944272809135698e-01 4.9456574949487642e-01
1.4001568837588857e-01 -2.4620851241734013e-01
1.4001568837588857e-01 2.4620851241734013e-01
1.1698069683793497e+00 2.9021940225019707e-44
-7.3076582686518343e-01 7.0540165686194313e-44
-1.1099101350131615e+01 -6.8067224580869183e-42
-4.5276918663574549e-02 -1.5751779092141570e-44
-7.3076582686518343e-01 7.0540165686194313e-44
1.1698069683793497e+00 2.9021940225019707e-44
-1.1099101350131615e+01 -6.8067224580869183e-42
-4.5276918663574549e-02 -1.5751779092141570e-44
1.1698069683793497e+00 2.9021940225019707e-44
-7.3076582686518343e-01 7.0540165686194313e-44
-4.5276918663574549e-02 -1.5751779092141570e-44
-1.1099101350131615e+01 -6.8067224580869183e-42
-7.3076582686518343e-01 7.0540165686194313e-44
1.1698069683793497e+00 2.9021940225019707e-44
-4.5276918663574549e-02 -1.5751779092141570e-44
-1.1099101350131615e+01 -6.8067224580869183e-42
9.0411095736850633e-01 2.7664228397419470e+00
9.0411095736850633e-01 -2.7664228397419470e+00
1.4309746821896449e-01 -8.9329376596302479e-01
1.4309746821896449e-01 8.9329376596302479e-01
9.0411095736850633e-01 -2.7664228397419470e+00
9.0411095736850633e-01 2.7664228397419470e+00
1.4309746821896449e-01 -8.9329376596302479e-01
1.4309746821896449e-01 8.9329376596302479e-01
9.0411095736850633e-01 2.7664228397419470e+00
9.0411095736850633e-01 -2.7664228397419470e+00
1.4309746821896449e-01 8.9329376596302479e-01
1.4309746821896449e-01 -8.9329376596302479e-01
9.0411095736850633e-01 -2.7664228397419470e+00
9.0411095736850633e-01 2.7664228397419470e+00
1.4309746821896449e-01 8.9329376596302479e-01
1.4309746821896449e-01 -8.9329376596302479e-01
-3.8705281001935893e-01 6.4293373134946374e-01
-3.8705281001935893e-01 -6.4293373134946374e-01
-2.8803616973529123e-01 2.8494226037390824e-01
-2.8803616973529123e-01 -2.8494226037390824e-01
-3.8705281001935893e-01 -6.4293373134946374e-01
-3.8705281001935893e-01 6.4293373134946374e-01
-2.8803616973529123e-01 2.8494226037390824e-01
-2.8803616973529123e-01 -2.8494226037390824e-01
-3.8705281001935893e-01 6.4293373134946374e-01
-3.8705281001935893e-01 -6.4293373134946374e-01
-2.8803616973529123e-01 -2.8494226037390824e-01
-2.8803616973529123e-01 2.8494226037390824e-01
-3.8705281001935893e-01 -6.4293373134946374e-01
-3.8705281001935893e-01 6.4293373134946374e-01
-2.8803616973529123e-01 -2.8494226037390824e-01
-2.8803616973529123e-01 2.8494226037390824e-01
-5.3437791908633436e-01 9.7293857804187478e-01
-5.3437791908633436e-01 -9.7293857804187478e-01
-3.3229415349186997e-01 -4.9305240262009503e-01
-3.3229415349186997e-01 4.9305240262009503e-01
-5.3437791908633436e-01 -9.7293857804187478e-01
-5.3437791908633436e-01 9.7293857804187478e-01
-3.3229415349186997e-01 -4.9305240262009503e-01
-3.3229415349186997e-01 4.9305240262009503e-01
-5.3437791908633436e-01 9.7293857804187478e-01
-5.3437791908633436e-01 -9.7293857804187478e-01
-3.3229415349186997e-01 4.9305240262009503e-01
-3.3229415349186997e-01 -4.9305240262009503e-01
-5.3437791908633436e-01 -9.7293857804187478e-01
-5.3437791908633436e-01 9.7293857804187478e-01
-3.3229415349186997e-01 4.9305240262009503e-01
-3.3229415349186997e-01 -4.9305240262009503e-01
-7.4291138026843451e-02 2.4105281141633927e-01
-7.4291138026843451e-02 -2.4105281141633927e-01
-6.9534901753363548e-02 2.3642471243235250e-01
-6.9534901753363548e-02 -2.3642471243235250e-01
-7.4291138026843451e-02 -2.4105281141633927e-01
-7.4291138026843451e-02 2.4105281141633927e-01
-6.9534901753363548e-02 2.3642471243235250e-01
-6.9534901753363548e-02 -2.3642471243235250e-01
-7.4291138026843451e-02 2.4105281141633927e-01
-7.4291138026843451e-02 -2.4105281141633927e-01
-6.9534901753363548e-02 -2.3642471243235250e-01
-6.9534901753363548e-02 2.3642471243235250e-01
-7.4291138026843451e-02 -2.4105281141633927e-01
-7.4291138026843451e-02 2.4105281141633927e-01
-6.9534901753363548e-02 -2.3642471243235250e-01
-6.9534901753363548e-02 2.3642471243235250e-01
-9.5714749178287706e-01 -1.0719218706234785e-54
8.6826414989691025e-01 -7.2142012315231502e-54
-2.4499597670713587e+00 3.4934023052497677e-53
2.8055003596649669e-02 -6.4106742272767718e-55
8.6826414989691025e-01 -7.2142012315231502e-54
-9.5714749178287706e-01 -1.0719218706234785e-54
-2.4499597670713587e+00 3.4934023052497677e-53
2.8055003596649669e-02 -6.4106742272767718e-55
-9.5714749178287706e-01 -1.0719218706234785e-54
8.6826414989691025e-01 -7.2142012315231502e-54
2.8055003596649669e-02 -6.4106742272767718e-55
-2.4499597670713587e+00 3.4934023052497677e-53
8.6826414989691025e-01 -7.2142012315231502e-54
-9.5714749178287706e-01 -1.0719218706234785e-54
2.8055003596649669e-02 -6.4106742272767718e-55
-2.4499597670713587e+00 3.4934023052497677e-53
