4 4

13
1 1 0 0 1 0
1 0 3 0 -8174365268709701/1000000000000000 0
1 0 2 0 -9246664917498801/10000000000000000 0
1 0 1 0 -1464974138631359/200000000000000 0
1 0 0 0 -32311967832253/31250000000000 0
0 1 3 0 -8174365268709701/1000000000000000 0
0 1 2 0 -9246664917498801/10000000000000000 0
0 1 1 0 -1464974138631359/200000000000000 0
0 1 0 0 -32311967832253/31250000000000 0
0 0 3 0 4698576848191069/1000000000000000 0
0 0 2 0 359716423470813/25000000000000 0
0 0 1 0 1588586665990867/1000000000000000 0
0 0 0 0 -3895596887315639/100000000000000000 0

18
1 0 2 0 -8174365268709701/1000000000000000 0
1 0 1 1 -8174365268709701/1000000000000000 0
1 0 1 0 -9246664917498801/10000000000000000 0
1 0 0 2 -8174365268709701/1000000000000000 0
1 0 0 1 -9246664917498801/10000000000000000 0
1 0 0 0 -1464974138631359/200000000000000 0
0 1 2 0 -8174365268709701/1000000000000000 0
0 1 1 1 -8174365268709701/1000000000000000 0
0 1 1 0 -9246664917498801/10000000000000000 0
0 1 0 2 -8174365268709701/1000000000000000 0
0 1 0 1 -9246664917498801/10000000000000000 0
0 1 0 0 -1464974138631359/200000000000000 0
0 0 2 0 4698576848191069/1000000000000000 0
0 0 1 1 4698576848191069/1000000000000000 0
0 0 1 0 359716423470813/25000000000000 0
0 0 0 2 4698576848191069/1000000000000000 0
0 0 0 1 359716423470813/25000000000000 0
0 0 0 0 1588586665990867/1000000000000000 0

18
2 1 0 0 1 0
2 0 3 0 -8174365268709701/1000000000000000 0
2 0 2 0 -9246664917498801/10000000000000000 0
2 0 1 0 -1464974138631359/200000000000000 0
2 0 0 0 -32311967832253/31250000000000 0
1 2 0 0 1 0
1 1 3 0 -8174365268709701/1000000000000000 0
1 1 2 0 -9246664917498801/10000000000000000 0
1 1 1 0 -1464974138631359/200000000000000 0
1 1 0 0 -32311967832253/31250000000000 0
0 2 3 0 -8174365268709701/1000000000000000 0
0 2 2 0 -9246664917498801/10000000000000000 0
0 2 1 0 -1464974138631359/200000000000000 0
0 2 0 0 -32311967832253/31250000000000 0
0 0 3 0 46490909316547/5000000000000 0
0 0 2 0 33635490100423/15625000000000 0
0 0 1 0 1488452258628593/10000000000000000 0
0 0 0 0 1794872702613829/1000000000000000000 0

24
2 0 2 0 -8174365268709701/1000000000000000 0
2 0 1 1 -8174365268709701/1000000000000000 0
2 0 1 0 -9246664917498801/10000000000000000 0
2 0 0 2 -8174365268709701/1000000000000000 0
2 0 0 1 -9246664917498801/10000000000000000 0
2 0 0 0 -1464974138631359/200000000000000 0
1 1 2 0 -8174365268709701/1000000000000000 0
1 1 1 1 -8174365268709701/1000000000000000 0
1 1 1 0 -9246664917498801/10000000000000000 0
1 1 0 2 -8174365268709701/1000000000000000 0
1 1 0 1 -9246664917498801/10000000000000000 0
1 1 0 0 -1464974138631359/200000000000000 0
0 2 2 0 -8174365268709701/1000000000000000 0
0 2 1 1 -8174365268709701/1000000000000000 0
0 2 1 0 -9246664917498801/10000000000000000 0
0 2 0 2 -8174365268709701/1000000000000000 0
0 2 0 1 -9246664917498801/10000000000000000 0
0 2 0 0 -1464974138631359/200000000000000 0
0 0 2 0 46490909316547/5000000000000 0
0 0 1 1 46490909316547/5000000000000 0
0 0 1 0 33635490100423/15625000000000 0
0 0 0 2 46490909316547/5000000000000 0
0 0 0 1 33635490100423/15625000000000 0
0 0 0 0 1488452258628593/10000000000000000 0

