24                                               

1.230252227324677e+00 -1.169810107158019e-14
1.042519798089222e-01 2.088123177217082e-14
4.157200977931661e+00 -9.643269802467833e-14
-5.027817858545501e-01 5.115558064742350e-15

1.057830328584487e+00 1.264077601852073e-16
1.063268246127752e-01 -1.522922288168794e-16
-5.027126139472670e-01 -3.178858652906105e-17
5.034435296969790e-01 -1.243221100707402e-17

1.230252227324631e+00 -1.000769854847013e-16
1.042519798090057e-01 -1.138507784087824e-17
-5.027817858545467e-01 1.241519648687206e-18
4.157200977931280e+00 2.440508782996774e-15

1.057830328584487e+00 -7.481935612770163e-18
1.063268246127753e-01 -8.259533464411785e-17
5.034435296969788e-01 -7.005233631495256e-17
-5.027126139472669e-01 -6.536600660102882e-17

8.721021882563255e-01 4.933977787475672e-16
-1.169237274957736e+00 4.568350465504945e-16
1.726946454332317e-01 2.242498607776100e-16
-7.052132972677428e-01 3.219195779692927e-16

7.050449270577880e-01 -2.608079156876959e-15
-1.239195062185696e+00 7.341567926815744e-16
9.820302658771185e-02 -9.999781159564900e-16
-8.349616830476247e-01 1.235877921001180e-15

1.063268246127754e-01 1.032334800289919e-16
1.057830328584487e+00 -1.421755538494128e-17
-5.027126139472669e-01 -6.817407135775676e-18
5.034435296969790e-01 -2.296342549168767e-17

1.042519798090059e-01 1.283605778141962e-17
1.230252227324631e+00 -3.381418714276855e-17
-5.027817858545466e-01 -1.065301914467330e-17
4.157200977931278e+00 1.649409460882686e-15

1.063268246127756e-01 -3.499770350825183e-16
1.057830328584487e+00 1.072185180850773e-16
5.034435296969790e-01 -3.729373708549515e-17
-5.027126139472670e-01 1.664969694214089e-17

8.126884393384651e-02 3.304303726173338e-17
-1.047815440037961e+00 5.534564474444994e-18
-2.841199416901330e-01 -1.808218666262538e-16
-4.566737015167774e-01 7.649568914203839e-17

8.126884393384659e-02 5.328806114737214e-16
-1.047815440037961e+00 -6.059086759838294e-16
-4.566737015167768e-01 -8.360274061926057e-16
-2.841199416901340e-01 2.113359470665947e-16

1.320290685840994e+00 -9.554286307307874e-16
-1.129964296986120e+00 1.661465240258214e-17
-6.749339712118577e-01 -1.009399446292167e-16
-2.807728178720766e+00 3.696311685919437e-15

-1.129964296986121e+00 -1.476797314079366e-15
1.320290685840993e+00 -1.341562157241685e-15
-2.807728178720757e+00 1.301994090320679e-14
-6.749339712118587e-01 3.214479211208066e-16

-1.169237274957736e+00 -4.684637917417477e-16
8.721021882563249e-01 -4.169048431427187e-16
-7.052132972677424e-01 -1.670013520862423e-16
1.726946454332314e-01 -1.651436996331997e-16

-1.047815440037961e+00 -8.084065623466262e-17
8.126884393384629e-02 3.404342304579679e-17
-4.566737015167788e-01 -1.371028258499856e-16
-2.841199416901314e-01 4.229001292930812e-17

-1.047815440037962e+00 3.352792857835974e-17
8.126884393384719e-02 -5.870142189833370e-17
-2.841199416901301e-01 -1.473672997374098e-16
-4.566737015167807e-01 1.777538745982429e-16

-1.239195062185694e+00 -2.916485538141008e-17
7.050449270577858e-01 3.887550774967749e-16
-8.349616830476210e-01 3.658110662437543e-16
9.820302658771145e-02 1.363042565947642e-16

1.042519798088698e-01 4.351222417367909e-14
1.230252227324706e+00 -2.422795216329614e-14
4.157200977931901e+00 -2.013488034912072e-13
-5.027817858545469e-01 4.072052520094438e-15

-1.169237274957736e+00 2.726421277535680e-16
8.721021882563249e-01 -3.513928012584974e-17
1.726946454332313e-01 3.067436592510111e-18
-7.052132972677425e-01 3.727457718519398e-16

-1.239195062185695e+00 -6.820072837532447e-17
7.050449270577867e-01 1.277741092424298e-16
9.820302658771150e-02 4.303549250959100e-17
-8.349616830476222e-01 6.505073322376332e-17

7.050449270577854e-01 3.209585063941320e-16
-1.239195062185695e+00 -1.026588846142940e-16
-8.349616830476217e-01 3.389214286141584e-17
9.820302658771089e-02 1.779036669804208e-16

-1.129964296986119e+00 1.992904665468801e-16
1.320290685840994e+00 3.897289660501671e-16
-6.749339712118575e-01 -3.587305534866410e-17
-2.807728178720768e+00 -2.187368455553204e-15

8.721021882563249e-01 1.441815226678770e-16
-1.169237274957736e+00 5.928449707763385e-17
-7.052132972677426e-01 1.766974480504915e-17
1.726946454332314e-01 7.522366097986130e-17

1.320290685840993e+00 4.476074604324741e-16
-1.129964296986121e+00 -2.281597642483524e-16
-2.807728178720755e+00 -6.142295442783320e-16
-6.749339712118585e-01 6.397860836153944e-16

