40

1
1.531557411708860e+00 2.891317262863282e-16
-6.162024294083351e-01 -2.781719428142897e-16
2.402840837828071e-01 -5.723992856576121e-17
-6.140028621554897e-01 5.546662332846341e-17

5
1.451459898136910e+00 -2.468683146850325e-03
-8.294250544247431e-01 1.993205178136970e-01
2.729748468689066e-01 -2.802761791816960e-02
-2.607995242702125e+00 -9.926958368063797e-01

10
1.409528616666514e+00 4.983785364342597e-16
-5.812845329292921e-01 -9.861188393208083e-17
-6.047750942106485e-01 7.564244072474524e-18
-5.056520128138101e+00 -2.990976731951014e-14

24
1.451459898136911e+00 2.468683146850331e-03
-8.294250544247446e-01 -1.993205178136963e-01
2.729748468689069e-01 2.802761791816950e-02
-2.607995242702121e+00 9.926958368063720e-01

29
1.451459898136912e+00 2.468683146851774e-03
-8.294250544247376e-01 -1.993205178137077e-01
-2.607995242702118e+00 9.926958368064394e-01
2.729748468689076e-01 2.802761791817080e-02

33
1.451459898136912e+00 -2.468683146849184e-03
-8.294250544247542e-01 1.993205178137027e-01
-2.607995242702065e+00 -9.926958368063743e-01
2.729748468689077e-01 -2.802761791817139e-02

34
1.409528616666491e+00 -1.477558212911422e-14
-5.812845329291715e-01 7.673236891898871e-14
-5.056520128139773e+00 -1.082359827150824e-12
-6.047750942106103e-01 3.246011347477768e-14

42
1.490699538053619e+00 4.945531844025553e-17
-1.034345122597251e+00 -2.345574944372417e-16
2.993807909372377e-01 1.129835459841927e-16
-7.636467589982183e-01 -1.450007089914758e-16

52
1.490699538053620e+00 2.180305713173166e-16
-1.034345122597252e+00 1.645237725665169e-16
-7.636467589982183e-01 8.601544631013613e-17
2.993807909372379e-01 1.314864688413047e-17

54
1.405481994818539e+00 1.277251118378152e-17
-1.070989213549581e+00 2.497508306795793e-16
-7.838107943401280e-01 1.457563977321582e-16
-1.899029978638002e+00 -6.278850512640308e-16

64
-6.162024294083348e-01 1.364007862811908e-16
1.531557411708861e+00 3.621399412317569e-16
-6.140028621554895e-01 4.059628749005269e-17
2.402840837828069e-01 -2.825606165095842e-17

66
-5.812845329292921e-01 -3.184760581039297e-17
1.409528616666513e+00 2.941751970752510e-16
-6.047750942106487e-01 -8.667446457308373e-17
-5.056520128138074e+00 -1.606411200149619e-15

72
-6.162024294083364e-01 -2.572865027558073e-15
1.531557411708861e+00 -4.281799858892001e-16
2.402840837828071e-01 5.566255623076995e-16
-6.140028621554899e-01 -1.065425051023597e-15

73
-5.812845329293872e-01 1.439480069923896e-13
1.409528616666531e+00 -2.743607344292908e-14
-5.056520128136737e+00 -2.026758341759787e-12
-6.047750942106823e-01 4.315814070845644e-14

90
-1.090874005137829e+00 1.677457049506207e-01
-6.572274087213654e-01 -8.346016953677506e-02
-6.471081327472175e-01 -1.420232574016181e-01
1.316157453287739e-01 -9.567346516411892e-04

92
1.531557411708861e+00 8.464745576142407e-17
-6.162024294083347e-01 3.371086132979521e-17
-6.140028621554895e-01 5.162852092615779e-17
2.402840837828069e-01 -9.052477525128114e-17

107
3.845729744295025e-02 8.435483767977525e-01
3.845729744295008e-02 -8.435483767977526e-01
-3.657382242627815e-01 1.051494226585079e-17
2.221201778959664e-02 -1.434289292861128e-17

110
-5.762125941507434e-01 -3.851921762136206e-17
-1.075489366223185e+00 -3.203577176205191e-16
-6.485995644119638e-01 1.452379643730562e-01
-6.485995644119636e-01 -1.452379643730562e-01

117
3.845729744294998e-02 8.435483767977521e-01
3.845729744295043e-02 -8.435483767977520e-01
2.221201778959661e-02 6.040672207773994e-18
-3.657382242627815e-01 -8.757101423976534e-17

120
-1.034345122597250e+00 1.738613070951885e-15
1.490699538053619e+00 4.873791193071728e-16
2.993807909372376e-01 -3.356278160950196e-16
-7.636467589982178e-01 7.072425896794695e-16

130
-1.070989213549589e+00 -6.014941711761124e-16
1.405481994818538e+00 -1.082546463435024e-16
-1.899029978637978e+00 1.644786466948290e-15
-7.838107943401319e-01 -7.105308777426463e-17

132
-1.034345122597251e+00 6.596613968819672e-17
1.490699538053619e+00 -5.328247108970108e-17
-7.636467589982180e-01 -6.846783866536618e-18
2.993807909372378e-01 4.353215846574844e-17

134
-1.070989213549581e+00 2.372438502836034e-16
1.405481994818540e+00 -6.712434160496483e-17
-7.838107943401275e-01 2.251246124933968e-16
-1.899029978638001e+00 -6.358333669193905e-16

142
-6.572274087213652e-01 -8.346016953677544e-02
-1.090874005137829e+00 1.677457049506204e-01
1.316157453287739e-01 -9.567346516411686e-04
-6.471081327472175e-01 -1.420232574016180e-01

147
3.845729744295062e-02 -8.435483767977526e-01
3.845729744295032e-02 8.435483767977529e-01
2.221201778959670e-02 -1.361971631557663e-17
-3.657382242627818e-01 -3.531745438689514e-18

150
-1.075489366223185e+00 -1.724812503299492e-16
-5.762125941507436e-01 1.982057974824550e-16
-6.485995644119636e-01 1.452379643730561e-01
-6.485995644119635e-01 -1.452379643730563e-01

153
-6.572274087213655e-01 8.346016953677531e-02
-1.090874005137828e+00 -1.677457049506211e-01
-6.471081327472175e-01 1.420232574016182e-01
1.316157453287739e-01 9.567346516411398e-04

154
-1.075489366223185e+00 1.404392945180059e-16
-5.762125941507436e-01 -4.069596888919484e-17
-6.485995644119636e-01 -1.452379643730562e-01
-6.485995644119638e-01 1.452379643730561e-01

155
-8.294250544247971e-01 1.993205178137148e-01
1.451459898136915e+00 -2.468683146842122e-03
-2.607995242701857e+00 -9.926958368063131e-01
2.729748468689154e-01 -2.802761791816957e-02

156
-6.572274087213653e-01 -8.346016953677567e-02
-1.090874005137829e+00 1.677457049506212e-01
-6.471081327472178e-01 -1.420232574016183e-01
1.316157453287738e-01 -9.567346516411218e-04

159
-8.294250544247443e-01 1.993205178136974e-01
1.451459898136910e+00 -2.468683146850651e-03
2.729748468689068e-01 -2.802761791816968e-02
-2.607995242702117e+00 -9.926958368063784e-01

160
1.405481994818538e+00 -1.825963933356805e-17
-1.070989213549588e+00 -7.712903368773979e-17
-1.899029978637980e+00 2.426537952641987e-16
-7.838107943401308e-01 -3.124323008402871e-17

166
-6.572274087213651e-01 8.346016953677518e-02
-1.090874005137829e+00 -1.677457049506213e-01
1.316157453287739e-01 9.567346516412050e-04
-6.471081327472176e-01 1.420232574016179e-01

170
-5.762125941507433e-01 2.406823858359947e-16
-1.075489366223185e+00 -1.666684547357654e-16
-6.485995644119635e-01 -1.452379643730562e-01
-6.485995644119634e-01 1.452379643730563e-01

171
-8.294250544247275e-01 -1.993205178136876e-01
1.451459898136909e+00 2.468683146852995e-03
-2.607995242702212e+00 9.926958368063833e-01
2.729748468689048e-01 2.802761791817006e-02

178
-1.090874005137829e+00 1.677457049506210e-01
-6.572274087213658e-01 -8.346016953677560e-02
1.316157453287738e-01 -9.567346516411771e-04
-6.471081327472175e-01 -1.420232574016180e-01

214
-1.090874005137829e+00 -1.677457049506215e-01
-6.572274087213655e-01 8.346016953677586e-02
-6.471081327472178e-01 1.420232574016180e-01
1.316157453287738e-01 9.567346516412367e-04

217
3.845729744295021e-02 -8.435483767977522e-01
3.845729744295021e-02 8.435483767977521e-01
-3.657382242627816e-01 1.851981298660883e-18
2.221201778959661e-02 -3.756555719318520e-19

224
-8.294250544247447e-01 -1.993205178136964e-01
1.451459898136911e+00 2.468683146850564e-03
2.729748468689069e-01 2.802761791816953e-02
-2.607995242702123e+00 9.926958368063741e-01

226
-1.090874005137829e+00 -1.677457049506210e-01
-6.572274087213656e-01 8.346016953677547e-02
1.316157453287738e-01 9.567346516411828e-04
-6.471081327472180e-01 1.420232574016180e-01

