16                                               

1.531557411708860e+00 2.891317262863282e-16
-6.162024294083351e-01 -2.781719428142897e-16
2.402840837828071e-01 -5.723992856576121e-17
-6.140028621554897e-01 5.546662332846341e-17

1.409528616666514e+00 4.983785364342597e-16
-5.812845329292921e-01 -9.861188393208083e-17
-6.047750942106485e-01 7.564244072474524e-18
-5.056520128138101e+00 -2.990976731951014e-14

1.409528616666491e+00 -1.477558212911422e-14
-5.812845329291715e-01 7.673236891898871e-14
-5.056520128139773e+00 -1.082359827150824e-12
-6.047750942106103e-01 3.246011347477768e-14

1.490699538053619e+00 4.945531844025553e-17
-1.034345122597251e+00 -2.345574944372417e-16
2.993807909372377e-01 1.129835459841927e-16
-7.636467589982183e-01 -1.450007089914758e-16

1.490699538053620e+00 2.180305713173166e-16
-1.034345122597252e+00 1.645237725665169e-16
-7.636467589982183e-01 8.601544631013613e-17
2.993807909372379e-01 1.314864688413047e-17

1.405481994818539e+00 1.277251118378152e-17
-1.070989213549581e+00 2.497508306795793e-16
-7.838107943401280e-01 1.457563977321582e-16
-1.899029978638002e+00 -6.278850512640308e-16

-6.162024294083348e-01 1.364007862811908e-16
1.531557411708861e+00 3.621399412317569e-16
-6.140028621554895e-01 4.059628749005269e-17
2.402840837828069e-01 -2.825606165095842e-17

-5.812845329292921e-01 -3.184760581039297e-17
1.409528616666513e+00 2.941751970752510e-16
-6.047750942106487e-01 -8.667446457308373e-17
-5.056520128138074e+00 -1.606411200149619e-15

-6.162024294083364e-01 -2.572865027558073e-15
1.531557411708861e+00 -4.281799858892001e-16
2.402840837828071e-01 5.566255623076995e-16
-6.140028621554899e-01 -1.065425051023597e-15

-5.812845329293872e-01 1.439480069923896e-13
1.409528616666531e+00 -2.743607344292908e-14
-5.056520128136737e+00 -2.026758341759787e-12
-6.047750942106823e-01 4.315814070845644e-14

1.531557411708861e+00 8.464745576142407e-17
-6.162024294083347e-01 3.371086132979521e-17
-6.140028621554895e-01 5.162852092615779e-17
2.402840837828069e-01 -9.052477525128114e-17

-1.034345122597250e+00 1.738613070951885e-15
1.490699538053619e+00 4.873791193071728e-16
2.993807909372376e-01 -3.356278160950196e-16
-7.636467589982178e-01 7.072425896794695e-16

-1.070989213549589e+00 -6.014941711761124e-16
1.405481994818538e+00 -1.082546463435024e-16
-1.899029978637978e+00 1.644786466948290e-15
-7.838107943401319e-01 -7.105308777426463e-17

-1.034345122597251e+00 6.596613968819672e-17
1.490699538053619e+00 -5.328247108970108e-17
-7.636467589982180e-01 -6.846783866536618e-18
2.993807909372378e-01 4.353215846574844e-17

-1.070989213549581e+00 2.372438502836034e-16
1.405481994818540e+00 -6.712434160496483e-17
-7.838107943401275e-01 2.251246124933968e-16
-1.899029978638001e+00 -6.358333669193905e-16

1.405481994818538e+00 -1.825963933356805e-17
-1.070989213549588e+00 -7.712903368773979e-17
-1.899029978637980e+00 2.426537952641987e-16
-7.838107943401308e-01 -3.124323008402871e-17

