40

8.422441461512767e-50
7.917189504076257e-54
1.063817085239197e4

6.609523925498634e-56
8.325054821512223e-60
7.939315796959560e3

3.459991410612636e-54
5.000638559846160e-59
6.919099169445031e4

9.877999539078359e-57
2.750459807253410e-60
3.591399340949635e3

9.379421351101439e-54
1.360810395197318e-58
6.892526235987063e4

9.466704040312982e-59
1.161187564823149e-61
8.152605424908055e2

1.860673459902763e-51
1.533141690678713e-58
1.213634376532447e7

3.221273129655602e-55
7.748276394195896e-59
4.157406067843170e3

2.882082829639673e-56
8.024957839630261e-60
3.591399340949635e3

5.525853619246342e-54
1.329158982565567e-57
4.157406067843170e3

1.749311866123644e-57
1.212652986715063e-60
1.442549422866906e3

1.096216550827222e-57
8.006878428657802e-61
1.369093537006508e3

5.058353944432607e-57
1.408463237924157e-60
3.591399340949635e3

5.403324371341295e-56
6.805780887832364e-60
7.939315796959560e3

9.118284359624160e-54
1.317842704132758e-58
6.919099169445031e4

1.437519462347209e-59
1.763263873847324e-62
8.152605424908055e2

8.894637980025532e-59
4.622870521973477e-62
1.924050854928219e3

7.199379619421501e-57
3.819532510186287e-60
1.884885021981491e3

8.924128478257108e-59
3.998725555865710e-62
2.231743177564750e3

9.087320614145692e-54
1.318431051694694e-58
6.892526235987063e4

3.293932577031266e-53
2.714958715229433e-60
1.213253283946495e7

9.936782627474310e-58
4.429197203116577e-61
2.243472614062511e3

5.072176312781330e-53
1.220033893733343e-56
4.157406067843170e3

1.512296211744850e-57
1.104596706410178e-60
1.369093537006508e3

6.413093465315808e-58
1.785680971813082e-61
3.591399340949635e3

7.388802833788587e-59
3.840232608646013e-62
1.924050854928219e3

1.666174853571001e-51
1.372880404336878e-58
1.213634376532447e7

2.026624783516633e-58
9.080905024780052e-62
2.231743177564750e3

1.260648146445019e-57
6.688196530522369e-61
1.884885021981491e3

4.005162221122559e-57
1.785251219924613e-60
2.243472614062511e3

4.030985374175297e-55
9.695914491861366e-59
4.157406067843170e3

4.488497233673774e-59
2.011206880252040e-62
2.231743177564750e3

4.413362789457544e-50
4.148610555982196e-54
1.063817085239197e4

1.042885573685796e-56
7.229461654167638e-60
1.442549422866906e3

2.325332365470342e-56
1.036487965529295e-59
2.243472614062511e3

4.414540425010278e-59
5.414882966766499e-62
8.152605424908055e2

3.820896312232018e-60
4.686718065071952e-63
8.152605424908055e2

2.841130768169711e-57
1.266398684949825e-60
2.243472614062511e3

1.470084837984003e-51
1.211688323811564e-58
1.213253283946495e7

1.506647523131518e-57
6.750989711887696e-61
2.231743177564750e3

