40                                               

7.047181272178612e-01 5.945195840677014e-01
7.047181272178618e-01 -5.945195840677012e-01
2.331626391057569e+00 -8.255373569899372e-16
-5.152643860374445e-01 2.496236413646757e-16

7.047181272178588e-01 -5.945195840676928e-01
7.047181272178588e-01 5.945195840676928e-01
-5.152643860374377e-01 -7.894872667984098e-18
2.331626391057601e+00 8.160262929503029e-16

9.423942114500713e-01 1.722849577163205e-16
3.591948360491371e+00 -1.639362548940461e-15
-5.422291588132157e-01 6.709127452244188e-17
2.518391893875140e-01 2.930316032705456e-17

1.481568025252406e+00 -1.609285788374910e-02
-8.257633769746457e-01 8.673424848943851e-01
3.116175838746532e-01 -1.741836285981746e-02
-6.271533396413972e-01 -1.327072140730680e+00

3.591948360491390e+00 2.457621714158895e-15
9.423942114500709e-01 -4.282595801302029e-17
2.518391893875138e-01 -1.404052193247922e-16
-5.422291588132158e-01 7.200313777030895e-17

-4.193404510835818e-01 1.250816750635670e+00
-4.193404510835816e-01 -1.250816750635670e+00
-4.626811081082825e-02 3.309266006117654e-01
-4.626811081082824e-02 -3.309266006117653e-01

0.812396726464383572136e0 -0.766564817265141806857e-17
-0.137672850479788025117e2 0.454416235542987045903e-14
-0.573179363046237994646e0 -0.481453527219344312726e-17
0.171551331801649278270e0 -0.373118013265519299360e-18

1.481568025252406e+00 -1.609285788374864e-02
-8.257633769746466e-01 8.673424848943863e-01
-6.271533396413967e-01 -1.327072140730678e+00
3.116175838746534e-01 -1.741836285981699e-02

1.481568025252405e+00 1.609285788374891e-02
-8.257633769746462e-01 -8.673424848943848e-01
3.116175838746532e-01 1.741836285981741e-02
-6.271533396413981e-01 1.327072140730679e+00

1.481568025252407e+00 1.609285788374909e-02
-8.257633769746460e-01 -8.673424848943867e-01
-6.271533396413955e-01 1.327072140730678e+00
3.116175838746535e-01 1.741836285981753e-02

1.525026278573100e+00 -1.239331333893040e-16
-1.559148969208071e+00 7.147838850104064e-17
-1.019683557997300e+00 -1.603271221709202e-16
3.245617505820471e-01 -1.822449616509421e-17

1.525026278573100e+00 1.428855166540483e-16
-1.559148969208071e+00 -3.739993499946206e-16
3.245617505820469e-01 6.869774123809885e-17
-1.019683557997301e+00 -2.535495451320198e-16

-8.257633769746457e-01 8.673424848943850e-01
1.481568025252405e+00 -1.609285788374900e-02
3.116175838746532e-01 -1.741836285981749e-02
-6.271533396413981e-01 -1.327072140730680e+00

7.047181272178586e-01 5.945195840676932e-01
7.047181272178590e-01 -5.945195840676929e-01
-5.152643860374378e-01 -8.472012679724960e-17
2.331626391057600e+00 -7.142582459677398e-16

3.591948360491374e+00 -1.942498773515337e-15
9.423942114500719e-01 2.013592478669449e-17
-5.422291588132159e-01 -4.173025269313429e-18
2.518391893875141e-01 3.067923373160920e-17

-4.193404510835816e-01 1.250816750635670e+00
-4.193404510835815e-01 -1.250816750635670e+00
-4.626811081082836e-02 -3.309266006117653e-01
-4.626811081082807e-02 3.309266006117652e-01

2.841478184320391e-01 9.178219299879684e-18
-1.921327761485211e+00 -5.367264513840976e-17
-5.133016886889590e-02 1.026404334202186e-17
-8.680125592808955e-01 1.795283690565485e-17

2.841478184320392e-01 2.458299602577680e-16
-1.921327761485209e+00 1.260389778125759e-16
-8.680125592808955e-01 1.031952146439372e-16
-5.133016886889644e-02 -1.177457358999895e-17

4.352030601685285e-01 6.480022677298055e-01
-1.822733146341363e+00 3.203225882899349e-02
-2.892264471049816e-01 -3.292693643051063e-01
-8.893558684686026e-01 3.216407582073774e-02

9.423942114500706e-01 -1.162660143375836e-17
3.591948360491388e+00 -7.427703053910665e-16
2.518391893875136e-01 2.248652852727038e-17
-5.422291588132158e-01 -8.603935150359683e-18

0.812396726464383378915266640006e0 -0.503254189630125680925018325380e-17
-0.137672850479787998912353906616e2 0.615406489668344057255056536181e-15
0.171551331801649283745436533864e0 -0.827253295704231493627067276590e-18
-0.573179363046237948322597485968e0 0.112538492745844483610290436648e-17

4.352030601685289e-01 6.480022677298063e-01
-1.822733146341363e+00 3.203225882899369e-02
-8.893558684686026e-01 3.216407582073766e-02
-2.892264471049816e-01 -3.292693643051067e-01

-8.257633769746479e-01 8.673424848943820e-01
1.481568025252404e+00 -1.609285788374801e-02
-6.271533396414049e-01 -1.327072140730678e+00
3.116175838746530e-01 -1.741836285981680e-02

-1.559148969208071e+00 -1.683504646147618e-16
1.525026278573100e+00 -2.219943721979216e-16
3.245617505820470e-01 1.348032869682443e-17
-1.019683557997300e+00 1.396827537426705e-16

-8.257633769746457e-01 -8.673424848943853e-01
1.481568025252405e+00 1.609285788374920e-02
3.116175838746533e-01 1.741836285981741e-02
-6.271533396413976e-01 1.327072140730680e+00

-1.921327761485211e+00 -3.850008243426484e-16
2.841478184320391e-01 4.332556909185134e-17
-5.133016886889592e-02 5.186542248962515e-17
-8.680125592808954e-01 7.762787788755339e-17

-0.137672850479787999825e2 0.109547787507935368012e-14
0.812396726464383370258e0 -0.274032099095711245695e-16
-0.573179363046238017740e0 0.135525271560688054251e-17
0.171551331801649266289e0 -0.120414203781671336202e-16

-1.822733146341363e+00 3.203225882899363e-02
4.352030601685288e-01 6.480022677298057e-01
-2.892264471049815e-01 -3.292693643051063e-01
-8.893558684686026e-01 3.216407582073771e-02

-1.921327761485210e+00 -7.619005222046684e-17
2.841478184320387e-01 -1.645530629036616e-16
-8.680125592808955e-01 2.409866003056546e-16
-5.133016886889599e-02 1.514714125531614e-16

-1.822733146341363e+00 -3.203225882899338e-02
4.352030601685288e-01 -6.480022677298053e-01
-8.893558684686023e-01 -3.216407582073758e-02
-2.892264471049818e-01 3.292693643051059e-01

-8.257633769746459e-01 -8.673424848943849e-01
1.481568025252405e+00 1.609285788374916e-02
-6.271533396413986e-01 1.327072140730680e+00
3.116175838746535e-01 1.741836285981734e-02

-1.822733146341363e+00 -3.203225882899333e-02
4.352030601685287e-01 -6.480022677298055e-01
-2.892264471049816e-01 3.292693643051062e-01
-8.893558684686026e-01 -3.216407582073762e-02

7.047181272178579e-01 -5.945195840676822e-01
7.047181272178533e-01 5.945195840676837e-01
2.331626391057631e+00 -7.347493472861487e-15
-5.152643860374367e-01 5.208605044293643e-16

-1.559148969208071e+00 -2.119977729789518e-16
1.525026278573099e+00 4.812414611671681e-16
-1.019683557997301e+00 1.309314453628699e-16
3.245617505820467e-01 1.611461509215401e-16

-1.822733146341363e+00 3.203225882899294e-02
4.352030601685288e-01 6.480022677298055e-01
-8.893558684686024e-01 3.216407582073770e-02
-2.892264471049822e-01 -3.292693643051059e-01

-4.193404510835818e-01 -1.250816750635669e+00
-4.193404510835814e-01 1.250816750635670e+00
-4.626811081082826e-02 3.309266006117653e-01
-4.626811081082829e-02 -3.309266006117654e-01

-4.193404510835816e-01 -1.250816750635669e+00
-4.193404510835812e-01 1.250816750635669e+00
-4.626811081082825e-02 -3.309266006117653e-01
-4.626811081082821e-02 3.309266006117653e-01

4.352030601685288e-01 -6.480022677298064e-01
-1.822733146341363e+00 -3.203225882899343e-02
-8.893558684686025e-01 -3.216407582073778e-02
-2.892264471049818e-01 3.292693643051065e-01

-0.137672850479788018571533726578e2 -0.690752182665991751013725151350e-15
0.812396726464383536878668034615e0 0.528039152123121260972158587654e-16
0.171551331801649275903247466070e0 0.121897642530472808517907944738e-16
-0.573179363046238040298170920276e0 -0.120721286719264640417596399107e-16

4.352030601685283e-01 -6.480022677298057e-01
-1.822733146341362e+00 -3.203225882899314e-02
-2.892264471049814e-01 3.292693643051063e-01
-8.893558684686026e-01 -3.216407582073740e-02

