0
-1.964586255892355e-04 -1.088683870577428e-03
1.649996801004548e-02 -5.941682892489156e-02
-1.668477476322448e-02 5.839122088576405e-02
-2.812516635743906e-01 -6.584519073390055e-01
-4.121667301834657e-01 -9.648553905489616e-01

1
2.156745600895841e-01 -3.287739284956632e-01
-1.884226526368240e-01 -1.027036276545137e+00
1.888837507962590e+00 -2.593648675231950e-01
6.040948036411407e-02 -2.257408351100252e-01
1.243751555118523e-01 2.633293616704087e-01

2
-9.202216645887829e-01 5.075518288611975e-01
-1.226554888017684e+00 -2.080595843846177e-01
-1.347508949023341e-01 1.107592723050576e+00
-1.735544387906164e+00 5.322320090617253e-01
4.657836018728088e-01 -2.412958986316718e-01

3
-4.244857536239302e-03 2.894099091814657e-03
1.717933223727327e-01 -5.874829384924637e-02
-1.757987824732964e-01 6.147266178584029e-02
-1.142572143010028e+00 1.823406654214865e+00
1.711555419584036e+00 4.815044456236977e-01

4
1.434614944099753e-01 -2.817967619601721e-01
-5.620035292556017e-02 -2.940730386651854e-01
2.718137556906038e-01 -1.003422275806839e-01
-7.657144028858673e-02 1.437080980951572e-01
2.597274866438486e-01 -6.653787138028403e-01

5
2.600230846468523e-02 -2.605768092879998e-01
-8.359381123626885e-05 -2.145274525263604e-01
1.035911056122955e+00 2.612813487405498e-02
-2.137162712196773e-02 1.422946498943997e-01
2.231052971905297e-02 4.043021547630715e-02

6
2.532473119855605e-04 1.411839358855691e-03
-4.097758326934485e-02 -2.925973683429242e-02
4.121978649584381e-02 3.058643614776571e-02
-5.937864122204644e-01 2.968083628742997e-02
1.145322224926775e-01 -4.775209924157516e-01

7
3.240133616685171e-01 -2.064466771815789e-01
3.128013097162530e-01 -2.631824494889713e-01
7.585418827287859e-01 -1.556387964486320e-01
-1.720478777477431e-01 1.083613421221083e-01
9.268654739642176e-02 -8.293526335743717e-02

8
4.187780098112980e-04 -1.975097339897965e-02
1.132995550235226e+00 -1.336685995068787e+00
5.919399151971730e-01 1.647807771894795e+00
8.211167098652244e-02 3.337352175665185e-01
2.594304716102432e-01 -2.657989877338683e-01

9
-3.015761695011654e-02 -1.235666337600278e-03
-8.770691402322928e-02 4.887036795194573e-02
5.953564864303772e-02 -4.899344100597713e-02
-4.332765114885225e-03 1.313518691055511e-02
2.722688706460395e-01 -9.831250946984164e-01

10
1.307911977008423e-01 8.800878982177762e-02
4.502335860443044e-01 1.206365437032223e-01
7.700651873510306e-01 8.928461647413381e-02
-9.643536159249776e-02 2.633479924687149e-02
-4.718681015001775e-02 -1.068700975661345e-01

11
3.217715457282447e-02 6.904788751535791e-04
9.029963805280501e-02 -5.483020507410904e-02
-5.981621882075495e-02 5.656962268212239e-02
4.574675128139281e-03 -1.411041549189301e-02
2.570628016846987e-01 -1.062155477623371e+00

12
1.936197695025281e-01 -1.586821965535527e-02
5.217095867491761e-01 -4.130201069309085e-01
8.821103454992600e-01 9.646338711365188e-02
-1.303988122333694e-01 -7.801726632043232e-02
1.012139057450079e-01 -2.330160143789167e-02

13
-6.702784840702877e-02 -8.179478720406683e-02
-8.350406422205101e-02 -2.669088338914215e-03
7.796538564143823e-03 -7.265659066720778e-02
3.386248877359607e-02 4.173748771773689e-02
3.401174287682530e-01 -9.618621730828310e-01

14
1.529705084180981e-01 1.187263474382477e-01
6.577505503852819e-01 -4.330433373069130e-02
9.482401928030780e-01 1.486542963638790e-01
-6.182761973560774e-02 -1.436484901412106e-01
-1.181728078046751e-01 4.188885661458704e-02

15
1.645030228989135e+00 -7.522183464589980e-01
2.409519372250450e+00 -1.184476515473138e+00
-6.131308322962635e-01 2.042994033840947e+00
4.836025608206730e-01 -3.080416649372733e-01
-2.005416446049482e+00 -1.802966872831006e+00

16
7.758700516798897e-02 -7.060185135427596e-02
1.168393837585518e-01 -1.070812668498247e-01
-3.177750306369133e-02 3.922807138085160e-02
2.101185494152798e-02 -2.349542173929129e-02
2.095132396334910e-01 -1.026555886619094e+00

17
1.688291948105548e-01 -3.473814687040210e-01
1.729011933109924e-01 -3.688941264376250e-01
1.192525278734121e+00 -2.420404833635170e-01
2.995838773251941e-02 -9.437938038000426e-02
-2.801577359521026e-02 1.792154936505355e-01

18
9.451031464004103e-01 -7.165365596221158e-02
1.554599299329400e+00 3.423478007633912e-01
9.975069423587435e-01 -2.190239490855006e-01
3.212149506755151e-01 -6.469386506524369e-02
-5.444879817983792e-01 5.898127835961724e-02

19
2.698344830794114e-01 -2.320364954539521e-01
2.747989115005679e-01 -2.245865291165885e-01
1.179026689900468e+00 -1.958468279430094e-01
6.374636083432567e-02 -6.430446347622990e-02
-9.589919672478410e-02 6.276286988821346e-02

20
-2.627070934844608e-01 -5.524658401418962e-02
-4.385242443526380e-01 -1.099751903618509e-01
1.142825777082910e+00 -5.232138533147582e-02
-9.709521365537596e-02 -1.957565423002412e-02
1.293042707887809e-01 -4.572707924457103e-02

21
-1.057635866387951e-01 5.650876443847123e-02
-1.587599719872545e-01 8.640200315467787e-02
7.538129774523564e-02 -2.841772372006219e-02
-3.043518391127129e-02 1.957545109954411e-02
3.149086727106800e-01 -9.749922110850121e-01

22
-2.714768225625674e-01 -2.238109972245540e-01
-4.925020837146442e-01 -3.782728430108601e-01
1.400421945016695e+00 -6.781043135617047e-02
-1.124161210455791e-01 -7.856474131540077e-02
7.596920758923656e-02 2.197887270165111e-01

23
-1.281178451585437e+00 -1.130203213837300e+00
1.937245190582448e+00 -1.189705250053478e+00
-8.639406468069920e-01 2.126155702154146e+00
4.213874454819100e-01 -3.551459137861092e-01
-3.061411423964382e-01 4.688174687115445e-01

24
1.141571023755258e+00 -7.335828156647255e-02
1.485169613799711e+00 -8.894710322548589e-02
-1.257102864707057e+00 -1.933892592701581e-01
-1.793282949279682e+00 6.905316625619019e-01
3.179983650891480e-01 -1.179864930647921e-03

25
-7.030249523461895e-04 3.487208879992114e-04
-1.658711036182133e-02 5.622531429337266e-02
1.592634357175197e-02 -5.589621005529971e-02
-2.636603470276089e-01 -6.296954885752784e-01
-3.863142797202930e-01 -9.229125988398241e-01

26
1.147476896398955e-02 1.590968899272923e-02
2.110797789685766e+00 -4.302560566599395e-01
-6.845831542268790e-01 2.042567376677987e+00
-1.752810808542103e-01 3.788011667209696e-01
-2.866125773232935e-01 -3.233592519990326e-01

27
7.107096027955563e-04 1.070209134998369e-03
5.849091222908327e-02 1.212935508162618e-03
-5.781976799785323e-02 -2.077677071691027e-04
-5.345491235544158e-01 4.207478961891805e-01
5.346830215075156e-01 -4.205456945151324e-01

28
-3.975597938549617e-01 -2.472556114198739e-02
-1.464447004184694e+00 8.422911336905942e-01
1.594568799651327e+00 -7.023107608400104e-01
1.078002297597291e-02 1.160310135217107e-01
-6.871412158652093e-02 -9.778635775670991e-02

29
1.562863839834390e-01 -1.023369242878523e-01
5.455132543578295e-01 -4.323702736716178e-01
8.167186186231643e-01 3.585909898528666e-01
-4.974716996110091e-02 1.480544816967996e-01
9.766567147001624e-02 -4.796040514515538e-02

30
-2.359195246033658e-01 -2.983669181978051e-01
-3.262450720420999e-01 -1.482906867071108e-01
1.138928155491157e+00 -2.239015829104400e-01
-8.029751702927140e-02 -1.806300299934106e-02
9.850539574154664e-02 2.177354336473680e-01

31
1.776422484522913e-01 -1.354001646222839e-01
8.952938166958109e-01 -6.300108891461640e-01
6.493479371528795e-01 1.054850505009113e+00
-6.370663492819327e-02 2.372688445368556e-01
-2.018756260129398e-01 -8.898861750455418e-02

32
-3.127606871977879e-01 -2.491070884573533e-01
-2.498946064834485e-01 -1.909272670704389e-01
1.120820247049590e+00 4.371258122555668e-01
1.833108407705168e-01 1.729751029050852e-01
-6.326372566712940e-02 -7.731813674748859e-02

33
8.137634266004544e-02 -4.044256475240038e-01
1.181971712250914e-01 -5.569255777843246e-01
1.951455595601750e-01 4.236789831184529e-01
-5.824379783568432e-01 3.046508216323139e-01
2.087385908351507e-02 -1.209425194685887e-01

34
8.896286554848953e-02 -2.305877377296618e-01
2.352540835143698e-01 -1.171883837016495e+00
1.290411503494438e+00 5.753114327146364e-01
-2.649079348624540e-01 6.691513161281915e-02
1.182869493701807e-01 2.611198140256730e-01

35
6.664953062595749e-02 8.133264521004284e-02
7.178336035399745e-02 9.979311558655463e-03
-2.093839388567225e-02 6.641359768196849e-02
-3.294116089301510e-02 -4.135332787635117e-02
1.948050959735783e-01 -1.097807010737259e+00

36
-2.799465274371220e-04 -1.356306081387303e-03
-4.116451113471351e-02 -3.045143913875277e-02
4.090495139480886e-02 2.917476021357282e-02
-5.925413260936302e-01 2.942099263643713e-02
1.147807404594544e-01 -4.764682867075494e-01

37
-3.682698375492944e-01 -3.224460303380095e-01
-5.836325222396442e-01 -1.488267658646985e-01
1.538961253411146e-01 -4.139003114391329e-01
-9.418700856177401e-01 -1.329326901382780e-01
2.101992225252039e-01 1.295105044000035e-01

38
3.209056337785729e-03 -3.376045544852144e-01
-2.914334723963595e-02 -2.623192390351700e-01
9.393792431506294e-01 1.532172497295289e-01
-1.507475418321628e-02 1.832762119878289e-01
-3.884380373678507e-02 -2.246008309751012e-02

39
2.821744225774048e-02 -3.706303532649423e-01
-5.629855262073234e-03 -5.695695696595156e-01
3.429800535382523e-01 2.643333344003513e-01
-5.482776164134088e-01 8.610667135100093e-02
-1.685937678916952e-02 -1.218721103928377e-01

40
-1.498856103299011e-02 -4.746098995725537e-02
6.019784247383446e-02 -7.614733445219005e-02
-7.637390811201647e-02 2.980793801372144e-02
2.208808518003903e-02 -1.243775439935013e-02
2.947107323042524e-01 -1.035085121888828e+00

41
-8.910316450420641e-02 4.133308161105894e-01
-2.707204540220777e-01 4.938980435924400e-01
3.538015368583505e-01 4.684987778167573e-02
-8.668905499706265e-01 1.940306992054765e-01
7.841067790985551e-02 -2.389417474218654e-01

42
-1.145005265076667e-03 7.003001229478817e-04
-5.751475644470665e-02 2.030685052968909e-03
5.643526426337514e-02 -1.370826630450556e-03
-5.066651121486495e-01 4.337805249431467e-01
5.064492314709119e-01 -4.336483912617129e-01

43
3.018862479465197e-03 3.625409662591796e-03
-1.487989404152166e-01 7.173187119868708e-02
1.516517596068251e-01 -6.832619978643999e-02
-8.530779087135834e-01 1.741664253131641e+00
1.579289594784545e+00 2.702388260466682e-01

44
-6.117599359640217e-03 6.393628286579400e-01
-2.019243201036738e-01 8.856231697444669e-01
5.682606039212068e-01 -1.663507327100143e-01
-1.195413078217789e+00 1.998397670272825e-01
-3.642881219722708e-02 1.812269608127788e-01

45
-4.619771797660046e-01 1.541607627165583e-01
-6.784976865415472e-01 2.283395140086407e-01
5.268831043463226e-01 2.524346787417668e-01
-1.376554308136449e-01 4.740769939556190e-02
1.087544970158987e-01 -7.005868804904324e-01

46
-1.262746335752800e-01 1.327758192620952e-01
-2.388979951910572e-01 9.136444428657180e-01
6.891557674135098e-01 -6.292934027499242e-01
-1.238418485752693e-01 2.693175516177865e-02
7.313140708819287e-02 -1.735886599205967e-01

47
1.125331614546565e-01 4.920662920658589e-02
3.614568496022724e-01 8.278370395487593e-01
4.874473204768813e-01 -6.203519349938115e-01
-9.235634073193340e-02 1.654077465848679e-01
1.718305710439555e-01 -3.341220024261703e-02

48
9.554167626620036e-02 1.768365256115692e-01
4.374749005092056e-01 3.230107626896456e-01
8.807232422889106e-01 -1.978272352776711e-01
-1.248431992763344e-01 -8.267091246627183e-03
7.202470661409589e-02 6.689752041057070e-02

49
1.964091975489460e-01 7.864383225517130e-01
3.229830946635185e-01 1.160301254740672e+00
5.118045541053230e-01 -8.988502674132048e-01
-1.054447764590448e+00 -2.706104810744707e-01
5.626738596519386e-02 2.342467996724161e-01

50
1.691271537003315e-01 4.012306319299493e-01
2.144657625758244e-01 5.499889881106755e-01
7.134647793893291e-02 -3.882683650960599e-01
-9.135878016412213e-01 -2.784658531019362e-01
-9.158139667910199e-02 -2.798948629402011e-01

51
-1.228683222105854e-01 1.568742530890573e-01
7.737009614202670e-02 4.084025680301623e-01
8.416988048753788e-01 -3.469366260024732e-01
-5.667772193826961e-02 -1.155806550774705e-01
1.452665158056126e-01 -7.889080574448483e-02

52
3.216211485348865e-02 -3.463375002342945e-02
9.137572319497529e-02 -7.136816034600141e-02
-5.875861311691544e-02 3.789154247753125e-02
-2.940287640305534e-02 3.396587749724479e-02
2.899602175336490e-01 -9.879772443560584e-01

53
1.954707969572847e-01 -1.742010365596273e+00
2.195353974066515e-01 -2.656825649610659e+00
-3.815308409531290e-01 2.736152727468178e+00
-1.864346045586626e-01 1.770119500626603e+00
6.518420315269825e-02 -5.604756443748014e-01

54
6.346633680559404e-01 -4.340354147723980e-01
8.221244484245147e-01 -5.510131208916059e-01
-4.806020028377106e-01 5.285794302521186e-01
-1.584426165888349e+00 3.693325697659355e-01
-4.248826807311464e-01 3.070669919142315e-01

55
8.240529867388362e-02 1.464521386590381e-01
5.402470747097826e-01 9.273524847780700e-01
2.930491504691253e-01 -9.070542572605874e-01
-1.501454459786321e-01 -1.917499633634739e-01
1.803018961719831e-01 -5.714263028432436e-02

56
2.108841543155875e-01 1.122556885235500e-01
5.749213403659361e-01 1.633299044058080e+00
1.053581161694794e+00 -1.096711358263886e+00
3.381718750044113e-01 -1.308099648760104e-02
-2.261724364045731e-01 2.933676064717949e-01

57
9.442927791538372e-01 -1.435351681711874e-01
1.096900178197380e+00 -1.319847296530337e+00
8.448089653814769e-01 1.056309717779304e-02
-5.179220214959878e-01 1.873641436202849e-02
3.005499679769223e-01 8.368738966985757e-02

58
-2.456158725627245e-01 4.752805259334544e-01
-1.967890337650544e-01 3.551583472601754e-01
1.725901932587361e+00 -1.716237726032541e-01
1.203422759811824e-01 -2.800086795062173e-01
2.790537489531348e-02 6.570944724546295e-02

59
-5.468337076376900e-01 2.599388452798511e-01
-8.344784738490012e-01 3.908605890317307e-01
8.859167314338744e-01 -3.285622154780169e-01
-1.715002644416589e-01 9.085507114744815e-02
5.409326321999127e-01 -3.019338777048387e-01

60
-6.427317518234185e-02 -3.882434451371489e-01
3.136362017404383e-01 -1.095490556549900e-01
-2.611720331635450e-01 -4.304792269752509e-01
-6.649031936076548e-01 -4.639252226651278e-01
-6.011564175505455e-02 -7.515122867277267e-02

61
-1.776168265735400e-02 -1.493065603546604e-01
5.106614664370439e-01 3.502998311728718e-01
6.674592785360051e-01 -3.800275200948084e-01
6.300640045205566e-02 -7.974400495770768e-02
5.728486987585252e-02 1.432448184066476e-01

62
8.050651888379043e-02 -1.305867986815448e-01
3.572040508521306e-01 6.084285896795901e-01
6.731537668783355e-01 -4.445919198159640e-01
1.125530629093483e-01 -5.237406113576967e-02
-1.336097689311061e-01 -4.820140752427528e-02

63
5.311465473316187e-01 -4.262052668869513e-01
-5.956034426943257e-02 8.122449280583232e-01
7.756362687157059e-01 -6.375797421992904e-01
1.629736690488305e-01 -1.328431945993669e-01
-8.773042820299455e-01 -4.413358500291621e-01

64
1.796004999908586e-01 -2.497828308901190e-01
2.779124655304645e-01 -5.631494060258033e-02
-1.200489549166563e-02 -2.920282023085023e-01
-9.526916133244266e-02 1.278326632521014e-01
3.488531726466257e-01 -5.990197329856836e-01

65
1.274706190516037e-01 -2.212764713464309e-01
4.680660359669198e-01 -3.554159490091565e-01
1.121584720944625e+00 1.774564341241037e-03
8.088431274056750e-02 -7.803197098487201e-02
-7.221490719026071e-03 1.872535392359797e-01

66
2.360548823027469e-01 -6.339958614415105e-02
1.478144740252141e-01 4.917306809345965e-01
1.073500670816918e+00 -6.474699418451827e-01
-6.668437959773416e-02 -1.395935785868800e-01
-1.958112335570638e-01 1.171096532547758e-01

67
2.112203230022288e-01 -9.038435637582808e-02
4.538514678600303e-01 1.229929448395841e-02
9.615833410605120e-01 -3.684314463736341e-02
9.092979513922038e-02 -1.661822683175931e-02
-1.094972301592857e-01 -4.960658140791009e-02

68
5.655614322563988e-03 5.175376426687291e-03
2.129498156165394e-01 7.590808560119016e-01
5.504442507475562e-01 -5.635271007727298e-01
-7.855393316114480e-02 1.314583486241897e-01
1.490423640680880e-01 -1.767777690067659e-02

69
-6.793573527111282e-02 -8.718205524749120e-02
9.663730970528325e-03 -7.576753051870862e-02
-8.686344503030968e-02 -4.884846642843083e-03
3.431784560138885e-02 4.434534424311291e-02
3.781672771172711e-01 -9.945241249264815e-01

70
1.117522547334443e-01 -9.730542156664843e-03
1.748088051560457e-01 7.264497992948639e-01
6.019293042205571e-01 -3.759718083422753e-01
-9.647679674806878e-02 1.317492158478734e-01
-1.002460065758004e-01 -1.224007256911286e-01

71
2.340307403240113e-01 -2.974991658145711e-01
6.648241314818022e-01 3.128074100801359e-01
1.925444266111763e-01 -2.783637192095806e-01
-9.330354408408097e-02 1.360063775566157e-01
-1.001819163655663e-02 -7.891202353912719e-02

72
7.018034639025302e-03 3.731180656121533e-03
3.887872495732604e-01 6.667636572715387e-01
3.824346377652808e-01 -6.694511671355561e-01
-1.061280847481119e-01 -1.083500217587721e-01
1.528613051142488e-01 -5.100373558044470e-02

73
1.262537033322002e-01 -6.431341663116348e-02
4.884469576238364e-01 7.467188483069216e-01
5.616388108483729e-01 -7.088503757422794e-01
-1.622439078293634e-01 -1.135486575824169e-01
-7.275953865162477e-02 1.984027288194201e-01

74
2.442990765780819e-01 5.842824079592781e-02
2.169067310740449e-01 6.320096597421655e-02
1.076857485446037e+00 -1.881090361372587e-01
-1.337411469430662e-01 -3.088497006531338e-02
-5.943013659464942e-02 -2.419397214952597e-02

75
3.928692771942101e-01 -1.604983079825858e-01
7.142125305208784e-01 -6.260855694133416e-02
3.994191560500562e-01 -2.280789636288091e-01
-2.232223545001041e-01 1.000205271818147e-01
1.266836730049219e-01 -7.209814002082449e-02

76
7.084743825378453e-02 -6.736234894504163e-02
-2.823888024972609e-02 3.754921437785274e-02
1.061620635752305e-01 -1.024252469281176e-01
2.166790288120219e-02 -2.033481273516908e-02
1.679638312158252e-01 -9.575539614690018e-01

77
9.633371505047868e-02 -1.235394608047582e-01
3.265849556896370e-01 1.623949797195806e-01
6.488034424401850e-01 -3.271230078161689e-01
-8.799528626117671e-02 -3.042806213856942e-02
7.444895291502993e-02 -2.677955569791630e-02

78
2.191933595177833e-01 -4.757766365968368e-01
9.967826456219931e-01 2.045070526485340e-01
1.721095814820895e-01 -4.349522067596256e-01
-3.841019767792728e-02 -1.033178801492539e-01
-8.198646507762178e-02 2.133796924912422e-01

79
3.883696432678294e-02 2.491684905350145e-02
-4.986186078365807e-02 6.572440792739756e-02
8.445948951535452e-02 -4.088463719718240e-02
1.629519108062661e-02 -1.608710400561254e-02
2.025665904941369e-01 -1.038270332997864e+00

80
-2.093827780815387e-01 -1.037176409437975e-01
-1.484183417290368e-01 -4.570955187192737e-02
1.023707934980364e+00 5.718842473636927e-02
-2.730418682450263e-02 -5.182283200105576e-03
1.701443903092181e-02 -9.935696964946481e-03

81
-4.420687420960254e-01 -4.774010428601893e-01
7.901046826305120e-01 -3.766200813117327e-01
-4.141192254522570e-01 7.782601801837244e-01
-1.323690907784608e-01 1.665302268938067e-01
1.708586243332367e-01 -1.183495585087551e-01

82
-4.651873443305533e-01 8.658102938808062e-03
-1.251276694944582e-01 1.862878130314713e-02
8.675927378050812e-01 -5.782002357830762e-02
2.547832776057853e-02 -4.615240662592582e-03
4.109270352800971e-01 7.600466952637591e-03

83
9.080399549542454e-03 -1.054262056983850e-02
2.040666095600002e-01 1.277776963485718e+00
1.005509140881472e+00 -8.165704421199180e-01
2.479240770588671e-01 3.096549607825124e-02
-1.788800597849282e-01 1.944822915560027e-01

84
-1.722217300806244e-01 -3.598605541405304e-01
-3.781531161224472e-01 -3.449004895989770e-01
2.766572820790135e-01 -1.981046069034128e-01
-7.682583662708626e-01 -2.662351524518707e-01
-7.127388315881045e-02 -3.496063694778753e-02

85
-8.552265427199766e-01 1.019500276920938e-01
-8.640653264389363e-01 -4.174025020318230e-01
-3.449745480492864e-01 6.912884284271158e-01
-1.783451932884545e+00 -3.498574174093493e-01
-1.305013406269861e-01 -1.508472487007265e-02

86
1.698820032655376e-02 4.571249471838150e-02
-5.771931829313825e-02 7.511736772576059e-02
7.147746006791304e-02 -3.370178182285408e-02
-2.066766490315009e-02 1.250180446307948e-02
2.419155457208034e-01 -1.010286243940373e+00

87
2.990426755714523e-02 -3.020549703378553e-01
1.385366758236748e+00 -1.402808301335530e+00
7.728129831305802e-01 1.591717343152133e+00
2.731088556409335e-01 -2.220114822298368e-01
-3.737865577691141e-01 -5.564556578820056e-02

88
-5.576676535063637e-01 -2.712662529473600e-01
-1.259109597214340e-01 -1.721420068438336e-02
1.062416293283266e+00 5.594807265862997e-01
4.873060557765646e-01 2.336453839012871e-01
3.464865547129369e-02 -6.676506162389878e-02

89
2.377799015840131e-02 -1.256788903039866e-01
3.573551730234446e-01 2.661428186784828e-01
6.184796318128308e-01 -1.343159633683851e-01
1.025140229410839e-02 1.226434437530517e-01
6.331182997786339e-02 -4.536091141593832e-02

90
-1.537346561151810e-02 -1.478447729936287e-01
4.038234160600951e-01 2.105061190813960e-01
6.983899936031157e-01 1.214340014818722e-01
3.971973861562146e-02 1.351923942174892e-01
-9.344266837117128e-02 9.512115778273749e-03

91
-5.328351982442219e-01 -2.171073238887954e-01
-6.831286625082630e-02 -4.352679519521223e-01
9.592900890799470e-01 3.680093131799725e-01
7.537875449019067e-02 2.405971494032153e-01
4.812353615605647e-01 1.887350191421417e-01

92
-1.010969170490027e-01 -1.512071033811329e-01
1.596408029931548e-01 -2.809340335472305e-01
7.886892585965907e-01 3.618583222324585e-01
-6.389823725135896e-02 8.196577681524178e-02
3.193497608016281e-03 -9.038545221249723e-02

93
1.000640159649808e-01 -2.850309371081955e-01
9.936738687917610e-02 3.247191480861825e-01
1.408025490511674e-01 -3.917524563527868e-01
-4.531335440126631e-01 1.577663850213314e-01
2.779778373212409e-02 -8.507158721379117e-02

94
-1.968506467152909e-02 -1.776433523314140e-01
3.361788784198474e-01 -1.785396426491354e-01
8.278978341804627e-01 6.841214276828626e-02
-9.365356239211507e-02 3.640246971976215e-02
5.841359582450770e-02 1.365788449571464e-01

95
-3.271004171036899e-02 3.787699981983633e-02
-8.981510797994272e-02 7.975128771345952e-02
6.162314156587319e-02 -4.512404350998239e-02
2.984786495115151e-02 -3.718772743135785e-02
2.429817427027062e-01 -1.050557022822162e+00

96
-1.984144931964605e-02 -1.531508691796239e-01
4.847577109064407e-01 -8.624887136378712e-01
5.830237661216543e-01 7.099429763155314e-01
-2.054711595327092e-01 2.153202976314895e-02
1.119270936767984e-01 -1.558838814873695e-01

97
-3.253821420985776e-03 -1.348721468019477e-02
4.831876384644364e-01 -1.148351053578248e+00
7.535550901967513e-01 9.914707917359992e-01
-2.411266898346439e-01 8.750510048490511e-03
1.389532145085693e-01 -2.225725493598585e-01

98
-6.747623875075855e-02 -1.114767885429972e-01
3.917385300546804e-01 2.332014098783446e-01
6.126327402280030e-01 -1.448074401380924e-01
-7.983578924020382e-02 3.692769747814695e-02
8.191826555231504e-02 1.022588115218670e-01

99
5.644774912162176e-01 1.336940574437930e-01
5.111757123352751e-01 8.738434517594187e-02
1.448042402537549e+00 2.081851957132321e-02
1.472924081133433e-01 4.057927279026500e-02
-3.314937829276935e-01 -1.061435637276091e-01

100
-1.195978208566630e-01 5.212807034677697e-02
8.380950398412072e-02 -2.426251096764720e-02
-1.791810578969018e-01 8.005633465382139e-02
-3.712335401587134e-02 1.563377961577585e-02
4.167358710789245e-01 -1.028659973417306e+00

101
4.751138980223769e-01 -9.578112042526312e-01
9.280126592251895e-01 4.308531966444051e+00
-1.005181561586149e+00 -3.966156917663424e+00
2.762647280821926e-01 4.859273282633043e-02
-3.682395520175221e-01 6.566285815810056e-01

102
-6.694424449140396e-01 -9.891732829856744e-01
4.977310232013924e+00 5.093592159508873e-01
-4.390529144368122e+00 7.693999330803437e-01
-1.286645577430665e-01 -3.299994242448959e-01
4.942333705449164e-01 3.560300186234543e-01

103
-1.386746663280321e-02 1.130223306631813e-02
6.185881623783082e-01 -2.073629018256122e+00
1.487300387516324e+00 1.574011004906942e+00
-4.127932366077662e-01 5.184231386829184e-02
2.195640260822485e-01 3.564111524065294e-01

104
1.676682193836065e-01 2.922686736719279e-01
5.081196017586061e-02 5.441271755821459e-01
1.314233839814290e+00 -4.127382306126640e-02
3.259425355567569e-02 1.372520850120354e-01
-1.857959967296466e-01 -1.233277775973364e-01

105
-3.428341312968456e-01 1.396348169589267e-01
-1.979535007804121e-01 -2.066340559298308e-02
1.010629513334540e+00 1.252843479734918e-01
-3.761086357680978e-02 -2.559545857840244e-02
2.242531828365188e-01 -1.330166068232011e-01

106
-4.880257302276014e-01 -1.021065767740695e-01
-2.114421397344907e-02 -3.752342792139637e+00
2.696815308062991e+00 1.732843893899754e+00
1.076283660569156e-01 -6.665908139098181e-01
6.969614180152971e-01 3.831332943978373e-01

107
-2.032804791953588e-02 3.219192220289693e-01
-1.105733256849296e-01 3.310170705789253e-01
1.321078607234225e+00 -9.350502260097711e-02
-3.339681471904939e-02 7.663255095290916e-02
8.611556410599078e-02 -7.903442003286440e-02

108
2.661042748848033e-01 -3.720672883799526e-01
2.067797549656277e-01 1.851874929432979e+00
-2.238883614813391e-01 -1.829720579293795e+00
-2.058642821272006e-01 2.715395470170519e-01
1.452513091868258e-01 4.249421876132440e-02

109
-2.755915985203180e-02 -7.224650588737256e-03
2.077625430477601e+00 -2.749070801628011e+00
1.340367033236976e+00 3.174346406173592e+00
4.598837147817977e-01 -4.865206596775843e-01
-5.925462235762987e-01 -8.745918950468407e-02

110
6.620626877410504e-02 7.701876130672820e-02
-1.846028983931118e-02 6.449318050995953e-02
6.927878133726219e-02 8.104463877410057e-03
-3.272848178383831e-02 -3.909018478491774e-02
1.620173006497838e-01 -1.063158901530040e+00

111
-6.234104289349447e-03 2.666652536903029e-02
-1.135289002151111e+00 -3.256121747593034e+00
3.389136262962642e+00 6.452200734380659e-01
-1.516291631976911e-01 -6.551053075702972e-01
5.606441695419790e-01 1.970360911747434e-01

112
2.535656837549365e-01 -6.610768729010338e-01
1.312195860004590e+00 2.451493606382634e+00
-1.702344448927450e+00 -1.819251295178602e+00
-4.655213485138479e-02 3.587759624118257e-01
1.215305870233932e-01 -1.505309448655237e-01

113
-9.835812654447819e-02 -1.948153838646261e-01
1.298089771861145e+00 -1.025817212798492e+00
1.549290340539653e-01 1.444506257795004e+00
6.262447531208187e-02 3.647804748784056e-01
2.754730063171197e-01 -1.602660813994805e-01

114
-5.233826283368108e-01 -8.768858193007864e-01
4.558635532297323e-01 -7.587948966271831e-01
9.663278486015887e-01 1.584125055318647e+00
5.031099031794356e-01 7.707335850493796e-01
-1.879895839115301e-01 4.618449975029598e-01

115
-1.075576151876707e-01 -3.694187798771271e-01
2.227433315199472e+00 3.062518146183866e-01
-1.633544288249642e+00 1.210876381868684e+00
-1.901391897912367e-01 3.828780788117040e-01
-1.364907561767675e-01 -2.919899878574742e-01

116
-3.437810359369017e-02 -2.930824494487749e-02
5.669529996457467e-02 -5.699058227997592e-02
-9.105473414508423e-02 3.045358696377941e-02
-1.777088250486550e-02 1.405382271036825e-02
3.263631531656097e-01 -9.999021383065497e-01

117
-1.588254544643279e-01 8.445296215955307e-01
-1.408641542787431e+00 -1.816740758225257e-01
3.975187384155356e+00 5.313346078952457e-01
4.311490926708028e-01 1.760669279568730e-02
-3.219872921117747e-01 2.010869781333139e-01

118
-2.962234505513815e-01 1.401491631380545e-01
-2.778112662788461e-01 -4.043772846806903e-01
1.393202635275182e+00 5.415131559466704e-01
1.026644580848698e-01 1.221088178104952e-01
1.968422889359912e-01 -1.741286191682931e-01

119
-5.353019011600317e-01 -1.079503549928809e-01
1.709919618692264e+00 -2.680184322540248e+00
4.518168637703480e-01 2.775074800136224e+00
-4.212325747921418e-01 -3.746548583799603e-03
3.553045922359169e-01 4.486580316992796e-01

120
7.185222933741146e-04 -3.248396858443275e-04
-1.582754709930296e-02 5.590321484015998e-02
1.650361976892360e-02 -5.620751429494775e-02
-2.640492894755336e-01 -6.291705618320252e-01
-3.870839412915757e-01 -9.220485738879741e-01

121
7.834958733520256e-02 -2.766738771801717e-01
2.150617262043255e-01 2.609679627834722e-01
8.930720463535578e-02 -4.310460903021572e-01
-4.260732089731322e-01 -1.269282171713960e-02
1.703873851576464e-02 -9.766402357890717e-02

122
-6.827911944414568e-04 -1.109978007396291e-03
5.773706282514126e-02 2.150141011993410e-04
-5.837626952688020e-02 -1.260082048184974e-03
-5.342481652512545e-01 4.191620215582151e-01
5.341190189617901e-01 -4.193714630054227e-01

123
4.087491382956513e-03 -2.730221480034393e-03
1.747313249524681e-01 -6.184484132977000e-02
-1.708995200728274e-01 5.927928674424404e-02
-1.127958450327534e+00 1.818753792786409e+00
1.703615155669525e+00 4.701795006965651e-01

124
-6.187614951577022e-03 -1.004582279896731e-03
1.326374956127968e-01 9.101992390991647e-01
7.220817322478129e-01 -5.694174544865908e-01
1.777820445923178e-01 2.388924841387693e-02
-4.766572493209720e-02 -1.577072456056438e-01

125
2.109768822199401e-04 1.094902971915341e-03
1.671748938601470e-02 -5.852281870910510e-02
-1.651917105780542e-02 5.955070496005899e-02
-2.818725787062814e-01 -6.592335374255099e-01
-4.131339883528542e-01 -9.663076792294353e-01

126
4.112479538064391e-01 4.730629771971441e-01
-7.770205193005993e-02 -5.674060209260310e-01
5.413728287618504e-01 6.559956395187331e-01
-1.366206229542987e+00 2.481688279827056e-02
-2.392698092275249e-01 -3.333249856264394e-01

127
-2.563396675011441e-02 -1.510196598051639e-01
1.372920707702245e-01 9.606587174354700e-01
5.272212924161735e-01 -6.468772289597393e-01
1.658753434603285e-01 6.631622775969472e-02
-5.044566563266157e-02 -1.398127630686623e-01

128
3.175291412707394e-02 -2.668972109561063e-02
-5.293439219057318e-02 4.073938490208507e-02
8.486867550794033e-02 -6.597992931133467e-02
-2.993712561861242e-02 2.537050751997798e-02
2.285800741713078e-01 -9.398980267807659e-01

129
-1.818810971258931e-02 5.708937210862420e-04
6.866857401088705e-02 -5.196174872947955e-02
-8.564972648956173e-02 5.283203870216826e-02
-3.165294231025915e-03 -8.167166490959983e-03
3.016478918752399e-01 -1.046657764418607e+00

130
7.598083880649445e-02 -3.163338953996023e-01
2.111809495645073e-01 1.428465339465710e+00
3.373042642792713e-01 -1.485409291391242e+00
-1.004096602012556e-01 -1.435881467971988e-01
-1.263705238524538e-01 2.753710679658382e-01

131
5.040127996654838e-01 -4.127136550240755e-01
-6.483973348405496e-01 3.265640072573757e-01
6.575271078302782e-01 -5.329516148055424e-01
-5.905933918183222e-01 9.156967421302515e-01
1.358968925279789e-01 -1.172433145651430e-01

132
9.992959596386088e-02 -1.558545492790084e-01
-6.840024399608789e-02 8.726991173415640e-01
5.023291939638000e-01 -7.680092351826981e-01
-1.356162546790385e-01 1.306401175031456e-01
-2.740811875728282e-02 -1.147102167903768e-01

133
-1.995287596745918e-02 -6.484412004712133e-04
6.932725753352777e-02 -5.333580213551176e-02
-8.799437341965440e-02 5.313473020858483e-02
1.734698216504707e-02 7.910461524162341e-04
3.171868779858845e-01 -1.062473317297649e+00

134
2.397271566232342e-02 -3.896677171252713e-01
5.223920021001358e-01 7.106910249173237e-01
-1.140889671447189e-01 -4.151702868315703e-01
-1.009295701419656e-01 2.349699477959478e-01
1.705913237938055e-02 -6.113247115750594e-02

135
1.816288071291041e-02 -6.628095007086158e-04
-5.976200716200436e-02 5.262489910910247e-02
7.695375113535520e-02 -5.287393141146880e-02
-1.583686034685728e-02 3.003723919236668e-04
2.226248793981366e-01 -9.804534050955530e-01

136
1.791582631951778e-02 -3.209229321978150e-03
-5.966227680877694e-02 5.292209104746380e-02
7.671558718714799e-02 -5.561429462550686e-02
1.197690174093394e-03 -8.507390059997628e-03
2.192321406091267e-01 -9.957675836843566e-01

137
-7.230477160874998e-02 -1.176838387265756e-01
4.098169433016019e-01 7.411740783420666e-01
2.107188357463324e-01 -7.125468727427273e-01
-9.065603724121235e-02 -9.055496901817958e-02
1.532336551850354e-01 -6.587584878933126e-03

138
-8.029980309700030e-01 -4.583034156509245e-01
1.242179779366452e+00 7.314395278329320e-01
-1.221870692372854e+00 -7.036330123421908e-01
-2.668485442661125e-01 -1.330993901185755e-01
8.228508896095096e-01 4.623251479047413e-01

139
-6.897708411583424e-03 -4.042366730217820e-03
3.787615527451235e-01 6.618432338323821e-01
3.831244234256211e-01 -6.583256336009474e-01
-1.011276741633930e-01 -1.054913470615565e-01
1.529198129850741e-01 -4.785217022226330e-02

140
-8.500554259202905e-02 -6.975626683530875e-02
3.873824322167854e-01 1.288534909422039e-01
5.557279609694814e-01 1.203939176800970e-01
-5.755013792470290e-02 4.444247779541811e-02
1.468948132275010e-02 -6.957978494303253e-02

141
-5.059650380345273e-01 -9.434419165959164e-02
3.416205207357852e-01 5.114088700216753e-01
-7.518642265169698e-01 -1.456335101671130e-01
-1.600822437955998e-01 -4.482839999527372e-02
4.542940211509946e-01 -6.224281317688666e-01

142
-4.144063341422796e-01 -2.618375417582545e-01
7.665266746866655e-01 4.114014550687059e-01
-1.905538090886304e-02 -1.391838369658415e-01
-1.045355574736814e-02 9.317621928214992e-02
3.624600609882720e-01 2.519108324853598e-01

143
1.085780747511100e-02 4.738796952194391e-02
7.611837009746705e-02 -3.559047299852301e-02
-6.758767656098090e-02 7.825223530710232e-02
-2.136582024321796e-02 9.653668647578401e-03
2.947825669887130e-01 -1.067858595584249e+00

144
-1.024240122605654e-01 -8.774085675069530e-02
5.387018600580346e-01 5.883101396660360e-02
6.795735611799978e-01 1.551928211806608e-01
1.579582117882487e-02 -8.643592033682544e-02
-7.037702660076212e-02 5.735567716176241e-02

145
1.707032151874380e-02 -1.733572398324924e-03
-6.134043666011169e-02 5.323387761592896e-02
7.753435504050124e-02 -5.455205762566109e-02
3.464544450650913e-03 7.533579503564098e-03
2.348853413953011e-01 -9.947262496889365e-01

146
-1.476881825475360e-01 -8.827537869736379e-02
2.904245463269832e-01 1.200449667778548e+00
8.034463918295802e-01 -6.661300081844921e-01
2.765593208032928e-01 4.405764040127711e-02
-1.110462302556274e-01 2.098403627040819e-01

147
-3.539623206702355e-01 -5.137676347504361e-01
3.115622779871288e-01 -4.697519011085735e-01
-6.726154729633761e-01 -3.592357366323150e-01
-1.111769951303346e+00 -4.805979093202108e-01
2.346684059920164e-01 2.481026576937767e-01

148
-3.337580818241439e-01 -3.556352355745375e-01
3.744446099367738e-01 1.065424408111294e+00
6.603845879969482e-02 -3.044869702176127e-01
3.138432090283779e-01 2.114866303663580e-01
-3.814216699970324e-02 -9.401939042397602e-02

149
-1.128564019421673e-02 -1.734905746084173e-01
1.593783738660502e-02 2.686140130754393e-01
8.093136801331556e-01 -2.740050889096220e-01
1.042224693405501e-02 1.591499280058779e-01
9.052481316114543e-02 -3.639329428158441e-02

150
-3.847507313905495e-01 -4.110001869381250e-01
7.209867238291993e-01 7.015587080088418e-01
-3.997734407401164e-02 -4.019025253325565e-01
5.455593333882833e-02 1.991791072168073e-01
3.207339527710700e-01 3.693349865807851e-01

151
-6.279196485071717e-02 -1.805730776658721e-01
1.000118821382129e-01 2.697216634082187e-01
8.582239479262999e-01 1.643625744143767e-02
5.716295551259995e-02 1.652305148068780e-01
-1.041895466691400e-01 3.966905669560202e-03

152
-2.003223395536555e-01 -5.107283408441976e-01
4.144295735067415e-01 8.901338389114328e-01
6.934026489164909e-02 -1.665274188606443e-01
1.602133102095971e-01 4.643712569311547e-01
-5.556269652631719e-02 8.278204348425269e-02

153
-1.032840353823389e-01 -6.785417730215349e-03
8.836629485803503e-02 6.683245461841160e-01
5.744104480404070e-01 -2.380863338112612e-01
-5.995062110818984e-02 1.027619354021224e-01
-3.416958259002730e-02 -1.145284859678319e-01

154
-5.632998287509928e-01 -4.413460053882533e-01
1.038463474750671e+00 7.928165960390190e-01
-5.213944197426592e-01 2.622366270346507e-01
4.992051190581399e-01 4.394803829393343e-01
3.132340610540567e-01 -1.146974934825720e-01

155
3.304578030659849e-01 -3.316579865261471e-01
-2.279949005795807e-01 3.696338781477005e-01
4.295476336812545e-01 -4.230952717450565e-01
-9.048183207614031e-01 4.057179911176664e-01
-2.151637366467565e-01 2.376712118541711e-01

156
1.369360202231340e-03 -2.463346309401781e-04
4.016006186929506e-02 3.104727882406828e-02
-3.887575064764392e-02 -3.127744188768395e-02
-5.881934308789171e-01 6.114261290334335e-03
1.320725026375435e-01 -4.674329802489170e-01

157
4.006527115429702e-02 -1.231091583030643e-01
2.882807123971684e-01 3.994265881909120e-01
4.830444879814274e-01 -4.750586919001465e-01
-1.095675273676673e-01 -2.929042672733466e-02
8.956783391206415e-02 -4.951483102900796e-02

158
4.161783238598245e-02 -3.494612014929179e-01
2.511747904844991e-01 1.730532031626939e-01
-2.008662363441472e-02 -4.877568035699714e-01
-7.670885584657450e-01 -4.751201051413196e-02
7.564483480352534e-03 2.281010625209880e-01

159
4.993764848203901e-03 -1.000784095973648e-02
3.417946401951373e-01 9.229209958646409e-01
6.287585191164221e-01 -7.587137153575878e-01
-1.095531538616882e-01 -1.554619638629366e-01
-9.649546122705124e-02 1.897122707325180e-01

160
-1.963646746674404e-02 1.557540343318017e-03
6.968955068150652e-02 -5.090193308378821e-02
-8.796879597877377e-02 5.273900130268646e-02
-2.090735400463701e-03 9.027828840366991e-03
3.197285286444730e-01 -1.043458020584899e+00

161
-7.117759186894672e-01 3.772767637037898e-01
1.109175793785766e+00 1.218137051785977e+00
-6.952121441698861e-01 3.212497725345370e-01
-7.268683715044957e-02 -1.610116689364520e-02
2.400561752614246e-01 -2.240840352323839e-01

162
-1.966445333697041e-01 -5.884449692507405e-01
1.188447244799765e+00 7.525069412643111e-01
-4.160046871953642e-01 -5.481194829485894e-01
-1.204704353121167e-02 -1.007762333925160e-01
-6.887816594707300e-03 4.083919184805320e-01

163
1.792621240278722e-01 3.382471403126205e-01
2.167762294472027e+00 -1.677812260403858e+00
1.870505432742819e-01 2.454455089654338e+00
-2.940009148085401e-03 5.173104753469017e-01
4.463257900482359e-01 -3.658997935201264e-01

164
2.166725621219093e+00 9.336407596447835e-01
-1.150450081365119e+00 -2.784081897738790e+00
3.277711942963506e+00 1.323174191139919e+00
-2.524535045779307e+00 2.020654684500097e+00
6.508053628197624e-01 3.359503746729782e-01

165
-6.418598972840640e-01 1.471571167241405e-01
1.169433503766893e+00 -2.931877944944152e-01
-9.365194392646468e-02 5.480871010800338e-01
9.279466705043568e-02 -2.981956600705491e-01
6.068290954723744e-01 -1.012851765680846e-01

166
-1.439251127762407e-01 -1.661656853907496e-02
5.520528312361243e-01 -2.140926691637665e-01
6.659786112334622e-01 2.357944065560626e-01
-2.967227771514810e-02 -9.435382607343724e-02
1.518927792799876e-01 1.234212856546221e-02

167
-2.126002874949554e-01 1.848344240209122e-01
1.088387083587553e+00 -1.101382603418966e+00
9.242981512613986e-01 1.328442216351208e+00
-2.297263769283945e-01 -1.870879152201152e-01
2.645383952500311e-02 2.837065167504319e-01

168
5.511252508805371e-01 1.516187366039576e-01
4.441393277343359e-01 2.231308047436514e-01
1.056306785034722e+00 -7.656509952926571e-01
-2.987001209560839e-01 -7.465897342670647e-02
1.177509423848141e-01 1.146599626116521e-01

169
-2.152697698895349e-01 -1.895403787863965e-02
2.782198706045632e-01 5.589443399820645e-02
8.823684303535292e-01 3.291719204033939e-01
1.952770391023366e-01 1.875407171463462e-02
-2.300334924825750e-02 -1.081332580405459e-01

170
3.421529585813373e-03 1.435114369838302e-02
5.012726878319604e-01 -1.173029722700704e+00
7.658886727770793e-01 1.019349095530364e+00
-2.484345046414079e-01 5.216449938304293e-04
1.441148422401964e-01 -2.314429325040318e-01

171
-2.417115958899818e-01 2.028724606921015e-01
3.995870693402068e-01 -2.362942123076197e-01
1.433937796793736e+00 4.081051954560495e-01
2.230464743421437e-01 -1.808872968875075e-01
5.108402264216812e-02 1.618503214205347e-01

172
2.588377288537623e-01 -6.765695773084461e-02
-4.162937811564547e-01 8.434153783507832e-02
1.170911248727339e+00 -5.236001586887381e-01
-2.413924048617253e-01 6.109387315197503e-02
1.171004864685902e-02 -1.404017399815712e-01

173
-1.670833567061591e-01 -6.726816599592352e-02
5.103420962923956e-01 -7.488584540869915e-02
7.040425345051086e-01 4.758320194466593e-01
1.717387106292647e-01 5.845788356106996e-02
-7.935502404008969e-03 -1.128488011978735e-01

174
-5.567752078805899e-03 -5.267874371392061e-03
2.078029685496764e-01 7.505133095078431e-01
5.455585254527299e-01 -5.548065621749544e-01
-7.513879304922605e-02 1.310712981643380e-01
1.484918182996832e-01 -1.523434085190140e-02

175
-3.037751337170619e-01 7.753666431853969e-02
9.288456794287187e-01 -5.704636482562063e-01
1.198322422375194e+00 1.049154194375103e+00
3.289474528700534e-01 -8.508738771218403e-02
-2.813705967292436e-02 2.258376950975899e-01

176
-1.058047921502495e-02 -1.452406989007794e-02
2.046090020899126e+00 -4.231661065969350e-01
-6.582005689974567e-01 1.983043666986991e+00
-1.637415454350411e-01 3.715870556840405e-01
-2.732009798453849e-01 -3.054107601686638e-01

177
-1.909847309425886e-01 3.747762664219507e-02
1.064448513240949e+00 -1.784070480495817e-01
7.863200149296826e-02 1.093603936734592e+00
-8.339153899407645e-02 1.628654589889729e-01
-5.851325075772033e-02 -1.834021164225304e-01

178
-1.577044504797045e-01 3.319392574557692e-02
6.739928510379145e-01 -2.496475884674695e-01
5.819447837189824e-01 5.811672482174062e-01
-3.153211344356035e-02 1.156170578193843e-01
1.760594444195609e-01 -2.621037063066384e-02

179
-3.639463688387099e-04 2.078526813261803e-02
1.190520514686036e+00 -1.351929646834250e+00
5.763952089740106e-01 1.705068675884308e+00
7.583778688458459e-02 3.378320691959130e-01
2.745123900671795e-01 -2.742377427718665e-01

180
-6.179399647719774e-01 -8.650634771691369e-02
-3.714238762603910e-01 4.245564883787273e-01
-5.290256270719477e-01 -4.554605478585485e-01
-1.174588751679452e+00 -5.693109851087731e-01
-6.047045079518903e-02 -3.668671741457223e-02

181
-1.400518237065496e-03 2.860234773853405e-04
3.874607970006289e-02 3.135703312238899e-02
-4.006683452068317e-02 -3.108628990299879e-02
-5.884026710616923e-01 4.903723638878804e-03
1.330860214076915e-01 -4.676496233156481e-01

182
2.830538300196358e-01 1.064567598200941e-01
6.440921209252016e-01 -4.822793263559072e-01
1.241429503832601e+00 6.219124920733665e-01
1.619222396393567e-01 1.354422918271354e-03
-1.697524122368300e-01 -1.883565990537447e-01

183
-7.139277624273762e-01 3.434100904425728e-02
-4.061329378277855e-01 6.275941373880044e-01
-6.859542575916944e-01 -4.848730233772242e-01
-1.242204099691351e+00 -2.104884416681216e-01
3.302487328161002e-01 -1.624397527622934e-03

184
2.330803019596405e-01 -2.375785211508112e-01
-4.923639509608689e-01 -3.629364353720504e-01
1.594544440875136e+00 -1.717031847331532e-01
1.308249225416086e-01 1.403569179641593e-01
-1.731211690828419e-02 -1.805399980654491e-01

185
-3.816841732024756e-01 1.219878696209232e+00
1.191557277132281e+00 2.228151500935774e-02
-9.081098614981975e-01 1.576604385824524e+00
-2.368877896775693e+00 -2.855355123716922e-01
-2.030846363173852e-01 2.623167518334755e-01

186
-7.225002021137815e-03 9.438117980786945e-01
4.671091923336276e+00 2.642998959185508e+00
-4.880246927990139e+00 1.475592673954342e+00
-8.672233830059286e-01 3.936773581502209e-01
-2.252754196322993e-02 -1.252259271762371e+00

187
-2.322512337795159e-01 5.392010940214643e-01
4.726843464698219e-01 1.523966487602980e-01
-4.997979887403481e-01 6.047638019580320e-01
-1.224973812218422e+00 1.257891435264351e-02
1.698005657368006e-01 -2.745579546884467e-01

188
2.987740273316895e-01 -5.120437332293405e-01
-1.889816946408988e+00 -2.751115142945654e+00
3.037188603616246e+00 7.030639250292028e-01
-3.417234062481643e-01 6.452292291573224e-01
5.344951606636055e-01 4.392084545080956e-02

189
1.408138640366420e-02 -1.124974753539218e-02
5.497724825029650e-01 -2.085822633671179e+00
1.532232921642274e+00 1.520544354979944e+00
-4.166032357106794e-01 7.045187060963391e-02
2.267354928451922e-01 3.537424124402480e-01

190
1.021874514382615e-01 2.014852187262675e-01
3.879924002725219e-01 -3.002083033604558e-01
9.674636044715871e-01 5.402722860984736e-01
-1.300172572505505e-01 4.176046471808040e-02
-3.883957577832257e-02 -2.000242200495739e-01

191
1.097292494044751e-02 2.121842528897245e-01
8.313928669282910e-01 -1.136531725255912e+00
6.141751788614180e-01 1.096712196059870e+00
-2.910693294125399e-01 -1.101984550375527e-01
1.986508647481114e-01 -2.615526550964413e-01

192
1.156735181230933e-03 -7.386417574431394e-04
-5.640128863190420e-02 1.454701451834481e-03
5.748635144443400e-02 -2.147914828774977e-03
-5.049938106817073e-01 4.340551254213090e-01
5.052126098794840e-01 -4.341946746775062e-01

193
-3.076991319220299e-01 3.648069942923377e-01
3.124546046396897e+00 -5.550802787824209e-01
-6.212510040343189e-01 2.702486942482538e+00
6.860618876040573e-01 -1.326090402860878e-01
-2.915716715913153e-01 -5.872053540734677e-01

194
4.663749299190785e-01 2.227911388351304e-01
-7.136640922474273e-01 -4.132257014007232e-01
2.353618389562400e+00 -6.833659364028798e-01
-4.293458952808232e-01 -2.140776900658475e-01
-2.838229042521965e-02 2.894990371981785e-01

195
1.880165422864894e-01 -5.139181661154294e-01
-3.229847632774703e-01 7.883180857886221e-01
2.805231003002424e-01 -7.822478996306348e-01
-1.823837997316591e-01 5.304650699759753e-01
4.274427887055376e-02 -1.707270877018341e-01

196
-2.528644664680259e-02 -2.302503795377650e-02
-8.063655075535102e-02 3.600874327694098e-02
5.556273571348426e-02 -5.717928997291508e-02
-1.420347217377605e-02 9.486815558408130e-03
2.627861290423748e-01 -9.610446468665581e-01

197
5.501306542883119e-03 -2.624328068393453e-02
-1.218845356175535e+00 -3.098630041988186e+00
3.294462936069725e+00 4.941585423417729e-01
-1.753188771823700e-01 -6.188531312376278e-01
5.489232350278159e-01 1.784581624921535e-01

198
-1.600577229856589e-01 -5.513067295862476e-01
3.287588721171525e-01 9.740764756172499e-01
1.681272927047855e-01 -3.591312180868355e-01
1.248981814163481e-01 4.842077279985745e-01
-5.415534050202057e-02 1.967833162047773e-01

199
2.989901964876745e-02 6.832616759097824e-03
2.067877070552658e+00 -2.936834109295412e+00
1.507659651240992e+00 3.259902291605645e+00
4.536589495535137e-01 -5.279314529832899e-01
-6.344348922116190e-01 -7.324080204854354e-02

200
-3.800786533548103e-01 1.313349837506416e-01
-1.008398038685314e+00 1.449566722743022e+00
1.200133171823837e+00 -1.303406190548423e+00
-1.171868553330602e-01 -6.610219014650601e-02
6.887720428840885e-02 1.179018902256634e-01

201
5.066910709431007e-03 9.262790178459298e-04
4.443059930760807e-02 7.385123043149628e-01
6.176313468135904e-01 -4.074326072425230e-01
-9.804527502068172e-02 1.060260909602953e-01
-4.480947866386260e-02 -1.204934866933925e-01

202
3.245332729939684e-01 1.064032997646420e+00
1.712193314956465e+00 1.031844604054805e+00
1.353722108076128e-01 9.869443053680741e-01
-4.598250159533480e-02 3.593364659482428e-01
-1.089685501266403e-01 -5.927699232588441e-01

203
2.426649582219272e-02 4.016532561690569e-03
8.792843236506760e-02 -5.230627155529691e-02
-6.514353144934223e-02 5.673080963158788e-02
2.045106936909451e-03 1.188966833298068e-02
2.879618216867496e-01 -1.054368682259029e+00

204
-5.511074581158443e-01 -3.195524322158663e-01
-1.579553028968237e-01 8.052708043123596e-01
6.166220780196922e-01 -5.408756463065790e-01
1.287419027117216e-01 -1.721076255713926e-01
-7.926361368742318e-02 2.057771126849989e-01

205
-9.817914619441596e-03 -4.247485512542688e-02
-6.873392914133590e-02 3.201358603987427e-02
5.809322006869134e-02 -7.364054179968138e-02
1.947458802685461e-02 -9.158187233412864e-03
2.446586028722899e-01 -9.811672967206686e-01

206
-1.184528263253543e-01 -3.634195714948460e-01
-6.057653175025159e-01 2.482359227406251e-01
1.612123638399786e+00 -8.288410522252158e-01
1.927753968399555e-01 -4.324365475388635e-02
3.986937437405832e-02 3.124924525739431e-01

207
-1.306826317606281e-01 2.620904179926299e-02
3.215457235767689e-01 7.495021605866605e-01
6.389362513216568e-01 -4.714040615180936e-01
-7.000198086486618e-02 -1.331408718459186e-01
-4.782540364173953e-02 1.399214367300505e-01

208
-2.275005724064191e-01 -3.410798778503465e-02
-1.572042490880410e-01 3.498248672743353e-01
1.109141739696915e+00 -1.954394788771421e-01
5.764881388511699e-02 -1.104870166362258e-01
-9.945719968022415e-02 4.528731786713584e-02

209
-2.242924168656115e-02 -8.021920840475417e-03
-8.233801898867492e-02 4.764214660983061e-02
6.097479405847270e-02 -5.459643870009720e-02
1.909577178792150e-02 7.276059111274208e-03
2.677671090992802e-01 -1.001347676149384e+00

210
2.300551599802773e-02 8.099113737837303e-03
8.490208608910074e-02 -4.939869558650846e-02
-6.353401519370190e-02 5.760624614874103e-02
-1.955714611344706e-02 -7.473902119270500e-03
2.648914941054154e-01 -1.042340075833595e+00

211
-1.890096683353910e-01 -7.419885220947207e-01
-3.014011138524885e+00 -1.553502132800084e+00
3.417055681606872e+00 6.835967222609369e-01
9.173595907569713e-02 6.685560369718736e-01
-3.657645873346183e-01 -9.606359818387303e-02

212
-2.547779851663022e-01 2.602905544453760e-01
-5.373969702887642e-01 1.586223304710332e+00
1.293192750940285e+00 -1.195362620840979e+00
1.349137020309039e-01 -3.121495078703421e-01
-2.121188910056725e-01 5.381758182750711e-02

213
-5.539776185536997e-02 -4.201134433602230e-01
-1.683962880888852e-01 -5.645299890716440e-01
3.469568788941911e-01 1.287479612274073e-01
-8.953426862514891e-01 1.769136240269946e-01
7.448775705785628e-02 2.446573213958853e-01

214
-3.098542077369187e-03 -3.491153389411066e-03
-1.514809201372124e-01 6.749643424690220e-02
1.485801897271228e-01 -7.078424934129576e-02
-8.595292312060742e-01 1.730120529678733e+00
1.570968747209630e+00 2.789168861823021e-01

215
-4.080508183600930e-02 3.056583217188687e-02
6.779904776726327e-02 -4.637503809495344e-02
-1.035068732189432e-01 7.514183146434633e-02
3.858443056754621e-02 -2.912213509460071e-02
3.177419164389495e-01 -1.113877963220410e+00

216
-4.975361146487790e-03 -1.086574572559905e-03
4.023020938534008e-02 7.344317652218791e-01
6.161700118770215e-01 -4.017519110578835e-01
-9.586397112699004e-02 1.047163138755515e-01
-4.170921458875439e-02 -1.192679954404313e-01

217
-3.072482541274170e-01 -2.446448139586355e-01
-1.658798499842851e-01 4.813216127378308e-01
4.262208819844754e-01 -2.772285066826156e-01
-6.783944964187749e-02 1.175863368510722e-01
9.484115926850552e-02 -9.321222194082220e-02

218
-4.342495853723945e-01 -1.942949965062164e-01
-1.732306340622288e+00 6.543718615997454e-01
1.672732646800377e+00 -1.305343482022976e+00
-1.983378751631784e-01 1.100422217431520e-01
3.392351238868268e-01 2.333467634113564e-01

219
3.070826803774332e-02 2.408999925493045e-02
8.775508656189758e-02 -4.383769338789547e-02
-6.029435520078871e-02 6.723826044347528e-02
1.534343854660121e-02 -1.155568208809892e-02
2.659233711184811e-01 -1.090727396567808e+00

220
-2.266097990096506e-02 -3.438383929769882e-03
-8.108709443340484e-02 4.936636757249304e-02
5.973709462401606e-02 -5.199098602404834e-02
-2.190958043751277e-03 -1.098591414668362e-02
2.463815742181061e-01 -9.903210402518910e-01

221
8.577722123852731e-02 4.003589182229849e-01
7.388996388561517e-02 4.561108123586291e-01
1.310805897374591e+00 8.617133362985405e-02
6.306489536108408e-03 1.074116363837550e-01
-1.003095966060192e-01 -1.488434254832459e-01

222
-6.687917826764305e-01 -1.586039832951391e-02
-3.851301843132999e-01 3.684800883088924e-01
1.223841537644173e+00 5.257330513058843e-02
5.849160034006902e-01 3.638760085910504e-02
2.283336826181680e-01 -1.705045155838660e-01

223
-1.137659628550436e-02 2.927390921302779e-01
-1.229563146556261e-01 3.973544785882378e-01
1.259565430682369e+00 -1.775704081161209e-01
-2.842984776768015e-02 9.474358911043092e-02
1.055733597771102e-01 -9.357109731282476e-02

224
-5.173682177895693e-03 9.364909268331610e-03
3.283754702988563e-01 9.375445308083075e-01
6.481405877217737e-01 -7.542993849927321e-01
-1.045187194317526e-01 -1.628868197299438e-01
-9.991503025325507e-02 1.848916572538904e-01

225
-1.058170572934727e-01 9.093138970113922e-02
3.090301786363768e-01 3.511558262863548e-01
6.424217845888508e-01 -2.058883350636761e-01
-6.141428861035779e-02 -7.789117789745691e-02
1.243757634314945e-01 -6.547304912363268e-02

226
-3.593046170247105e-01 -9.718654915832659e-02
6.692335231308737e-01 5.496143324100760e-01
-8.010461832318601e-02 -2.233658406557226e-01
-6.264734558184022e-02 -4.489126164596965e-02
2.872007905114815e-01 1.084906359503492e-02

227
-1.774705148483753e-02 2.080287665917030e-01
5.040146338083797e-01 -3.472628901964955e-02
9.651205723933333e-01 2.331225803037197e-01
-1.196852674536477e-01 -2.656814783321469e-02
6.992510428217964e-02 8.381892785579073e-02

228
-1.667453072423672e+00 6.365122877827848e-01
2.116300193708798e+00 2.979990746041784e+00
-1.610852822586471e+00 5.233128534176139e-01
5.902315785437758e-01 -4.288919284509947e-01
-1.566172103249798e-01 -5.387816431152875e-02

229
-1.317594100187763e-01 1.047310715746067e-01
2.287540734612163e-01 6.602627706844730e-01
8.279687589235402e-01 -2.020448191198657e-01
1.709063045354647e-01 -6.659244412502471e-02
-7.577103373112862e-02 -1.179583054002445e-01

230
-4.219710651896552e-01 1.935029502351148e-01
-7.032387842438433e-02 3.691850129902734e-01
7.798631407975800e-01 -3.565298277714340e-01
6.431633078756697e-02 -1.953170097262601e-01
3.875934448860471e-01 -1.494132978052308e-01

231
-3.251543055535006e-02 1.961220030995398e-01
5.460661311521569e-01 4.773759217075970e-01
9.468137095516294e-01 -2.810617993203060e-01
9.388409584561630e-02 -1.624752353270942e-01
5.271551024854055e-02 1.088849975087009e-01

232
-3.444336632905051e-01 2.342464529506402e-01
-2.650435104247195e-01 1.813187399308181e-01
1.474065095461679e+00 4.311644390360723e-02
1.950965738548828e-01 -1.518209616505757e-01
3.609750468849724e-02 -5.462791459214149e-02

233
6.497139023524205e-03 8.337120720156632e-04
1.408981471433317e-01 9.162244656723159e-01
7.232083675757458e-01 -5.795741510913788e-01
1.777308592482225e-01 2.223819932214431e-02
-5.197829932383023e-02 -1.595125468629650e-01

234
-3.718015246421588e-03 1.802199406598727e-01
9.834784136670768e-03 1.200164319412921e+00
7.874383004824520e-01 -6.789202552532844e-01
1.994239399085847e-01 5.957432101470286e-02
-2.280886462313229e-02 -2.671189288257250e-01

235
-9.084805870881488e-03 9.909750161511193e-03
1.720983994490677e-01 1.287270214978796e+00
1.029677884186743e+00 -7.935285225524300e-01
2.506656383484824e-01 3.505844527327907e-02
-1.815951706315022e-01 1.850266877205512e-01

236
3.384609848846740e-01 -5.733914724628247e-01
-4.474554150207463e+00 -1.591009237401832e+00
3.343488167925004e+00 -2.449488185309031e+00
-8.809634345191562e-01 -2.848916230277900e-01
7.012879688809506e-01 -4.322454958749239e-01

237
-4.039368825207786e-02 1.859905526565858e-01
5.442625702944699e-01 3.025208377369911e-01
8.283247563988907e-01 3.603570165364510e-01
4.060676097807258e-02 9.376033028003321e-02
-1.053700383391299e-01 -5.565702624242259e-02

238
-7.022944478348819e-02 1.236194745034255e-01
3.940218819925674e-01 3.560834610585584e-01
7.003265261447933e-01 2.427612004952558e-02
1.741732085461177e-02 8.399529212033421e-02
9.761948641582781e-02 -9.350395081333787e-02

239
-9.624669910577738e-02 -4.456452360717021e-02
2.509972634003267e-01 7.339846674866741e-01
4.517606566427067e-01 -4.741918419599573e-01
-4.889238738780959e-02 1.405205197717847e-01
1.734507502316729e-01 1.745359624761063e-03

