4 4

13
1 1 0 0 1 0
1 0 3 0 -8132345676135637/1000000000000000 0
1 0 2 0 -2303084838746223/500000000000000 0
1 0 1 0 1205172908574673/5000000000000000 0
1 0 0 0 -6863357549139167/10000000000000000 0
0 1 3 0 -8132345676135637/1000000000000000 0
0 1 2 0 -2303084838746223/500000000000000 0
0 1 1 0 1205172908574673/5000000000000000 0
0 1 0 0 -6863357549139167/10000000000000000 0
0 0 3 0 1912006586604019/250000000000000 0
0 0 2 0 695853672621417/50000000000000 0
0 0 1 0 3339019187214133/1000000000000000 0
0 0 0 0 -1200700373063427/2500000000000000 0

18
1 0 2 0 -8132345676135637/1000000000000000 0
1 0 1 1 -8132345676135637/1000000000000000 0
1 0 1 0 -2303084838746223/500000000000000 0
1 0 0 2 -8132345676135637/1000000000000000 0
1 0 0 1 -2303084838746223/500000000000000 0
1 0 0 0 1205172908574673/5000000000000000 0
0 1 2 0 -8132345676135637/1000000000000000 0
0 1 1 1 -8132345676135637/1000000000000000 0
0 1 1 0 -2303084838746223/500000000000000 0
0 1 0 2 -8132345676135637/1000000000000000 0
0 1 0 1 -2303084838746223/500000000000000 0
0 1 0 0 1205172908574673/5000000000000000 0
0 0 2 0 1912006586604019/250000000000000 0
0 0 1 1 1912006586604019/250000000000000 0
0 0 1 0 695853672621417/50000000000000 0
0 0 0 2 1912006586604019/250000000000000 0
0 0 0 1 695853672621417/50000000000000 0
0 0 0 0 3339019187214133/1000000000000000 0

18
2 1 0 0 1 0
2 0 3 0 -8132345676135637/1000000000000000 0
2 0 2 0 -2303084838746223/500000000000000 0
2 0 1 0 1205172908574673/5000000000000000 0
2 0 0 0 -6863357549139167/10000000000000000 0
1 2 0 0 1 0
1 1 3 0 -8132345676135637/1000000000000000 0
1 1 2 0 -2303084838746223/500000000000000 0
1 1 1 0 1205172908574673/5000000000000000 0
1 1 0 0 -6863357549139167/10000000000000000 0
0 2 3 0 -8132345676135637/1000000000000000 0
0 2 2 0 -2303084838746223/500000000000000 0
0 2 1 0 1205172908574673/5000000000000000 0
0 2 0 0 -6863357549139167/10000000000000000 0
0 0 3 0 9091325493088359/1000000000000000 0
0 0 2 0 24270526174217/6250000000000 0
0 0 1 0 714480458776623/250000000000000 0
0 0 0 0 1533739953000743/1000000000000000 0

24
2 0 2 0 -8132345676135637/1000000000000000 0
2 0 1 1 -8132345676135637/1000000000000000 0
2 0 1 0 -2303084838746223/500000000000000 0
2 0 0 2 -8132345676135637/1000000000000000 0
2 0 0 1 -2303084838746223/500000000000000 0
2 0 0 0 1205172908574673/5000000000000000 0
1 1 2 0 -8132345676135637/1000000000000000 0
1 1 1 1 -8132345676135637/1000000000000000 0
1 1 1 0 -2303084838746223/500000000000000 0
1 1 0 2 -8132345676135637/1000000000000000 0
1 1 0 1 -2303084838746223/500000000000000 0
1 1 0 0 1205172908574673/5000000000000000 0
0 2 2 0 -8132345676135637/1000000000000000 0
0 2 1 1 -8132345676135637/1000000000000000 0
0 2 1 0 -2303084838746223/500000000000000 0
0 2 0 2 -8132345676135637/1000000000000000 0
0 2 0 1 -2303084838746223/500000000000000 0
0 2 0 0 1205172908574673/5000000000000000 0
0 0 2 0 9091325493088359/1000000000000000 0
0 0 1 1 9091325493088359/1000000000000000 0
0 0 1 0 24270526174217/6250000000000 0
0 0 0 2 9091325493088359/1000000000000000 0
0 0 0 1 24270526174217/6250000000000 0
0 0 0 0 714480458776623/250000000000000 0

