5
0
2
52
-6.337590462701013e-01 -1.584786305231551e-02
-4.371996232446191e-01 -3.879504409582767e-01
-4.560433531450685e-01 3.656138882170107e-01
-1.477689317854843e+00 -3.695129573464447e-02
3.265534658720401e-01 8.165839425656693e-03
3.552713678800501e-15
1.943809164003873e+03
5.222451322260748e-15
6.103515625000000e-06
9.327335515436433e-13
0.000000000000000e+00
1
1
4
52
1.233482246341855e-01 -2.895793391149764e-01
-8.523485838538217e-02 -2.774047447470957e-01
2.590863181050841e-01 -1.307388743370871e-01
-6.355694723494155e-02 1.492099203782053e-01
2.876019758471685e-01 -6.751908293854977e-01
2.482534153247273e-16
9.819474023919818e+02
1.974280010077018e-16
3.906250000000000e-04
1.021808029697201e-12
0.000000000000000e+00
1
1
7
52
2.620452712578328e-01 -6.867012765052975e-02
2.469499467712454e-01 -6.471433079739669e-02
9.412530824690891e-01 -2.466595524290540e-01
-1.420885870051156e-01 3.723494555154291e-02
6.599326869640385e-02 -1.729382928264652e-02
4.906538933386797e-17
7.660384662384225e+02
1.303351225840824e-15
1.525878906250000e-06
1.500468060729352e-14
0.000000000000000e+00
1
1
15
52
1.965736221720721e+00 -8.514758953887226e-01
2.898669251605965e+00 -1.293153774534183e+00
-8.847117617553575e-01 2.408084149982852e+00
5.977266558352320e-01 -2.995747680451588e-01
-2.362787975580297e+00 -2.074667824453570e+00
1.421085471520200e-13
2.571355364703267e+03
4.441282369305129e-15
3.906250000000000e-04
5.568850360397649e-13
0.000000000000000e+00
1
1
18
52
3.984448873302236e-01 1.449918017135704e-01
1.431193459791973e+00 5.208030644497530e-01
3.754921554018784e-01 1.366394346425852e-01
1.003440374408428e-01 3.651461781138065e-02
-2.160484360904937e-01 -7.861878267796184e-02
8.441528768080324e-17
7.017239621496445e+02
3.036803642410081e-15
3.814697265625000e-07
1.051669811337500e-12
0.000000000000000e+00
1
1
23
52
-1.282994738318324e+00 -1.125280478040798e+00
1.945531263401012e+00 -1.132915686408811e+00
-8.695080787924762e-01 2.076666932923164e+00
4.317469860550453e-01 -3.725124855032110e-01
-3.130235006106017e-01 4.766416892057178e-01
1.004859173557616e-14
2.753417648388020e+02
3.171117039891937e-16
3.906250000000000e-04
1.241097478164158e-12
0.000000000000000e+00
1
1
32
64
-0.905024583403595339419e-1 -0.254807242311267407752e-2
-0.735239008926873339417e-1 -0.207004569533090542970e-2
0.124597314151455629326e1 0.350800393718858234502e-1
0.518741414256459670261e-1 0.146050252847540719978e-2
-0.155258172596119594759e-1 -0.437125217712034786123e-3
6.61954145867504e-17
7.440665180582149e+04
1.82397008268481e-18
2.38418579101563e-8
1.37049371109781e-13
2.441406250000000e-05
1
1
39
52
4.043632051943970e-02 -3.842321054687727e-01
5.372576687277714e-02 -5.699167376974048e-01
2.998699965489255e-01 3.523569396732890e-01
-5.352634961984762e-01 1.873105337071815e-01
5.907974265602311e-03 -1.204378148567734e-01
2.220446049250313e-16
2.012370301320929e+02
2.286068456215146e-15
2.441406250000000e-05
2.566152697297812e-15
0.000000000000000e+00
1
1
45
52
-4.659533610667421e-01 1.545538845414171e-01
-6.928288147146805e-01 2.214835722950134e-01
5.188183712153921e-01 2.765162084090484e-01
-1.478913362162288e-01 4.004556336042648e-02
8.712005209352086e-02 -7.152827091961974e-01
1.110223024625157e-16
1.291605420878559e+02
3.230179907301656e-16
3.906250000000000e-04
2.285975358994454e-13
0.000000000000000e+00
1
1
49
52
2.192105560461545e-01 7.280844459852353e-01
3.130583911191746e-01 1.082234359180406e+00
4.504825235646244e-01 -7.913560992356340e-01
-1.103699216675329e+00 -1.657123699576630e-01
5.562782476216196e-02 2.307022049225490e-01
2.678952284898818e-15
1.236229018959836e+02
3.870328775999343e-15
2.441406250000000e-05
3.500725270872432e-15
0.000000000000000e+00
1
1
53
52
2.382126604752020e-01 -1.526417007659132e+00
3.632805671134945e-01 -2.327826048741093e+00
-3.714090240322233e-01 2.379911504073404e+00
-2.429015331933571e-01 1.556462325357456e+00
7.731471809463833e-02 -4.954165761240577e-01
3.623071274882352e-14
7.572073428530746e+02
1.081806089401048e-15
9.765625000000001e-05
4.396258884314570e-15
0.000000000000000e+00
1
1
59
52
-5.825749250020126e-01 2.535408385937322e-01
-8.884420698658220e-01 3.866564415469023e-01
9.083210938033575e-01 -3.953079371455674e-01
-1.890815375038579e-01 8.228965841802190e-02
5.940420723260629e-01 -2.585314243948761e-01
6.280369834735101e-16
2.145057069517772e+01
1.893883746933583e-16
9.765625000000001e-05
3.004276633630189e-15
0.000000000000000e+00
1
1
63
52
5.384427369429633e-01 -4.244089029086582e-01
-7.651842030539685e-02 8.174755903174016e-01
7.909095903249796e-01 -6.374557426260805e-01
1.603957164692216e-01 -1.416320678705941e-01
-9.009073920075864e-01 -4.483828947430777e-01
1.378466768326700e-15
1.164673274015365e+02
3.399481833624727e-16
3.906250000000000e-04
4.719335949499084e-14
0.000000000000000e+00
1
1
64
52
1.644884958861519e-01 -2.649968427859965e-01
2.734638375221539e-01 -8.895644660863727e-02
-4.162778798261099e-02 -2.845397109249483e-01
-8.475506384299968e-02 1.365434354999859e-01
3.835257180335210e-01 -6.178736321867714e-01
3.775166431889533e-16
1.100747404067228e+03
3.198124090659887e-16
3.906250000000000e-04
1.224094293113266e-12
0.000000000000000e+00
1
1
75
52
3.196104770450321e-01 5.894047670182280e-03
1.148024329017769e+00 2.117111486556862e-02
3.011990634860343e-01 5.554516406390569e-03
-1.733021201160184e-01 -3.195924510207934e-03
8.049044345877757e-02 1.484352187470081e-03
2.113801663112788e-16
8.479965146637155e+02
4.129587770291021e-15
3.814697265625000e-07
1.310135177770172e-12
0.000000000000000e+00
1
1
81
52
-4.350849893647598e-01 -4.683566670345328e-01
7.682771000986003e-01 -3.478106966253199e-01
-4.033796286987730e-01 7.406124886698474e-01
-1.348611191955376e-01 1.656511746770300e-01
1.751222401956510e-01 -1.223112183383421e-01
3.043636481661797e-16
2.575075739844328e+01
2.229199722585173e-16
3.906250000000000e-04
1.141725856315067e-12
0.000000000000000e+00
1
1
82
52
-4.541096073442718e-01 1.423817822691128e-02
-1.290342542559047e-01 4.045747281623394e-03
8.724933953476978e-01 -2.735620710033889e-02
2.330952282996948e-02 -7.308480927727973e-04
3.941728424649439e-01 -1.235891752223879e-02
1.755416734288351e-16
5.323703771535257e+01
8.706208013171816e-17
9.765625000000001e-05
2.547044049071430e-14
0.000000000000000e+00
1
1
88
52
-6.053547636703513e-01 -3.361911933132044e-01
-1.720102354743729e-01 -9.552799415601115e-02
1.163084912987164e+00 6.459334728795003e-01
5.254555376863834e-01 2.918181781154928e-01
3.107296224479003e-02 1.725675072500260e-02
1.260990051639866e-15
4.195987259273220e+01
2.765566344243691e-15
9.765625000000001e-05
5.558615164167218e-14
0.000000000000000e+00
1
1
91
52
-5.336353132469428e-01 -2.094770656655986e-01
-9.649810775036755e-02 -4.369619531375163e-01
9.793847970995974e-01 3.647272465127957e-01
8.536706545195655e-02 2.362960678160151e-01
4.813293336810235e-01 1.691357709833851e-01
9.104505742017336e-16
8.782770546746622e+01
1.517722403742142e-16
3.906250000000000e-04
4.200749519166681e-14
0.000000000000000e+00
1
1
99
52
3.741689513170962e-01 -2.630441687494820e-02
3.526146538255748e-01 -2.478913019852075e-02
1.343995551230226e+00 -9.448410706765251e-02
9.423040539367357e-02 -6.624483023098183e-03
-2.028853157266922e-01 1.426302183517532e-02
6.938893903907228e-17
6.905888336415244e+02
3.556499164951707e-15
6.103515625000000e-06
5.362841498981271e-14
0.000000000000000e+00
1
1
105
96
-0.839744368462879270255646339017e-1 0.276329997940737190750244413312e-2
-0.682205576006144098801750589353e-1 0.224489585750964736191791418996e-2
0.115610000880633978314683023578e1 -0.380431384895752885814343605575e-1
-0.144059264782741834389336460049e-1 0.474047791634804760677882026030e-3
0.481324142237218485953117328032e-1 -0.158386652210239996359758412717e-2
3.46805135115257e-17
7.426082278197272e+04
4.28549568257245e-28
2.38418579101563e-8
1.43026480548225e-14
2.441406250000000e-05
1
1
114
52
-6.095634458427641e-01 -8.090465480338586e-01
2.589801208272677e-01 -7.470980287544261e-01
1.136987085966989e+00 1.455150265964445e+00
5.681410622776726e-01 6.999242504685405e-01
-9.009237283817705e-02 4.347082269466600e-01
4.869818370658876e-15
1.136896356366187e+02
5.666341997542894e-15
9.765625000000001e-05
1.668292504698406e-14
0.000000000000000e+00
1
1
121
52
8.366373460928619e-02 -2.787017279245849e-01
1.726434012211926e-01 3.027067914912372e-01
1.194684067708760e-01 -4.142619572667509e-01
-4.223272892693040e-01 6.376090804226486e-02
2.121656301022759e-02 -8.830564436518203e-02
3.598202891881334e-16
3.119628793381240e+02
1.887338720801536e-15
9.765625000000001e-05
8.225268831385940e-12
0.000000000000000e+00
1
1
138
52
-8.141132470174096e-01 -4.638405565080161e-01
1.269323829905830e+00 7.231965255563716e-01
-1.241544095436023e+00 -7.073690377426953e-01
-2.642300206240049e-01 -1.505449030111926e-01
8.301378923314475e-01 4.729705890035417e-01
1.419321357539385e-15
6.608546466589665e+01
6.288443639357958e-16
3.906250000000000e-04
1.517850048528351e-12
0.000000000000000e+00
1
1
141
52
-5.122325708420193e-01 -1.013145325026037e-01
3.351084991181891e-01 5.279429013339137e-01
-7.572769580792504e-01 -1.583476578152413e-01
-1.578559428175891e-01 -4.049364261739481e-02
4.557000610120295e-01 -6.162298269260832e-01
9.063162369069397e-16
1.044490531486293e+02
3.471271045370422e-16
3.906250000000000e-04
3.779787672144746e-14
0.000000000000000e+00
1
1
142
52
-4.662394392676099e-01 -1.930000220115815e-01
8.957987781641568e-01 3.708163002581085e-01
-1.324809195348685e-01 -5.484053521192643e-02
2.393214915094577e-02 9.906723721555086e-03
4.047016889163677e-01 1.675264430475420e-01
2.482534153247273e-16
4.692122653074289e+01
1.512890643838476e-16
2.441406250000000e-05
3.742373919797964e-15
0.000000000000000e+00
1
1
148
64
-0.801122293637733897043e-1 -0.538067849839620360270e-1
0.110292789748012561924e1 0.740773346389510665868e0
-0.650829128848933533482e-1 -0.437124559825436945332e-1
0.459186765989417575416e-1 0.308409387446732439930e-1
-0.137433596409545187239e-1 -0.923062562396366967326e-2
7.65504404427164e-17
6.927649554670542e+04
1.68976040228369e-18
3.72529029846191e-10
1.21772926353331e-14
6.103515625000000e-06
1
1
150
52
-3.142418267815793e-01 -3.376462135786618e-01
5.835945645476271e-01 6.053730696961189e-01
8.203650744106315e-02 -3.505740817737705e-01
-2.028950701325690e-02 2.011264212742521e-01
2.903328911806207e-01 2.901803435697362e-01
3.002224531865041e-16
1.118083476189782e+02
3.003771005947355e-16
9.765625000000001e-05
1.508714253584809e-13
0.000000000000000e+00
1
1
152
52
-2.851707482670123e-01 -4.876372816599682e-01
5.479064754089210e-01 9.369110467884797e-01
-8.103064600070368e-02 -1.385610697698095e-01
2.475317910352974e-01 4.232752848544478e-01
1.463786266501524e-02 2.503050401437552e-02
4.347204570675246e-16
4.170358794473506e+01
5.947160958566102e-16
2.441406250000000e-05
3.390272836823465e-15
0.000000000000000e+00
1
1
154
52
-5.907222705919840e-01 -4.738527670023205e-01
1.061550488410588e+00 8.826293135683535e-01
-5.641418074588800e-01 1.765671966733706e-01
5.101212816603498e-01 4.404237750239179e-01
3.268777029141768e-01 -5.745599426774547e-02
9.930136612989092e-16
6.857095118728985e+01
8.628378830020905e-16
9.765625000000001e-05
1.988167355314807e-14
0.000000000000000e+00
1
1
164
52
1.742790620785394e+00 9.898868944708231e-01
-5.805617095647767e-01 -2.329008692483803e+00
2.566132749351725e+00 1.494631253245804e+00
-2.406648278247906e+00 1.691998008236394e+00
5.258419933304815e-01 3.388227217857084e-01
2.742731775472689e-13
6.799474493422117e+03
2.859405433916715e-14
2.441406250000000e-05
1.550660068076429e-14
0.000000000000000e+00
1
1
165
52
-7.166415153829546e-01 8.036164042942109e-02
1.308820408998973e+00 -1.235221791967232e-01
-2.598100553017215e-01 4.993589589525260e-01
1.808110530834310e-01 -2.592108079497230e-01
6.399340951899138e-01 -4.841998447860372e-02
2.445012586343469e-15
8.665690121380058e+01
3.606812495644195e-16
9.765625000000001e-05
6.239468831857175e-14
0.000000000000000e+00
1
1
183
52
-4.876124032531947e-01 -5.744888923704710e-02
-3.777837893631498e-01 2.494098495344543e-01
-3.094748098944284e-01 -3.303803968022107e-01
-1.136929948032185e+00 -1.339493462820421e-01
2.512493055864964e-01 2.960136664125952e-02
2.089093998792170e-15
1.251883037294531e+03
2.571686984434288e-14
6.103515625000000e-06
6.476972259689067e-13
0.000000000000000e+00
1
1
195
52
1.708035933220997e-01 -4.982503650828372e-01
-2.663082464651864e-01 7.768465431264506e-01
2.604799682909150e-01 -7.598449000599672e-01
-1.741656157574026e-01 5.080577050411217e-01
5.543631325432475e-02 -1.617130107194295e-01
1.936451855077402e-16
1.520563413421414e+01
4.610820750836317e-16
9.765625000000001e-05
3.952222440723477e-15
0.000000000000000e+00
1
1
198
52
-1.388788353496492e-01 -5.395997297771141e-01
2.704236547253654e-01 9.790977104217994e-01
2.892213544251517e-01 -3.248292539113583e-01
1.408684338456960e-01 4.754292769112667e-01
-1.375062278766605e-01 2.017950585332557e-01
1.171009018071045e-15
7.066106379639878e+01
3.775560711393394e-16
9.765625000000001e-05
4.917705285442871e-14
0.000000000000000e+00
1
1
204
52
-5.410111446758062e-01 -3.158519408881830e-01
-1.682050409341292e-01 8.091552974087515e-01
6.219407558333240e-01 -5.442563066734007e-01
1.295553726865079e-01 -1.644211063998149e-01
-7.949224550300142e-02 1.936488516014742e-01
1.671106944322084e-16
1.895166779348690e+01
1.269842396214702e-16
3.906250000000000e-04
5.707939355249843e-15
0.000000000000000e+00
1
1
217
52
-3.100886381923578e-01 -2.422465317274618e-01
-1.729733102526275e-01 4.894478327208317e-01
4.330387290835811e-01 -2.862802929447778e-01
-6.581860578149623e-02 1.138248682988336e-01
9.451303672762190e-02 -9.140828955182356e-02
4.388541835720877e-17
3.233231429548367e+01
5.487924594274726e-17
3.906250000000000e-04
3.999596744433166e-15
0.000000000000000e+00
1
1
222
52
-6.087008983087430e-01 -3.071038764740343e-02
-2.848088945096763e-01 3.810743077901240e-01
1.108515580469249e+00 7.547490622598106e-02
5.403639448162153e-01 4.689076532251753e-02
1.861643879856725e-01 -1.915443015295919e-01
7.711855592701269e-16
7.381022611624010e+01
1.518500929337858e-15
9.765625000000001e-05
4.255626063781814e-14
0.000000000000000e+00
1
1
226
96
-0.820976479367718389529343335917e-1 -0.440592898860939292141802358771e-1
0.113026172091414663970181036112e1 0.606576802873384656382357072614e0
-0.666958604342588907661579032002e-1 -0.357936228738080342268198429117e-1
-0.140839608413361323004940574214e-1 -0.755842985819435078246185050057e-2
0.470566775519931807491775766083e-1 0.252538757131808771175062932774e-1
6.71945762433326e-17
5.316661048154582e+04
2.63597839107203e-28
3.72529029846191e-10
6.96563275543833e-15
2.441406250000000e-05
1
1
230
52
-4.179374212313359e-01 1.889361255584275e-01
-5.945660686087634e-02 3.530499767464657e-01
7.678404416508230e-01 -3.309926589454552e-01
5.866767749806416e-02 -1.922593133332021e-01
3.777720540924606e-01 -1.545888811263001e-01
4.875529749534861e-16
1.131203074856412e+02
1.683292441275515e-16
3.906250000000000e-04
4.000522771281009e-13
0.000000000000000e+00
1
1
-1

2 0
1 5
-3102672717002546016032879525351396142794465621856080700231713421207145832508572111913850628981336135469348182590732461807128523763603050757261125931341121872771713876404487274192155248385264920215155736396142109811838766203568844292111266541791343339030772409315408830825478315826910286170895599134273743790929/5000000000000000000000000000000000000000000000000000000000000000000000000000000000000000000000000000000000000000000000000000000000000000000000000000000000000000000000000000000000000000000000000000000000000000000000000000000000000000000000000000000000000000000000000000000000000000000000000000000000000000000000 8882343244792488729364239210297857704857025689111559205515687116745619662042625725622781674344372201426756638998030631662353652133419826702962152566124088880312963878803443409541083453405659506270261301402462360086858296238089444502292583213118509976757698507917457722071748963383674632907323449960074409249423/10000000000000000000000000000000000000000000000000000000000000000000000000000000000000000000000000000000000000000000000000000000000000000000000000000000000000000000000000000000000000000000000000000000000000000000000000000000000000000000000000000000000000000000000000000000000000000000000000000000000000000000000
418720391022556713263110775054313003025693818637434039076589855308303397280659619528323325471780560057678639266405827451768743963480955082379338353574984629359026771001662529190695065799504580874131403826981337199194456846594350096983075379333936405953658246399237463623897552917321352096785373135729344484679/625000000000000000000000000000000000000000000000000000000000000000000000000000000000000000000000000000000000000000000000000000000000000000000000000000000000000000000000000000000000000000000000000000000000000000000000000000000000000000000000000000000000000000000000000000000000000000000000000000000000000000000 -3405941179612323124457264355811050500809097666735980317626457084538058783430962571885154681802350146604192598631952395333998376649155216187179384878004048821829893590293112518227514652035041764331453761070286498196718868964272501598630595879426737524922888228378003721180595806387291511382773788405718896079671/10000000000000000000000000000000000000000000000000000000000000000000000000000000000000000000000000000000000000000000000000000000000000000000000000000000000000000000000000000000000000000000000000000000000000000000000000000000000000000000000000000000000000000000000000000000000000000000000000000000000000000000000
523258291477139642701582898316338712215694257869924354428667006625839501135525644912784530754907426398198618556521582109244573982748114471325440219518209913406365597956939626823597099343635575896865150687184619751266791344314294753015445540360301166746290934313454429746911313672849670022931246064091908467877/625000000000000000000000000000000000000000000000000000000000000000000000000000000000000000000000000000000000000000000000000000000000000000000000000000000000000000000000000000000000000000000000000000000000000000000000000000000000000000000000000000000000000000000000000000000000000000000000000000000000000000000 1717843059993667741851048253591598420180150047879110848485336168747935322275582639575047540099864218388958771505614030930899625938792304622762374720890423351869190202939507998923758884460700163180579499852948941307728814511755688134150231357960016503920873416448406766952445444153157624264951958845519952432987/50000000000000000000000000000000000000000000000000000000000000000000000000000000000000000000000000000000000000000000000000000000000000000000000000000000000000000000000000000000000000000000000000000000000000000000000000000000000000000000000000000000000000000000000000000000000000000000000000000000000000000000000
-9083909573575825054987756416270047757078232610646334593209636085885070598019938035939477440713195469237571059876726035606262976060695053975652801008967782446164199924228472861148392122202085587717826443685129017936598090095277429239595250354265153198352605956872972216418297256149938163061801967711660993779867/10000000000000000000000000000000000000000000000000000000000000000000000000000000000000000000000000000000000000000000000000000000000000000000000000000000000000000000000000000000000000000000000000000000000000000000000000000000000000000000000000000000000000000000000000000000000000000000000000000000000000000000000 -2623584132609330607704103036818518524541477966299572522939829881165552490802801769679948889516868321356051286524145144653387601399353735013407247550055723490558301984882516036054110821880365191069811822362095416652875916200693618795204173073478613070246053033329443646509725351761629182844303871888319926641059/100000000000000000000000000000000000000000000000000000000000000000000000000000000000000000000000000000000000000000000000000000000000000000000000000000000000000000000000000000000000000000000000000000000000000000000000000000000000000000000000000000000000000000000000000000000000000000000000000000000000000000000000
598627888706928615890265663363756247611839879668154095091520160315426034837929945329151589882724024831900536116166096681316675219762751938318580742987581615231440550173503854465920976205783656954208852157292494992840045188277939498635040415315201494198476467404411468873108524978722246333535195783971398706909/2500000000000000000000000000000000000000000000000000000000000000000000000000000000000000000000000000000000000000000000000000000000000000000000000000000000000000000000000000000000000000000000000000000000000000000000000000000000000000000000000000000000000000000000000000000000000000000000000000000000000000000000 1833541365761963025887790363876845919432504279675530804252885348989956696171767734516162948378239678806356633332021023589726133939363753806573847404145156542207574815596816565417052114190247338389542812789396068780903675055689084213877156224080305926570406966670825491014358750011751912002813176396090920531837/2000000000000000000000000000000000000000000000000000000000000000000000000000000000000000000000000000000000000000000000000000000000000000000000000000000000000000000000000000000000000000000000000000000000000000000000000000000000000000000000000000000000000000000000000000000000000000000000000000000000000000000000

0
3550676564083108373922258715832518797593909278049921485110586606191308975560839288238042626617829139216416096959163656202333320079384621069532824485546574675990603186327007297892873062596808856876568625751871801957680676569872831467226284057165990188444884983786110944359188580149082644950980012693929210959/31250000000000000000000000000000000000000000000000000000000000000000000000000000000000000000000000000000000000000000000000000000000000000000000000000000000000000000000000000000000000000000000000000000000000000000000000000000000000000000000000000000000000000000000000000000000000000000000000000000000000000000 1045730813834498152176114834127334268223629857992644340904964211150870023932059866168817320156010782328791345125687984265060209458866675681394178324533448946665853820616791558679881605876967850208952787737015655638469195703727208799242191983496300967261279721895957550252507949247445610984084594412961707633457/2000000000000000000000000000000000000000000000000000000000000000000000000000000000000000000000000000000000000000000000000000000000000000000000000000000000000000000000000000000000000000000000000000000000000000000000000000000000000000000000000000000000000000000000000000000000000000000000000000000000000000000000
5 5
1 0
0 0
0 0
0 0
0 0
0 0
1 0
0 0
0 0
0 0
0 0
0 0
1 0
0 0
0 0
0 0
0 0
0 0
1 0
0 0
0 0
0 0
0 0
0 0
1 0

5 0

4 0

