7.0471812721785865e-01 5.9451958406769279e-01
7.0471812721785865e-01 -5.9451958406769279e-01
2.3316263910575983e+00 1.0837383469386255e-54
-5.1526438603743774e-01 3.2849601633244318e-56
7.0471812721785865e-01 -5.9451958406769279e-01
7.0471812721785865e-01 5.9451958406769279e-01
2.3316263910575983e+00 1.0837383469386255e-54
-5.1526438603743774e-01 3.2849601633244318e-56
7.0471812721785865e-01 5.9451958406769279e-01
7.0471812721785865e-01 -5.9451958406769279e-01
-5.1526438603743774e-01 3.2849601633244318e-56
2.3316263910575983e+00 1.0837383469386255e-54
7.0471812721785865e-01 -5.9451958406769279e-01
7.0471812721785865e-01 5.9451958406769279e-01
-5.1526438603743774e-01 3.2849601633244318e-56
2.3316263910575983e+00 1.0837383469386255e-54
9.4239421145007118e-01 3.8147016979243581e-61
3.5919483604913807e+00 3.0034491197262853e-59
-5.4222915881321587e-01 6.2408037319689698e-62
2.5183918938751387e-01 -2.2953832836388729e-61
3.5919483604913807e+00 3.0034491197262853e-59
9.4239421145007118e-01 3.8147016979243581e-61
-5.4222915881321587e-01 6.2408037319689698e-62
2.5183918938751387e-01 -2.2953832836388729e-61
9.4239421145007118e-01 3.8147016979243581e-61
3.5919483604913807e+00 3.0034491197262853e-59
2.5183918938751387e-01 -2.2953832836388729e-61
-5.4222915881321587e-01 6.2408037319689698e-62
3.5919483604913807e+00 3.0034491197262853e-59
9.4239421145007118e-01 3.8147016979243581e-61
2.5183918938751387e-01 -2.2953832836388729e-61
-5.4222915881321587e-01 6.2408037319689698e-62
1.4815680252524055e+00 -1.6092857883749055e-02
-8.2576337697464575e-01 8.6734248489438526e-01
3.1161758387465316e-01 -1.7418362859817425e-02
-6.2715333964139752e-01 -1.3270721407306796e+00
-8.2576337697464575e-01 8.6734248489438526e-01
1.4815680252524055e+00 -1.6092857883749055e-02
3.1161758387465316e-01 -1.7418362859817425e-02
-6.2715333964139752e-01 -1.3270721407306796e+00
1.4815680252524055e+00 -1.6092857883749055e-02
-8.2576337697464575e-01 8.6734248489438526e-01
-6.2715333964139752e-01 -1.3270721407306796e+00
3.1161758387465316e-01 -1.7418362859817425e-02
-8.2576337697464575e-01 8.6734248489438526e-01
1.4815680252524055e+00 -1.6092857883749055e-02
-6.2715333964139752e-01 -1.3270721407306796e+00
3.1161758387465316e-01 -1.7418362859817425e-02
-4.1934045108358148e-01 1.2508167506356693e+00
-4.1934045108358148e-01 -1.2508167506356693e+00
-4.6268110810828239e-02 3.3092660061176526e-01
-4.6268110810828239e-02 -3.3092660061176526e-01
-4.1934045108358148e-01 -1.2508167506356693e+00
-4.1934045108358148e-01 1.2508167506356693e+00
-4.6268110810828239e-02 3.3092660061176526e-01
-4.6268110810828239e-02 -3.3092660061176526e-01
-4.1934045108358148e-01 1.2508167506356693e+00
-4.1934045108358148e-01 -1.2508167506356693e+00
-4.6268110810828239e-02 -3.3092660061176526e-01
-4.6268110810828239e-02 3.3092660061176526e-01
-4.1934045108358148e-01 -1.2508167506356693e+00
-4.1934045108358148e-01 1.2508167506356693e+00
-4.6268110810828239e-02 -3.3092660061176526e-01
-4.6268110810828239e-02 3.3092660061176526e-01
8.1239672646438343e-01 -3.1757316354998042e-61
-1.3767285047978801e+01 5.8856766433110037e-59
-5.7317936304623796e-01 -2.3949294065703662e-61
1.7155133180164928e-01 -1.0217942118594909e-61
-1.3767285047978801e+01 5.8856766433110037e-59
8.1239672646438343e-01 -3.1757316354998042e-61
-5.7317936304623796e-01 -2.3949294065703662e-61
1.7155133180164928e-01 -1.0217942118594909e-61
8.1239672646438343e-01 -3.1757316354998042e-61
-1.3767285047978801e+01 5.8856766433110037e-59
1.7155133180164928e-01 -1.0217942118594909e-61
-5.7317936304623796e-01 -2.3949294065703662e-61
-1.3767285047978801e+01 5.8856766433110037e-59
8.1239672646438343e-01 -3.1757316354998042e-61
1.7155133180164928e-01 -1.0217942118594909e-61
-5.7317936304623796e-01 -2.3949294065703662e-61
1.4815680252524055e+00 1.6092857883749055e-02
-8.2576337697464575e-01 -8.6734248489438526e-01
3.1161758387465316e-01 1.7418362859817425e-02
-6.2715333964139752e-01 1.3270721407306796e+00
-8.2576337697464575e-01 -8.6734248489438526e-01
1.4815680252524055e+00 1.6092857883749055e-02
3.1161758387465316e-01 1.7418362859817425e-02
-6.2715333964139752e-01 1.3270721407306796e+00
1.4815680252524055e+00 1.6092857883749055e-02
-8.2576337697464575e-01 -8.6734248489438526e-01
-6.2715333964139752e-01 1.3270721407306796e+00
3.1161758387465316e-01 1.7418362859817425e-02
-8.2576337697464575e-01 -8.6734248489438526e-01
1.4815680252524055e+00 1.6092857883749055e-02
-6.2715333964139752e-01 1.3270721407306796e+00
3.1161758387465316e-01 1.7418362859817425e-02
1.5250262785730997e+00 -1.5951745404519852e-61
-1.5591489692080711e+00 -1.0899310256673072e-60
-1.0196835579973005e+00 2.7536818006648975e-61
3.2456175058204684e-01 -1.6187480902990333e-61
-1.5591489692080711e+00 -1.0899310256673072e-60
1.5250262785730997e+00 -1.5951745404519852e-61
-1.0196835579973005e+00 2.7536818006648975e-61
3.2456175058204684e-01 -1.6187480902990333e-61
1.5250262785730997e+00 -1.5951745404519852e-61
-1.5591489692080711e+00 -1.0899310256673072e-60
3.2456175058204684e-01 -1.6187480902990333e-61
-1.0196835579973005e+00 2.7536818006648975e-61
-1.5591489692080711e+00 -1.0899310256673072e-60
1.5250262785730997e+00 -1.5951745404519852e-61
3.2456175058204684e-01 -1.6187480902990333e-61
-1.0196835579973005e+00 2.7536818006648975e-61
2.8414781843203901e-01 -3.1113267504648263e-63
-1.9213277614852102e+00 3.9518417747957133e-63
-5.1330168868895971e-02 -3.0657176481236716e-63
-8.6801255928089549e-01 -1.1439003804328893e-63
-1.9213277614852102e+00 3.9518417747957133e-63
2.8414781843203901e-01 -3.1113267504648263e-63
-5.1330168868895971e-02 -3.0657176481236716e-63
-8.6801255928089549e-01 -1.1439003804328893e-63
2.8414781843203901e-01 -3.1113267504648263e-63
-1.9213277614852102e+00 3.9518417747957133e-63
-8.6801255928089549e-01 -1.1439003804328893e-63
-5.1330168868895971e-02 -3.0657176481236716e-63
-1.9213277614852102e+00 3.9518417747957133e-63
2.8414781843203901e-01 -3.1113267504648263e-63
-8.6801255928089549e-01 -1.1439003804328893e-63
-5.1330168868895971e-02 -3.0657176481236716e-63
4.3520306016852861e-01 6.4800226772980574e-01
-1.8227331463413630e+00 3.2032258828993326e-02
-2.8922644710498158e-01 -3.2926936430510628e-01
-8.8935586846860248e-01 3.2164075820737610e-02
-1.8227331463413630e+00 3.2032258828993326e-02
4.3520306016852861e-01 6.4800226772980574e-01
-2.8922644710498158e-01 -3.2926936430510628e-01
-8.8935586846860248e-01 3.2164075820737610e-02
4.3520306016852861e-01 6.4800226772980574e-01
-1.8227331463413630e+00 3.2032258828993326e-02
-8.8935586846860248e-01 3.2164075820737610e-02
-2.8922644710498158e-01 -3.2926936430510628e-01
-1.8227331463413630e+00 3.2032258828993326e-02
4.3520306016852861e-01 6.4800226772980574e-01
-8.8935586846860248e-01 3.2164075820737610e-02
-2.8922644710498158e-01 -3.2926936430510628e-01
-1.8227331463413630e+00 -3.2032258828993326e-02
4.3520306016852861e-01 -6.4800226772980574e-01
-8.8935586846860248e-01 -3.2164075820737610e-02
-2.8922644710498158e-01 3.2926936430510628e-01
4.3520306016852861e-01 -6.4800226772980574e-01
-1.8227331463413630e+00 -3.2032258828993326e-02
-8.8935586846860248e-01 -3.2164075820737610e-02
-2.8922644710498158e-01 3.2926936430510628e-01
-1.8227331463413630e+00 -3.2032258828993326e-02
4.3520306016852861e-01 -6.4800226772980574e-01
-2.8922644710498158e-01 3.2926936430510628e-01
-8.8935586846860248e-01 -3.2164075820737610e-02
4.3520306016852861e-01 -6.4800226772980574e-01
-1.8227331463413630e+00 -3.2032258828993326e-02
-2.8922644710498158e-01 3.2926936430510628e-01
-8.8935586846860248e-01 -3.2164075820737610e-02
