240

9.824779220396050e-02 -6.645779829899769e-01;
9.824779220396050e-02 -6.645779829899769e-01;
9.824779220396050e-02 -6.645779829899769e-01;
9.824779220396050e-02 -6.645779829899769e-01;
9.824779220396050e-02 -6.645779829899769e-01;

-6.202280928102696e-01 -5.255163987595541e-01;
-6.202280928102696e-01 -5.255163987595541e-01;
-6.202280928102696e-01 -5.255163987595541e-01;
-6.202280928102696e-01 -5.255163987595541e-01;
5.255163987595541e-01 -6.202280928102696e-01;

-1.315532952899421e+00 1.818148029615748e+00;
-1.315532952899421e+00 1.818148029615748e+00;
-1.315532952899421e+00 1.818148029615748e+00;
-1.315532952899421e+00 1.818148029615748e+00;
1.315532952899421e+00 -1.818148029615748e+00;

9.932462205257975e-01 -3.510278157761306e-01;
9.932462205257975e-01 -3.510278157761306e-01;
9.932462205257975e-01 -3.510278157761306e-01;
9.932462205257975e-01 -3.510278157761306e-01;
-3.510278157761307e-01 -9.932462205257974e-01;

7.566361508391249e-01 -5.448602274993731e-01;
7.566361508391249e-01 -5.448602274993731e-01;
7.566361508391249e-01 -5.448602274993731e-01;
7.520062990010744e-01 5.512326718637260e-01;
7.566361508391249e-01 -5.448602274993731e-01;

-3.391578902218888e+00 6.001514345052044e-01;
-3.391578902218888e+00 6.001514345052044e-01;
-3.391578902218888e+00 6.001514345052044e-01;
-1.618833451099223e+00 -3.040126223023826e+00;
-6.001514345052046e-01 -3.391578902218888e+00;

2.431795437395386e-01 7.497553077541521e-01;
2.431795437395386e-01 7.497553077541521e-01;
2.431795437395386e-01 7.497553077541521e-01;
-6.379130593666014e-01 4.629646214220224e-01;
-2.431795437395387e-01 -7.497553077541521e-01;

5.784360199749181e-01 1.978990349900601e-01;
5.784360199749181e-01 1.978990349900601e-01;
5.784360199749181e-01 1.978990349900601e-01;
-9.466606464962965e-03 6.112795110393104e-01;
1.978990349900600e-01 -5.784360199749181e-01;

4.176097899423944e-01 -2.194544265364949e-01;
4.176097899423944e-01 -2.194544265364949e-01;
4.176097899423944e-01 -2.194544265364949e-01;
-2.088613416122954e-01 4.230072362999298e-01;
4.176097899423944e-01 -2.194544265364949e-01;

1.172970736695849e+00 -5.028381627598959e-01;
1.172970736695849e+00 -5.028381627598959e-01;
1.172970736695849e+00 -5.028381627598959e-01;
-6.533924035313342e-01 1.096259519493489e+00;
5.028381627598960e-01 1.172970736695849e+00;

5.231642625571982e-01 3.172618491410902e-01;
5.231642625571982e-01 3.172618491410902e-01;
5.231642625571982e-01 3.172618491410902e-01;
-6.097306152985825e-01 5.083801043562568e-02;
-5.231642625571982e-01 -3.172618491410901e-01;

3.898535285375705e-01 2.597790046783330e-02;
3.898535285375705e-01 2.597790046783330e-02;
3.898535285375705e-01 2.597790046783330e-02;
-3.306675566844472e-01 2.081335916719088e-01;
2.597790046783323e-02 -3.898535285375705e-01;

2.420493768083563e-01 -2.693770537804038e-01;
2.420493768083563e-01 -2.693770537804038e-01;
2.420493768083563e-01 -2.693770537804038e-01;
-3.541579188339432e-01 7.565756038846526e-02;
2.420493768083563e-01 -2.693770537804038e-01;

2.908308062740485e-01 -5.807864235844414e-01;
2.908308062740485e-01 -5.807864235844414e-01;
2.908308062740485e-01 -5.807864235844414e-01;
-5.766647592780973e-01 2.989200279418450e-01;
5.807864235844414e-01 2.908308062740484e-01;

7.131632871323658e-01 -1.150059532341583e-01;
7.131632871323658e-01 -1.150059532341583e-01;
7.131632871323658e-01 -1.150059532341583e-01;
-6.445600222912603e-01 -3.261450920321025e-01;
-7.131632871323658e-01 1.150059532341584e-01;

3.518260165909982e-01 -1.251891211245377e-01;
3.518260165909982e-01 -1.251891211245377e-01;
3.518260165909982e-01 -1.251891211245377e-01;
-3.582175456298191e-01 -1.055180174243810e-01;
-1.251891211245377e-01 -3.518260165909982e-01;

1.319602418239811e-01 -3.787225186497662e-01;
1.319602418239811e-01 -3.787225186497662e-01;
1.319602418239811e-01 -3.787225186497662e-01;
-3.194085619241352e-01 -2.425333422938421e-01;
1.319602418239811e-01 -3.787225186497662e-01;

-1.147638535085112e-01 -5.732298334421526e-01;
-1.147638535085112e-01 -5.732298334421526e-01;
-1.147638535085112e-01 -5.732298334421526e-01;
-5.806379495040317e-01 -6.799084950193361e-02;
5.732298334421526e-01 -1.147638535085112e-01;

8.799133143039368e-01 -1.342465352381248e+00;
8.799133143039368e-01 -1.342465352381248e+00;
8.799133143039368e-01 -1.342465352381248e+00;
-1.004852253585955e+00 -1.251691899588983e+00;
-8.799133143039367e-01 1.342465352381248e+00;

4.070702041834174e-01 -3.257040293853147e-01;
4.070702041834174e-01 -3.257040293853147e-01;
4.070702041834174e-01 -3.257040293853147e-01;
-1.839713285341360e-01 -4.877948504946972e-01;
-3.257040293853147e-01 -4.070702041834173e-01;

-1.858518268304880e-01 -3.734927686378851e-01;
-1.858518268304880e-01 -3.734927686378851e-01;
4.163801391854364e-01 2.579398094399354e-02;
-1.858518268304880e-01 -3.734927686378851e-01;
-1.858518268304880e-01 -3.734927686378851e-01;

-3.130868696802987e-01 -2.067522496957808e-01;
-3.130868696802987e-01 -2.067522496957808e-01;
3.355961353662789e-01 -1.677650578865963e-01;
-3.130868696802987e-01 -2.067522496957808e-01;
2.067522496957808e-01 -3.130868696802987e-01;

-6.211485379830252e-01 -1.254931772360891e-01;
-6.211485379830252e-01 -1.254931772360891e-01;
4.192545484795887e-01 -4.751838247988185e-01;
-6.211485379830252e-01 -1.254931772360891e-01;
6.211485379830252e-01 1.254931772360890e-01;

-3.449322394388306e-01 -8.741790704839738e-01;
-3.449322394388306e-01 -8.741790704839738e-01;
9.295274022152039e-01 1.383694533037028e-01;
-3.449322394388306e-01 -8.741790704839738e-01;
-8.741790704839737e-01 3.449322394388307e-01;

-2.228848320853699e-01 -6.979066958063153e-01;
-2.228848320853699e-01 -6.979066958063153e-01;
7.158473440822125e-01 1.559294211989982e-01;
5.948735099098298e-01 -4.276411014303605e-01;
-2.228848320853699e-01 -6.979066958063153e-01;

-5.499361698126506e-01 -2.179918523951355e-01;
-5.499361698126506e-01 -2.179918523951355e-01;
4.637545668985402e-01 -3.672627673201007e-01;
3.738294942606889e-02 -5.903835648720914e-01;
2.179918523951355e-01 -5.499361698126506e-01;

-8.249281818538770e-01 4.920132698597083e-01;
-8.249281818538770e-01 4.920132698597083e-01;
-1.363189977061765e-02 -9.604153967130208e-01;
-7.228492537354366e-01 -6.325128609830061e-01;
8.249281818538768e-01 -4.920132698597084e-01;

2.930684419286389e+00 -1.610541872778880e+00;
2.930684419286389e+00 -1.610541872778880e+00;
-7.057203395811863e-02 3.343318093966698e+00;
2.437347633581922e+00 2.289561705325870e+00;
-1.610541872778880e+00 -2.930684419286389e+00;

1.903920592306952e-01 -5.347841231420797e-01;
1.903920592306952e-01 -5.347841231420797e-01;
3.679406065662790e-01 4.322764215436533e-01;
1.603078092314024e-01 5.445590885132447e-01;
1.903920592306952e-01 -5.347841231420797e-01;

-4.401711995844196e-01 -7.647079297213081e-01;
-4.401711995844196e-01 -7.647079297213081e-01;
8.823420934062677e-01 1.154524006276133e-03;
8.055900242994962e-01 3.599355712782125e-01;
7.647079297213081e-01 -4.401711995844196e-01;

2.615475574268785e+00 4.065232353836042e+00;
2.615475574268785e+00 4.065232353836042e+00;
-4.828332277842815e+00 2.324521133764415e-01;
-4.505447812683065e+00 -1.751504090049848e+00;
-2.615475574268786e+00 -4.065232353836042e+00;

6.812283284284215e-01 -2.703876313282478e-01;
6.812283284284215e-01 -2.703876313282478e-01;
-1.064516066148469e-01 7.251548538607457e-01;
-3.921954326511927e-01 6.191641537074200e-01;
-2.703876313282479e-01 -6.812283284284215e-01;

7.223324328194736e-02 -3.518128486972786e-01;
7.223324328194736e-02 -3.518128486972786e-01;
2.685622427086407e-01 2.384622480285473e-01;
-2.652283254051790e-01 2.421649383091775e-01;
7.223324328194736e-02 -3.518128486972786e-01;

-1.307952331971816e-01 -4.497364428573340e-01;
-1.307952331971816e-01 -4.497364428573340e-01;
4.548808011206906e-01 1.115962267859979e-01;
-1.585328820902632e-01 4.407239344047789e-01;
4.497364428573340e-01 -1.307952331971816e-01;

1.006519572754274e-01 -1.109558997790753e+00;
1.006519572754274e-01 -1.109558997790753e+00;
9.105803004466803e-01 6.419466508365224e-01;
-7.336115594027431e-01 8.384903493734855e-01;
-1.006519572754273e-01 1.109558997790753e+00;

3.093525653996652e-01 -3.928372012014122e-01;
3.093525653996652e-01 -3.928372012014122e-01;
1.855307130921693e-01 4.643257809627030e-01;
-4.811753960798575e-01 1.359790960938671e-01;
-3.928372012014123e-01 -3.093525653996651e-01;

-4.955914920462363e-02 -3.226267726124732e-01;
-4.955914920462363e-02 -3.226267726124732e-01;
3.041825556256992e-01 1.183939041050891e-01;
-3.221509137553599e-01 -5.256360378449492e-02;
-4.955914920462363e-02 -3.226267726124732e-01;

-1.988185498757148e-01 -2.882615909430939e-01;
-1.988185498757148e-01 -2.882615909430939e-01;
3.490511356298949e-01 -2.805111946440556e-02;
-3.355913751726164e-01 1.000099469926762e-01;
2.882615909430939e-01 -1.988185498757148e-01;

-4.072325170973648e-01 -5.152936519707322e-01;
-4.072325170973648e-01 -5.152936519707322e-01;
6.498736515641936e-01 -9.502687906803270e-02;
-6.159151539574639e-01 2.280666434802406e-01;
4.072325170973649e-01 5.152936519707322e-01;

5.978322178719604e-02 -5.274454758415856e-01;
5.978322178719604e-02 -5.274454758415856e-01;
4.268895702963866e-01 3.154965267085838e-01;
-4.831564252788079e-01 -2.198468382870618e-01;
-5.274454758415856e-01 -5.978322178719594e-02;

-6.717285676025020e-01 -4.636061556741141e-01;
-6.717285676025020e-01 -4.636061556741141e-01;
-6.563042436337456e-02 8.135370818285564e-01;
-6.717285676025020e-01 -4.636061556741141e-01;
-6.717285676025020e-01 -4.636061556741141e-01;

-4.619456977512779e-01 -3.975636447259271e-03;
-4.619456977512779e-01 -3.975636447259271e-03;
2.275298467161013e-01 4.020445276451642e-01;
-4.619456977512779e-01 -3.975636447259271e-03;
3.975636447259242e-03 -4.619456977512779e-01;

-4.241957752458324e-01 3.244601381818562e-01;
-4.241957752458324e-01 3.244601381818562e-01;
4.930886098038130e-01 2.051342484499966e-01;
-4.241957752458324e-01 3.244601381818562e-01;
4.241957752458323e-01 -3.244601381818562e-01;

-1.029883950204951e+00 1.431871098029569e+00;
-1.029883950204951e+00 1.431871098029569e+00;
1.754978720940801e+00 1.759701148125700e-01;
-1.029883950204951e+00 1.431871098029569e+00;
1.431871098029569e+00 1.029883950204951e+00;

-2.387402316340887e+00 1.005683171229303e+00;
-2.387402316340887e+00 1.005683171229303e+00;
2.064648332613516e+00 1.564709469390368e+00;
-1.694209421485452e+00 -1.959781339107399e+00;
-2.387402316340887e+00 1.005683171229303e+00;

-5.090361493942615e-01 2.784866704769402e-01;
-5.090361493942615e-01 2.784866704769402e-01;
4.956946059455069e-01 3.015949015815708e-01;
-4.221573835724466e-01 -3.980650330269351e-01;
-2.784866704769403e-01 -5.090361493942615e-01;

-1.802494375101983e-01 4.283342762929915e-01;
-1.802494375101983e-01 4.283342762929915e-01;
4.610730833364524e-01 -5.806654624480855e-02;
-4.630702440381947e-01 -3.906483145478163e-02;
1.802494375101983e-01 -4.283342762929915e-01;

1.777421759432679e-01 7.218889972728791e-01;
1.777421759432679e-01 7.218889972728791e-01;
5.363031223791545e-01 -5.148737383272332e-01;
-6.316318819144943e-01 3.921188228609344e-01;
7.218889972728791e-01 -1.777421759432680e-01;

1.393125180731627e+00 -4.487170699678493e-01;
1.393125180731627e+00 -4.487170699678493e-01;
-1.085162972069691e+00 -9.821232621814507e-01;
-8.633126703245642e-01 1.181878171101459e+00;
1.393125180731627e+00 -4.487170699678493e-01;

-1.065466051458439e+00 9.853645998806595e-01;
-1.065466051458439e+00 9.853645998806595e-01;
1.386083801215759e+00 4.300383674925753e-01;
2.827973626185236e-01 -1.423441938824487e+00;
-9.853645998806596e-01 -1.065466051458439e+00;

6.428167324017234e-02 6.089511867703726e-01;
6.428167324017234e-02 6.089511867703726e-01;
4.952263607877387e-01 -3.601451554089461e-01;
-4.099374930277812e-01 -4.548680393187670e-01;
-6.428167324017241e-02 -6.089511867703726e-01;

4.993044659597376e-01 3.560525028976181e-01;
4.993044659597376e-01 3.560525028976181e-01;
5.869827961050064e-02 -6.104366031929643e-01;
-6.132282085737781e-01 5.431275760994740e-03;
3.560525028976180e-01 -4.993044659597377e-01;

3.073829695059836e-01 -6.337945076229421e-01;
3.073829695059836e-01 -6.337945076229421e-01;
-7.025736291335097e-01 5.069579352859211e-02;
-6.212131106765117e-01 3.320753513269782e-01;
3.073829695059836e-01 -6.337945076229421e-01;

-8.281401834021922e-01 -9.258192423564694e-01;
-8.281401834021922e-01 -9.258192423564694e-01;
-3.877128914920677e-01 1.180100057899238e+00;
1.257965851514356e-01 1.235772087420314e+00;
9.258192423564694e-01 -8.281401834021923e-01;

4.271930387859827e-01 1.689949893332008e+00;
4.271930387859827e-01 1.689949893332008e+00;
1.249943019355329e+00 -1.214934970574537e+00;
6.477211961572560e-01 -1.618295951428131e+00;
-4.271930387859830e-01 -1.689949893332008e+00;

7.644486595237746e-01 -7.140177060340475e-02;
7.644486595237746e-01 -7.140177060340475e-02;
-4.440600769796251e-01 -6.263310737348471e-01;
-6.604208646301333e-01 -3.915664023562087e-01;
-7.140177060340488e-02 -7.644486595237746e-01;

-1.528044892966697e-01 -5.944302329198220e-01;
-1.528044892966697e-01 -5.944302329198220e-01;
-4.383894378377317e-01 4.295476860031345e-01;
-6.125559305106983e-01 -3.836333867773242e-02;
-1.528044892966697e-01 -5.944302329198220e-01;

-4.804758402779388e-01 -2.770784370061078e-01;
-4.804758402779388e-01 -2.770784370061078e-01;
2.809548507940376e-04 5.546435020884233e-01;
-4.119924530720009e-01 3.713377330089875e-01;
2.770784370061077e-01 -4.804758402779388e-01;

-1.043442949162398e+00 3.014362328081677e-01;
-1.043442949162398e+00 3.014362328081677e-01;
7.827729098141530e-01 7.529299849703072e-01;
-3.575871049222419e-02 1.085522134841219e+00;
1.043442949162398e+00 -3.014362328081678e-01;

1.079314273011879e+00 -1.675672900394900e+00;
1.079314273011879e+00 -1.675672900394900e+00;
-1.990832436681074e+00 -9.687712889796965e-02;
-1.260133178467657e+00 -1.544300275713896e+00;
-1.675672900394900e+00 -1.079314273011879e+00;

-1.807450079718066e-02 -4.019130341569114e-01;
4.019130341569114e-01 -1.807450079718068e-02;
-1.807450079718066e-02 -4.019130341569114e-01;
-1.807450079718066e-02 -4.019130341569114e-01;
-1.807450079718066e-02 -4.019130341569114e-01;

-2.604372591818869e-01 -3.709212965954722e-01;
3.709212965954722e-01 -2.604372591818869e-01;
-2.604372591818869e-01 -3.709212965954722e-01;
-2.604372591818869e-01 -3.709212965954722e-01;
3.709212965954722e-01 -2.604372591818869e-01;

-7.663055463990633e-01 -8.428207314087771e-01;
8.428207314087771e-01 -7.663055463990633e-01;
-7.663055463990633e-01 -8.428207314087771e-01;
-7.663055463990633e-01 -8.428207314087771e-01;
7.663055463990635e-01 8.428207314087770e-01;

2.718814465324466e-01 -6.377549956769675e-01;
6.377549956769675e-01 2.718814465324465e-01;
2.718814465324466e-01 -6.377549956769675e-01;
2.718814465324466e-01 -6.377549956769675e-01;
-6.377549956769675e-01 -2.718814465324464e-01;

1.819406464266412e-01 -5.506560902467318e-01;
5.506560902467318e-01 1.819406464266411e-01;
1.819406464266412e-01 -5.506560902467318e-01;
5.799278145801621e-01 2.873747420704717e-03;
1.819406464266412e-01 -5.506560902467318e-01;

-4.732527590903118e-01 -7.383972001067141e-01;
7.383972001067141e-01 -4.732527590903119e-01;
-4.732527590903118e-01 -7.383972001067141e-01;
5.560143235818475e-01 -6.782674038193549e-01;
7.383972001067141e-01 -4.732527590903119e-01;

1.464763519832465e+00 4.631939510643170e+00;
-4.631939510643170e+00 1.464763519832466e+00;
1.464763519832465e+00 4.631939510643170e+00;
-3.952599434313474e+00 2.824420916073609e+00;
-1.464763519832466e+00 -4.631939510643170e+00;

7.101079213095739e-01 -2.803940133781380e-01;
2.803940133781381e-01 7.101079213095739e-01;
7.101079213095739e-01 -2.803940133781380e-01;
4.861059690783548e-01 5.887062505794354e-01;
-2.803940133781381e-01 -7.101079213095739e-01;

2.424926785386200e-01 -3.129578845405820e-01;
3.129578845405820e-01 2.424926785386199e-01;
2.424926785386200e-01 -3.129578845405820e-01;
-1.222866882763994e-02 3.957218673508638e-01;
2.424926785386200e-01 -3.129578845405820e-01;

2.064318539670837e-01 -6.968345600962311e-01;
6.968345600962311e-01 2.064318539670836e-01;
2.064318539670837e-01 -6.968345600962311e-01;
2.425821996725797e-01 6.850886007508868e-01;
6.968345600962311e-01 2.064318539670836e-01;

9.148808072886303e-01 -1.396625564532991e-01;
1.396625564532991e-01 9.148808072886303e-01;
9.148808072886303e-01 -1.396625564532991e-01;
-6.580625299432589e-01 6.507428277782585e-01;
-9.148808072886303e-01 1.396625564532992e-01;

3.934114095107702e-01 -1.486330856488726e-01;
1.486330856488727e-01 3.934114095107702e-01;
3.934114095107702e-01 -1.486330856488726e-01;
-2.309121803280835e-01 3.514881168103507e-01;
-1.486330856488727e-01 -3.934114095107702e-01;

1.297021526868820e-01 -2.621472849296174e-01;
2.621472849296174e-01 1.297021526868819e-01;
1.297021526868820e-01 -2.621472849296174e-01;
-2.590175537408437e-01 1.358445959973763e-01;
1.297021526868820e-01 -2.621472849296174e-01;

6.176691781975905e-02 -4.095935123341645e-01;
4.095935123341645e-01 6.176691781975902e-02;
6.176691781975905e-02 -4.095935123341645e-01;
-2.907235121910429e-01 2.950624288900482e-01;
4.095935123341645e-01 6.176691781975902e-02;

4.003171080911065e-01 -4.750439958319512e-01;
4.750439958319512e-01 4.003171080911065e-01;
4.003171080911065e-01 -4.750439958319512e-01;
-6.030871985248459e-01 1.490181733275059e-01;
-4.003171080911065e-01 4.750439958319512e-01;

2.594967443910080e-01 -2.257490251663786e-01;
2.257490251663787e-01 2.594967443910080e-01;
2.594967443910080e-01 -2.257490251663786e-01;
-3.426292239094970e-01 3.010643845223398e-02;
-2.257490251663787e-01 -2.594967443910079e-01;

4.246011758288072e-02 -2.909685351570060e-01;
2.909685351570060e-01 4.246011758288070e-02;
4.246011758288072e-02 -2.909685351570060e-01;
-2.636066234816575e-01 -1.302961937017563e-01;
4.246011758288072e-02 -2.909685351570060e-01;

-8.675815691054323e-02 -3.505787427917759e-01;
3.505787427917759e-01 -8.675815691054325e-02;
-8.675815691054323e-02 -3.505787427917759e-01;
-3.602299426926873e-01 -2.582287891773273e-02;
3.505787427917759e-01 -8.675815691054325e-02;

5.184143323396592e-03 -6.528721241803946e-01;
6.528721241803946e-01 5.184143323396552e-03;
5.184143323396592e-03 -6.528721241803946e-01;
-6.193162996210182e-01 -2.066789948145372e-01;
-5.184143323396512e-03 6.528721241803946e-01;

1.871080521444583e-01 -3.537417760601250e-01;
3.537417760601250e-01 1.871080521444582e-01;
1.871080521444583e-01 -3.537417760601250e-01;
-2.786088533107714e-01 -2.872625526662359e-01;
-3.537417760601250e-01 -1.871080521444582e-01;

-1.172540847293271e-01 -2.648958092765523e-01;
2.648958092765523e-01 -1.172540847293272e-01;
2.880335425541954e-01 3.090288856518577e-02;
-1.172540847293271e-01 -2.648958092765523e-01;
-1.172540847293271e-01 -2.648958092765523e-01;

-2.015844865257678e-01 -1.957274519151548e-01;
1.957274519151548e-01 -2.015844865257678e-01;
2.702971888394051e-01 -7.671356038257944e-02;
-2.015844865257678e-01 -1.957274519151548e-01;
1.957274519151548e-01 -2.015844865257678e-01;

-3.559791138523070e-01 -2.510353038239843e-01;
2.510353038239843e-01 -3.559791138523070e-01;
3.953925072844686e-01 -1.827693039007788e-01;
-3.559791138523070e-01 -2.510353038239843e-01;
3.559791138523070e-01 2.510353038239842e-01;

-1.592829056588606e-01 -4.425826632424393e-01;
4.425826632424393e-01 -1.592829056588606e-01;
4.629292824719560e-01 8.334828893204620e-02;
-1.592829056588606e-01 -4.425826632424393e-01;
-4.425826632424393e-01 1.592829056588606e-01;

-1.263290095046038e-01 -3.920456356678858e-01;
3.920456356678858e-01 -1.263290095046038e-01;
4.026859846835096e-01 8.661868636803015e-02;
3.338197456675416e-01 -2.412947916783716e-01;
-1.263290095046038e-01 -3.920456356678858e-01;

-3.026136650894198e-01 -2.600498617925777e-01;
2.600498617925777e-01 -3.026136650894198e-01;
3.765166191077144e-01 -1.320461906034648e-01;
1.538093503767656e-01 -3.681625247820147e-01;
2.600498617925777e-01 -3.026136650894198e-01;

-7.093879626022683e-01 -2.767070966402064e-01;
2.767070966402063e-01 -7.093879626022683e-01;
5.943293563989884e-01 -4.759944484323467e-01;
4.395115131566041e-02 -7.601752397402047e-01;
7.093879626022683e-01 2.767070966402063e-01;

-5.030590103105763e-02 -8.631939061753028e-01;
8.631939061753028e-01 -5.030590103105768e-02;
7.727008016552623e-01 3.880307648344895e-01;
8.054008109583480e-01 -3.145853414327490e-01;
-8.631939061753028e-01 5.030590103105779e-02;

3.632668222608229e-02 -3.709585559958788e-01;
3.709585559958788e-01 3.632668222608227e-02;
3.030961921305821e-01 2.169391076409312e-01;
1.886550651559303e-01 3.214640640866627e-01;
3.632668222608229e-02 -3.709585559958788e-01;

-1.875072001477498e-01 -4.176189248945093e-01;
4.176189248945093e-01 -1.875072001477498e-01;
4.554221981336655e-01 4.642346372680996e-02;
3.971667566184248e-01 2.276468404667524e-01;
4.176189248945093e-01 -1.875072001477498e-01;

-2.910176550615460e-01 -1.119717780969051e+00;
1.119717780969051e+00 -2.910176550615460e-01;
1.115212870919111e+00 3.078302082514496e-01;
8.935918269911992e-01 7.348148279058527e-01;
2.910176550615461e-01 1.119717780969051e+00;

2.958507167293095e-01 -4.770862780252595e-01;
4.770862780252595e-01 2.958507167293094e-01;
2.652434782021857e-01 4.947573754280455e-01;
4.107602066233434e-02 5.598675948791721e-01;
-4.770862780252596e-01 -2.958507167293093e-01;

1.644350841649435e-02 -2.665088093751475e-01;
2.665088093751475e-01 1.644350841649433e-02;
2.225816450429749e-01 1.474949007036010e-01;
-1.699530255128291e-01 2.059449041919651e-01;
1.644350841649435e-02 -2.665088093751475e-01;

-9.052723021214214e-02 -2.993489956196450e-01;
2.993489956196450e-01 -9.052723021214215e-02;
3.045074499100403e-01 7.127561671186521e-02;
-1.027148572184753e-01 2.953889955549472e-01;
2.993489956196450e-01 -9.052723021214215e-02;

-6.730783320375505e-02 -5.163115872785962e-01;
5.163115872785962e-01 -6.730783320375508e-02;
4.807928674534082e-01 1.998655002111603e-01;
-2.490271556736846e-01 4.572674002220171e-01;
6.730783320375512e-02 5.163115872785962e-01;

1.212233945412654e-01 -3.446996231314886e-01;
3.446996231314886e-01 1.212233945412654e-01;
2.379069330361585e-01 2.773323507714639e-01;
-3.006811412471653e-01 2.076145295238263e-01;
-3.446996231314886e-01 -1.212233945412653e-01;

-4.689601503733002e-02 -2.383817419154390e-01;
2.383817419154390e-01 -4.689601503733003e-02;
2.298926518158209e-01 7.857773059913463e-02;
-2.412061746294659e-01 -2.906324871104510e-02;
-4.689601503733002e-02 -2.383817419154390e-01;

-1.291541429294329e-01 -2.225472061966650e-01;
2.225472061966650e-01 -1.291541429294329e-01;
2.573086055722820e-01 -5.771656825628102e-04;
-2.515657956957452e-01 5.406202047411780e-02;
2.225472061966650e-01 -1.291541429294329e-01;

-1.963903574245059e-01 -3.400802075987825e-01;
3.400802075987825e-01 -1.963903574245060e-01;
3.927132778170843e-01 -3.893478853680190e-05;
-3.841234554753732e-01 8.168776556752683e-02;
1.963903574245060e-01 3.400802075987825e-01;

-1.408176549487899e-02 -3.463570847036880e-01;
3.463570847036880e-01 -1.408176549487901e-02;
3.069949168815519e-01 1.609833757031436e-01;
-3.337566672211553e-01 -9.363767046075776e-02;
-3.463570847036880e-01 1.408176549487905e-02;

-2.845237819050315e-01 -3.629562444738501e-01;
3.629562444738501e-01 -2.845237819050315e-01;
-1.720674372240334e-01 4.278829453475056e-01;
-2.845237819050315e-01 -3.629562444738501e-01;
-2.845237819050315e-01 -3.629562444738501e-01;

-3.426226371285233e-01 -1.413894731130792e-01;
1.413894731130792e-01 -3.426226371285233e-01;
4.886444302063835e-02 3.674146442214581e-01;
-3.426226371285233e-01 -1.413894731130792e-01;
1.413894731130792e-01 -3.426226371285233e-01;

-5.477890671401943e-01 3.830950027344109e-02;
-3.830950027344113e-02 -5.477890671401943e-01;
3.070715340131843e-01 4.552444979220670e-01;
-5.477890671401943e-01 3.830950027344109e-02;
5.477890671401943e-01 -3.830950027344116e-02;

-8.937224528940437e-01 -7.446726960360136e-01;
7.446726960360136e-01 -8.937224528940437e-01;
-1.980442458248128e-01 1.146322696156790e+00;
-8.937224528940437e-01 -7.446726960360136e-01;
-7.446726960360135e-01 8.937224528940438e-01;

-5.661259723578214e-01 -7.112270213314831e-01;
7.112270213314831e-01 -5.661259723578214e-01;
-3.328776821520901e-01 8.458929844697819e-01;
5.014745467868905e-01 -7.581990315049376e-01;
-5.661259723578214e-01 -7.112270213314831e-01;

-5.377552405796874e-01 -5.355392552821110e-02;
5.355392552821107e-02 -5.377552405796874e-01;
2.224985603100332e-01 4.924866621243271e-01;
-1.152426983065213e-01 -5.279846988288872e-01;
5.355392552821107e-02 -5.377552405796874e-01;

-5.057943363066667e-01 4.227327959813169e-01;
-4.227327959813170e-01 -5.057943363066667e-01;
6.189945084859781e-01 2.266643463412044e-01;
-5.583418258470587e-01 -3.504073814117733e-01;
5.057943363066667e-01 -4.227327959813170e-01;

-8.900595670602085e-02 3.381419246272581e+00;
-3.381419246272581e+00 -8.900595670602064e-02;
2.972897946470693e+00 -1.613628203540740e+00;
-3.243425161716146e+00 9.602663170904079e-01;
3.381419246272581e+00 8.900595670602023e-02;

2.016891008591507e-01 -7.665964921353507e-01;
7.665964921353507e-01 2.016891008591506e-01;
-7.647365870708266e-01 2.086303610572094e-01;
2.874242023610464e-01 7.387394689988573e-01;
2.016891008591507e-01 -7.665964921353507e-01;

-8.418513198019915e-01 -5.469944768506886e-01;
5.469944768506886e-01 -8.418513198019915e-01;
-5.278545278147913e-02 1.002561867583327e+00;
1.002587311035061e+00 -5.229996280112435e-02;
5.469944768506886e-01 -8.418513198019915e-01;

-3.934709812600197e-01 1.528650425042415e+00;
-1.528650425042415e+00 -3.934709812600196e-01;
1.520585592222621e+00 -4.235693470980404e-01;
-5.801934651178099e-01 -1.467980612307488e+00;
3.934709812600195e-01 -1.528650425042415e+00;

9.976265148453732e-01 -6.375265472627116e-02;
6.375265472627122e-02 9.976265148453732e-01;
-5.540246759743359e-01 -8.320935779818908e-01;
-7.696239343063614e-01 6.379671338321202e-01;
-6.375265472627134e-02 -9.976265148453732e-01;

5.455160307619145e-02 -4.301649477953793e-01;
4.301649477953793e-01 5.455160307619142e-02;
-3.998095741465009e-01 1.678393998165427e-01;
-2.969777863263210e-01 3.159461253737759e-01;
5.455160307619145e-02 -4.301649477953793e-01;

-2.589916192835087e-01 -4.816241851885709e-01;
4.816241851885709e-01 -2.589916192835088e-01;
-2.876029698085287e-01 4.651054142610718e-01;
-7.356297180017594e-02 5.418736050017340e-01;
4.816241851885709e-01 -2.589916192835088e-01;

-7.797861506223918e-01 -1.876964740007320e+00;
1.876964740007320e+00 -7.797861506223919e-01;
-1.235606071542797e+00 1.613796985961931e+00;
-4.723919454175413e-01 1.976843171786236e+00;
7.797861506223920e-01 1.876964740007320e+00;

4.364487270018128e-01 -5.105299723208173e-01;
5.105299723208173e-01 4.364487270018127e-01;
-6.603562889241005e-01 -1.227106988725401e-01;
-6.531764259012394e-01 1.564892986318236e-01;
-5.105299723208174e-01 -4.364487270018126e-01;

-1.015077623602370e-01 -3.574934930295869e-01;
3.574934930295869e-01 -1.015077623602370e-01;
-2.588445654711388e-01 2.666550474000727e-01;
-3.713641397091915e-01 -1.393194587736074e-02;
-1.015077623602370e-01 -3.574934930295869e-01;

-2.615963829939471e-01 -2.643644254616601e-01;
2.643644254616601e-01 -2.615963829939471e-01;
-9.814811680970162e-02 3.587313259417118e-01;
-3.322632375240833e-01 1.670998445098141e-01;
2.643644254616601e-01 -2.615963829939471e-01;

-5.940001717298811e-01 -3.694510863493226e-01;
3.694510863493226e-01 -5.940001717298811e-01;
-2.295394036933075e-02 6.991447817450575e-01;
-5.349250108510171e-01 4.507610697319169e-01;
5.940001717298811e-01 3.694510863493226e-01;

-2.807061722460757e-02 -6.970311095455635e-01;
6.970311095455635e-01 -2.807061722460762e-02;
-5.896113394822079e-01 3.728254223892012e-01;
-6.715902765587470e-01 -1.886977150297146e-01;
-6.970311095455635e-01 2.807061722460770e-02;

-1.902742738581346e-01 -3.651688934646559e-01;
1.902742738581346e-01 3.651688934646559e-01;
-1.902742738581346e-01 -3.651688934646559e-01;
-1.902742738581346e-01 -3.651688934646559e-01;
-1.902742738581346e-01 -3.651688934646559e-01;

-3.091069192775256e-01 -2.002978087339092e-01;
3.091069192775256e-01 2.002978087339092e-01;
-3.091069192775256e-01 -2.002978087339092e-01;
-3.091069192775256e-01 -2.002978087339092e-01;
2.002978087339092e-01 -3.091069192775256e-01;

-6.005490623461391e-01 -1.200931499708445e-01;
6.005490623461391e-01 1.200931499708445e-01;
-6.005490623461391e-01 -1.200931499708445e-01;
-6.005490623461391e-01 -1.200931499708445e-01;
6.005490623461391e-01 1.200931499708445e-01;

-3.729412429033341e-01 -8.361724595430412e-01;
3.729412429033342e-01 8.361724595430412e-01;
-3.729412429033341e-01 -8.361724595430412e-01;
-3.729412429033341e-01 -8.361724595430412e-01;
-8.361724595430411e-01 3.729412429033343e-01;

-2.431600429877568e-01 -6.772728999924376e-01;
2.431600429877568e-01 6.772728999924376e-01;
-2.431600429877568e-01 -6.772728999924376e-01;
5.689842192117639e-01 -4.405477793133832e-01;
-2.431600429877568e-01 -6.772728999924376e-01;

-5.346476994987940e-01 -2.073733235411378e-01;
5.346476994987940e-01 2.073733235411377e-01;
-5.346476994987940e-01 -2.073733235411378e-01;
3.200852551098481e-02 -5.725620596847670e-01;
2.073733235411378e-01 -5.346476994987940e-01;

-8.066021235117714e-01 4.469979540877170e-01;
8.066021235117714e-01 -4.469979540877171e-01;
-8.066021235117714e-01 4.469979540877170e-01;
-6.743740808697829e-01 -6.289942413594414e-01;
8.066021235117714e-01 -4.469979540877171e-01;

3.139606916679612e+00 -2.292597153550501e+00;
-3.139606916679611e+00 2.292597153550501e+00;
3.139606916679612e+00 -2.292597153550501e+00;
3.150581355035055e+00 2.277492135010744e+00;
-2.292597153550501e+00 -3.139606916679611e+00;

1.748969751622548e-01 -5.435126946603509e-01;
-1.748969751622547e-01 5.435126946603509e-01;
1.748969751622548e-01 -5.435126946603509e-01;
1.779741211840591e-01 5.425128693096819e-01;
1.748969751622548e-01 -5.435126946603509e-01;

-4.543400487387509e-01 -7.257499254261492e-01;
4.543400487387510e-01 7.257499254261491e-01;
-4.543400487387509e-01 -7.257499254261492e-01;
7.941539236726441e-01 3.200896431616241e-01;
7.257499254261492e-01 -4.543400487387509e-01;

1.859670777821848e+00 5.369147161217557e+00;
-1.859670777821848e+00 -5.369147161217557e+00;
1.859670777821848e+00 5.369147161217557e+00;
-4.660410781952030e+00 -3.250644241402055e+00;
-1.859670777821848e+00 -5.369147161217557e+00;

6.998087073285291e-01 -2.946204528437683e-01;
-6.998087073285291e-01 2.946204528437684e-01;
6.998087073285291e-01 -2.946204528437683e-01;
-3.929835798350467e-01 6.496901908346204e-01;
-2.946204528437684e-01 -6.998087073285291e-01;

6.535967492010099e-02 -3.535311863200226e-01;
-6.535967492010095e-02 3.535311863200226e-01;
6.535967492010099e-02 -3.535311863200226e-01;
-2.606775053015555e-01 2.475952847617686e-01;
6.535967492010099e-02 -3.535311863200226e-01;

-1.396722860742185e-01 -4.417991577842265e-01;
1.396722860742186e-01 4.417991577842265e-01;
-1.396722860742185e-01 -4.417991577842265e-01;
-1.466857763435616e-01 4.395203366563791e-01;
4.417991577842265e-01 -1.396722860742186e-01;

3.288954839907475e-02 -1.108189431230597e+00;
-3.288954839907461e-02 1.108189431230597e+00;
3.288954839907475e-02 -1.108189431230597e+00;
-6.779856080158976e-01 8.772120913487246e-01;
-3.288954839907461e-02 1.108189431230597e+00;

3.039234511503839e-01 -4.056403385044938e-01;
-3.039234511503839e-01 4.056403385044939e-01;
3.039234511503839e-01 -4.056403385044938e-01;
-4.843086456776128e-01 1.495282050421143e-01;
-4.056403385044939e-01 -3.039234511503839e-01;

-5.476413044689234e-02 -3.200334150864961e-01;
5.476413044689238e-02 3.200334150864961e-01;
-5.476413044689234e-02 -3.200334150864961e-01;
-3.212929118404601e-01 -4.681198090882412e-02;
-5.476413044689234e-02 -3.200334150864961e-01;

-2.001959830995666e-01 -2.817646229485515e-01;
2.001959830995666e-01 2.817646229485515e-01;
-2.001959830995666e-01 -2.817646229485515e-01;
-3.298380417000327e-01 1.033276373582056e-01;
2.817646229485515e-01 -2.001959830995666e-01;

-4.088139813817769e-01 -4.922868921077052e-01;
4.088139813817770e-01 4.922868921077051e-01;
-4.088139813817769e-01 -4.922868921077052e-01;
-5.945231244107746e-01 2.366801851763976e-01;
4.088139813817770e-01 4.922868921077051e-01;

4.436544982380673e-02 -5.283143794213330e-01;
-4.436544982380667e-02 5.283143794213330e-01;
4.436544982380673e-02 -5.283143794213330e-01;
-4.887471552424436e-01 -2.054521717671428e-01;
-5.283143794213330e-01 -4.436544982380664e-02;

-1.745951942702874e-01 -2.050103084085221e-01;
1.745951942702874e-01 2.050103084085220e-01;
2.648417322546063e-01 -4.869871941248716e-02;
-1.745951942702874e-01 -2.050103084085221e-01;
-1.745951942702874e-01 -2.050103084085221e-01;

-2.057232587143274e-01 -1.240982057659353e-01;
2.057232587143274e-01 1.240982057659352e-01;
2.103338281145321e-01 -1.161124653129583e-01;
-2.057232587143274e-01 -1.240982057659353e-01;
1.240982057659352e-01 -2.057232587143274e-01;

-3.097173472529831e-01 -1.066146681489247e-01;
3.097173472529831e-01 1.066146681489246e-01;
2.471896846595079e-01 -2.149157566393475e-01;
-3.097173472529831e-01 -1.066146681489247e-01;
3.097173472529831e-01 1.066146681489246e-01;

-2.990372653658965e-01 -2.887626665186203e-01;
2.990372653658965e-01 2.887626665186203e-01;
3.995944375526075e-01 -1.145925352257848e-01;
-2.990372653658965e-01 -2.887626665186203e-01;
-2.887626665186203e-01 2.990372653658965e-01;

-2.504989690062108e-01 -2.827936993177771e-01;
2.504989690062108e-01 2.827936993177770e-01;
3.701560121424784e-01 -7.554162112230080e-02;
1.915443520070618e-01 -3.256267357899266e-01;
-2.504989690062108e-01 -2.827936993177771e-01;

-2.860793671926328e-01 -1.281453504130683e-01;
2.860793671926328e-01 1.281453504130683e-01;
2.540168124308922e-01 -1.836793242808624e-01;
3.347008434072012e-02 -3.116767373739182e-01;
1.281453504130683e-01 -2.860793671926328e-01;

-4.456635392615221e-01 -2.950180155942532e-02;
4.456635392615221e-01 2.950180155942526e-02;
2.483810792386306e-01 -3.712050457612491e-01;
-1.096597267895590e-01 -4.329677711363714e-01;
4.456635392615221e-01 2.950180155942526e-02;

-5.849227097591884e-01 -4.478271475781052e-01;
5.849227097591884e-01 4.478271475781052e-01;
6.802910411865560e-01 -2.826443521128367e-01;
2.451578691665942e-01 -6.946807537895870e-01;
-4.478271475781051e-01 5.849227097591885e-01;

-1.240135218957601e-01 -3.875266463460084e-01;
1.240135218957601e-01 3.875266463460084e-01;
3.976146813269113e-01 8.636446279849819e-02;
3.281114943385042e-01 2.406223234118734e-01;
-1.240135218957601e-01 -3.875266463460084e-01;

-2.978342156840524e-01 -2.600271239422761e-01;
2.978342156840524e-01 2.600271239422760e-01;
3.741072028490420e-01 -1.279184349274651e-01;
3.937930506440288e-01 3.530380266056047e-02;
2.600271239422761e-01 -2.978342156840524e-01;

-6.956626613697091e-01 -2.873429033981206e-01;
6.956626613697091e-01 2.873429033981205e-01;
5.966775846248048e-01 -4.587900855113993e-01;
7.316988363685150e-01 -1.764349608615295e-01;
6.956626613697091e-01 2.873429033981205e-01;

-5.095074359486668e-02 -8.411280739200448e-01;
5.095074359486678e-02 8.411280739200448e-01;
7.539136516484674e-01 3.764393986651604e-01;
5.356226945836633e-01 6.505388105687854e-01;
-8.411280739200448e-01 5.095074359486683e-02;

-6.378597903363967e-02 -2.787781825949451e-01;
6.378597903363969e-02 2.787781825949451e-01;
2.733219776648991e-01 8.414881304907898e-02;
-1.122577633491484e-01 2.630287451592831e-01;
-6.378597903363967e-02 -2.787781825949451e-01;

-1.727351876155038e-01 -2.436781105184558e-01;
1.727351876155039e-01 2.436781105184558e-01;
2.973990278629267e-01 -2.775400534326961e-02;
-3.484697361756144e-03 2.986709283989740e-01;
2.436781105184558e-01 -1.727351876155039e-01;

-3.096314396164452e-01 -3.874257427691276e-01;
3.096314396164452e-01 3.874257427691276e-01;
4.903362551263423e-01 -7.443582113362529e-02;
2.277395868433407e-02 4.954308038111950e-01;
3.096314396164452e-01 3.874257427691276e-01;

-2.018032418478107e-02 -4.430495470954785e-01;
2.018032418478112e-02 4.430495470954785e-01;
3.937823250122650e-01 2.040481001471132e-01;
-2.440917646000981e-01 3.702963098926612e-01;
-4.430495470954785e-01 2.018032418478115e-02;

-1.060732268622324e-01 -2.179746760760229e-01;
1.060732268622325e-01 2.179746760760229e-01;
2.418082202946361e-01 1.712522891392818e-02;
-2.400846658180459e-01 3.352375436091500e-02;
-1.060732268622324e-01 -2.179746760760229e-01;

-1.648632393765555e-01 -1.687990157309558e-01;
1.648632393765555e-01 1.687990157309558e-01;
2.286158554450946e-01 -5.837624558481417e-02;
-2.114829465701943e-01 1.046324936119715e-01;
1.687990157309558e-01 -1.648632393765555e-01;

-2.614747927730474e-01 -2.147418830042735e-01;
2.614747927730474e-01 2.147418830042735e-01;
3.167093223247303e-01 -1.190728714885941e-01;
-2.850318217202451e-01 1.823184142613345e-01;
2.614747927730474e-01 2.147418830042735e-01;

-1.447680056825444e-01 -3.277385852856615e-01;
1.447680056825444e-01 3.277385852856615e-01;
3.562139434990279e-01 3.849652206653724e-02;
-3.564336911749584e-01 3.640576258976528e-02;
-3.277385852856615e-01 1.447680056825444e-01;

-3.168673485237903e-01 -1.858252740712911e-01;
3.168673485237903e-01 1.858252740712911e-01;
-2.495733749048488e-03 3.673278104870655e-01;
-3.168673485237903e-01 -1.858252740712911e-01;
-3.168673485237903e-01 -1.858252740712911e-01;

-2.744049786073129e-01 -5.479620100790625e-02;
2.744049786073129e-01 5.479620100790622e-02;
8.974758719993133e-02 2.650397829028115e-01;
-2.744049786073129e-01 -5.479620100790625e-02;
5.479620100790624e-02 -2.744049786073129e-01;

-3.447251923025399e-01 5.565050939895354e-02;
3.447251923025399e-01 -5.565050939895359e-02;
2.205573510243085e-01 2.707155191589985e-01;
-3.447251923025399e-01 5.565050939895354e-02;
3.447251923025399e-01 -5.565050939895359e-02;

-5.881775142745547e-01 -7.776203922330067e-02;
5.881775142745547e-01 7.776203922330061e-02;
2.267448557198173e-01 5.482576889081988e-01;
-5.881775142745547e-01 -7.776203922330067e-02;
-7.776203922330056e-02 5.881775142745547e-01;

-5.370165478410688e-01 -1.682753551056415e-01;
5.370165478410688e-01 1.682753551056415e-01;
1.227775415682017e-01 5.492076502358076e-01;
-5.907866538355987e-03 -5.627330316446988e-01;
-5.370165478410688e-01 -1.682753551056415e-01;

-3.497310644524948e-01 1.790250948558354e-02;
3.497310644524948e-01 -1.790250948558358e-02;
1.903695602322548e-01 2.939247315656415e-01;
-1.250991406809610e-01 -3.270818281253815e-01;
-1.790250948558356e-02 -3.497310644524948e-01;

-3.384825737881495e-01 2.026970682721851e-01;
3.384825737881495e-01 -2.026970682721851e-01;
3.447820972904159e-01 1.917859735027855e-01;
-2.973732352144955e-01 -2.592792186474905e-01;
3.384825737881495e-01 -2.026970682721851e-01;

-7.133771636281968e-01 4.377582971777808e-01;
7.133771636281968e-01 -4.377582971777809e-01;
7.357983878874745e-01 3.989235975928159e-01;
-6.367785480533092e-01 -5.431872467881776e-01;
4.377582971777809e-01 7.133771636281967e-01;

-5.434891738339861e-01 -7.019850782395648e-01;
5.434891738339862e-01 7.019850782395647e-01;
-3.361923239160764e-01 8.216679703418314e-01;
8.523084542090889e-01 2.484629369331976e-01;
-5.434891738339861e-01 -7.019850782395648e-01;

-5.346324091530922e-01 -6.179389136042598e-02;
5.346324091530922e-01 6.179389136042592e-02;
2.138011248597217e-01 4.939021936932667e-01;
4.688482427718934e-01 -2.642567372386392e-01;
6.179389136042595e-02 -5.346324091530922e-01;

-5.183185032073888e-01 4.182519393221555e-01;
5.183185032073888e-01 -4.182519393221556e-01;
6.213760562387888e-01 2.397510213680466e-01;
1.734861559174738e-01 -6.430328990175153e-01;
5.183185032073888e-01 -4.182519393221556e-01;

-1.732537600534424e-01 3.757601227178013e+00;
1.732537600534420e-01 -3.757601227178013e+00;
3.340805000054461e+00 -1.728758456081554e+00;
-2.068497349108741e+00 -3.141799255934802e+00;
3.757601227178013e+00 1.732537600534417e-01;

-1.654260992015920e-01 -4.497367845938020e-01;
1.654260992015921e-01 4.497367845938020e-01;
-3.067704308737663e-01 3.681315966544445e-01;
-1.305161238304296e-01 4.610797231868983e-01;
-1.654260992015920e-01 -4.497367845938020e-01;

-3.634586597770048e-01 -2.481416325763224e-01;
3.634586597770049e-01 2.481416325763224e-01;
-3.316762765913681e-02 4.388352488804927e-01;
1.481902404041992e-01 4.143864378010998e-01;
2.481416325763224e-01 -3.634586597770048e-01;

-8.248540061992099e-01 -8.596869448478896e-02;
8.248540061992099e-01 8.596869448478886e-02;
3.379759297455949e-01 7.573288710242769e-01;
6.167897781164229e-01 5.543871549606818e-01;
8.248540061992099e-01 8.596869448478886e-02;

-6.674227209898455e-02 -1.242809085098108e+00;
6.674227209898470e-02 1.242809085098108e+00;
-1.042933103699565e+00 6.792050456930687e-01;
-6.765092192644938e-01 1.044683793852224e+00;
-1.242809085098108e+00 6.674227209898477e-02;

-2.141538615363276e-01 -2.771711006727711e-01;
2.141538615363276e-01 2.771711006727711e-01;
-1.329602836093499e-01 3.240482347453805e-01;
-3.297825640492835e-01 1.180218450463988e-01;
-2.141538615363276e-01 -2.771711006727711e-01;

-2.656664717501576e-01 -1.448259526871497e-01;
2.656664717501576e-01 1.448259526871497e-01;
7.410281720724117e-03 3.024868898129923e-01;
-2.198331206381979e-01 2.079101485122584e-01;
1.448259526871497e-01 -2.656664717501576e-01;

-4.336698843279910e-01 -8.298399590781540e-02;
4.336698843279910e-01 8.298399590781534e-02;
1.449686936002837e-01 4.170611346382068e-01;
-2.129338342623050e-01 3.868011044144453e-01;
4.336698843279910e-01 8.298399590781534e-02;

-4.530874239796919e-01 -4.678246636033854e-01;
4.530874239796920e-01 4.678246636033854e-01;
-1.786043312075948e-01 6.262975511033566e-01;
-5.849394087508797e-01 2.863459755860822e-01;
-4.678246636033854e-01 4.530874239796920e-01;

-4.096458903536656e-01 -5.906454139079622e-01;
-5.906454139079621e-01 4.096458903536657e-01;
-4.096458903536656e-01 -5.906454139079622e-01;
-4.096458903536656e-01 -5.906454139079622e-01;
-4.096458903536656e-01 -5.906454139079622e-01;

-4.853374795767889e-01 -1.160017490677021e-01;
-1.160017490677020e-01 4.853374795767889e-01;
-4.853374795767889e-01 -1.160017490677021e-01;
-4.853374795767889e-01 -1.160017490677021e-01;
1.160017490677021e-01 -4.853374795767889e-01;

-6.073412798166797e-01 3.296925399028305e-01;
3.296925399028306e-01 6.073412798166796e-01;
-6.073412798166797e-01 3.296925399028305e-01;
-6.073412798166797e-01 3.296925399028305e-01;
6.073412798166797e-01 -3.296925399028305e-01;

-8.546326180858483e+00 9.652101143995734e-01;
9.652101143995749e-01 8.546326180858483e+00;
-8.546326180858483e+00 9.652101143995734e-01;
-8.546326180858483e+00 9.652101143995734e-01;
9.652101143995749e-01 8.546326180858483e+00;

-1.297244126665633e+00 -2.751109215990952e+00;
-2.751109215990951e+00 1.297244126665633e+00;
-1.297244126665633e+00 -2.751109215990952e+00;
2.215589865915078e+00 -2.083891981013708e+00;
-1.297244126665633e+00 -2.751109215990952e+00;

-7.103310842957680e-01 2.081769092314347e-01;
2.081769092314348e-01 7.103310842957680e-01;
-7.103310842957680e-01 2.081769092314347e-01;
-4.174923827469163e-01 -6.112348036575279e-01;
-2.081769092314347e-01 -7.103310842957680e-01;

-2.256992059459816e-01 5.600057924343832e-01;
5.600057924343832e-01 2.256992059459814e-01;
-2.256992059459816e-01 5.600057924343832e-01;
-6.023420483119908e-01 -4.160139372693382e-02;
2.256992059459815e-01 -5.600057924343832e-01;

5.234369662409435e-01 8.370049991587519e-01;
8.370049991587518e-01 -5.234369662409436e-01;
5.234369662409435e-01 8.370049991587519e-01;
-6.342881405690334e-01 7.564669067300586e-01;
8.370049991587518e-01 -5.234369662409436e-01;

7.331813456641924e-01 -5.560676423349716e-01;
-5.560676423349717e-01 -7.331813456641922e-01;
7.331813456641924e-01 -5.560676423349716e-01;
-2.663078091594822e-01 8.808213549083643e-01;
7.331813456641924e-01 -5.560676423349716e-01;

-3.426697229826671e+00 2.433922478222627e-01;
2.433922478222633e-01 3.426697229826671e+00;
-3.426697229826671e+00 2.433922478222627e-01;
2.629193919715091e+00 -2.211070560550918e+00;
-2.433922478222629e-01 -3.426697229826671e+00;

2.521389185575883e-01 7.668233677441322e-01;
7.668233677441322e-01 -2.521389185575885e-01;
2.521389185575883e-01 7.668233677441322e-01;
-6.547121367296584e-01 -4.721695983317094e-01;
-2.521389185575884e-01 -7.668233677441322e-01;

5.865528280069072e-01 1.898666865740137e-01;
1.898666865740136e-01 -5.865528280069072e-01;
5.865528280069072e-01 1.898666865740137e-01;
-5.861320442261161e-01 1.911617258888649e-01;
1.898666865740136e-01 -5.865528280069072e-01;

2.274381520638093e-01 -4.697306586911550e-01;
-4.697306586911550e-01 -2.274381520638092e-01;
2.274381520638093e-01 -4.697306586911550e-01;
-4.601020839171453e-01 2.463352940683225e-01;
2.274381520638093e-01 -4.697306586911550e-01;

-2.676891118864641e-01 -8.727754232581094e-01;
-8.727754232581094e-01 2.676891118864643e-01;
-2.676891118864641e-01 -8.727754232581094e-01;
-2.964394816291515e-01 8.634338618547316e-01;
8.727754232581094e-01 -2.676891118864642e-01;

2.567662385741623e+00 7.856797227869173e-01;
7.856797227869169e-01 -2.567662385741623e+00;
2.567662385741623e+00 7.856797227869173e-01;
-1.615471551802906e+00 -2.144862331075446e+00;
-2.567662385741623e+00 -7.856797227869170e-01;

5.793977656458135e-01 -2.177433677478832e-01;
-2.177433677478833e-01 -5.793977656458135e-01;
5.793977656458135e-01 -2.177433677478832e-01;
-5.967289792570385e-01 -1.644033769373482e-01;
-2.177433677478833e-01 -5.793977656458135e-01;

-4.594907970543983e-02 -4.894567368700122e-01;
-4.894567368700122e-01 4.594907970543992e-02;
-4.594907970543983e-02 -4.894567368700122e-01;
-4.797000655496574e-01 -1.075502780325166e-01;
-4.594907970543983e-02 -4.894567368700122e-01;

-3.709434239787204e-01 -3.713752842541700e-01;
-3.713752842541699e-01 3.709434239787205e-01;
-3.709434239787204e-01 -3.713752842541700e-01;
-4.678267060419493e-01 2.380268864264328e-01;
3.713752842541700e-01 -3.709434239787204e-01;

-1.381309531865112e+00 -3.957773600742223e-01;
-3.957773600742220e-01 1.381309531865112e+00;
-1.381309531865112e+00 -3.957773600742223e-01;
-8.032547571391049e-01 1.191401501049136e+00;
1.381309531865112e+00 3.957773600742222e-01;

4.908571973023033e-01 -8.755429984779695e-01;
-8.755429984779696e-01 -4.908571973023031e-01;
4.908571973023033e-01 -8.755429984779695e-01;
-6.810076582214024e-01 -7.373906019004225e-01;
-8.755429984779696e-01 -4.908571973023031e-01;

-2.727520019634753e-01 -2.384035052669174e-01;
-2.384035052669174e-01 2.727520019634753e-01;
3.428394928941453e-01 -1.170084099999740e-01;
-2.727520019634753e-01 -2.384035052669174e-01;
-2.727520019634753e-01 -2.384035052669174e-01;

-2.750290989673098e-01 -9.687566520528364e-02;
-9.687566520528358e-02 2.750290989673098e-01;
2.214113365599467e-01 -1.897443538829930e-01;
-2.750290989673098e-01 -9.687566520528364e-02;
9.687566520528362e-02 -2.750290989673098e-01;

-3.910156468123178e-01 2.577173144520537e-03;
2.577173144520609e-03 3.910156468123178e-01;
1.932759259930530e-01 -3.399180699889313e-01;
-3.910156468123178e-01 2.577173144520537e-03;
3.910156468123178e-01 -2.577173144520585e-03;

-5.839608834364907e-01 -2.752713323678279e-01;
-2.752713323678278e-01 5.839608834364907e-01;
5.303724084823738e-01 -3.680892936884905e-01;
-5.839608834364907e-01 -2.752713323678279e-01;
-2.752713323678278e-01 5.839608834364907e-01;

-4.791773727817887e-01 -3.262920220130395e-01;
-3.262920220130394e-01 4.791773727817887e-01;
5.221658665063778e-01 -2.518337667411954e-01;
1.622482022411108e-01 -5.565545427763057e-01;
-4.791773727817887e-01 -3.262920220130395e-01;

-3.823516721365445e-01 -4.347170580975361e-02;
-4.347170580975354e-02 3.823516721365445e-01;
2.288234376453623e-01 -3.093904083448294e-01;
-7.680911543303828e-02 -3.770715451714907e-01;
4.347170580975359e-02 -3.823516721365445e-01;

-4.356531583259233e-01 1.973120543416960e-01;
1.973120543416960e-01 4.356531583259232e-01;
4.694932763015718e-02 -4.759427295200216e-01;
-3.222791446010833e-01 -3.533579970838163e-01;
4.356531583259233e-01 -1.973120543416960e-01;

-1.258861211903862e+00 3.117209127136949e-01;
3.117209127136951e-01 1.258861211903862e+00;
3.594723766509993e-01 -1.246066245704457e+00;
-6.854737133395676e-01 -1.100921099161781e+00;
3.117209127136951e-01 1.258861211903862e+00;

-2.157228532706904e-01 -6.836960969579451e-01;
-6.836960969579451e-01 2.157228532706905e-01;
6.999596150691944e-01 1.550265773696916e-01;
5.763899372128467e-01 4.263230496918344e-01;
-2.157228532706904e-01 -6.836960969579451e-01;

-5.415891098802591e-01 -2.243731135618915e-01;
-2.243731135618914e-01 5.415891098802591e-01;
4.651073712109382e-01 -3.568433707883604e-01;
5.700380010241545e-01 -1.368164296374340e-01;
2.243731135618914e-01 -5.415891098802591e-01;

-8.470680122468206e-01 4.744601621882725e-01;
4.744601621882726e-01 8.470680122468205e-01;
1.263945258468117e-02 -9.708124984330708e-01;
4.064117311645224e-01 -8.817404196515876e-01;
8.470680122468205e-01 -4.744601621882726e-01;

2.665840505208042e+00 -1.800500928239609e+00;
-1.800500928239610e+00 -2.665840505208041e+00;
2.263592907889439e-01 3.208936064067511e+00;
-1.098402380648250e+00 3.023577583258914e+00;
-1.800500928239610e+00 -2.665840505208041e+00;

-7.567505304987054e-02 -4.027813078147027e-01;
-4.027813078147027e-01 7.567505304987061e-02;
3.866563712619874e-01 1.358541355334283e-01;
-1.755265086649863e-01 3.703376031878257e-01;
-7.567505304987054e-02 -4.027813078147027e-01;

-2.898870380804523e-01 -3.104524264020734e-01;
-3.104524264020734e-01 2.898870380804524e-01;
4.138032069709405e-01 -9.582332600446201e-02;
5.204418247855031e-02 4.215526147186514e-01;
3.104524264020734e-01 -2.898870380804523e-01;

-7.859428115375325e-01 -4.773748949187882e-01;
-4.773748949187880e-01 7.859428115375326e-01;
8.063901918973636e-01 -4.419589932538747e-01;
3.552471680927577e-01 8.481699964442985e-01;
7.859428115375326e-01 4.773748949187880e-01;

1.422924559637293e-01 -7.792585004660050e-01;
-7.792585004660050e-01 -1.422924559637292e-01;
6.037114295366636e-01 5.128581318644705e-01;
-5.731536693434708e-01 5.467959627601797e-01;
-7.792585004660050e-01 -1.422924559637292e-01;

-1.559783946668567e-01 -2.852521366560504e-01;
-2.852521366560504e-01 1.559783946668567e-01;
3.250247941613583e-01 7.544816105012057e-03;
-3.194908780612338e-01 6.019651074068687e-02;
-1.559783946668567e-01 -2.852521366560504e-01;

-2.389794035616404e-01 -1.835463255765691e-01;
-1.835463255765691e-01 2.389794035616404e-01;
2.784454825014185e-01 -1.151890716773494e-01;
-2.484116259877636e-01 1.705639851593905e-01;
1.835463255765691e-01 -2.389794035616404e-01;

-4.277922399249354e-01 -1.893623454335422e-01;
-1.893623454335421e-01 4.277922399249354e-01;
3.778887216281193e-01 -2.757977746000705e-01;
-3.122893647640340e-01 3.483384145674459e-01;
4.277922399249354e-01 1.893623454335421e-01;

-2.646452038527902e-01 -5.113132802480403e-01;
-5.113132802480403e-01 2.646452038527903e-01;
5.751328919135500e-01 2.646717059779232e-02;
-5.680676925184832e-01 9.368805258421098e-02;
-5.113132802480403e-01 2.646452038527903e-01;

-4.795046265286486e-01 -8.706713063496806e-02;
-8.706713063496797e-02 4.795046265286486e-01;
1.643499662998239e-01 4.587967531234634e-01;
-4.795046265286486e-01 -8.706713063496806e-02;
-4.795046265286486e-01 -8.706713063496806e-02;

-3.119587551130061e-01 3.052925436065041e-02;
3.052925436065047e-02 3.119587551130061e-01;
1.824184873914233e-01 2.548995796805066e-01;
-3.119587551130061e-01 3.052925436065041e-02;
-3.052925436065043e-02 -3.119587551130061e-01;

-2.976764667120763e-01 1.748229429305816e-01;
1.748229429305816e-01 2.976764667120763e-01;
3.002393430982790e-01 1.703839108161599e-01;
-2.976764667120763e-01 1.748229429305816e-01;
2.976764667120763e-01 -1.748229429305816e-01;

-5.536000445485415e-01 3.258345239026506e-01;
3.258345239026507e-01 5.536000445485414e-01;
5.589809974039742e-01 3.165144401639083e-01;
-5.536000445485415e-01 3.258345239026506e-01;
3.258345239026507e-01 5.536000445485414e-01;

-6.517349602280919e-01 2.285900298537173e-01;
2.285900298537174e-01 6.517349602280919e-01;
5.238322530192085e-01 4.501240171651094e-01;
-4.187992159912424e-01 -5.491985768528141e-01;
-6.517349602280919e-01 2.285900298537173e-01;

-3.275723236402533e-01 1.501869534700638e-01;
1.501869534700639e-01 3.275723236402533e-01;
2.938518788421935e-01 2.085924771141251e-01;
-2.440616956519499e-01 -2.651294720003586e-01;
-1.501869534700639e-01 -3.275723236402533e-01;

-2.107931555120625e-01 2.642074471780271e-01;
2.642074471780272e-01 2.107931555120624e-01;
3.342069388812379e-01 5.044850402831615e-02;
-3.164148816435187e-01 -1.188316129217330e-01;
2.107931555120625e-01 -2.642074471780271e-01;

-2.187668847762866e-01 5.192974096382555e-01;
5.192974096382555e-01 2.187668847762866e-01;
5.591081912543265e-01 -7.019102509608068e-02;
-5.614838705339952e-01 -4.758794660296882e-02;
5.192974096382555e-01 2.187668847762866e-01;

-2.499326606960486e+00 8.318535711613680e-01;
8.318535711613685e-01 2.499326606960486e+00;
1.970069628334795e+00 1.748553548401461e+00;
1.533046438329028e+00 -2.142050996134597e+00;
-2.499326606960486e+00 8.318535711613680e-01;

-5.166542853851266e-01 2.716124040017923e-01;
2.716124040017924e-01 5.166542853851266e-01;
4.935503845410777e-01 3.116295341167185e-01;
2.583323316812527e-01 -5.234208202035681e-01;
-2.716124040017924e-01 -5.166542853851266e-01;

-1.856438682150690e-01 4.321758374112814e-01;
4.321758374112815e-01 1.856438682150689e-01;
4.670971882075173e-01 -5.531561277458072e-02;
-1.038375393400070e-01 -4.587563249392958e-01;
1.856438682150689e-01 -4.321758374112814e-01;

1.834071882782110e-01 7.380550545735677e-01;
7.380550545735677e-01 -1.834071882782111e-01;
5.474708325131141e-01 -5.278628115723903e-01;
-5.821974086658579e-01 -4.892950414999840e-01;
7.380550545735677e-01 -1.834071882782111e-01;

-3.718584200547310e-01 -9.014711538752499e-01;
-9.014711538752498e-01 3.718584200547312e-01;
-5.947677100074712e-01 7.727744153161671e-01;
-2.290316682892554e-01 9.478783786728209e-01;
-3.718584200547310e-01 -9.014711538752499e-01;

-6.271090681533392e-01 -1.097028980474423e-01;
-1.097028980474421e-01 6.271090681533392e-01;
2.185490374988106e-01 5.979438329880997e-01;
4.428601478566573e-01 4.573569706919712e-01;
1.097028980474422e-01 -6.271090681533392e-01;

-5.645308313951783e-01 5.746549894031843e-01;
5.746549894031844e-01 5.645308313951782e-01;
7.799312349322243e-01 2.015705465061816e-01;
7.944887643747964e-01 -1.330827551710370e-01;
5.645308313951782e-01 -5.746549894031844e-01;

2.284471469682457e+00 1.661705022435466e+00;
1.661705022435466e+00 -2.284471469682458e+00;
2.968430281840740e-01 -2.809262838183513e+00;
-8.714505362899205e-01 -2.687126241950755e+00;
1.661705022435466e+00 -2.284471469682458e+00;

-3.972793889967235e-01 -3.502798014789306e-01;
-3.502798014789305e-01 3.972793889967236e-01;
-1.047115120149618e-01 5.191939440105879e-01;
-4.559019704379927e-01 2.695927402518188e-01;
-3.972793889967235e-01 -3.502798014789306e-01;

-3.704658697146670e-01 -8.228011877568590e-02;
-8.228011877568583e-02 3.704658697146670e-01;
1.139762617711887e-01 3.619729137958406e-01;
-1.927332927008825e-01 3.269080244562093e-01;
8.228011877568588e-02 -3.704658697146670e-01;

-4.817859734064094e-01 1.486959287491979e-01;
1.486959287491980e-01 4.817859734064094e-01;
3.696674384393311e-01 3.428909277823654e-01;
-7.461821450572280e-03 5.041552584456377e-01;
4.817859734064094e-01 -1.486959287491980e-01;

-1.332564259883382e+00 -1.666952197006213e-01;
-1.666952197006210e-01 1.332564259883382e+00;
5.219198349915256e-01 1.237382111084528e+00;
-5.703215773321669e-01 1.215832266975562e+00;
-1.666952197006210e-01 1.332564259883382e+00;

