40

2.732734847042390e-45
2.499642095443639e-50
1.093250450543954e5

2.907458089713286e-56
1.171878461431779e-59
2.481023574885921e3

2.601048036774048e-53
3.038473034280440e-58
8.560378872639952e4

1.571997044388855e-54
1.836363866339089e-59
8.560378872639952e4

2.007692248843557e-46
1.836443102168050e-51
1.093250450543954e5

2.824650982474294e-57
4.313437275390183e-61
6.548492077513247e3

1.356595595808283e-56
6.410044902922933e-60
2.116358959029578e3

5.150575836891591e-59
7.732577845713181e-63
6.660878092222491e3

4.018099844805564e-53
4.693834121814301e-58
8.560378872639952e4

7.616552683975515e-54
2.468245653350355e-57
3.085816305859562e3

9.333028301331656e-58
1.109572989618006e-60
8.411369408464735e2

5.528212178611390e-46
5.056674960308311e-51
1.093250450543954e5

9.893753402815725e-54
1.510844525076195e-57
6.548492077513247e3

5.228246021860356e-57
2.470396621307419e-60
2.116358959029578e3

2.794066244634200e-57
4.266732266850709e-61
6.548492077513247e3

2.029064153413069e-58
1.730730904253599e-61
1.172374138825545e3

2.892463194838782e-55
2.219035155854293e-58
1.303477859378587e3

7.893679798911618e-56
3.729839763350512e-59
2.116358959029578e3

9.933481198580404e-59
4.983414006207808e-62
1.993308439998428e3

2.490585952267398e-45
2.278147656859589e-50
1.093250450543954e5

1.627007277349226e-55
1.459763448236406e-59
1.114569130577200e4

9.214235227882730e-56
8.389307235455943e-60
1.098330883501366e4

3.037483844131062e-60
3.611164480630594e-63
8.411369408464735e2

5.429254685070149e-57
4.871169078815697e-61
1.114569130577200e4

1.655402832769857e-56
6.672257569523390e-60
2.481023574885921e3

2.394434623494922e-57
1.201236384418665e-60
1.993308439998428e3

1.422817748011647e-54
1.213620891908270e-57
1.172374138825545e3

1.363637507811898e-55
1.046153180125354e-58
1.303477859378587e3

1.590807688236480e-54
7.980740242276475e-58
1.993308439998428e3

2.675966862491217e-59
4.086386347904693e-63
6.548492077513247e3

2.647869045062636e-52
3.093168053023399e-57
8.560378872639952e4

5.225348147263665e-57
7.844833781547498e-61
6.660878092222491e3

2.331604935122090e-60
2.771968298973639e-63
8.411369408464735e2

3.602424858295104e-57
5.408333268404117e-61
6.660878092222491e3

1.976846302779119e-59
2.350207447540861e-62
8.411369408464735e2

1.222012932160907e-53
3.960096165933351e-57
3.085816305859562e3

2.939071595753672e-57
2.675943688648919e-61
1.098330883501366e4

3.620331305297535e-58
1.816242400147761e-61
1.993308439998428e3

5.932770609217219e-56
8.906889642890418e-60
6.660878092222491e3

3.600651646718369e-54
1.701342596611961e-57
2.116358959029578e3

