0
-1.421018308777843e-01 -3.704242142722097e-01
5.271675234054640e-02 -4.703886537195727e-01
-3.469817704242696e-01 -2.626328345016527e-02
3.397936924656544e-03 -6.656592737557027e-01
-5.446947469680176e-03 -5.320262319683843e-02

1
1.007505295742364e-01 -6.111148002390654e-01
-2.072010918798966e-01 -7.266021816005687e-01
5.253172566526514e-01 -1.180551458403643e-01
-2.744949355042844e-01 -1.000408721845201e+00
3.064981601094488e-02 1.451730967338681e-01

2
-1.444710294980090e-01 -3.510850680082326e-01
2.181832886509878e-01 -2.409547062746077e-01
-3.366769931905815e-01 -2.987056670261216e-01
-4.464544596183543e-01 -4.583571529465000e-01
8.345052360489801e-02 9.842151716158673e-02

3
3.238610237875468e-02 -1.771326907791719e-02
1.378292482452659e+00 -1.612342030824976e+00
7.060239092092668e-01 2.001586252843675e+00
2.833877276754776e-01 -4.284768835373396e-01
-4.502037968612510e-01 4.207959191609431e-03

4
2.296084971652353e-01 -2.910658753341336e-01
4.955900371291245e-01 -6.409664430610267e-01
-2.959022317994582e-01 -1.141460071912826e+00
2.633151244436183e-02 1.901787245620278e-01
9.076841186315467e-02 -1.467261944085564e-01

5
-4.317873590260435e-02 -1.857159500941808e-02
-1.485449810755942e-01 -9.944661719693082e-04
1.183995236669322e-01 -9.386428437401987e-03
-1.023154696181409e-03 -2.314253982413960e-02
9.740619487685929e-01 -4.596559950735054e-01

6
-1.959567249463237e-01 -5.268096316590389e-01
-2.466468491127338e-01 -6.700692832264195e-01
-1.323193766629513e+00 -2.018526057319888e+00
7.605691923789661e-02 1.519357980454511e-01
8.051892255777220e-02 2.725402559536574e-01

7
3.544651511288393e-01 -2.283818779526479e+00
-5.214659963016878e-02 -2.871162823068332e+00
3.786687105503957e+00 -3.394454022066296e+00
-1.706649267967881e-01 5.822105567240452e-01
-1.925875034685976e-03 -8.061883154491890e-01

8
1.850633531539551e-01 -4.908299722287938e-02
9.701345507327661e-01 -9.550898547952530e-02
-7.029155634592632e-01 -6.340253765350926e-01
-2.317223759908223e-01 1.306830817256943e-01
-2.940490754216262e-02 -2.094325313533815e-01

9
1.630324559575300e-02 -8.742604399855240e-03
6.178600583052607e-01 -3.941202071679712e-01
-6.517653903189926e-01 -3.361267709865761e-01
-9.507148998197321e-02 1.546496241560874e-01
2.001649068501737e-01 7.606910832552835e-03

10
4.338970280988627e-01 8.446253521600048e-01
7.939199000269842e-01 1.135905236647550e+00
1.568573559538438e-01 -1.259140545153922e+00
-1.523417917480731e+00 -1.688827057339521e-01
1.186994878222715e-01 2.681734574262667e-01

11
1.361249858517597e-01 -5.994510678118127e-01
7.267356359681980e-01 -8.052544628893052e-01
-1.937006591020088e-01 -9.408267291279684e-01
-3.953938856829591e-02 2.647354116971924e-01
4.322311340430049e-02 -2.628299059114372e-01

12
3.860915690968981e-01 -2.324574266804222e-01
5.798807848520122e-01 -1.069356849418210e+00
1.542300207132327e+00 -4.261395309335337e-01
-3.052835501025216e-01 -4.441548299700807e-03
1.827561765967422e-01 -1.419866148758907e-01

13
2.552403163566176e-01 -2.892214711639590e-01
1.345172189663768e-01 -1.107503424883134e+00
7.770414680331990e-01 -1.587300601728609e+00
-2.653848809583363e-01 9.946176350260179e-02
5.112588559964529e-02 2.140326083876622e-01

14
-3.484356996450732e-02 -3.164132720049353e-02
-1.489575221334188e-01 -6.066962286846076e-04
1.228166406084061e-01 -1.942712282124959e-02
2.778358129019396e-02 2.831878665804087e-02
1.026031541950264e+00 -5.032318597907709e-01

15
5.682790178136702e-01 -2.377751532281848e-02
4.584169849761813e-01 -4.032651177849764e-01
4.180150874565356e-01 4.015310080122551e-01
-1.606670672908120e-01 -1.177730235611681e-02
8.564274389855336e-01 -1.196628647108465e-01

16
4.586905366051387e-02 1.734437725063058e-03
1.276451358579899e-01 -1.415736404461549e-02
-9.169602703015999e-02 1.730393550783704e-02
1.079081271804876e-02 -1.872471407967819e-02
7.754081844951785e-01 -4.343654086479745e-01

17
-7.053627706734696e-01 -4.055652893551024e-01
-6.476139401160529e-01 -4.095578095698661e-01
-6.082799990434704e-01 -2.100157007250716e+00
-1.613235555304432e-01 -7.311025141372821e-02
2.599933578396982e-02 6.926016813802986e-02

18
-1.550521312803414e-01 -4.355036115765137e-01
1.674399506767900e-01 -7.566733473059886e-01
-5.062129027174067e-01 -4.659285794149525e-01
-8.561499053060465e-02 -1.942858860748214e-01
8.344679990793440e-02 1.833181662224448e-01

19
-3.144764846782233e-01 -4.521596434836337e-01
-2.785844121991560e-01 -3.992975920829808e-01
-1.399104466197408e+00 -1.315086310052608e+00
-6.419942085379851e-02 -1.001081443692013e-01
1.975821178213572e-01 3.010418722311785e-01

20
3.438895493854213e-03 -2.587495391529959e-02
3.393365873121553e-01 -1.371494760893287e+00
1.019494987291133e+00 9.800767339038456e-01
4.180530441633784e-02 -3.384818918815499e-01
2.208897989624116e-01 2.126995433930569e-01

21
-1.002898569854810e-01 -2.549751785810509e-01
-1.340725239514024e-01 -3.156871445024690e-01
-4.753455812988045e-02 1.794141442496021e-01
-2.492115249904963e-02 -6.035015151676110e-02
9.208050465357150e-01 -2.235802960584488e-01

22
-4.607880728719303e-01 5.608234681611824e-01
-3.605898213245132e-01 5.759463293513515e-01
-1.025859655801924e+00 -1.790674945217961e+00
-5.342671147340626e-02 1.256949252124336e-01
3.022679299203546e-01 -2.426621830846136e-01

23
1.387093772877976e-01 2.909220976740149e-01
1.940387132990093e-01 3.542395715091997e-01
-2.343814339158015e-01 -8.548464797215086e-02
4.587365522040266e-02 6.364257830972307e-02
8.489276853896592e-01 -5.866561722441642e-01

24
2.000236884674615e-01 -4.576673842033450e-02
2.517260112275330e-01 -6.754944110199670e-02
-4.192518371869008e-02 4.011507194139037e-02
4.371968340410089e-02 -1.632471278755137e-02
7.542428956013174e-01 -4.703712742316329e-01

25
-5.242351066048347e-01 -4.501104150168315e-01
-5.643587942138271e-01 2.805482221353791e-01
-3.186483443538214e-01 -7.872539274760196e-01
-4.946298940008773e-01 -1.006387645964603e+00
2.601457811236031e-02 -1.274163752590791e-01

26
8.622888112622278e-02 6.092567665078426e-01
2.281583196299954e+00 2.105604504161169e+00
-2.986915146789539e+00 3.723249068874144e-01
-6.285877486388809e-01 3.038032372449001e-01
-2.407891684228892e-02 -8.599214477611627e-01

27
3.745051558541583e-02 1.388449843229917e-02
1.264006807743588e-01 -7.278085595149588e-03
-9.847744306176283e-02 1.965012435717853e-02
1.421115143647126e-03 2.008707661458020e-02
8.120457352357557e-01 -4.288184116746907e-01

28
3.905225919092302e-02 -2.555289110277828e-02
1.288653311157571e-01 -2.728620946865600e-02
-9.807172397498380e-02 6.601836066368584e-03
-3.386802645029926e-02 2.561770299060026e-02
8.193806188510818e-01 -3.993680573823934e-01

29
-2.892810543111506e-01 -7.066124835898923e-01
-2.871157760736506e-01 -2.458964733028767e+00
2.592546612510980e+00 -1.696359936412897e+00
4.981790714884489e-01 3.887761994450281e-01
-4.119855686955883e-02 -4.439696801260769e-01

30
7.732642734903110e-02 7.993531286019907e-02
5.164668917453295e+00 2.986338616077229e+00
-5.180218652183909e+00 2.978813626436993e+00
-1.179307541963179e+00 8.594837224824995e-01
-3.795001496071062e-01 -1.427482553979010e+00

31
-7.105461135796503e-01 1.063305334842845e+00
-3.805323577530110e+00 3.243716513468118e+00
-3.807919292883596e+00 -4.922458363095870e+00
-1.407936239708684e-02 -1.272997592496748e+00
1.094461931486635e+00 1.598583545488445e-01

32
2.063504438731776e-01 1.503438289296996e-01
9.010012518083228e-01 -2.233051111085109e-03
-9.777476237458936e-01 3.317906959586603e-01
-1.486649403839225e-01 -1.628369418309901e-01
1.249034923676752e-01 -2.344720255539654e-02

33
7.493959275360303e-01 7.446398475030976e-02
9.890464520301928e-01 -8.070498809087289e-01
7.362755021143890e-01 5.010683772078596e-01
-2.943004541020608e-01 -7.335622141483455e-02
3.307407361821224e-01 1.443864069275894e-01

34
-3.397828094519114e-01 4.344491027069819e-01
-3.935138563386232e-01 4.686302361797551e-01
-1.344657753669564e+00 -1.755461903003845e+00
1.459031820643003e-01 -1.219610967838149e-01
1.142806634162405e-01 -1.931337473127865e-01

35
2.621290566184462e-02 2.391954242341677e-02
1.141565863812899e-01 1.201252956143781e-03
-9.607540076452051e-02 1.800495305635478e-02
-2.083762501546618e-02 -2.175359358603151e-02
7.776026927850983e-01 -4.021843662554178e-01

36
1.057349129521969e+00 2.896341848119489e-01
1.754208774229273e+00 5.472884460372751e-01
-3.626153295921490e+00 -4.303321060389643e-01
3.935924167354485e-01 8.629703670705766e-02
-2.864771931355730e-01 4.257899863538341e-02

37
4.524091050548215e-01 -1.911245461312569e-01
6.227473079127366e-01 -3.472905637292698e-01
-6.513077762474354e-02 4.880124914867641e-01
-2.688077220304949e-01 -9.090715678319602e-01
-1.503337939168634e-01 1.012611331997884e-01

38
1.375814353684386e-02 -1.534234549415043e-02
-1.726418756420447e-02 -5.013967486363584e-01
2.732919522077220e-02 4.903975393129133e-01
-1.587373774374800e+00 -3.810151164722562e+00
-2.651988573269046e+00 2.144009296456173e+00

39
3.989640260544372e-01 -1.347311009668316e-01
5.929664021623715e-01 -2.775970567283412e-01
-7.416491200125866e-02 4.759546007130752e-01
-1.427911606420784e-01 -6.423174680716210e-01
1.004892560572075e-01 -9.431117645235419e-02

40
3.036570116096144e-01 -6.380701102810262e-01
2.894533594707572e-01 -6.352279034798365e-01
-1.151873788034142e+00 -1.191887112908286e+00
8.512692375213390e-02 -1.292212940788960e-01
1.698304121953428e-02 1.205265920091560e-01

41
4.114552176965711e-04 -2.608427447234590e-03
-6.882663868823352e-03 -6.582761258891590e-02
7.193973127942693e-03 6.393618668751451e-02
-2.399022643906089e-01 -4.867186930137511e-01
4.418390549134876e-01 -7.674168700761265e-02

42
6.112389972236604e-01 -4.768674971091458e-01
6.440588761894133e-01 -4.330795112864279e-01
-1.501050306368146e+00 -1.505268711825000e+00
1.516475451982165e-01 -7.541603373069734e-02
-2.061974214533453e-01 4.958983844843920e-02

43
-3.708798771245016e-01 2.484345184757163e-02
-4.808351365768354e-01 4.187346678824704e-02
3.893363825178354e-01 2.897856700972609e-02
-9.594204195099197e-02 1.190409158697540e-02
1.169181339561782e+00 -4.690887590889812e-01

44
3.437363128990398e-01 -1.850572083961905e-02
1.013806736946975e+00 -3.509915963283489e-01
-1.158875210090427e+00 3.246041162291714e-01
2.779480303763565e-02 -7.912803319090435e-02
6.448189377522437e-02 7.560820914653631e-02

45
-5.287366246855679e-01 -7.565036761757911e-01
-6.098670776662689e-01 -1.252465577041989e+00
-5.313411342329337e-01 8.227850631336504e-01
9.721837327985342e-01 -1.177845473488524e+00
-1.105114158764251e-01 -2.177085016154910e-01

46
-5.291492816883111e-01 -2.371118551295969e-01
-6.750959466315560e-01 -4.647480999759214e-01
-4.535866830226315e-02 5.348171734941484e-01
4.722110891718146e-02 -1.109606235257605e+00
1.927363649513701e-01 9.176999649089197e-02

47
3.281268030954983e-01 -8.363225638175792e-02
1.127509008609600e+00 -7.387612662755598e-01
-1.489075632526253e+00 -1.125588412684696e-01
2.458872921185806e-01 5.537702218344028e-02
-2.745736688295438e-01 2.156422956763294e-01

48
-2.007212082163132e-02 -4.479166640549555e-02
1.644347604426375e+00 -8.981238051460378e-01
-4.482129177146804e-02 1.867980430109430e+00
4.714175775451022e-02 4.603606934319743e-01
3.951892942457255e-01 -3.129945890217995e-01

49
3.096866433078099e-01 -1.889843326048705e-02
9.106876384371934e-01 -8.988058245757885e-02
-1.101457181301782e+00 -3.727543282571889e-01
-2.388263079984448e-01 9.584214426113474e-02
1.439251146455310e-01 5.988843774491388e-02

50
-4.556283646221056e-02 3.049073886945671e-02
-1.469899429720532e-01 3.456930890412350e-02
1.174587339357250e-01 -1.531956235954867e-02
3.901556591024882e-02 -3.024159974609706e-02
9.552874326340113e-01 -5.044123383907814e-01

51
3.116736888055521e-01 9.829369631337286e-02
8.078042599166385e-01 -6.787152116611895e-03
-6.274465957058497e-01 -1.325596566988592e+00
-2.029183918559112e-01 1.285227338784156e-01
-1.353721633724967e-01 -2.064499433519183e-01

52
1.699289398585908e-01 1.183774392474019e-02
4.305838525616437e-01 -3.660734590290848e-01
-1.772010151271604e-01 -7.052657435735739e-01
-1.362910780202079e-01 -6.789478579945935e-02
9.429869384005915e-02 -4.536196673725142e-02

53
1.183733516131526e-02 -6.943922567227379e-03
4.498531813315347e-01 -3.496220141022522e-01
-5.289657622690526e-01 -2.139315225364979e-01
-7.979318378201349e-02 -1.137522897936521e-01
1.483218444546308e-01 7.040332000911070e-03

54
1.772616739488398e-01 3.575426648161917e-02
5.390276440000066e-01 -4.075116160545647e-01
-5.156076786553037e-01 -6.806541414449967e-01
-1.518956630960215e-01 -1.055658674487294e-01
-5.980934151251047e-02 1.359336821051131e-01

55
-5.710041693799617e-02 -7.580229872561605e-03
-1.652109115955210e-01 4.127108790645631e-03
1.275838255683368e-01 -6.697018599378902e-03
-1.474775423220237e-02 2.173077598476937e-02
1.028451723043784e+00 -4.524922653345002e-01

56
-2.031440732126223e-02 -9.681911999737891e-02
4.383253344828466e-01 -3.979212084782260e-01
-5.053271715150168e-01 -1.866247846316083e-01
-9.236616620725722e-02 -1.176897889213135e-01
1.594990855392333e-01 -4.676148035836513e-05

57
1.206929354907906e-01 -1.184793687954955e-01
7.372350557275077e-01 -5.462838869867609e-01
-8.265162840303596e-01 -1.954580814430848e-01
-1.030542572865566e-01 -1.713264826622276e-01
-1.457991123661096e-01 2.043079661313012e-01

58
-9.601420405421232e-03 -5.683134025048575e-03
5.853861459325644e-01 -4.617428228620994e-01
-6.926212488777510e-01 -2.772872606331171e-01
-1.032330516180126e-01 -1.481545529599061e-01
-9.042932799527027e-02 1.454222313670812e-01

59
1.524854549263246e-01 3.786133375249703e-01
4.137388143017007e-01 1.045736756085499e-01
-2.711306395398436e-01 -6.499173759667168e-01
-2.446797868784137e-01 -4.114220686809600e-01
-1.374572470030803e-01 -5.327796234554871e-02

60
3.449973112256187e-02 8.182914624684932e-03
-1.256404460765699e-01 1.391938896922628e-02
1.515253987834116e-01 -6.718818444464932e-03
3.240584870371350e-03 1.707591975832493e-02
1.036493535255008e+00 -4.692110285577206e-01

61
-5.814300817053087e-01 -2.374263100015346e-01
3.138147539598233e-01 -9.472018148970041e-01
-4.988093296764237e-01 -1.507161572997465e-01
8.596168147488466e-02 7.618955761628049e-03
-8.419081388322824e-02 9.067471210011416e-02

62
-3.049225814940650e-01 8.262052107432695e-02
3.594345007120618e-01 -4.944439777240853e-01
-3.515711553803603e-01 3.180342993125508e-02
-1.054575665369164e-01 -1.844891329960008e-02
1.927098294940138e-01 7.119136020594209e-02

63
-1.292925699023181e-01 3.378556987661875e-01
-1.099699392914538e-01 -2.919204421426296e-01
-1.595812078280476e-01 4.392664013836053e-01
-3.583268904755293e-02 9.555775360707715e-02
9.912429024021574e-01 1.081978636254742e-01

64
-1.103314396529833e-01 -3.040938530637173e-01
1.304125224990902e-01 -5.248287849864871e-01
-8.889189340623256e-01 -6.051508115513028e-01
-1.178674748513845e-02 -1.520525394560188e-01
1.407811520213079e-01 1.604147693515128e-01

65
-1.147849167919010e-04 -1.711170916421479e-03
4.698124748849528e-02 -3.703821547836220e-02
-4.706883595208374e-02 3.580087805927986e-02
2.633494668429225e-01 -4.187925503975965e-01
3.859705840561897e-01 -6.135694286956671e-01

66
-1.794186019103644e-01 -3.641873085533092e-01
6.479375761095815e-02 -4.825898863946688e-01
-4.092435144629109e-01 -4.827132902913184e-02
-1.301977974466796e-01 -5.824465899564932e-01
4.752831114306094e-02 9.388101435345779e-02

67
-2.848552972767880e-01 -2.540109045460381e-01
-1.023612892045827e-01 -7.052603841589515e-01
-3.067302840536396e-01 -1.188209287758432e+00
-7.372422902149436e-02 -1.418409048473911e-01
-4.099009444146951e-02 1.575722312459254e-01

68
-1.011445678197486e+00 7.908946466400089e-02
5.083730866790897e-02 -1.243385214911437e+00
3.666200283852056e-01 1.189197438143109e+00
-3.994542030949680e-02 -3.467241685508478e-01
6.464718555320726e-03 3.581470053843133e-01

69
-2.751752986699794e-02 -1.198098165619168e-01
3.289371045299908e-02 -6.045757873583214e-02
-7.550224740438696e-02 -2.756145623532389e-02
6.975370861613780e-03 2.765029806660727e-02
8.635331136487615e-01 -4.570811395600537e-01

70
-1.283370313217474e-02 -2.619986122852371e-03
5.061085814218331e-01 -7.262874995748442e-01
-8.828799358796755e-01 -7.575643740212470e-02
2.026123035361009e-01 -8.021794107438221e-02
-2.012509594709646e-02 1.828146279558319e-01

71
-1.363765994452056e-01 -4.242171045465767e-02
3.510755119811385e-01 -7.638924716956779e-01
-8.116178791932489e-01 -4.413604260499197e-02
1.910523608096551e-01 -1.047222004022468e-01
3.978676074811096e-02 2.024460128776263e-01

72
-1.353222222915697e-03 -1.913753648892715e-02
8.460560976893315e-01 -2.072481010768555e-01
-6.001830245298696e-01 -6.291104927938356e-01
-1.621898478024131e-01 1.415323278346771e-01
-6.421488249345773e-02 -2.189076677623792e-01

73
-3.865675109278126e-02 -4.417896368740942e-01
2.473416729230796e-02 -1.091642828566750e+00
-6.185797242155003e-01 -1.917503656471405e+00
1.707508652932065e-01 2.006219187549063e-01
-1.381463191026520e-01 2.208211025522998e-01

74
-9.849444988274240e-02 -7.844728875056391e-02
5.567139954502034e-01 -4.711963453121127e-01
-6.645303052611586e-01 -3.294284032034224e-01
-6.048808999125301e-02 1.884474976905910e-01
2.136323624402226e-01 -6.254310656497126e-03

75
-2.092472518150144e-02 -5.650502768998976e-02
8.744550893715700e-02 -2.629014974364603e-02
-1.083800369642760e-01 -1.318469430355573e-02
-2.734770704860243e-02 3.332522028260934e-03
7.997566890985233e-01 -4.181904782411605e-01

76
3.775646450753860e-02 -9.244982467344556e-01
9.593425835983477e-01 5.637179578537255e-01
-8.872164615862085e-02 -1.473082142967476e+00
-1.400317035899092e+00 -1.614048271423263e-01
-6.638650541163901e-02 -3.887119663802877e-01

77
-1.060583605676100e-03 -2.648802486198347e-03
6.771123023261938e-02 5.334051090395871e-02
-6.846534081800257e-02 -5.526364825654431e-02
-6.865744402712027e-01 -2.300756833640961e-01
6.864063461819992e-01 2.296578369390607e-01

78
-4.522602972322911e-01 -2.781598112704839e-01
3.907364069308145e-01 -7.455287478026918e-01
-3.981567997841207e-01 -1.966429510801021e-01
-8.458397227578206e-02 6.464321360097530e-02
7.222919728134294e-02 1.775255238120419e-02

79
2.499577748885585e-02 7.180246642749476e-02
-1.121130280990380e-01 2.962949501200871e-02
1.224621827492630e-01 2.406497249639315e-02
3.405348857623464e-02 -1.722025072033025e-03
9.962427076295171e-01 -4.702836078751133e-01

80
2.158090895926054e+00 2.036771698294722e+00
-1.425046654453288e+00 4.598496294236915e+00
-1.038935463126334e+01 -4.681598263789181e+00
7.688864326959820e-01 -1.391329717210997e+00
3.495859484189441e-01 1.565961241616734e+00

81
-6.804992350789766e-03 -2.589661683561200e-02
9.643574152158023e-01 -4.045481406473111e-01
-1.305160431143408e-01 1.034745591152153e+00
-2.179532420924583e-01 -1.239534896430584e-01
2.543976882083379e-01 -1.266881590660414e-01

82
-2.857432301426402e-01 -1.126076190219873e-01
-3.423022031994629e-01 -6.068897454747670e-01
2.936549658248900e-01 -1.172913962069599e+00
-1.024343661154585e-01 -1.099226005689981e-01
2.363285502808407e-01 -9.569405874094508e-04

83
4.848375993036138e-03 1.221590722439002e-01
-6.245908186506001e-02 2.313416463389296e-02
4.397965580767790e-02 5.848762124962848e-02
1.375649663253217e-03 -2.685623679647777e-02
9.162522463951335e-01 -3.892998134373334e-01

84
-1.911404758748725e-01 3.437196206726981e-01
2.767470314568276e-01 -5.951317818056715e-01
2.167444754105240e-01 2.939278896415259e-01
1.865667530444348e-01 -4.409365384546683e-01
-1.084073762992074e-01 -1.062930239365568e-01

85
2.508760084708577e-01 -6.486087703938326e-02
-7.048334430649161e-02 4.288067504651771e-02
3.270978101586511e-01 -8.851147495827374e-02
6.860878541353224e-02 -1.647525754606483e-02
1.066377081239745e+00 -6.348102303142270e-01

86
-8.742895417223828e-01 2.827652272465883e-01
-8.435048529552683e-01 3.320234378200915e-01
-7.303812127107946e-01 -2.175302891172102e+00
-1.635522539792970e-01 9.601174049193517e-02
3.184804423020536e-01 -1.511556484544410e-01

87
-3.276173273518930e-03 6.209871573313329e-04
-6.433561701744173e-02 -6.836933837058559e-02
6.196499603497509e-02 6.883114314451810e-02
-6.893803216278006e-01 -3.556319534209290e-01
6.888631300276212e-01 3.557293732065330e-01

88
-1.935208551045554e-01 6.403826444435123e-02
1.780883819588283e-01 -5.964006982966668e-01
-3.378250879746157e-01 -8.172324437536204e-01
1.657402512462505e-01 -9.475728581166333e-02
-1.107411924000735e-01 -5.980872853929890e-02

89
3.344699867735069e-02 1.916666102495073e-02
-1.211096456670373e-01 1.025329098150545e-02
1.454739086767743e-01 5.598329734235644e-03
-2.840594148053126e-02 -1.802334626132854e-02
1.001964518710067e+00 -4.220595177882790e-01

90
-1.408520042166596e-01 1.395157015196169e-01
-7.320570562484328e-02 -5.668358924911577e-01
-2.716907322836554e-01 -8.320164923668857e-01
1.117484433564660e-01 -1.490121123975729e-01
7.565489678748531e-02 9.645841663066067e-02

91
-1.006685319650714e-02 7.474208539580179e-02
-1.213179471306699e-01 3.440224067226957e-02
1.075875974263205e-01 1.468078825647061e-02
-3.424118949940400e-02 3.242720673387230e-03
9.962622027173866e-01 -4.055205826511559e-01

92
-5.032547118976819e-01 1.790307617266586e-01
5.435020444533400e-01 -8.847012418577536e-01
-5.779858075652532e-01 1.007823983262077e-01
3.332044144716890e-01 9.233308213163917e-02
-1.805590448675777e-01 -1.621037428177396e-02

93
-2.581875704447648e-01 -2.209534320543744e-01
3.280795814998668e-01 -5.612985371114364e-01
-2.487998294277969e-01 -1.162308785352322e+00
-8.490400079454115e-02 1.521866237641924e-01
-4.521690448230406e-02 -1.587352412163598e-01

94
-3.473563117159439e-01 8.830608333551924e-02
-3.457686919024298e-01 -5.794198509537172e-01
2.336227937315358e-01 -1.534937833117165e+00
6.991756936450161e-02 1.768010658811624e-01
2.600291903790634e-01 -1.385846258515220e-01

95
-1.013972262912161e-03 4.013381136121776e-04
-5.171289021064043e-02 4.255358876882410e-02
5.098687459536374e-02 -4.226225284801763e-02
2.796234313047704e-01 -4.773783597842494e-01
4.099275568945532e-01 -6.996791506476002e-01

96
4.448591298545550e-01 8.660399701116099e-02
5.854954849555252e-01 2.305277306997095e-01
-5.906230155728301e-01 1.850998975917715e-01
-3.798870026011049e-01 -6.288143196919288e-01
1.534446558792039e-01 4.762165472124261e-02

97
3.302956124515385e-03 -7.174356805323138e-04
-6.218800359679935e-02 -6.893774785000140e-02
6.455409048905804e-02 6.843751734047095e-02
-6.898156444578696e-01 -3.560161660742969e-01
6.903386033760071e-01 3.559016347161883e-01

98
2.521534149107405e-02 -2.480482493854045e-02
1.312276397491267e+00 -1.171321566962366e+00
3.604107998778025e-01 1.725159225599848e+00
-4.250972440126014e-01 -8.130941399898979e-02
8.202098925992167e-02 4.386953718321807e-01

99
1.274151645376317e-04 1.708721438009323e-03
4.711597506269847e-02 -3.582424797656845e-02
-4.702944486040391e-02 3.704890333625954e-02
2.637322811914446e-01 -4.182535436290408e-01
3.865030539525318e-01 -6.131818070858377e-01

100
-4.497200909288601e-01 3.391498582073013e-02
9.857908701496131e-01 -8.770190033116975e-01
-5.082452679649176e-01 9.612772309064191e-01
1.435064580953459e-01 3.190002845284106e-02
-1.434771010386258e-01 -4.055684316549530e-02

101
9.975984385684855e-04 -6.230662552705213e-02
9.141504388192508e-02 -4.669438737841903e-02
-9.597181099572161e-02 -1.613194585911161e-03
2.804735612172243e-02 -7.930705817463390e-03
7.885442335065015e-01 -4.576542265780884e-01

102
-2.681952504610252e-01 -2.846145283595983e-02
8.612805122354090e-01 -9.693642504393742e-01
1.005612058509431e-01 1.156792673680912e+00
-2.288389445331397e-01 -5.467629999271701e-03
1.777266421814873e-01 2.252626389238661e-01

103
-3.608000856973850e-01 5.138203392549922e-01
-1.828695481744384e-01 2.877113584204600e-01
5.376835513085446e-01 -7.568965106911796e-01
-1.365616143992008e-02 -6.519471560460352e-03
5.007177366331885e-01 -7.124307352893166e-01

104
-2.388736858955382e-02 -1.530664151059741e-01
7.146178417145442e-01 -6.179778680130563e-01
-7.995937249107014e-01 -2.877546275135044e-01
2.410660670326137e-01 -1.623480417050781e-02
-1.542160991370180e-01 -1.684365593042338e-01

105
3.530108135871249e-01 5.885975923956419e-01
2.824867031776646e-01 4.416812375380431e-01
-1.649456607720546e+00 -1.815242685954641e+00
4.443328046797951e-02 7.365188422029818e-02
1.537875539848457e-02 6.124312825470712e-02

106
1.384267848764976e+00 4.685573678995120e-01
1.050082337184917e+00 6.060372420642567e-01
-2.250127498814457e+00 -4.072117437743999e+00
1.844585918143113e-01 1.740370698744106e-01
-9.417716522626672e-01 -1.438774046442871e-01

107
7.266271462336947e-01 6.301292766149442e-01
2.274766744238729e+00 1.280772625084402e+00
-3.694437118786630e+00 3.560501898523586e-01
5.074424168088886e-01 1.531494452152738e-01
-3.455022219090862e-01 -7.551007616225871e-01

108
-3.028942967320887e-01 -3.633006556630296e-01
5.977775444084683e-01 -2.288910993134757e+00
1.831080719983167e+00 1.208751758912854e+00
7.468562244163628e-02 -5.122272129895299e-01
-4.546305790708935e-01 2.907273463706485e-01

109
-2.968655918663000e-02 1.655236788987493e-02
1.266246505673461e+00 -1.567565790076937e+00
7.233738340466148e-01 1.881878472260157e+00
2.677284152372142e-01 -4.157598870751107e-01
-4.159794113349014e-01 8.425204169340674e-03

110
-1.808489736156345e-01 -1.307700198040070e-02
1.726153701756152e-01 -1.177337491566766e+00
8.157866371296283e-01 6.882246720564745e-01
2.831820151329199e-02 -2.681688284438236e-01
2.697446191746906e-01 1.395149014522143e-01

111
5.178373422803690e-03 3.813251626931169e-01
-5.626024347049292e-01 -8.199482111691331e-01
1.553166556499206e+00 -8.551008273040487e-01
-5.123555718665290e-02 -3.976273234122900e-01
2.703892303305014e-01 6.750246168343205e-02

112
2.743664368204923e-03 1.030271378209729e-05
1.616800952102916e-02 6.546388606921343e-02
-1.420232439117392e-02 -6.543975753824989e-02
-3.045915405928827e-01 -4.679697934877939e-01
4.417390823452376e-01 -1.322026880855233e-01

113
-2.163868443253948e-01 -2.010400712838398e-01
1.443350873290598e+00 -1.374327636373478e+00
4.204722312348422e-01 1.785305609313244e+00
2.439245568877563e-01 4.910535174293522e-01
3.192465258405511e-01 -3.742244924316755e-01

114
1.908932417350313e-01 4.808159993586406e-01
3.295696695467163e-02 2.035735115638568e-01
-2.728771486742969e-01 -7.231475904983509e-01
-2.420166691197807e-01 -6.297366637010251e-01
-2.954953528756594e-02 9.527255688601269e-02

115
4.225970799135206e-02 5.713706264222044e-01
-5.645354761784571e-01 2.598772041853160e-01
2.630674166596334e-02 -9.973311024407956e-01
1.968370877723492e-02 -6.670345621212344e-01
2.241282179493327e-01 -1.252886236238421e-01

116
7.736204070605940e-02 -4.485885681643770e-01
6.813789730364420e-01 7.677169664787878e-02
-1.549448901784213e+00 -5.083281097310083e-01
-2.162017698598319e-01 -3.749617212973658e-02
1.838516394573310e-01 -1.095121255170875e-01

117
7.025868458280210e-02 -2.578235502652126e-01
1.189828873738259e+00 -5.386756568944741e-01
6.710147830667075e-02 1.285029638546181e+00
-3.220434121495663e-01 -1.025780465168396e-01
2.718723338846988e-01 -1.707403541415042e-01

118
1.122171358550426e+00 -1.358467808108822e+00
2.174931972581808e+00 1.256822183015641e+00
-7.531453433503177e+00 -7.329602784230459e-01
-6.833849349770517e-01 -4.476440584768586e-01
-5.902221207407111e-01 1.258015866530862e+00

119
-4.959573440874622e-01 5.232046721274932e-01
-6.011940318408261e-01 -2.460857505346094e-01
8.908321124238603e-01 -7.843904135536617e-01
2.461595829727402e-01 1.041822828436099e-01
6.676280356505137e-01 -5.583332736907937e-01

120
1.553574739085775e-02 -7.590695116194962e-02
-1.151568667455489e-01 -2.404529990781696e-03
1.215199666442877e-01 -5.849811984139922e-02
3.460957084822575e-02 -3.619319291039110e-03
9.854472643661309e-01 -5.274702959700031e-01

121
-3.132121908484491e-01 2.657891364744842e-01
8.136621698726612e-01 -2.262751691881448e-01
-3.087418720667228e-01 3.659532066674429e-01
-8.393894544717541e-02 1.329505985707393e-01
1.399099207576887e-01 -2.813841219820797e-01

122
9.143687394290488e-02 2.451091304839853e-01
1.536805072956213e+00 -4.963062859732669e-01
-3.323801312314800e-01 1.459232436622677e+00
-4.738192462215347e-02 3.975360621070302e-01
3.735510648361995e-01 -2.241017878965162e-01

123
-2.276522354168147e-01 4.356482768735253e-01
7.199715438421872e-01 3.041875203632266e-01
-1.794157687281495e+00 3.169654145038661e-01
-2.365680122814648e-01 -1.043955172423883e-01
1.065486168761501e-01 2.462682058202246e-01

124
-1.961503526252519e-01 3.073431407736044e-01
4.529699756858309e-01 -1.953567865306484e-01
-2.180168422121458e-01 4.870120865142908e-01
-2.450025369822007e-01 -5.270047992405554e-01
-6.492177687755409e-02 1.052053040103912e-01

125
-2.735098112812884e-02 -5.499004507977966e-03
9.775737028710858e-02 -1.486086871954572e-02
-1.166246183070961e-01 1.193201012262790e-02
-3.157097657952947e-03 -1.307322393457186e-02
7.678299821637268e-01 -4.233869172400068e-01

126
-2.082749609778225e-01 2.100363197093156e-02
6.437784844243373e-01 -3.525406282366490e-01
-7.108310107596248e-01 4.600214820007182e-01
-6.020710194186398e-02 -7.598210145018175e-02
1.745932509087647e-01 -2.229739195988181e-02

127
-1.301468883917619e-01 2.342252337318372e-01
5.462653913607187e-01 -5.221788446530991e-01
-4.817114387541152e-01 1.426997627183006e-01
2.492392248751879e-02 -1.543443602684806e-01
-4.174673363779344e-02 1.079971792996990e-01

128
-3.136959124858837e-01 5.087769032550119e-03
7.476006661143961e-01 -5.935543741656328e-01
-4.113364948036544e-01 6.626998229249423e-01
-9.722365270466629e-02 -3.002513676404391e-02
9.720955516165564e-02 1.855391340981754e-02

129
-1.593250420029042e-01 2.123200884307640e-01
2.889575666401000e-01 -1.512199799187016e-01
-1.749057747962043e-01 3.135793662696284e-01
-9.237556934715392e-02 -5.075421000113475e-01
6.438733469072974e-02 -9.572289928262814e-02

130
-4.541928233199406e-04 2.727807253315906e-03
-7.008243120022661e-03 -6.402454053367979e-02
6.697831266244499e-03 6.597337337578828e-02
-2.390080460502673e-01 -4.868588033096811e-01
4.412433704774348e-01 -7.619224584714901e-02

131
-9.963671831350700e-02 3.510732606608675e-01
4.917918467540323e-01 -5.680905716888582e-01
-3.791218025177023e-02 4.219710811579802e-01
-3.706093448060380e-02 -2.756142809606764e-01
3.665050503108161e-03 1.382941389159709e-01

132
-2.115891852806233e-01 9.213610569762527e-01
-3.339463105771924e-01 -1.242453318128142e+00
-5.125538139005902e-01 1.195974888405309e+00
1.306406799109092e+00 -7.614290359686312e-01
-1.181155179787489e-01 2.784558903040759e-01

133
-3.060365953734335e-01 -2.041125982795066e-02
8.485686410326287e-01 -5.041371210144102e-01
-1.198540064350494e+00 4.914508397047353e-01
2.758401428383061e-01 2.485640587653920e-02
-5.860581166391594e-02 -1.530602310459818e-01

134
-2.931446645263014e-02 -1.274140209182695e-02
9.864233214718943e-02 -2.008550320349387e-02
-1.193822906335984e-01 1.254327835052853e-02
2.488437216997157e-02 1.196049447523861e-02
7.873045229795319e-01 -4.541137510444773e-01

135
-2.344123878674761e-01 9.381581166830097e-02
5.767486860742338e-01 -6.859149082943902e-01
-1.109837689458643e+00 3.421529587575161e-01
2.588638398362414e-01 -7.294069571321596e-02
-4.140761287578231e-02 1.732496871562217e-01

136
3.556852656253446e-02 3.902594111809558e-03
-1.204106551999886e-01 1.295133534160597e-02
1.473885803170812e-01 -9.058484879071182e-03
8.906551046727437e-03 -1.457536389133057e-02
9.995923840947829e-01 -4.717575567679239e-01

137
-1.992690586618344e-01 1.726065591468098e-01
6.957539937773461e-01 -2.976969427546961e-01
-5.074978137466172e-01 -2.319417985614274e-02
-7.283462398576480e-02 8.525851773113528e-02
7.302699311682614e-02 -1.291782945560637e-01

138
-3.025594339077163e-02 -2.389779287297761e-03
1.008453803206436e-01 -1.460120057339478e-02
-1.213965798850358e-01 1.379891751006089e-02
-6.862888392380478e-03 1.236299487932825e-02
7.894210287763880e-01 -4.216755599584265e-01

139
-2.129355198705543e-01 5.696256388680591e-02
6.948116915363457e-01 -3.099399197736019e-01
-9.049562304398071e-01 2.128997901655666e-01
-3.514136456345832e-02 1.077906820668729e-01
1.959381882880316e-01 -3.894531204418106e-02

140
-1.936927354840175e-01 4.137958034454301e-02
2.034182877610127e-01 -1.515897321884327e-02
-2.546150342174414e-01 5.854786018101553e-02
-5.546842332657254e-02 1.322076148611374e-02
6.206268876564008e-01 -3.731522903892278e-01

141
-1.633974668758147e-01 1.667634520773695e-02
3.914746214441874e-01 -4.779417612702054e-01
-5.736350113872681e-01 -3.725104695287919e-01
-1.123084252610642e-01 -7.129263575301174e-02
2.524798156550011e-02 1.415427841432612e-01

142
-1.555811998420367e-02 1.030501650525662e-02
5.958714959782733e-01 -3.918161805265366e-01
-6.386478500973426e-01 -3.179767503231977e-01
-8.331132355292574e-02 1.487807994421500e-01
1.986197625883498e-01 -7.650613434125287e-04

143
-1.239154719024489e-01 1.280342307338778e-01
2.848145361753393e-01 -4.550127568467814e-01
-2.270035443264231e-01 -7.528143483015058e-01
5.976773565052377e-02 1.017289301522199e-01
1.149298093365722e-01 -1.359078501733055e-01

144
8.783968015300996e-03 6.310041033554030e-03
5.936795103690282e-01 -4.506408255271565e-01
-6.870300702251158e-01 -2.900168409889494e-01
-1.020389111909609e-01 -1.517900686859991e-01
-9.611799150270618e-02 1.405846141121046e-01

145
-4.793235604099439e-02 -4.368183939667772e-01
3.812983200744154e-01 -1.036775249683494e-01
-2.700205018148026e-01 -5.157451875632704e-01
-4.891122071292981e-01 -5.335116535200555e-01
-9.173642728450705e-02 -8.716362235274100e-02

146
-1.292775685756472e-01 4.852304764450459e-02
2.850295170667987e-01 -3.695679423781775e-01
-2.565406893502464e-01 -5.627256327226599e-01
-8.155262533581152e-02 -4.717826866262726e-02
1.195673119975754e-01 -6.895821506908247e-02

147
-1.127368488379708e-01 1.743113684884447e-01
1.308551531094495e-01 -6.483115343462490e-01
2.740406623070324e-01 -8.148932760613863e-01
-1.332110400570979e-01 -9.106938443455771e-03
8.328416759906276e-02 1.039651068008148e-01

148
9.301485611999076e-02 7.626935661696386e-01
8.597840357621698e-01 -2.756742263490061e-01
-9.305278138549998e-01 -5.362837367344461e-02
2.697780054497322e-01 -2.809506045319248e-02
-2.689275624841516e-01 4.795134579012996e-02

149
4.753078661953548e-02 -1.417571973310126e-02
-1.231251717882804e-01 2.626815754228375e-03
1.605157363579001e-01 -1.340696508984372e-02
-4.286150622479689e-02 1.411554821627622e-02
1.044612146415333e+00 -4.263032857301494e-01

150
8.785094757885760e-03 8.366584826385712e-02
4.328494603005335e-01 -3.236102780217712e-01
-4.366676827974910e-01 -2.108951315871648e-01
-6.837064404591975e-02 -1.337336915574939e-01
1.296933699221109e-01 -1.027388567829628e-02

151
3.509973932866588e-01 1.394101269220687e-01
6.955761846603380e-01 4.661463350796805e-02
-9.623050314151427e-01 -6.110677522423308e-01
-2.535399801075492e-01 -1.330972493625408e-02
1.540310846000781e-01 7.637544714915540e-02

152
-2.623687325400585e-02 1.740501096858005e-01
2.085147913479446e-01 -3.361216653488730e-01
-5.720832981987919e-01 -4.895572609297860e-01
3.754913832328879e-02 -1.728354841676995e-01
9.168246437299524e-02 6.846280230239934e-02

153
-2.368801810770431e-01 -1.515217700731125e-02
6.972286082692317e-01 -4.034856959479559e-01
-6.993926844494759e-01 -7.140669827202458e-01
-3.318845750416745e-02 2.119430133213835e-01
-1.266200641478628e-01 -1.575583305092975e-01

154
-1.134848317171960e-01 1.778720429844978e-01
3.812084649125277e-01 -2.983688500490141e-01
-8.107689643363563e-01 -5.526959338378727e-01
1.271873841542305e-01 -1.670386879977898e-01
-1.388874278079112e-01 -4.077329968734861e-02

155
-3.546224756971741e-02 1.685020219618467e-02
9.577634094087588e-02 -1.679814301334725e-02
-1.188112663223492e-01 2.796766018485011e-02
3.146244809765503e-02 -1.628796583006606e-02
7.568431266030954e-01 -4.437339985235040e-01

156
-1.318263541632084e-01 1.017254064743481e-01
7.493259110317457e-01 -2.350765441491915e-01
-6.017426177433253e-01 -3.264045086157604e-01
-1.017965838408112e-01 1.041976571154382e-01
-8.365719255407231e-03 -1.699661079578662e-01

157
3.994619974372425e-01 -4.313980044910537e-01
6.036333984897080e-01 -1.594895821918839e-02
3.484776756464922e-02 -6.277762282875451e-01
-1.239654566687644e-01 1.135019917415906e-01
5.494543349200841e-01 -7.154362942135336e-01

158
-2.172424013547432e-01 -9.985623319222037e-01
9.653509963528338e-01 3.217014517272947e-01
-4.704807671383823e-01 -1.402455124742623e+00
-2.014297317590894e+00 2.030338250945153e-01
1.873075778786752e-01 4.414487021156772e-01

159
-1.965893384587193e-01 -1.753285605667531e-01
2.873690190341247e-01 -3.885662051347014e-01
-1.000099200628541e+00 -7.081971757910810e-01
-8.347144925711962e-02 1.248048437686505e-01
2.096526287488784e-01 1.037948315974308e-01

160
3.566543771162961e-01 -5.831533009145116e-01
5.603829474236838e-01 -5.470572707789731e-01
-5.477457150158825e-01 -1.249719987109812e+00
-7.934171718703303e-02 2.000452099938676e-01
1.860745739775411e-01 -1.638266232314880e-01

161
1.420166236928943e-01 2.289253059343755e-01
5.332882173377572e-01 -2.866711469701803e-01
1.437208271600169e-01 -1.167505023495286e+00
-1.387024410173642e-01 7.916119578388386e-02
-8.122883776147104e-02 -2.266806894485102e-01

162
2.699942647077224e-01 -4.745924581547517e-01
7.055763864986904e-01 -4.074269542855096e-01
-1.690385804830900e+00 -9.554016503004712e-01
1.917264890991346e-01 -1.296888199895504e-01
-2.622485019502912e-01 -1.335239145818077e-02

163
-2.140772058530339e-02 2.350640807853919e-02
1.227752196212651e+00 -1.123710960079278e+00
3.614441683044010e-01 1.627671116268913e+00
-3.937868507938780e-01 -8.238639749490026e-02
8.609183547927422e-02 4.052412083213365e-01

164
-1.177359247926937e-02 7.610648435962500e-03
4.382367348251845e-01 -3.458284163202945e-01
-5.198806953851164e-01 -2.056015185490009e-01
-7.613501112351072e-02 -1.117919771051376e-01
1.485433105692254e-01 1.694716596758440e-03

165
-2.443801878703891e-01 1.746254450685416e-01
3.632676556961583e-01 -3.233344716955711e-01
8.690373541252674e-02 2.395385210109924e-01
-4.939453533661668e-02 -1.044674641476187e-01
2.787302807709318e-01 -2.383626126648681e-01

166
-1.384984559053152e-01 1.755978116629132e-01
2.815174175419844e-01 -6.713609863403888e-01
9.169322346189331e-01 -3.426770945008355e-01
-1.464655012920021e-01 -3.812983972618812e-02
1.418284137273099e-01 -1.807236741389909e-01

167
-1.587415908051892e-01 2.881593466966267e-01
7.345634416357307e-01 -1.119863729427234e+00
1.024823158701476e+00 1.075294556936823e+00
-3.066170645847514e-01 -9.357991177440200e-02
1.332413137434910e-01 2.854191022077005e-01

168
-7.907627592996762e-02 1.232772474709396e-01
5.579485438129427e-01 -4.517109943602424e-01
-6.081430515490118e-01 -9.964182995628171e-02
-5.619393317386012e-02 -1.509488357938689e-01
-6.417294312941496e-02 1.215892116013437e-01

169
7.215541346124324e-02 2.301506864923193e-01
1.309801948622186e-01 -6.071088560063505e-01
3.062322890648621e-01 -9.984424833638001e-01
-5.385076270941616e-02 -2.254785901392342e-01
-1.251924715505915e-01 7.899888477890551e-02

170
-2.298623451446947e-01 1.732921585898657e-01
3.344288001171062e-01 -2.556362481976103e-01
-1.833071121973568e-01 9.971031503950821e-02
2.861416591041553e-03 -7.444631299520644e-03
3.522469491124022e-01 -2.375001029466734e-01

171
1.037501487055863e-01 1.976569992537869e-01
2.206437968485975e-02 -6.085232101670990e-01
6.021840292492829e-01 -7.723989057171300e-01
-8.032419908477427e-02 -1.990243677575275e-01
1.394946391683155e-01 1.646793868642514e-02

172
-7.594291863330687e-01 -1.122944361947387e-01
2.771636121501065e+00 -2.629827102157575e+00
1.870431346732448e-01 3.406559109701556e+00
5.314788237774533e-01 7.279047965274512e-01
-7.255951797146860e-01 -2.756332381770658e-02

173
-1.462740755501983e-01 4.294130892977100e-01
-4.383480481098815e-01 -1.037618134435365e+00
1.427102391133727e+00 -1.301468703693766e+00
1.109938687897239e-01 -4.501158940511022e-01
-2.927075892344710e-01 7.090951650539752e-02

174
-1.251841685150702e-01 3.384850567954678e-01
1.887541893280765e-01 -5.077081949389728e-01
-1.448356645701039e-01 1.650981794727328e-01
2.047892910715636e-01 -4.511838932417264e-01
-4.970360035403922e-02 2.390315224058498e-03

175
1.787786880863737e-02 -1.667742689341491e-03
3.712358886307972e-01 2.648150014475737e-01
-3.584731499092606e-01 -2.659659505167515e-01
-3.599946049997544e+00 -1.033614799252308e+00
1.829693191982965e-02 3.092056217141168e+00

176
-8.314397714944735e-02 -6.405004831575899e-02
5.716231448951342e+00 1.942253981735069e+00
-4.551041301500143e+00 3.980210400601947e+00
-9.728163554340583e-01 1.094024740731166e+00
-6.186234028706393e-01 -1.318039879481211e+00

177
-5.629615493751582e-01 6.094017315527844e-01
2.883001085565728e+00 -1.919646277593921e+00
1.691363015934946e+00 3.225853170833146e+00
7.155643640231982e-02 7.228316084600381e-01
-5.990030911705919e-01 -4.500978416954204e-01

178
-8.955004624285183e-02 3.233356502697120e-01
3.809815557718717e-01 -1.116653312917297e+00
1.498347633982264e+00 -2.371750962434034e-01
1.641195223005738e-01 1.741252381778357e-01
1.162697289774227e-01 -3.300769898141463e-01

179
-2.047719014624430e-01 2.200494779213908e-01
3.515075775875617e-01 -3.168744672616863e-01
-2.019740108570844e-01 -9.116284846469618e-02
7.477491001606212e-02 5.074595268311798e-02
2.778658453743971e-01 -2.401861208785923e-01

180
2.472146835754252e-01 8.191848503046536e-01
1.252142942092507e+00 -5.515952783849203e-01
2.458703288178004e-01 6.885329068944572e-01
3.208055720017658e-02 2.051894418743220e-02
-1.786788340313537e-01 -3.401884606902054e-02

181
-2.453501952818774e-01 -2.087105376937404e-01
3.315029650815880e-02 2.453566647585534e-01
-3.189580635219119e-01 -2.707058935711376e-01
-6.621167919819622e-02 -6.540825979078153e-02
6.842628867378379e-01 -6.508576922108892e-01

182
-1.695414194246254e-01 -1.733320226507398e+00
-3.032618058052366e+00 -1.824308476208846e+00
4.229843791827041e-01 -6.582582835040104e+00
-3.850008313009317e-01 -8.071028182311895e-01
-3.896827369996942e-01 1.283890406397699e+00

183
1.844813527780614e-02 4.368060005212920e-02
1.619586351056253e+00 -7.439446175537145e-01
-1.661622658104299e-01 1.769537460375723e+00
6.084496841710325e-03 4.307599197309230e-01
3.970202358523010e-01 -2.852068333497328e-01

184
-1.449140756556838e-02 1.505180227080908e-02
-2.586515031831211e-02 -4.846940771214474e-01
1.559553003650187e-02 4.955869438485935e-01
-1.565641756458687e+00 -3.762645964592792e+00
-2.615888106598199e+00 2.117844455983460e+00

185
-5.054290798190896e-01 1.949448572353346e-01
3.859708321449863e-01 4.427873914540846e-01
-8.116840742431533e-01 1.575300962362922e-01
-5.187812914880385e-01 -6.767644151743974e-01
-1.870630296796078e-01 -3.172136851324367e-02

186
-4.743945576540730e-02 1.423213004803629e-01
8.339434328964570e-01 -3.195492390842035e-01
-6.774139604948598e-02 8.556382713743652e-01
-1.901465544481957e-01 -1.530442402511477e-01
2.211056920408759e-01 -1.328283188001501e-01

187
-3.334448605312778e-01 1.317647713188953e-01
2.192801425144521e-01 2.451550765079126e-01
-4.944076497544528e-01 1.015139605778345e-01
-4.614622126585420e-01 -5.180093824733677e-01
1.362269112608851e-01 -5.226524213447847e-03

188
1.708276086483263e-01 6.392426230099510e-01
9.814245190616514e-01 -3.959014241301603e-01
1.710175816019618e-01 5.348632018103086e-01
-1.385903560458443e-01 -3.178313665184179e-02
2.570844124910060e-02 1.762880685407155e-02

189
-2.892097517304390e-02 -1.341115743120312e-01
-8.427005969135175e-02 -3.148711912345514e-02
3.806646752496177e-02 -6.741053386488033e-02
7.624219326901934e-03 3.116860273651361e-02
9.710339127618739e-01 -4.994588032645516e-01

190
-8.061408380684455e-01 6.259829963490157e-01
1.291128005819077e+00 1.387994766373069e+00
-2.498823849398183e+00 3.934318197856608e+00
-3.138767498505975e-01 -4.878898221788839e-01
8.326471339820085e-01 -3.490543353127860e-01

191
7.202691241504243e-03 2.633826750125584e-02
9.401409714684348e-01 -3.603279417662340e-01
-1.569021605762750e-01 9.915863862145418e-01
-2.091741645052342e-01 -1.367877827050789e-01
2.502940036475066e-01 -1.214325280875765e-01

192
-1.000032258050496e-01 3.287758906673695e-01
1.954324092296866e-01 -4.749999628519693e-01
1.378973354264654e-03 3.300992564693363e-01
5.465675101639025e-02 -5.096373506975447e-01
1.582898381359912e-02 7.630658787290467e-02

193
-4.554899908829512e-01 3.445763368842787e-01
1.404863040694946e+00 -6.513365142226245e-01
-1.095125028206713e+00 2.385814123127029e+00
4.644627675933780e-01 -3.672720658199419e-01
-3.638154127895958e-01 -1.638659283803290e-01

194
2.516520396010916e-02 2.846139789866111e-01
1.229909607005318e+00 -1.125419279443935e+00
5.075365331471298e-01 1.472010756628213e+00
2.522238842940185e-01 -3.530982203981270e-01
-3.910906385811790e-01 -1.211220059632060e-01

195
-2.000597990389651e-01 2.794528502658240e-01
6.764784624676018e-01 -5.585782193425146e-01
-8.710215850987535e-01 1.248143831074810e+00
1.905347472637186e-01 -2.731274729228631e-01
1.045546628508204e-01 1.723084224190183e-01

196
2.099623655924683e-01 8.374956642953491e-02
5.505602420140415e-01 -1.219967908331437e+00
6.658227614223560e-01 1.005222694367049e+00
7.682549263938887e-02 -3.168601389535956e-01
1.843453879224531e-01 2.380284706425841e-01

197
-9.764528545749580e-01 -8.948436431346284e-01
-2.680273127937064e+00 4.544745314827483e-02
1.383006743726510e+00 -4.843563724538919e+00
-7.310693193085984e-01 -2.284414847939825e-01
7.747609726419508e-01 -3.219762091291373e-01

198
4.686057480169264e+00 -4.763124797334227e-01
4.992369232666384e+00 -6.364804555157783e+00
5.167807659117909e+00 1.966611314067116e+00
2.135034666240941e+00 4.957279309669504e-01
-1.869594268597075e+00 -9.954290866848205e-02

199
3.291643887531552e-01 -4.877094330518548e-01
1.501962187729933e-01 -7.630303130570738e-01
5.044627489188916e-01 2.057656655694225e-01
6.166483650525616e-03 -9.467393631555723e-01
-5.086172520075460e-02 -8.976002846542583e-02

200
3.541257030404796e-01 7.040638648419517e-02
1.158218622303355e+00 -1.939517896617893e-01
-1.261961270379865e+00 5.557730084928217e-02
6.527817297081355e-02 1.059788947151560e-01
3.512744620578293e-02 -9.641386477819806e-02

201
-4.016032937703688e-02 4.612812720296690e-01
5.521123079223413e-01 -4.487244686196276e-02
-5.385073943977524e-01 -1.526318257668046e-01
-1.626584605667276e-01 -5.587746867950467e-03
1.595685241417807e-01 1.597962132416375e-02

202
2.326934408988718e-01 7.201921681033565e-01
9.863365466451547e-01 1.140767696403864e+00
-2.458969033112701e+00 -9.731171358342190e-01
2.150752621023210e-01 2.364836906983173e-01
3.258466592037709e-02 -5.701496383891764e-01

203
-1.187215380150725e-02 5.972200411351812e-02
8.892344663995777e-02 2.494113263558696e-03
-1.018619921240167e-01 3.585792875503340e-02
-2.667612999884887e-02 1.473875943650311e-03
8.010240847284711e-01 -3.794590099937006e-01

204
-1.819451405525505e-02 2.448923302534773e-03
3.561479814654926e-01 2.620525913405420e-01
-3.693540319060288e-01 -2.602268442711341e-01
-3.580074183757656e+00 -1.005579757845301e+00
3.701908922532439e-02 3.073184478765131e+00

205
1.073075457278972e-03 -3.680022337472912e-04
-5.093941718303213e-02 4.230549164860629e-02
5.171595110310176e-02 -4.256769785606238e-02
2.798580342608750e-01 -4.777243282401492e-01
4.100258262014788e-01 -7.000956574881301e-01

206
-7.656461764802931e-02 5.325230765442367e-01
-6.688626355694990e-03 7.308535218603268e-01
3.701987208313455e-01 -5.491526841219316e-01
-6.554165115234979e-01 -8.138310725575687e-01
2.723367462758266e-02 -2.289579309043337e-01

207
1.086349041830409e-03 2.523650176139737e-03
6.847737188923603e-02 5.538737121584245e-02
-6.768697940204053e-02 -5.358630828262747e-02
-6.865392627095783e-01 -2.303289260556637e-01
6.867106279692941e-01 2.307288589247298e-01

208
-2.555813140535078e-01 1.504072950795227e+00
-1.803439700643965e-01 1.383958397833874e+00
-2.817043672925925e+00 -9.808031378106279e-01
2.134636342707109e-01 -3.904912468061124e-01
1.933416344172755e-03 1.879071930486643e-01

209
1.038138487777906e+00 -3.534396321042267e-01
3.664664341864066e+00 -1.916794102858502e+00
5.361400016148615e-01 5.439745924130102e+00
-1.004551298198328e+00 -5.385571227325776e-01
-3.361701848880743e-01 1.069421265883464e+00

210
-1.262524496698387e-01 2.331423261714503e-01
3.489161424616081e-01 1.997650946760594e-01
-9.405218081329153e-01 -6.630920043806148e-01
-1.099565505177683e-01 -6.517095305714980e-02
1.346402511642909e-01 -1.605322325932314e-01

211
1.181558814869359e-02 1.122348740687783e-01
4.461190297726504e-02 5.130566577376998e-02
-5.669006216613216e-02 2.503035987505995e-02
-1.896866652825996e-04 -2.507343582275456e-02
8.226926717281339e-01 -4.133808643665957e-01

212
-6.303549846236336e-01 -7.555357247041610e-01
1.045100025784003e+00 -6.628066378742471e-01
-7.365046396362374e-01 9.801662042615569e-01
-2.772735417324028e-01 2.074637420910494e-01
2.459845287682789e-01 -2.270867470216586e-01

213
-9.604041490888327e-03 -6.530481244094292e-02
-1.259736119221623e-01 -1.937115600545623e-02
1.131590962835770e-01 -2.847753619518175e-02
-3.152207228125000e-02 -3.578099619655939e-03
9.942711991238826e-01 -4.386426609584883e-01

214
2.926213908514224e-01 1.461020434808614e-01
1.476487343292439e+00 -4.386673259462020e-01
-7.509587421144668e-01 1.359697269807361e+00
-3.286377736333868e-01 -2.282042847739192e-01
-6.759752184544054e-02 3.033857034438693e-01

215
1.587442848784201e-02 5.259697502137396e-02
1.009712934831494e-01 6.353954819515895e-03
-9.451693684103502e-02 3.202664879540266e-02
2.564774226317707e-02 4.666201446907607e-04
7.991079508292739e-01 -4.390194763468468e-01

216
1.293084616585737e-02 3.352335394090365e-03
5.274953310641388e-01 -7.206831435046662e-01
-8.886451431654021e-01 -9.716525164219349e-02
2.016991869490087e-01 -7.568107519094612e-02
-2.944586444638845e-02 1.821968303792980e-01

217
-7.932325788689205e-03 -1.588823844555919e-02
6.858587404771647e-01 -5.156270795966020e-01
-7.883294971011425e-01 -3.370469565835765e-01
2.108898766802333e-01 -1.088818085788351e-02
-1.326599941956264e-01 -1.461058743540378e-01

218
2.487478034568887e-03 1.177822858351739e-01
6.569023018150596e-01 -4.252964578763365e-01
-6.172099593273209e-01 -3.250311142513022e-01
1.822970493453805e-01 -1.820466290270783e-02
-9.545997179466838e-02 -1.836915259904530e-01

219
-1.151231235355574e-01 4.356273432167103e-01
-3.477388092309181e-02 -5.708638051188505e-01
-2.409045694831961e-01 5.141292632769069e-01
6.368775321368719e-01 -5.552026333782858e-01
8.072753560695550e-02 -1.625664047846028e-01

220
-6.160867514965100e-01 -5.495960310402423e-01
-7.654955288555430e-01 1.871617975772432e-01
-2.506365163747286e-01 -9.177069591764472e-01
-7.597601316200390e-01 -1.050900716958733e+00
8.409675082373327e-02 1.853579161674013e-01

221
1.382161574193054e+00 -6.535552909590718e-01
2.059702935126664e+00 -5.861947472933744e-01
-4.242681944782196e+00 -4.069239292658703e-01
4.627985488678256e-01 -1.417164703122779e-01
-7.929054195457357e-01 7.327796974420340e-01

222
4.369604199894236e-01 1.934991154322269e-01
3.216647074010244e-01 -8.955779375492182e-01
1.234702562645074e+00 -1.187570366590744e+00
-1.209494693752264e-01 2.240821418619812e-01
2.312462294354886e-01 -7.280859129372173e-02

223
4.927115076969531e-04 1.959502287554195e-02
8.243235842401452e-01 -1.895113455774772e-01
-5.737772043540101e-01 -6.190632309046277e-01
-1.585363218188295e-01 1.272076584231164e-01
-5.786430249037596e-02 -2.175049654719206e-01

224
8.184088251821127e-02 1.152307342522975e-01
5.863842750324390e-01 -3.412869533594102e-01
-5.053543985933167e-01 -4.724637887190277e-01
-1.114053406687646e-01 1.161205542646439e-01
1.584263060186439e-01 9.662065407381102e-03

225
1.661819217474894e-01 2.256916676528717e-01
4.566799577650226e-01 -1.087721761815112e-01
-7.393110931718987e-01 -8.334307977393171e-01
-1.417730307211625e-01 4.801822779802239e-02
1.380744241863611e-01 6.487296936402689e-02

226
-2.776944364656185e-03 9.970101047471254e-05
1.400880612673496e-02 6.534773168536649e-02
-1.601625601934597e-02 -6.525778113815631e-02
-3.041499948766966e-01 -4.672800129460916e-01
4.411926220575645e-01 -1.325487471726916e-01

227
-1.085540003797642e-01 2.640313334045792e-01
2.542897734508817e-01 -8.383922913733198e-01
1.763713917735003e-01 -1.171884753354570e+00
1.318348067564095e-01 1.262381036971826e-01
-1.825827667943395e-01 1.219148446933522e-02

228
4.705583022504067e-01 1.609186261596552e-01
5.756444174476361e-01 1.145561854056163e-01
-7.828498448266475e-01 -1.818263266155484e+00
-1.946496924993379e-01 -6.127872471232872e-03
-1.809689007297242e-01 -9.106344370819698e-02

229
2.362456411892346e-01 3.732915170455239e-01
2.835164887399387e-01 2.709270384659681e-01
-3.077294046821525e-01 -5.747715940243847e-01
-4.346607996217058e-01 -4.998281926765172e-01
5.448915759059078e-02 9.503430651052103e-02

230
-1.348267267191200e-01 4.593312193714898e-01
3.009162435559936e-01 2.861372790409827e-01
1.746650964306801e-01 -7.682482964504905e-01
-1.239107061856408e-01 -1.086299951930026e-01
1.074594174561839e-01 -5.733352513344452e-01

231
7.343301882603994e-01 -4.367317615676058e-02
6.830241793725178e-01 -8.612416793269674e-02
-6.266987978835186e-01 -1.471086138154414e+00
-2.109586632110735e-01 9.240258970965719e-02
1.120935329689976e-01 -4.135203389619395e-02

232
-3.415158225409822e-03 2.444602804805265e-02
3.487635951428730e-01 -1.318734928207353e+00
9.689625725424760e-01 9.616967304159971e-01
4.920037943091507e-02 -3.323969124179190e-01
2.089435722014231e-01 2.014753749302143e-01

233
6.774987095814484e-01 3.986093900469214e-01
6.910750856343871e-01 8.246733419615081e-01
-2.138137918942206e+00 -3.387733479476894e-01
-2.615812755615756e-01 -3.686792647867469e-01
2.577347745311654e-01 2.239901956971302e-01

234
-8.381668363019580e-02 2.749303212411884e-01
1.824111123552931e-01 -4.341939566230555e-01
-2.557907665952311e-01 2.130728993987050e-03
1.381914043235485e-01 -3.142800932963724e-01
9.341843012307845e-02 6.220206926012847e-03

235
3.410223470459269e-01 3.212175699568664e-01
3.469935983793571e-01 4.722722515244652e-01
-5.347407081982789e-01 -2.565827884754067e-01
-2.003270949106361e-01 -8.646266450226170e-01
-1.249350100159547e-01 -1.688222101992856e-01

236
1.343234223501630e-01 9.647845349972989e-02
5.399116843007958e-01 -6.732376120222996e-01
-7.503176300854835e-01 -2.962052932272062e-01
1.729153515285151e-01 -7.237759061084094e-02
-5.672209308107344e-02 1.786506562181768e-01

237
3.396753505170645e-01 -1.592643019901568e-01
-2.525279761692360e-03 -8.875457436534294e-01
8.309607252334230e-03 -1.310398573510537e+00
9.898736145315495e-02 -1.545698036112724e-01
3.747006701443239e-02 1.910515930547928e-01

238
2.613163347282389e-01 6.490900912386528e-02
4.607841804979532e-01 -6.036999147702561e-01
-1.236854353230962e-01 -1.126894193821553e+00
1.422408934601490e-01 -5.976296912816026e-02
-2.014667486513529e-01 -1.207018510179559e-01

239
7.419678908858013e-03 1.623014235873377e-02
6.868910848232013e-01 -4.887966290447029e-01
-7.654365137941057e-01 -3.513272315122721e-01
2.031608933820847e-01 -9.578004787664889e-03
-1.270752852170156e-01 -1.513583173254120e-01

