40                                               

-1.008713894020241e+00 -1.002356365010835e+00
-1.008713894020240e+00 1.002356365010835e+00
-1.195918790591238e+00 3.579029749573445e-16
2.496134261423362e+00 -4.031159567224810e-16

7.199527239675666e-01 4.525656399051584e-01
-1.530421875602929e+00 3.443059677280384e-01
2.047141795104448e+00 2.315471058225892e+00
-2.477800646382941e-01 -1.126008663890985e+00

4.321046334442996e-02 -1.111512510867044e+00
4.321046334443012e-02 1.111512510867044e+00
-2.608201160090891e+00 -2.747339888455197e-16
8.572135790799780e-01 -2.103780754915666e-16

7.199527239675653e-01 4.525656399051574e-01
-1.530421875602929e+00 3.443059677280378e-01
-2.477800646382943e-01 -1.126008663890985e+00
2.047141795104452e+00 2.315471058225896e+00

2.611383185246801e-01 1.904262243997642e-16
-2.838176409834174e+00 3.080900280914978e-16
-7.440004273352361e-01 9.496124889882278e-01
-7.440004273352363e-01 -9.496124889882280e-01

-9.191407959707592e-01 5.528818816652942e-01
-9.191407959707590e-01 -5.528818816652944e-01
-5.123711609043783e-01 -1.559828817101332e-16
2.873151866678670e+00 -3.234532825807510e-16

-1.530421875602929e+00 3.443059677280386e-01
7.199527239675668e-01 4.525656399051584e-01
2.047141795104447e+00 2.315471058225891e+00
-2.477800646382946e-01 -1.126008663890985e+00

-3.160403240262011e-02 1.388909860636160e+00
-3.160403240261928e-02 -1.388909860636160e+00
-2.161583097115121e+00 -2.144443784749789e-16
1.085408263073855e+00 4.938239174939987e-17

-3.046761978303837e+00 6.415647702894536e-16
-5.498124197849696e-02 -7.081252622933161e-17
-7.142089156926144e-01 -7.132773296497481e-01
-7.142089156926141e-01 7.132773296497483e-01

-1.530421875602929e+00 3.443059677280377e-01
7.199527239675654e-01 4.525656399051574e-01
-2.477800646382941e-01 -1.126008663890984e+00
2.047141795104452e+00 2.315471058225895e+00

4.321046334442911e-02 1.111512510867044e+00
4.321046334443059e-02 -1.111512510867043e+00
8.572135790799776e-01 8.464515158797320e-16
-2.608201160090892e+00 1.241842763402499e-15

-1.008713894020240e+00 1.002356365010836e+00
-1.008713894020240e+00 -1.002356365010836e+00
2.496134261423362e+00 -2.373454554965465e-16
-1.195918790591240e+00 -3.791174571297705e-16

9.855717350745627e-01 -2.212508891626338e-16
-4.786525414265554e-01 -1.415368221778372e-16
1.940950432499931e-01 7.140016231587029e-01
1.940950432499932e-01 -7.140016231587030e-01

-9.191407959707599e-01 5.528818816652944e-01
-9.191407959707586e-01 -5.528818816652946e-01
2.873151866678671e+00 -2.745162460842369e-16
-5.123711609043791e-01 -2.104855012420735e-15

-1.008713894020241e+00 1.002356365010835e+00
-1.008713894020241e+00 -1.002356365010836e+00
-1.195918790591239e+00 -1.011300360679136e-16
2.496134261423364e+00 6.399784427238033e-16

2.279502468275023e-03 7.251392010088074e-01
2.279502468276605e-03 -7.251392010088072e-01
-3.399728147980566e+00 3.148520774835065e-15
2.921854025076824e-01 4.536689648199225e-15

4.321046334442737e-02 1.111512510867042e+00
4.321046334443231e-02 -1.111512510867042e+00
-2.608201160090895e+00 3.943307228091069e-15
8.572135790799763e-01 2.732375779579612e-15

2.279502468275788e-03 7.251392010088070e-01
2.279502468275846e-03 -7.251392010088070e-01
2.921854025076820e-01 -4.706310060620124e-17
-3.399728147980568e+00 -6.138500054033709e-16

-4.786525414265552e-01 -6.220167377243909e-18
9.855717350745627e-01 2.309175718001735e-16
1.940950432499932e-01 7.140016231587030e-01
1.940950432499933e-01 -7.140016231587030e-01

-1.530421875602928e+00 -3.443059677280377e-01
7.199527239675654e-01 -4.525656399051576e-01
-2.477800646382942e-01 1.126008663890984e+00
2.047141795104451e+00 -2.315471058225894e+00

4.321046334443061e-02 -1.111512510867042e+00
4.321046334442996e-02 1.111512510867042e+00
8.572135790799768e-01 5.174158918314051e-16
-2.608201160090893e+00 -7.131430426719001e-17

-1.008713894020240e+00 -1.002356365010836e+00
-1.008713894020241e+00 1.002356365010836e+00
2.496134261423362e+00 -3.129615656865172e-16
-1.195918790591239e+00 -3.629539207279975e-16

-3.046761978303836e+00 -4.871261606796477e-17
-5.498124197849730e-02 -4.921062105921399e-16
-7.142089156926136e-01 7.132773296497478e-01
-7.142089156926144e-01 -7.132773296497477e-01

-5.498124197849809e-02 5.446016855887847e-16
-3.046761978303836e+00 2.756952185268697e-16
-7.142089156926145e-01 7.132773296497474e-01
-7.142089156926132e-01 -7.132773296497472e-01

-9.191407959707585e-01 -5.528818816652967e-01
-9.191407959707607e-01 5.528818816652959e-01
2.873151866678670e+00 -6.056518980117003e-16
-5.123711609043812e-01 -1.981681069553976e-15

-2.838176409834174e+00 -4.921664049189052e-16
2.611383185246799e-01 4.517305989975121e-16
-7.440004273352367e-01 9.496124889882278e-01
-7.440004273352360e-01 -9.496124889882279e-01

-9.191407959707592e-01 -5.528818816652943e-01
-9.191407959707593e-01 5.528818816652945e-01
-5.123711609043781e-01 -6.795795695064599e-17
2.873151866678672e+00 -2.485311572510236e-16

-5.498124197849753e-02 1.126385613425725e-16
-3.046761978303837e+00 9.459491433840378e-17
-7.142089156926141e-01 -7.132773296497477e-01
-7.142089156926141e-01 7.132773296497475e-01

2.611383185246803e-01 7.182798751694362e-16
-2.838176409834174e+00 8.985573266771012e-16
-7.440004273352359e-01 -9.496124889882281e-01
-7.440004273352366e-01 9.496124889882280e-01

-4.786525414265550e-01 1.097509263783665e-16
9.855717350745625e-01 9.031931771877754e-17
1.940950432499931e-01 -7.140016231587026e-01
1.940950432499931e-01 7.140016231587027e-01

7.199527239675657e-01 -4.525656399051575e-01
-1.530421875602929e+00 -3.443059677280377e-01
-2.477800646382941e-01 1.126008663890985e+00
2.047141795104451e+00 -2.315471058225895e+00

-1.530421875602929e+00 -3.443059677280370e-01
7.199527239675642e-01 -4.525656399051574e-01
2.047141795104455e+00 -2.315471058225897e+00
-2.477800646382939e-01 1.126008663890984e+00

-2.838176409834175e+00 9.413684837282804e-17
2.611383185246796e-01 -2.030931002963752e-16
-7.440004273352366e-01 -9.496124889882279e-01
-7.440004273352362e-01 9.496124889882280e-01

-3.160403240261898e-02 -1.388909860636160e+00
-3.160403240261979e-02 1.388909860636160e+00
1.085408263073855e+00 3.000266919686588e-16
-2.161583097115122e+00 -7.921520813152009e-17

-3.160403240261932e-02 -1.388909860636158e+00
-3.160403240261790e-02 1.388909860636159e+00
-2.161583097115123e+00 -5.870662713932050e-16
1.085408263073854e+00 -4.106017667277514e-16

2.279502468277849e-03 -7.251392010088088e-01
2.279502468274572e-03 7.251392010088096e-01
-3.399728147980563e+00 4.656978626064663e-15
2.921854025076839e-01 3.668992788449422e-15

2.279502468275766e-03 -7.251392010088068e-01
2.279502468275850e-03 7.251392010088066e-01
2.921854025076818e-01 -1.813078940186969e-16
-3.399728147980567e+00 -6.402065440561740e-17

9.855717350745624e-01 -1.300522692528864e-16
-4.786525414265551e-01 -1.866665925705798e-16
1.940950432499932e-01 -7.140016231587025e-01
1.940950432499933e-01 7.140016231587027e-01

7.199527239675643e-01 -4.525656399051573e-01
-1.530421875602929e+00 -3.443059677280373e-01
2.047141795104455e+00 -2.315471058225896e+00
-2.477800646382941e-01 1.126008663890984e+00

-3.160403240261948e-02 1.388909860636159e+00
-3.160403240261913e-02 -1.388909860636159e+00
1.085408263073854e+00 2.984317313808537e-17
-2.161583097115122e+00 2.389176474058417e-16

