5
0
4
52
3.245092059684931e-01 -5.428298214565844e-02
-1.731175251250408e-01 -3.093345835696305e-01
-6.302075738397286e-02 3.488351275837427e-01
-2.560608690438443e-01 4.283313794141806e-02
9.816316838005166e-01 -1.642045716586836e-01
1.110223024625157e-16
3.682860932414351e+02
4.093856973137036e-16
6.103515625000000e-06
5.844772920731535e-12
0.000000000000000e+00
1
1
7
52
-1.576858743385035e-01 1.441450462447206e-01
2.108456009540494e-01 7.909292258518941e-03
-6.344213993863318e-02 2.918020641843677e-01
-7.849598734791372e-01 1.745781334458614e-01
-3.509081036638800e-02 -2.085836575758341e-01
8.886119947416683e-17
4.051438321581817e+02
4.421446306890746e-16
6.103515625000000e-06
2.358893936824231e-12
0.000000000000000e+00
1
1
9
52
8.145782479848476e-03 2.700424639011026e-02
1.975517619685760e-01 4.698123048243974e-02
-1.386193896943805e-01 1.483866553140496e-01
-5.436664519804192e-01 -8.315385870973460e-03
4.483817192373503e-01 -3.075649370538173e-01
5.551115123125783e-17
7.663306885102393e+04
3.277524059451715e-16
2.384185791015625e-08
1.643664471912742e-14
0.000000000000000e+00
1
1
16
52
2.742107717473751e-01 -1.329819013298807e-01
3.508837111885943e-02 3.264612194723160e-01
-2.346255783689459e-01 -2.296931857547456e-01
-2.163718231205840e-01 1.049321886570395e-01
8.294802632278765e-01 -4.022667009641604e-01
1.110223024625157e-16
4.713010960791589e+02
1.983686742511632e-16
6.103515625000000e-06
5.370068462824604e-12
0.000000000000000e+00
1
1
17
52
-2.015201424282463e-01 5.525572414685433e-02
1.034559131320472e-01 -1.785636511016987e-01
-2.745125891728988e-01 -9.974782050993553e-02
-5.539508326439287e-01 5.583365325305376e-01
1.542588758082431e-01 1.378507987778321e-01
1.309227883336068e-16
4.667547904008410e+02
1.577224012038306e-16
6.103515625000000e-06
2.217381315708528e-12
0.000000000000000e+00
1
1
20
52
-6.366840515289985e-01 -7.615884442642616e-01
-3.079166758421122e-01 7.699950083332609e-02
1.303558680791619e-01 -2.893941085225551e-01
-7.082435592427743e-01 4.197214697262491e-02
1.668374280052432e-01 -6.895910911163000e-01
1.166270990474978e-16
1.425975446219355e+03
2.070546679711742e-14
3.814697265625000e-07
1.512038982423920e-13
0.000000000000000e+00
1
1
21
52
-5.183879152918528e-01 -7.029241863824818e-01
-2.414661989707277e-01 2.328887527701943e-02
9.359001275651882e-02 -2.238061805877452e-01
-6.468085104880726e-01 5.072015950357383e-02
2.395544340270850e-01 -6.029489671256011e-01
1.526556658859590e-16
1.251541615986746e+03
1.295915552188448e-14
3.814697265625000e-07
1.216298347626960e-13
0.000000000000000e+00
1
1
23
52
2.680425179054613e-01 6.916150965264926e-02
2.498974169524930e-01 2.954078141754756e-01
-2.364972443264059e-01 1.371558033154734e-01
-8.656994634729218e-02 -2.600342396112594e-01
1.004417937759094e+00 -2.771237306067773e-01
1.241267076623637e-16
1.134446643043508e+02
1.482318583272300e-16
2.441406250000000e-05
2.713510790587193e-12
0.000000000000000e+00
1
1
26
52
-5.698019857758056e-03 8.001021762785863e-01
2.294235095963579e-01 1.132072543898333e-01
-2.310125944904479e-01 1.099282056106893e-01
-4.620896976720103e-01 3.369110322188978e-01
4.572443699470645e-01 3.434581757319547e-01
6.206335383118183e-17
9.634884611085581e+02
2.963836841013669e-15
3.814697265625000e-07
6.373021052593345e-14
0.000000000000000e+00
1
1
36
52
-1.223050183768011e-01 -1.955333889496262e-01
-5.192873346563549e-01 4.385885926344915e-02
2.666584110110320e-01 -4.477457172407835e-01
-9.811883739998891e-01 1.814479363254410e-01
5.924877382318954e-01 -8.028774868646902e-01
5.551115123125783e-17
1.007351100430221e+02
6.014019729802368e-16
1.525878906250000e-06
6.118376536357339e-14
0.000000000000000e+00
1
1
40
52
-2.235905211615381e-02 1.013916072024449e+00
-2.948577553229518e-01 1.349488357162512e-01
2.886221800089099e-01 1.478158358977976e-01
-5.920118863466048e-01 4.182477290805453e-01
5.729988014809287e-01 4.439387457275218e-01
2.288783399261119e-16
1.072852014956393e+03
4.638893178451047e-15
3.814697265625000e-07
1.083833838394372e-13
0.000000000000000e+00
1
1
41
52
2.719454208300200e-01 -6.027253023114872e-02
2.615297044381680e-01 -2.884205214401585e-01
-2.330808870882809e-01 -1.461142496045223e-01
-9.605836739192351e-02 2.585014096549726e-01
1.000479387677708e+00 3.134517035141932e-01
1.495718493605969e-16
1.210736253051432e+02
1.462464591152413e-16
2.441406250000000e-05
5.797999393734279e-12
0.000000000000000e+00
1
1
43
52
7.820655509620586e-03 9.262059934486194e-01
-2.196274510516091e-01 1.339694186271413e-01
2.218583840582299e-01 1.302416208659636e-01
-5.808847498309316e-01 3.687521219663782e-01
5.870287854902035e-01 3.588905474469081e-01
1.241267076623637e-16
9.317058405452707e+02
1.028088655260105e-14
3.814697265625000e-07
1.197162748151007e-13
0.000000000000000e+00
1
1
44
52
2.623009413645065e-02 1.093475851450499e-01
-1.926711326471837e-01 1.656481377288724e-01
2.468510881122322e-01 6.021636975440405e-02
-3.983399661305703e-01 2.793116148605801e-01
4.817024838948178e-01 6.820867849835378e-02
1.144391699630559e-16
1.199506165523972e+03
6.964905048139408e-17
1.525878906250000e-06
2.259870233137494e-14
0.000000000000000e+00
1
1
58
52
-4.365955712913159e-01 -6.869716689580938e-01
1.367866578346744e-01 -2.214167851131075e-01
-2.585460487257183e-01 2.983158024182603e-02
-5.803025346810828e-01 -4.125547323281948e-02
2.090422233844300e-01 -5.429128794488649e-01
1.570092458683775e-16
1.196582223108418e+03
2.422008218149534e-15
3.814697265625000e-07
7.633887381707118e-14
0.000000000000000e+00
1
1
60
52
-2.417840606808779e-01 7.511405632764348e-02
-3.364834271767801e-01 -1.096183943057359e-01
1.180137260127750e-01 -2.204439889452434e-01
-6.480889853794812e-01 6.986683326658736e-01
1.924116922750284e-01 1.606537342172302e-01
4.440892098500626e-16
3.345622963303494e+02
2.040890691193303e-16
6.103515625000000e-06
2.409154238726485e-12
0.000000000000000e+00
1
1
68
52
1.111378481893924e-02 3.149936884000661e-02
-1.558625694403913e-01 1.831211801514119e-01
2.362675773012462e-01 4.476761205164197e-02
-6.435935424307129e-01 1.991129632526832e-02
5.135908055719328e-01 -3.883730062862753e-01
7.850462293418876e-17
4.374549557961514e+04
5.473896112847579e-16
2.384185791015625e-08
2.088200835170002e-14
0.000000000000000e+00
1
1
76
52
-6.603829449074117e-02 -1.525833427972450e-01
2.384509120515965e-01 -2.903057225112420e-01
-3.748572793289451e-01 -2.486503800748542e-02
-7.189434777829424e-01 2.327758048699368e-02
5.090655235153355e-01 -5.082065158653696e-01
1.110223024625157e-16
2.864094909635440e+02
1.468468019252868e-16
1.525878906250000e-06
3.934029504696319e-14
0.000000000000000e+00
1
1
77
52
-3.885672906726523e-01 -6.418706101365559e-01
9.755551996272964e-02 -1.841578754381945e-01
-2.083988620570560e-01 1.056813337735294e-03
-5.573206832159924e-01 -7.147139033699411e-03
2.520558256879205e-01 -4.971169744370850e-01
1.942890293094024e-16
1.366235078568536e+03
2.132441755133526e-14
3.814697265625000e-07
8.290474748632280e-14
0.000000000000000e+00
1
1
79
52
3.302123328328734e-01 1.239296862520940e-01
-3.181959477685289e-01 1.417253534826832e-01
2.765767387714118e-01 4.081014758427958e-01
-7.445014814815645e-02 -3.411623470892783e-01
1.310029233244785e+00 -2.150258607673320e-01
6.399695615700000e-17
5.957085699187238e+01
3.076247425928626e-16
2.441406250000000e-05
2.134407302682263e-12
0.000000000000000e+00
1
1
100
52
-2.573536786717083e-01 4.675469410648065e-02
4.622138850307387e-02 -2.779936072733062e-01
1.410492792043148e-01 2.439712345255493e-01
-7.784880067510143e-01 1.414317013421764e-01
2.030703764339635e-01 -3.689278265328163e-02
5.003707553108401e-17
8.847415652413242e+02
2.625402284289928e-16
3.814697265625000e-07
1.131614254073831e-14
0.000000000000000e+00
1
1
102
52
-2.173228712890683e-01 2.127465215527174e-02
9.626598279548156e-02 -2.770696619693417e-01
1.481705147934035e-01 2.531407426180997e-01
-7.269414538062178e-01 7.116336387072564e-02
2.873839459613393e-01 -2.813322614905310e-02
2.830524433501838e-16
1.240014366816331e+03
1.049279778495810e-15
3.814697265625000e-07
1.004200599885850e-14
0.000000000000000e+00
1
1
108
52
2.035487502038071e-01 -1.191941339981624e-01
3.092915702673665e-02 3.153351072381454e-01
-2.598730472546240e-01 -1.812700800514891e-01
-2.691692902918678e-01 1.576202281915999e-01
6.808672438198062e-01 -3.987024308110911e-01
1.735570302229821e-17
7.822034206207159e+02
6.936634711956383e-17
6.103515625000000e-06
5.370253747076611e-12
0.000000000000000e+00
1
1
117
52
-7.250755665827014e-03 -2.537270070368577e-02
1.317016055316212e-01 -1.369137592142183e-01
-1.841587185499029e-01 -4.665036702785254e-02
-4.236476360095099e-01 2.815823032105507e-01
5.084628538860950e-01 1.521312577389052e-02
1.688305753616065e-16
7.586464947027493e+04
4.251995570862695e-16
2.384185791015625e-08
1.153833999413401e-14
0.000000000000000e+00
1
1
120
52
-1.005056585455767e-01 -7.256540441838621e-01
2.550083650597004e-01 5.409415752872856e-01
-9.838449462539954e-02 5.898877396098482e-01
5.976185465616953e-01 5.855137671559257e-01
-4.159829275897247e-01 7.259011659155250e-01
1.738881828270098e-16
3.089298606893079e+01
7.409456789330475e-16
2.441406250000000e-05
4.300726441641700e-14
0.000000000000000e+00
1
1
122
52
-6.904082667284724e-02 -2.604363284042434e-01
-9.620940065165546e-03 2.197380229275160e-01
1.172113150546637e-01 1.861152031162079e-01
-1.195042435805747e-01 2.835510786263786e-01
2.442760571135656e-01 1.871140998027622e-01
6.206335383118183e-17
7.970006801768483e+02
1.013401443362141e-16
2.441406250000000e-05
1.159914533992961e-14
0.000000000000000e+00
1
1
131
52
-8.110851442897403e-02 8.039909893559768e-01
9.118217698469468e-02 -9.038465221768180e-01
-7.011917806860285e-02 6.950588078834947e-01
-1.069002588752884e+00 -5.595457758969762e-01
1.159221990706433e+00 -3.347572050712762e-01
2.482534153247273e-16
2.687823377147872e+01
5.104765336209064e-16
2.441406250000000e-05
1.484884391726030e-13
0.000000000000000e+00
1
1
133
52
-1.034164633131482e-01 -2.270650475278194e-01
1.162607690122126e-01 2.552664846161161e-01
-8.940463843200862e-02 -1.963001617382766e-01
-2.571336458301871e-01 2.695926074371706e-01
3.721668397920080e-01 -1.702143242874353e-02
6.938893903907228e-17
5.088936452909218e+02
1.106211328829436e-16
2.441406250000000e-05
3.437252097935363e-14
0.000000000000000e+00
1
1
150
52
-1.351638758794532e-01 -8.648252473920885e-01
-1.052676515542520e-01 7.067663295330624e-01
3.159014575457966e-01 6.409416448833899e-01
7.261339472484918e-01 6.870646198942102e-01
-4.818633796676420e-01 8.758629941904890e-01
2.482534153247273e-16
1.905511085890246e+01
8.576395631731405e-16
2.441406250000000e-05
4.213311005871407e-14
0.000000000000000e+00
1
1
174
52
-6.226479205272437e-02 -2.466832370442323e-01
1.085826972079170e-01 1.770490394710877e-01
-1.155181492518215e-02 2.073719365837994e-01
-1.160218949811866e-01 2.663912431201342e-01
2.285479378758667e-01 1.794191032716555e-01
1.110223024625157e-16
9.207619979197116e+02
1.251467151600313e-16
2.441406250000000e-05
1.167599576239195e-14
0.000000000000000e+00
1
1
180
52
-1.547798718274744e-01 1.882301781851372e-01
-2.451707356453383e-02 3.397437907519528e-01
2.393612480252461e-01 -2.511681941033047e-02
-8.581748773682876e-01 3.238886222480789e-01
-7.330669633252025e-02 -2.298633253100190e-01
5.551115123125783e-17
2.855996582958230e+02
3.106635253212562e-16
6.103515625000000e-06
2.491912816837739e-12
0.000000000000000e+00
1
1
184
52
1.885830425643214e-02 9.142642610986673e-02
2.032206170067671e-01 5.652315467835924e-02
-1.642675701955487e-01 1.323240400435813e-01
-3.379383847631799e-01 2.211692495972972e-01
3.978724328608484e-01 6.939536031442066e-02
6.369057972232327e-17
2.458784411816390e+03
5.552749093233765e-17
1.525878906250000e-06
1.807649385067677e-14
0.000000000000000e+00
1
1
185
52
3.459724654434406e-01 -1.026573299842627e-01
-3.145363799389694e-01 -1.676143285030986e-01
3.117376511687814e-01 -3.965659091552815e-01
-1.006078148311344e-01 3.428319465449403e-01
1.321553771666996e+00 3.140060436142830e-01
2.220446049250313e-16
6.547620637072085e+01
2.328064687732393e-16
2.441406250000000e-05
3.731192269289625e-12
0.000000000000000e+00
1
1
187
52
1.171513915525942e-02 7.700888054522532e-01
1.852064070544486e-01 1.070463251154470e-01
-1.818645272610644e-01 1.126304694958276e-01
-4.809257932149850e-01 3.098834102416103e-01
4.901293993110147e-01 2.951110273328679e-01
3.330669073875470e-16
1.025357792015685e+03
1.199494249630643e-14
3.814697265625000e-07
6.431644252593761e-14
0.000000000000000e+00
1
1
192
52
-9.681539353652450e-03 -2.935203559844109e-02
-2.177207487238940e-01 -4.591483258742820e-02
1.476776211559535e-01 -1.664386267852003e-01
-4.825245830421632e-01 3.495058447661840e-01
5.957737266494740e-01 -6.162418351177501e-03
5.551115123125783e-17
4.635974212316333e+04
6.337235721209803e-16
2.384185791015625e-08
1.476415354216791e-14
0.000000000000000e+00
1
1
200
52
-2.263950624329953e-01 9.830930962425895e-02
1.820668704573016e-01 1.938185096218326e-01
-1.732411361656278e-02 -2.653560534028660e-01
-6.848390192104494e-01 2.973830367977215e-01
1.786418239224221e-01 -7.757304506157020e-02
8.326672684688674e-17
1.048558383270534e+03
1.094434719461043e-15
3.814697265625000e-07
1.050779502582319e-14
0.000000000000000e+00
1
1
202
52
-1.981200267917679e-01 6.886557083826164e-02
1.954258360467564e-01 2.029515809788845e-01
2.741203262276093e-02 -2.804089550707878e-01
-6.627082527018827e-01 2.303542093173107e-01
2.619904418511542e-01 -9.106662069660972e-02
1.688305753616065e-16
1.326791984723763e+03
8.262046102991356e-16
3.814697265625000e-07
1.010875630106247e-14
0.000000000000000e+00
1
1
206
52
3.882507559356099e-01 5.847501072639565e-01
3.356469303177579e-01 5.055227208332269e-01
-4.364714283253588e-01 -6.573759629027854e-01
-1.026235612146134e+00 2.127922562887248e-01
5.943728015012996e-01 -8.632271131103872e-01
2.288783399261119e-16
3.271686568109092e+01
5.895676469900339e-16
2.441406250000000e-05
6.490409760395325e-14
0.000000000000000e+00
1
1
212
52
2.503305435733699e-01 -6.898156329735901e-02
-2.249295329931557e-01 -2.665762843338766e-01
-5.663273860597956e-02 3.441641223308466e-01
-3.310327117437691e-01 9.122000708617711e-02
8.373515783125961e-01 -2.307422021978887e-01
5.551115123125783e-17
5.236352699710283e+02
2.872264921165402e-16
6.103515625000000e-06
5.844889575682750e-12
0.000000000000000e+00
1
1
213
52
-5.277915228938766e-02 -2.601638149660180e-01
-4.562814155510473e-02 -2.249144001346989e-01
5.933431328430232e-02 2.924761128749092e-01
-3.311622026972980e-01 2.178314709465836e-01
3.898700164044964e-01 7.155644302811824e-02
3.330849769336006e-16
4.035727223825807e+02
1.838550180194913e-16
2.441406250000000e-05
1.926502886971617e-14
0.000000000000000e+00
1
1
-1

2 0
1 5
-955906677967853477323848146553911840195936674189249816717172667572835429467210415735325414751248433138193281031542782485927155105009077151083732335018511668669232964386000038195459244863750585506609325984115697307698746853109978164399853696751365607058328921799883854939381602208933716337660757954729879557089/2500000000000000000000000000000000000000000000000000000000000000000000000000000000000000000000000000000000000000000000000000000000000000000000000000000000000000000000000000000000000000000000000000000000000000000000000000000000000000000000000000000000000000000000000000000000000000000000000000000000000000000000 5041909839473200448317308084307952956197885028050604491102131000998043746740625855251207708013595046114133606593946054653615742742307775659398532675357791861286829522961647046872746341293241012915432620510031211403259678370836377990330684434445708724744687249404936567001608118299552076694782259824565267503169/10000000000000000000000000000000000000000000000000000000000000000000000000000000000000000000000000000000000000000000000000000000000000000000000000000000000000000000000000000000000000000000000000000000000000000000000000000000000000000000000000000000000000000000000000000000000000000000000000000000000000000000000
3162231525992491624450189972960625794280471735807318420624550676199259640561913433657601425811595740993872829280413157502275993037434625836166499774561031845449460854043734757796094630805289715334522492956464809230502890527053373425440550863656421794767411522831730582546876824507754193479343899258724024672971/10000000000000000000000000000000000000000000000000000000000000000000000000000000000000000000000000000000000000000000000000000000000000000000000000000000000000000000000000000000000000000000000000000000000000000000000000000000000000000000000000000000000000000000000000000000000000000000000000000000000000000000000 -3402422195513228528677382820877815944517630604601367402840917753457754057726179266926890366594769147037035593436411278182410820188329418148758815919439904713461232738794794075114325236934723723693933768316765938732005009674054119195417268581879375352776100092132009641217765898098664340458283143541496771749897/5000000000000000000000000000000000000000000000000000000000000000000000000000000000000000000000000000000000000000000000000000000000000000000000000000000000000000000000000000000000000000000000000000000000000000000000000000000000000000000000000000000000000000000000000000000000000000000000000000000000000000000000
-1424987618538954316146864156842636072479955166534640515705579113611762485936872890797625966733831910507964893404457878103001082791712627502157921053663513780257679890825299742038155536955793433452982426088174482126419154470543879724354982936958745814280639211316572502741180203466879657441272502375242423442291/10000000000000000000000000000000000000000000000000000000000000000000000000000000000000000000000000000000000000000000000000000000000000000000000000000000000000000000000000000000000000000000000000000000000000000000000000000000000000000000000000000000000000000000000000000000000000000000000000000000000000000000000 -109811557883113846021765858730443299803856823767311167876492892981406901687580099837030153595080850848452921934250582788953050334927205107839027304599287166332798994696273376758501527401681632413915997938262642096851511615646611873154601018535399967930217295014819991672586418150012660226008363972787288711321/156250000000000000000000000000000000000000000000000000000000000000000000000000000000000000000000000000000000000000000000000000000000000000000000000000000000000000000000000000000000000000000000000000000000000000000000000000000000000000000000000000000000000000000000000000000000000000000000000000000000000000000
-1703407061228636264984978282005780047842853738739044705819275426319986805425561256210153346328769750613827440610193567966283036947600263881466995382919984508425784834676037385970765679380235498010564733241893072282310800479058543500943350381187810976089575928255801979433365076728424189939314711774223322760099/2000000000000000000000000000000000000000000000000000000000000000000000000000000000000000000000000000000000000000000000000000000000000000000000000000000000000000000000000000000000000000000000000000000000000000000000000000000000000000000000000000000000000000000000000000000000000000000000000000000000000000000000 -960711349422646792138563891076294732725291351130301866574656055714810852674681856829500514489283192706225178321545870337671369329419645763562834519936526885117319121915321835156968742347909861662035320606660490154386725892754299719926768925114140536886594692267221079603475504796074852804490934549677044853799/1250000000000000000000000000000000000000000000000000000000000000000000000000000000000000000000000000000000000000000000000000000000000000000000000000000000000000000000000000000000000000000000000000000000000000000000000000000000000000000000000000000000000000000000000000000000000000000000000000000000000000000000
9086320707044216471883340123328544438123915022740391624213362083321886242824330228011856494292530999617679268545187976916204363520047136031941994067181958440503677080688369257434160990660104680825416938629147558863595345449216516315557514101713568388678862564176017265861992052964290250479097051232463503234427/10000000000000000000000000000000000000000000000000000000000000000000000000000000000000000000000000000000000000000000000000000000000000000000000000000000000000000000000000000000000000000000000000000000000000000000000000000000000000000000000000000000000000000000000000000000000000000000000000000000000000000000000 -427971623810484789223906708281123080819247011924162742113617542477217276619663369429189566546660441068484458066222180181992702272977606946024286102902572486089644380392099445912017765916347235651744910151633210185174839121230414222789204720772098135743557487166421786331806170698769111510999066280339699745243/2000000000000000000000000000000000000000000000000000000000000000000000000000000000000000000000000000000000000000000000000000000000000000000000000000000000000000000000000000000000000000000000000000000000000000000000000000000000000000000000000000000000000000000000000000000000000000000000000000000000000000000000

0
1876202088999873492366663991556896988734283022197967220510399945508984938016438800686420943164362052330310048402370810395781567780688571905858060260049404584778828873252748220609529649189328235014878068717480863669201050157577957372860764040723056920471138351742860980470309634499721556939318510308202101341369/2000000000000000000000000000000000000000000000000000000000000000000000000000000000000000000000000000000000000000000000000000000000000000000000000000000000000000000000000000000000000000000000000000000000000000000000000000000000000000000000000000000000000000000000000000000000000000000000000000000000000000000000 -367141841148338741380432041829180054023743915505409500970625337418139618241063016312102099179526737754887292114738073448611854668108701356684680500096647280191933860771616708893232447394062112972343998226098660156496943191501024735814301986573299426867218278297574596109704257238045124802029199525127190033921/20000000000000000000000000000000000000000000000000000000000000000000000000000000000000000000000000000000000000000000000000000000000000000000000000000000000000000000000000000000000000000000000000000000000000000000000000000000000000000000000000000000000000000000000000000000000000000000000000000000000000000000000
5 5
1 0
0 0
0 0
0 0
0 0
0 0
1 0
0 0
0 0
0 0
0 0
0 0
1 0
0 0
0 0
0 0
0 0
0 0
1 0
0 0
0 0
0 0
0 0
0 0
1 0

5 0

4 0

