40

4
-3.638391117507156e-01 -1.014100215106495e+00
-3.638391117507171e-01 1.014100215106494e+00
-7.890712014768091e-01 -2.508712671221836e-15
3.024973300436426e+00 1.237133142691736e-15

7
-7.034495627198009e-01 -6.932013565967363e-01
1.140726380464927e+00 -8.077578784656967e-01
3.263213782793573e+00 1.875868522923872e+00
-5.375013713559418e-01 8.314346360770883e-01

9
3.617354896229184e+00 -6.224412760988437e+00
3.617354896229187e+00 6.224412760988440e+00
-5.848715760504899e+00 1.836837356774167e+01
-5.848715760504898e+00 -1.836837356774167e+01

16
-3.638391117507155e-01 1.014100215106494e+00
-3.638391117507163e-01 -1.014100215106494e+00
-7.890712014768083e-01 7.473951114371166e-16
3.024973300436426e+00 -7.248275076537054e-16

17
-7.034495627198002e-01 6.932013565967374e-01
1.140726380464927e+00 8.077578784656959e-01
3.263213782793573e+00 -1.875868522923873e+00
-5.375013713559427e-01 -8.314346360770883e-01

20
1.394418529383138e-01 -2.877358153357145e-01
1.394418529383092e-01 2.877358153357141e-01
4.251764512848571e-01 -5.745104155915848e-01
4.251764512848635e-01 5.745104155915881e-01

21
1.426308193652181e-01 -2.383302625078069e-01
1.426308193652188e-01 2.383302625078069e-01
3.928082276297888e-01 -6.304826051559858e-01
3.928082276297882e-01 6.304826051559853e-01

23
1.140726380464925e+00 8.077578784656971e-01
-7.034495627198010e-01 6.932013565967365e-01
-5.375013713559401e-01 -8.314346360770872e-01
3.263213782793571e+00 -1.875868522923871e+00

26
1.394418529383122e-01 -2.877358153357201e-01
1.394418529383100e-01 2.877358153357198e-01
4.251764512848659e-01 5.745104155915799e-01
4.251764512848629e-01 -5.745104155915783e-01

36
1.032782329777409e+00 -2.009748181344784e+00
1.032782329777409e+00 2.009748181344783e+00
1.589062496889836e+00 -4.024059831124798e+00
1.589062496889837e+00 4.024059831124798e+00

40
1.394418529383140e-01 2.877358153357057e-01
1.394418529383104e-01 -2.877358153357054e-01
4.251764512848514e-01 5.745104155915968e-01
4.251764512848563e-01 -5.745104155915993e-01

41
1.140726380464927e+00 -8.077578784656940e-01
-7.034495627198047e-01 -6.932013565967358e-01
-5.375013713559397e-01 8.314346360770866e-01
3.263213782793570e+00 1.875868522923870e+00

43
1.426308193652158e-01 2.383302625078132e-01
1.426308193652205e-01 -2.383302625078135e-01
3.928082276297944e-01 6.304826051559809e-01
3.928082276297901e-01 -6.304826051559781e-01

44
1.032782329777409e+00 2.009748181344784e+00
1.032782329777409e+00 -2.009748181344784e+00
1.589062496889836e+00 4.024059831124799e+00
1.589062496889836e+00 -4.024059831124799e+00

58
1.394418529383075e-01 2.877358153357156e-01
1.394418529383153e-01 -2.877358153357162e-01
4.251764512848561e-01 -5.745104155915813e-01
4.251764512848668e-01 5.745104155915871e-01

60
1.140726380464926e+00 8.077578784656967e-01
-7.034495627197997e-01 6.932013565967362e-01
3.263213782793573e+00 -1.875868522923873e+00
-5.375013713559426e-01 -8.314346360770871e-01

68
3.617354896229184e+00 6.224412760988439e+00
3.617354896229186e+00 -6.224412760988439e+00
-5.848715760504905e+00 1.836837356774166e+01
-5.848715760504889e+00 -1.836837356774166e+01

76
1.032782329777409e+00 2.009748181344783e+00
1.032782329777409e+00 -2.009748181344783e+00
1.589062496889836e+00 -4.024059831124799e+00
1.589062496889836e+00 4.024059831124799e+00

77
1.426308193652224e-01 2.383302625078116e-01
1.426308193652141e-01 -2.383302625078111e-01
3.928082276297948e-01 -6.304826051559836e-01
3.928082276297873e-01 6.304826051559789e-01

79
-7.034495627197990e-01 6.932013565967355e-01
1.140726380464925e+00 8.077578784656982e-01
-5.375013713559410e-01 -8.314346360770877e-01
3.263213782793571e+00 -1.875868522923871e+00

100
-3.638391117507192e-01 1.014100215106497e+00
-3.638391117507189e-01 -1.014100215106498e+00
3.024973300436431e+00 5.498245186749963e-16
-7.890712014768168e-01 -3.959003425964205e-16

102
-5.623809775266405e-01 1.219867935303945e+00
-5.623809775266406e-01 -1.219867935303945e+00
3.344983661840585e+00 -3.288302914910228e-16
-1.322382426924042e+00 2.538964955414016e-16

108
-5.623809775266438e-01 1.219867935303947e+00
-5.623809775266428e-01 -1.219867935303948e+00
-1.322382426924049e+00 -2.143007929087033e-15
3.344983661840589e+00 5.415084626591151e-16

117
3.617354896229186e+00 6.224412760988439e+00
3.617354896229186e+00 -6.224412760988439e+00
-5.848715760504892e+00 -1.836837356774168e+01
-5.848715760504897e+00 1.836837356774168e+01

120
-7.791793651263734e-01 2.434995453532945e-01
-7.791793651263731e-01 -2.434995453532947e-01
-9.036089191416206e-01 6.984054469726068e-01
-9.036089191416204e-01 -6.984054469726070e-01

122
-7.791793651263734e-01 -2.434995453532948e-01
-7.791793651263725e-01 2.434995453532948e-01
-9.036089191416204e-01 -6.984054469726065e-01
-9.036089191416198e-01 6.984054469726065e-01

131
-1.124199815847226e+00 -1.896547819262673e-17
8.645106936338425e-01 6.296108248737095e-18
-5.561648033422729e-01 1.385727333364891e+00
-5.561648033422729e-01 -1.385727333364892e+00

133
-1.124199815847226e+00 7.061660294641774e-17
8.645106936338428e-01 -8.655779497351629e-17
-5.561648033422733e-01 -1.385727333364892e+00
-5.561648033422727e-01 1.385727333364892e+00

150
-7.791793651263734e-01 -2.434995453532948e-01
-7.791793651263730e-01 2.434995453532950e-01
-9.036089191416204e-01 6.984054469726069e-01
-9.036089191416202e-01 -6.984054469726068e-01

174
-7.791793651263730e-01 2.434995453532947e-01
-7.791793651263732e-01 -2.434995453532946e-01
-9.036089191416200e-01 -6.984054469726069e-01
-9.036089191416203e-01 6.984054469726071e-01

180
1.140726380464927e+00 -8.077578784656959e-01
-7.034495627197999e-01 -6.932013565967367e-01
3.263213782793572e+00 1.875868522923872e+00
-5.375013713559426e-01 8.314346360770869e-01

184
1.032782329777409e+00 -2.009748181344783e+00
1.032782329777408e+00 2.009748181344783e+00
1.589062496889835e+00 4.024059831124798e+00
1.589062496889837e+00 -4.024059831124798e+00

185
-7.034495627198007e-01 -6.932013565967362e-01
1.140726380464925e+00 -8.077578784656966e-01
-5.375013713559412e-01 8.314346360770875e-01
3.263213782793574e+00 1.875868522923871e+00

187
1.426308193652162e-01 -2.383302625078036e-01
1.426308193652210e-01 2.383302625078039e-01
3.928082276297844e-01 6.304826051559872e-01
3.928082276297888e-01 -6.304826051559900e-01

192
3.617354896229188e+00 -6.224412760988442e+00
3.617354896229185e+00 6.224412760988442e+00
-5.848715760504900e+00 -1.836837356774170e+01
-5.848715760504897e+00 1.836837356774170e+01

200
-3.638391117507181e-01 -1.014100215106497e+00
-3.638391117507183e-01 1.014100215106497e+00
3.024973300436430e+00 2.377754281715564e-16
-7.890712014768148e-01 -5.387478044965441e-17

202
-5.623809775266402e-01 -1.219867935303945e+00
-5.623809775266407e-01 1.219867935303944e+00
3.344983661840585e+00 -1.095241402057532e-16
-1.322382426924041e+00 -1.095440752627660e-15

206
8.645106936338427e-01 -4.868395527306174e-17
-1.124199815847226e+00 -1.356615985072848e-16
-5.561648033422728e-01 1.385727333364892e+00
-5.561648033422727e-01 -1.385727333364892e+00

212
-5.623809775266438e-01 -1.219867935303947e+00
-5.623809775266424e-01 1.219867935303949e+00
-1.322382426924049e+00 2.465186275614019e-15
3.344983661840590e+00 -1.420994111875328e-15

213
8.645106936338427e-01 6.832207513678810e-17
-1.124199815847226e+00 2.175571767395366e-17
-5.561648033422731e-01 -1.385727333364892e+00
-5.561648033422731e-01 1.385727333364892e+00

