40

2.384436604377792e-45
6.254674174900893e-50
3.812247509144750e4

3.760765480461208e-56
1.248744934044529e-60
3.011636226047027e4

1.801818998756946e-57
3.240431866028851e-61
5.560428588690171e3

2.364812352303206e-57
8.463979620440046e-61
2.793972171899273e3

1.992212003623956e-60
8.368586295250337e-64
2.380583689212422e3

1.838505336645130e-58
3.306409402297913e-62
5.560428588690171e3

4.636896681765109e-58
9.571633838519248e-62
4.844415028816487e3

3.152259140819327e-58
6.643943894655790e-62
4.744560144998996e3

1.611374676656011e-55
5.767325433168641e-59
2.793972171899273e3

2.167501013593136e-56
5.119943821616558e-60
4.233446867994686e3

1.725162316649448e-55
6.174586611851344e-59
2.793972171899273e3

1.561829596279037e-32
7.806884149551547e-40
2.000579957842405e7

1.803196947184820e-58
3.242909999514239e-62
5.560428588690171e3

4.685893464119049e-56
1.106874282406827e-59
4.233446867994686e3

1.235951537065594e-58
2.222763079053836e-62
5.560428588690171e3

6.336866101617710e-55
1.496857359785261e-58
4.233446867994686e3

5.377924692298846e-56
1.270341842000318e-59
4.233446867994686e3

2.975650096769968e-54
1.057250419685897e-57
2.814517773049469e3

1.010734688055547e-54
3.591146937261788e-58
2.814517773049469e3

3.586572130765173e-56
1.190904830983783e-60
3.011636226047027e4

2.963501190520592e-56
1.197340301523437e-59
2.475070108932255e3

3.636707972677855e-54
1.364273050949475e-57
2.665674565767361e3

4.056773685598567e-55
1.639054049805748e-58
2.475070108932255e3

8.087370718745610e-60
3.397221763466415e-63
2.380583689212422e3

1.528476538839478e-57
3.221534751647251e-61
4.744560144998996e3

6.744786514756072e-53
2.530236286669324e-56
2.665674565767361e3

3.198943110288070e-54
1.136586572989406e-57
2.814517773049469e3

2.658236710944847e-47
6.972885953937454e-52
3.812247509144750e4

9.274413969565658e-53
6.230633679112162e-60
1.488518575671941e7

1.295352702941513e-57
5.233600043355249e-61
2.475070108932255e3

4.027062658196289e-53
5.567275586504532e-57
7.233453051898800e3

4.563382353713810e-53
6.308719115161617e-57
7.233453051898800e3

2.005136432407685e-32
1.002277576833367e-39
2.000579957842405e7

2.649111992314439e-57
9.481526047246341e-61
2.793972171899273e3

5.684176940740366e-58
1.173346401356747e-61
4.844415028816487e3

4.216300237209720e-53
2.832547948087525e-60
1.488518575671941e7

7.463384600034105e-58
3.015423511883390e-61
2.475070108932255e3

2.846191755582180e-54
1.011253786647221e-57
2.814517773049469e3

3.087737648216075e-53
4.268691074735788e-57
7.233453051898800e3

2.413013627383000e-53
3.335908327696380e-57
7.233453051898800e3

