5
0
2
52
3.646569558851288e-01 -2.769086291351679e-01
1.737223790404362e-01 -2.098943619303547e-01
2.488338808350354e-01 -1.109811150520733e-01
7.337834418400225e-01 -5.572112740007941e-01
-2.676486768650797e-02 2.032436979589537e-02
1.110223024625157e-15
4.464223635712194e+03
2.002879425331514e-13
3.814697265625000e-07
1.023292515121143e-13
0.000000000000000e+00
1
1
5
52
5.930920610137302e-01 -3.319327267942056e-02
3.391290152250268e-01 -9.966995752560254e-02
3.481326947716417e-01 6.120634143360404e-02
-4.353140748521174e-02 2.436299478205542e-03
1.193453537180750e+00 -6.679338890854324e-02
8.881784197001252e-16
1.969829161221277e+03
1.959094720483239e-16
9.765625000000001e-05
7.165394581760964e-13
0.000000000000000e+00
1
1
22
52
-8.461099784366869e-01 -1.004005425440266e+00
-1.761084913479993e-01 9.046491154464438e-02
1.189987314868317e-01 -1.582321169995952e-01
1.162791597672803e-01 -3.605913555001227e-02
-5.524150154554251e-02 1.084872377738170e-01
7.108895957933346e-16
4.218807441685451e+02
3.302335046903012e-16
6.103515625000000e-06
6.375774108616499e-14
0.000000000000000e+00
1
1
23
52
6.223282941753179e-01 2.821554566040839e-01
1.194325666892325e+00 -8.939151817579943e-01
1.146702135993176e-01 1.487396683097119e+00
-1.930825054639292e-02 6.500533261692222e-01
4.762203189690388e-01 -4.428954088764733e-01
1.859636511899659e-15
3.643905168051217e+01
1.447813959221583e-15
2.441406250000000e-05
2.872970233514503e-15
0.000000000000000e+00
1
1
26
52
-4.624434626417844e-01 -3.588644896011205e-01
-1.519364213419957e-01 -1.179054105019355e-01
4.058176313475680e-01 3.149218205242326e-01
4.303174858761166e-02 3.339341506812270e-02
5.284096471026675e-01 4.100554416415121e-01
7.021666937153402e-16
1.314561339740667e+02
1.292572154457642e-16
9.765625000000001e-05
9.542147303766812e-15
0.000000000000000e+00
1
1
37
52
-8.031757124411776e-01 -1.188543252482756e+00
-2.017801207613083e-01 7.792721792075506e-02
1.475682886912175e-01 -1.581501457478384e-01
-7.255301035673366e-02 1.114760716748041e-01
1.304934269424882e-01 -2.573556668651122e-02
1.019049275557172e-15
2.977889695041395e+02
2.380101688810181e-16
6.103515625000000e-06
2.376110719341603e-14
0.000000000000000e+00
1
1
38
52
-3.260881517297800e-01 -1.117786309991792e+00
1.928272811765136e-01 -2.726990171105032e-01
-3.092089341974571e-01 -1.262416306589605e-01
-4.097640733649084e-02 -1.404616111024244e-01
1.699862492738241e-02 5.826899913940674e-02
4.440892098500626e-16
3.101771766194014e+02
3.435139989347568e-16
6.103515625000000e-06
1.524375025648463e-14
0.000000000000000e+00
1
1
43
52
-4.243732103283046e-01 -1.244377612719224e+00
2.037164436933474e-01 -3.173609861586869e-01
-3.551762727420891e-01 -1.267604048893668e-01
2.212211941259937e-02 6.486806771248235e-02
-5.332695909637625e-02 -1.563691402729866e-01
1.332267629550188e-15
2.558223642680115e+02
6.339643901314321e-16
6.103515625000000e-06
2.698327343195441e-14
0.000000000000000e+00
1
1
47
52
1.481933564710646e-01 -5.850760811159430e-01
1.275237781888507e+00 -3.317923881678568e-01
-9.635301270181574e-01 -8.988477532543653e-01
5.681643454199373e-01 -8.465032194116662e-02
-4.593611081809543e-01 -3.449112533710294e-01
1.093178636130564e-15
2.614952923229866e+01
6.918410895933172e-16
9.765625000000001e-05
2.821233445397320e-12
0.000000000000000e+00
1
1
51
52
3.537668250429858e-01 4.941379413122294e-01
1.863894520206852e+00 -7.274216130897344e-01
-1.289287286458393e+00 1.530027214994544e+00
-4.147780573861877e-01 3.899798657164650e-01
5.028437438327209e-01 -2.669706010810640e-01
1.866768809901985e-15
1.836457290562095e+02
2.235368017589093e-15
2.441406250000000e-05
5.779491841360667e-12
0.000000000000000e+00
1
1
52
52
3.201803501492348e-01 -3.462164412578947e-01
9.991222401216500e-01 2.484648169087232e-01
-3.256597553167249e-01 -9.766912202504132e-01
-1.864791924473214e-01 -4.082501018634541e-01
4.215549031681981e-01 1.540587501642690e-01
8.167747963037129e-16
2.479379218662947e+01
5.497866145040866e-16
9.765625000000001e-05
3.827865696293329e-12
0.000000000000000e+00
1
1
63
52
8.851543925879835e-02 -5.841489037706603e-02
1.083542047349725e-01 -7.150728781881399e-02
-4.405994149509847e-02 2.907692346113159e-02
8.919498000954867e-01 -5.886334658760459e-01
-1.598141054094136e-02 1.054677412931623e-02
1.754095653584796e-15
1.628384463757021e+06
2.374229239437877e-12
3.725290298461914e-10
1.892441020565492e-12
0.000000000000000e+00
1
1
64
52
-6.374336110281785e-01 -8.532436650459235e-01
1.038845351952175e-01 -1.224760321073773e-01
-1.469092972013545e-01 6.488477085802001e-02
9.587449407739533e-02 -2.367228996395601e-02
-4.989057250626171e-02 8.522456630415651e-02
3.608224830031759e-16
5.793099402056133e+02
1.885469392552742e-16
6.103515625000000e-06
3.294520183460110e-14
0.000000000000000e+00
1
1
67
52
-1.001073295504871e-01 -4.008402101226396e-01
1.197616349097313e+00 -6.449344960973509e-01
-1.360216094576447e+00 -6.131878726616027e-03
3.597230215484010e-01 -1.428424289439648e-01
-3.846434495566568e-01 4.305843066901748e-02
4.200180744990277e-16
1.152163296015679e+02
1.146590090296048e-15
2.441406250000000e-05
3.253159105550713e-12
0.000000000000000e+00
1
1
73
52
-5.980961865975278e-01 -9.687014617574162e-01
1.221803611612513e-01 -1.205913282252140e-01
-1.625499708585335e-01 5.520702917659106e-02
-6.117165330003717e-02 8.602894843653318e-02
1.043178063435406e-01 -1.614764429343190e-02
4.475452091311810e-16
4.292983639207606e+02
1.126483947651736e-16
6.103515625000000e-06
1.677837208393972e-14
0.000000000000000e+00
1
1
77
52
9.148862732873501e-02 -4.153527183232341e-01
1.399520056987950e+00 -4.541661298430130e-02
-1.250919274361088e+00 -6.292217635130344e-01
-3.742707550208226e-01 -1.366462480973155e-01
3.970456683179558e-01 3.324954816050077e-02
2.775557561562891e-16
1.387749534552573e+02
3.818383617751008e-15
2.441406250000000e-05
6.578118851147085e-12
0.000000000000000e+00
1
1
83
52
3.341534191953296e-01 2.265684275490313e-01
9.942616906169721e-01 -8.821437497401352e-01
-4.515116127144241e-01 1.250148458471284e+00
2.519621285265366e-01 -2.820633910470486e-01
-1.687789463943025e-01 3.384646776764341e-01
6.532886618304434e-16
1.203036194377722e+02
1.163938103696361e-15
2.441406250000000e-05
5.247663065749506e-12
0.000000000000000e+00
1
1
86
52
-4.498403280584043e-01 -3.002032169290766e-01
3.118075501703563e-01 -1.417858569049180e-01
-1.127948014204213e-02 3.423447836454158e-01
1.885794730201774e-01 -2.272017776764574e-02
5.138387899199540e-02 1.828609337778229e-01
3.376611507232130e-16
1.559337203476701e+02
3.130252918755252e-16
2.441406250000000e-05
3.936935549792585e-12
0.000000000000000e+00
1
1
93
52
-4.810774667973364e-01 -3.841817189119343e-01
3.674319571592063e-01 -1.305429330192410e-01
-4.603506672313202e-02 3.872059828242683e-01
4.052599825611478e-02 2.123975569735617e-01
2.161005296687585e-01 -7.459210405539133e-03
7.447602459741819e-16
1.252960610157216e+02
1.584859537700648e-16
2.441406250000000e-05
3.918140027414523e-12
0.000000000000000e+00
1
1
94
52
6.045585055976933e-01 -9.386107265416482e-02
3.630042978480167e-01 2.761123925218456e-02
3.375444696400081e-01 -1.363753342970001e-01
-4.437301455501123e-02 6.889157466926415e-03
1.216526968351329e+00 -1.888725823967809e-01
3.552713678800501e-15
2.163738105357788e+03
3.272783923111393e-16
9.765625000000001e-05
7.195972798139965e-13
0.000000000000000e+00
1
1
107
52
-3.059705307615434e-01 -2.019764376150283e-01
4.303141192516110e-01 -2.490247981765421e-01
-5.987685862891973e-02 4.935568388087533e-01
2.055511998889437e-01 -1.232120047868847e-01
-3.251772368760632e-02 2.374343941925103e-01
2.237726045655905e-16
5.462232438554450e+01
1.727617418763659e-16
3.906250000000000e-04
5.376162832615623e-13
0.000000000000000e+00
1
1
112
52
-6.608556683503063e-01 -2.060595973848449e-01
-2.171250182651974e-01 -6.770115773931236e-02
5.799344215192788e-01 1.808277648676079e-01
7.551247638011925e-01 2.354533860511855e-01
6.149459830331022e-02 1.917446240471090e-02
1.195746792056363e-15
1.481255609371665e+02
4.053832956986013e-15
2.441406250000000e-05
1.075058398240198e-14
0.000000000000000e+00
1
1
117
52
-3.392919985678642e-01 -3.149684769674744e-01
5.875994083988831e-01 -2.210604197494292e-01
-1.768199840280086e-01 6.023914567611712e-01
-8.968735144892220e-02 2.890221609076852e-01
2.815648953855018e-01 -1.109001361235492e-01
7.108895957933346e-16
3.760862784079559e+01
8.989194113075335e-17
3.906250000000000e-04
2.400995601464821e-12
0.000000000000000e+00
1
1
122
52
-4.300548699079058e-01 -1.587623568373006e-01
3.773949958304452e-01 1.393220335104576e-01
-1.412951056573133e-01 -5.216158577284391e-02
4.001789307396929e-02 1.477331258089692e-02
4.914009179514504e-01 1.814093348197452e-01
2.482534153247273e-16
1.627477178083045e+02
4.559632721244806e-17
9.765625000000001e-05
5.773376564413191e-15
0.000000000000000e+00
1
1
127
52
-5.929672269773421e-01 -1.995670553057708e+00
-5.539778087082977e-01 -2.229688609723816e-01
3.423463658092157e-01 -4.892908044525169e-01
3.091074432526628e-02 1.040321613345870e-01
-7.451257122015220e-02 -2.507770032665817e-01
3.552713678800501e-15
2.933359710693931e+02
3.971149434774535e-16
6.103515625000000e-06
6.738834271941662e-14
0.000000000000000e+00
1
1
133
52
-4.796087584208746e-01 -3.191147244583784e-02
4.208810504186400e-01 2.800393822588113e-02
-1.575761023465735e-01 -1.048455717262493e-02
5.480235212684452e-01 3.646354907322761e-02
4.462903074655476e-02 2.969458042514129e-03
1.374391534263436e-15
1.885413863282161e+02
1.030188160247146e-15
9.765625000000001e-05
6.804606596119751e-12
0.000000000000000e+00
1
1
146
52
-7.113565040577755e-01 -2.253407006032776e-01
1.163615765546190e-01 4.580632950351694e-01
3.588794899573541e-01 -3.075183091211031e-01
2.412247961766159e-01 -1.024451846564939e-01
1.382420513737935e-01 2.226511921857113e-01
9.930136612989092e-16
9.579835693532274e+01
6.649569723084715e-16
2.441406250000000e-05
5.994978300927878e-12
0.000000000000000e+00
1
1
150
52
3.357983894735094e-01 -2.964342070051726e-01
2.347617105138827e-01 -1.262079597365250e-01
1.543538931737333e-01 -2.172933167089275e-01
6.757125951269313e-01 -5.965017509878768e-01
-2.464672432145655e-02 2.175749618978521e-02
7.715845706780411e-16
4.547581207579913e+03
2.037842650279455e-14
3.814697265625000e-07
4.999963379013453e-14
0.000000000000000e+00
1
1
154
52
1.464781320585571e-01 2.793094025468146e-02
-7.291177655379763e-02 -1.390306147522883e-02
1.793079449548111e-01 3.419103880789805e-02
-2.644654066338110e-02 -5.042914849000144e-03
1.476026574587608e+00 2.814536852002422e-01
4.965068306494546e-16
5.696888330604497e+05
2.719658368333947e-16
6.103515625000000e-06
2.540863663549073e-13
0.000000000000000e+00
1
1
157
52
-9.997008163356483e-01 -6.785895743415427e-02
5.228209647409089e-01 1.254200777245483e+00
6.875126936147636e-01 -1.172044217141299e+00
2.426845134482700e-01 6.083598473321246e-01
3.226696302378234e-01 -5.699840231408030e-01
3.468447607305094e-15
6.372523516276058e+01
1.552127486145285e-15
3.906250000000000e-04
1.764670748253874e-12
0.000000000000000e+00
1
1
163
52
-5.473064924846524e-01 -5.399353020128571e-01
3.121772494343167e-01 -1.046450661152562e-01
-1.004026950699205e-01 3.135674149992914e-01
-1.053079162983232e-02 1.843575018342306e-01
1.841977698071960e-01 -1.302949166178883e-02
2.742048596011341e-15
4.194506704498401e+02
8.078572219203615e-16
2.441406250000000e-05
7.082322735294167e-12
0.000000000000000e+00
1
1
172
52
-5.297676247219206e-01 -4.299300076285569e-01
2.667549187225180e-01 -1.192267940977835e-01
-6.176684680536743e-02 2.855837385587887e-01
1.615783263763630e-01 -2.731978685928332e-02
6.523356656813531e-03 1.637417849131708e-01
2.167779754565683e-15
5.324175267854931e+02
7.056815906671140e-16
2.441406250000000e-05
6.274153525602969e-12
0.000000000000000e+00
1
1
181
52
9.809395132337570e-02 -6.815628294111754e-02
-4.882779538256900e-02 3.392585365964985e-02
1.200795270741247e-01 -8.343199669591110e-02
9.884702714677102e-01 -6.867952467263864e-01
-1.771080526524604e-02 1.230557683210181e-02
1.948738739090243e-15
1.597908585845284e+06
2.497979505923385e-12
3.725290298461914e-10
2.036239538793752e-12
0.000000000000000e+00
1
1
184
52
3.927102430393166e-01 1.084901408463378e-01
6.205767576469269e-01 -6.372459851025221e-01
2.054440020978017e-01 8.654424993394392e-01
2.394300680444682e-01 -3.050172330785865e-01
4.889693093222498e-02 3.846704565002422e-01
1.570092458683775e-16
2.785059253904236e+01
3.522784841457425e-16
9.765625000000001e-05
2.514531391102588e-12
0.000000000000000e+00
1
1
198
52
-3.916097234591582e-01 -1.678526717957923e+00
-4.468252244226537e-01 -2.115924432349132e-01
3.070587633798771e-01 -3.874778174890732e-01
-4.920988223666114e-02 -2.109245434259842e-01
2.041419405055387e-02 8.749979402134513e-02
1.776356839400250e-15
2.669056063267259e+02
1.447392374637023e-15
6.103515625000000e-06
3.130322004664773e-14
0.000000000000000e+00
1
1
204
52
1.302921789341353e-01 1.442413597386879e-02
1.594942707149270e-01 1.765698499069632e-02
-6.485496574570852e-02 -7.179838821865137e-03
-2.352417633865394e-02 -2.604269273549726e-03
1.312924433599591e+00 1.453487132426313e-01
2.224778631027185e-16
7.112720775852372e+05
1.285927887325786e-16
6.103515625000000e-06
1.101123802000285e-13
0.000000000000000e+00
1
1
209
52
-5.899746892835789e-01 -3.516151369364327e-02
3.144719735891849e-01 7.372107114977309e-01
3.998079513139659e-01 -6.946408117769909e-01
1.875446049790676e-01 -3.377582274373990e-01
1.460998512483239e-01 3.576428840668104e-01
4.742874840267547e-16
3.480284379319383e+01
3.669353577555424e-16
3.906250000000000e-04
1.691172563325479e-12
0.000000000000000e+00
1
1
213
52
-8.613268647261512e-01 -3.346031221233267e-01
1.076618418073524e-01 5.752622930608613e-01
4.677710044137688e-01 -3.517215737323002e-01
1.532752748740019e-01 2.860626370957713e-01
3.061919377032327e-01 -1.075715553268036e-01
2.482534153247273e-15
7.468071363763755e+01
5.219204299572584e-16
2.441406250000000e-05
7.231871106804211e-12
0.000000000000000e+00
1
1
235
52
-8.353698361376704e-01 -4.226013211940703e-01
1.579806936608398e-04 4.009255365277501e-01
3.230796881568897e-01 -2.374043510519788e-01
2.087424162494258e-01 -8.359049933023334e-02
5.633054943737399e-02 2.176870164249805e-01
4.518280359883027e-15
3.245509919093589e+02
4.563093309595692e-16
2.441406250000000e-05
8.323889921595165e-12
0.000000000000000e+00
1
1
239
52
-9.599275611248836e-01 -6.115167530598228e-01
-4.792169267241531e-02 4.850640200552393e-01
4.193556775981896e-01 -2.484439732553465e-01
4.202605494588530e-02 2.701205685783357e-01
2.625705853258345e-01 -7.607889710719150e-02
9.772485525101520e-15
2.341684064745949e+02
6.031750225898322e-16
2.441406250000000e-05
7.568161223902424e-12
0.000000000000000e+00
1
1
-1

2 0
1 5
-116385375235021477373327173703851179232722151669707034350807989348557449440147671962223024090843325389797039852698330834867691891184844410787858383602078733411815818602237431732507110702418121421529317883167744538537439528126844752558799493722520045577454115108220750817407399580474533624701554427591588142063/250000000000000000000000000000000000000000000000000000000000000000000000000000000000000000000000000000000000000000000000000000000000000000000000000000000000000000000000000000000000000000000000000000000000000000000000000000000000000000000000000000000000000000000000000000000000000000000000000000000000000000000 856313237455834706399928327836303450303541500034262763750802480334859377969275827867704912720429914512429594842409672461795948914471425838561619644128016768699359522282609494832080518418517399190418800314013219502671722396696971484466019250140928859532494901743016543624981254551094823053603573719508611298143/1250000000000000000000000000000000000000000000000000000000000000000000000000000000000000000000000000000000000000000000000000000000000000000000000000000000000000000000000000000000000000000000000000000000000000000000000000000000000000000000000000000000000000000000000000000000000000000000000000000000000000000000
1142361131381088009764488656970048731858327873181226261501133240657496227037742975352474660679328633679236238992042692422164681931126897724546695579411548822195689056191830596052430050354847271310996694481425562532252080949700329214675560859194810071078881744050429267497573112877525392956127951089625431278271/1250000000000000000000000000000000000000000000000000000000000000000000000000000000000000000000000000000000000000000000000000000000000000000000000000000000000000000000000000000000000000000000000000000000000000000000000000000000000000000000000000000000000000000000000000000000000000000000000000000000000000000000 -683223542944015192475709482450115712250931005114422758981669621059580462495662871223442860601636673237866685153711184758280173102413202872293214162272194667428100823327571118597202101636925034861196175742259332025505300404084210552265439098699486836497121022731040450173065347281185178793285679920627708525821/25000000000000000000000000000000000000000000000000000000000000000000000000000000000000000000000000000000000000000000000000000000000000000000000000000000000000000000000000000000000000000000000000000000000000000000000000000000000000000000000000000000000000000000000000000000000000000000000000000000000000000000000
420267253657580548856791958170133173570276374079976011871448665660648912786358527955389667562110204821319264364223114195529328489743007150406933023333813034337699679118117434434730602567177701091776534859015021518162173188377784942945005021864314184347653573570549573463220383965828510847631495217878510458921/1250000000000000000000000000000000000000000000000000000000000000000000000000000000000000000000000000000000000000000000000000000000000000000000000000000000000000000000000000000000000000000000000000000000000000000000000000000000000000000000000000000000000000000000000000000000000000000000000000000000000000000000 -673363434596309199166910899635519818007965881153294719528562500824837899838932743127510888724679975833304911610818285440198657327449486631817965582080737007161436940575355744046319893758850984581006789862579779343383409516644638266244226728365701572583335163341042792794634678192221158175451331573442293650859/2500000000000000000000000000000000000000000000000000000000000000000000000000000000000000000000000000000000000000000000000000000000000000000000000000000000000000000000000000000000000000000000000000000000000000000000000000000000000000000000000000000000000000000000000000000000000000000000000000000000000000000000
3728218180819228581239563084943568695149417816780013124811089697707745534499231138565094382340005201018423249680338441647666420515658038677957089347261384291438823532338895960221511025719990602933568082042660698217031829746386579794049486677785332177917198065010141069137981037223144247904908180490231430913247/5000000000000000000000000000000000000000000000000000000000000000000000000000000000000000000000000000000000000000000000000000000000000000000000000000000000000000000000000000000000000000000000000000000000000000000000000000000000000000000000000000000000000000000000000000000000000000000000000000000000000000000000 2173469805043386725597818561005519003971711720421055717868327751439745109604922972243842847196083217811456922146963721968067518659603295199396941092195054325478776859751241716807218556966815591381508207279144503506195890411041086328724273104776151487385131986471906175439343868685070039322838822034752597259087/5000000000000000000000000000000000000000000000000000000000000000000000000000000000000000000000000000000000000000000000000000000000000000000000000000000000000000000000000000000000000000000000000000000000000000000000000000000000000000000000000000000000000000000000000000000000000000000000000000000000000000000000
7175848712217744047322631134720071156094769589104948322537723052443897550694648939772081099303467334569512631920293875383466355157303127092965686127460160291956572918573825036283029831229298119909844142279383949891413041428982795591617025336035579368602550036979124378493303302157130961378389212886345614480039/10000000000000000000000000000000000000000000000000000000000000000000000000000000000000000000000000000000000000000000000000000000000000000000000000000000000000000000000000000000000000000000000000000000000000000000000000000000000000000000000000000000000000000000000000000000000000000000000000000000000000000000000 -383697255496385876970422064530436135615696706184781075762608600084989263020914932108178698912062278113846621705195473459944727272339720386828545369639852311790936425528073529944892173123032601199499721386592115541654345543581076472143091779068616015655513461853521996022929054208993990104798177893433288575609/2500000000000000000000000000000000000000000000000000000000000000000000000000000000000000000000000000000000000000000000000000000000000000000000000000000000000000000000000000000000000000000000000000000000000000000000000000000000000000000000000000000000000000000000000000000000000000000000000000000000000000000000

0
-7340664801304888760464723087708948620342804956755411303576097462765574439413228615753341958561998904854230817284800883837611611857291937183357892322876721555052053557231084805314913064089358997810314653781371772356377340244661475034646758204451211044108393610245042529625900384460769169852045817189745284841317/10000000000000000000000000000000000000000000000000000000000000000000000000000000000000000000000000000000000000000000000000000000000000000000000000000000000000000000000000000000000000000000000000000000000000000000000000000000000000000000000000000000000000000000000000000000000000000000000000000000000000000000000 -347547474257203658161694487799861520988499465062196778461594904767292479675923763872395156309286379720279970942619934853262188565220053271521929387169278347861442495168058041339595917368109981364507198532523908208219452220845844543707462973668971629519870130126213515096208626997707816558127515470387690749611/625000000000000000000000000000000000000000000000000000000000000000000000000000000000000000000000000000000000000000000000000000000000000000000000000000000000000000000000000000000000000000000000000000000000000000000000000000000000000000000000000000000000000000000000000000000000000000000000000000000000000000000
5 5
1 0
0 0
0 0
0 0
0 0
0 0
1 0
0 0
0 0
0 0
0 0
0 0
1 0
0 0
0 0
0 0
0 0
0 0
1 0
0 0
0 0
0 0
0 0
0 0
1 0

5 0

4 0

