40

2
5.793887283046542e-01 -1.356250652592079e-01
5.793887283046809e-01 1.356250652592064e-01
2.012256807384666e+00 8.871517570771653e-15
-7.339738692641019e-02 -1.015260751261042e-15

5
5.793887283046587e-01 -1.356250652590359e-01
5.793887283046589e-01 1.356250652590359e-01
-7.339738692641846e-02 -5.371804713867938e-18
2.012256807384784e+00 1.995814822594668e-16

22
3.374842592371172e-02 -1.469649542508317e-01
3.374842592371159e-02 1.469649542508316e-01
-3.606957711012582e-02 8.541819444731050e-02
-3.606957711012576e-02 -8.541819444731061e-02

23
1.051692404750989e+00 -1.913228023812354e+00
1.051692404750990e+00 1.913228023812354e+00
3.670989031827050e-01 8.781126820643942e-01
3.670989031827048e-01 -8.781126820643944e-01

26
3.285513443611763e-01 -7.368188688667117e-17
-8.775508016250636e-01 -1.135150365327493e-17
-9.305299363901853e-02 2.037706917420069e-18
-1.142647025614851e+00 -4.487375245223281e-17

37
3.374842592371172e-02 -1.469649542508316e-01
3.374842592371165e-02 1.469649542508317e-01
-3.606957711012578e-02 -8.541819444731050e-02
-3.606957711012577e-02 8.541819444731052e-02

38
1.784512138873812e-01 2.245671694519399e-01
1.784512138873812e-01 -2.245671694519399e-01
1.256605219144756e-01 1.665299487131582e-17
-5.212892537557971e-02 -5.856243928077821e-18

43
1.784512138873811e-01 2.245671694519398e-01
1.784512138873811e-01 -2.245671694519398e-01
-5.212892537557964e-02 1.649376600698970e-17
1.256605219144754e-01 -4.888806939195625e-17

47
1.051692404750990e+00 1.913228023812354e+00
1.051692404750989e+00 -1.913228023812353e+00
3.670989031827050e-01 8.781126820643943e-01
3.670989031827050e-01 -8.781126820643941e-01

51
8.121270750566272e-01 -3.190588642405880e+00
8.121270750566286e-01 3.190588642405882e+00
1.244685485076680e-01 9.285077348868196e-01
1.244685485076682e-01 -9.285077348868195e-01

52
1.051692404750989e+00 1.913228023812353e+00
1.051692404750990e+00 -1.913228023812354e+00
3.670989031827049e-01 -8.781126820643947e-01
3.670989031827046e-01 8.781126820643942e-01

63
1.224127741355613e+00 -4.827272597353720e-15
-4.977656086220127e-01 3.576304257022873e-14
1.007677087256785e+01 -2.069861671331944e-12
-1.805494123371441e-01 -1.959217812121818e-14

64
3.374842592371172e-02 1.469649542508316e-01
3.374842592371168e-02 -1.469649542508316e-01
-3.606957711012573e-02 8.541819444731050e-02
-3.606957711012582e-02 -8.541819444731047e-02

67
8.121270750566298e-01 3.190588642405879e+00
8.121270750566257e-01 -3.190588642405879e+00
1.244685485076681e-01 9.285077348868195e-01
1.244685485076681e-01 -9.285077348868194e-01

73
3.374842592371173e-02 1.469649542508317e-01
3.374842592371176e-02 -1.469649542508316e-01
-3.606957711012575e-02 -8.541819444731047e-02
-3.606957711012575e-02 8.541819444731051e-02

77
8.121270750566272e-01 3.190588642405878e+00
8.121270750566295e-01 -3.190588642405880e+00
1.244685485076684e-01 -9.285077348868194e-01
1.244685485076682e-01 9.285077348868191e-01

83
8.121270750566257e-01 -3.190588642405878e+00
8.121270750566292e-01 3.190588642405879e+00
1.244685485076682e-01 -9.285077348868193e-01
1.244685485076683e-01 9.285077348868195e-01

86
-3.340386035701275e-01 5.381138710261180e-01
-3.340386035701266e-01 -5.381138710261191e-01
-2.667205862221160e-01 2.285045367461773e-01
-2.667205862221159e-01 -2.285045367461783e-01

93
-3.340386035701271e-01 5.381138710261204e-01
-3.340386035701290e-01 -5.381138710261191e-01
-2.667205862221170e-01 -2.285045367461777e-01
-2.667205862221164e-01 2.285045367461788e-01

94
5.793887283046588e-01 1.356250652590358e-01
5.793887283046586e-01 -1.356250652590359e-01
-7.339738692641848e-02 2.612019686908545e-18
2.012256807384782e+00 -2.623285631045832e-16

107
-6.053479393925512e-01 1.213485552247551e+00
-6.053479393925520e-01 -1.213485552247551e+00
-2.827616695154706e-01 5.893482586080533e-01
-2.827616695154710e-01 -5.893482586080537e-01

112
3.285513443611766e-01 -1.854696002540099e-15
-8.775508016250638e-01 9.402874782490627e-16
-1.142647025614851e+00 1.983349515795527e-15
-9.305299363901838e-02 -3.608357998509710e-16

117
-6.053479393925517e-01 1.213485552247552e+00
-6.053479393925518e-01 -1.213485552247551e+00
-2.827616695154702e-01 -5.893482586080541e-01
-2.827616695154700e-01 5.893482586080541e-01

122
-8.775508016250637e-01 -1.048789170353405e-16
3.285513443611764e-01 -2.377980473255071e-17
-9.305299363901851e-02 -2.602433001189798e-18
-1.142647025614851e+00 -2.104785777656734e-17

127
1.784512138873811e-01 -2.245671694519398e-01
1.784512138873811e-01 2.245671694519397e-01
-5.212892537557964e-02 1.127904748501032e-17
1.256605219144756e-01 -4.369278755023733e-17

133
-8.775508016250638e-01 3.498906847725363e-19
3.285513443611774e-01 4.971333477443304e-16
-1.142647025614854e+00 -1.328972997887656e-15
-9.305299363901758e-02 2.167807867487719e-16

146
-3.340386035701265e-01 -5.381138710261187e-01
-3.340386035701272e-01 5.381138710261181e-01
-2.667205862221159e-01 2.285045367461776e-01
-2.667205862221156e-01 -2.285045367461782e-01

150
5.793887283046686e-01 1.356250652589792e-01
5.793887283046433e-01 -1.356250652589803e-01
2.012256807384821e+00 8.634666661674548e-15
-7.339738692642128e-02 -9.061702074206686e-16

154
-4.977656086210188e-01 -2.496955528780204e-18
1.224127741355479e+00 1.539058954928101e-17
-1.805494123369122e-01 -1.309883202198448e-17
1.007677087251182e+01 1.343096958535941e-15

157
-6.053479393925517e-01 -1.213485552247550e+00
-6.053479393925510e-01 1.213485552247550e+00
-2.827616695154707e-01 -5.893482586080534e-01
-2.827616695154704e-01 5.893482586080533e-01

163
-1.934697991640670e-01 3.820642426658903e-01
-1.934697991640721e-01 -3.820642426658864e-01
-1.586560552104482e-01 -1.803258285863954e-01
-1.586560552104465e-01 1.803258285863973e-01

172
-1.934697991640668e-01 3.820642426658864e-01
-1.934697991640682e-01 -3.820642426658854e-01
-1.586560552104462e-01 1.803258285863960e-01
-1.586560552104467e-01 -1.803258285863951e-01

181
-4.977656086219150e-01 5.813437452393263e-13
1.224127741355600e+00 -7.842365653419238e-14
1.007677087256237e+01 -3.276167750228831e-11
-1.805494123370161e-01 7.789035209164421e-14

184
1.051692404750989e+00 -1.913228023812353e+00
1.051692404750989e+00 1.913228023812353e+00
3.670989031827050e-01 -8.781126820643940e-01
3.670989031827048e-01 8.781126820643942e-01

198
1.784512138873812e-01 -2.245671694519398e-01
1.784512138873811e-01 2.245671694519399e-01
1.256605219144755e-01 5.249854271536387e-17
-5.212892537557961e-02 2.677865672730315e-17

204
1.224127741355479e+00 2.186010686617040e-17
-4.977656086210187e-01 -6.815111044597610e-17
-1.805494123369122e-01 -1.152244784514980e-17
1.007677087251181e+01 4.076112807761886e-15

209
-6.053479393925516e-01 -1.213485552247551e+00
-6.053479393925516e-01 1.213485552247551e+00
-2.827616695154705e-01 5.893482586080534e-01
-2.827616695154706e-01 -5.893482586080536e-01

213
-3.340386035701292e-01 -5.381138710261193e-01
-3.340386035701275e-01 5.381138710261207e-01
-2.667205862221173e-01 -2.285045367461778e-01
-2.667205862221167e-01 2.285045367461788e-01

235
-1.934697991640683e-01 -3.820642426658849e-01
-1.934697991640664e-01 3.820642426658865e-01
-1.586560552104460e-01 1.803258285863959e-01
-1.586560552104466e-01 -1.803258285863950e-01

239
-1.934697991640713e-01 -3.820642426658867e-01
-1.934697991640676e-01 3.820642426658897e-01
-1.586560552104479e-01 -1.803258285863957e-01
-1.586560552104466e-01 1.803258285863969e-01

