40

6.463481214301616e-52
1.897695275803558e-57
3.405963695390836e5

8.903353476122126e-52
2.614048261339575e-57
3.405963695390836e5

2.871524918419246e-55
9.947021437458611e-60
2.886818869823305e4

2.414417725328718e-59
1.570476153382596e-62
1.537379424786798e3

3.217899429599233e-52
5.951475864328470e-56
5.406893185749854e3

3.284334987296334e-54
1.649769981840208e-58
1.990783577982719e4

2.903255583267541e-49
1.415994374951157e-53
2.050329884515032e4

1.021352214087499e-41
2.165610981628169e-47
4.716231228748280e5

1.262325419599791e-54
6.286812512294317e-58
2.007894170744272e3

5.223447111725543e-57
1.079967483143622e-60
4.836670726900847e3

7.177009985061454e-52
4.028623542556666e-56
1.781504255546981e4

3.041049351022841e-53
1.383505849222813e-56
2.198074805922329e3

5.997227734320136e-57
2.986824615411442e-60
2.007894170744272e3

1.570121052354734e-58
7.599054409265684e-62
2.066205830083612e3

2.093845260795154e-54
1.940876574924496e-58
1.078814226441271e4

7.998461924035540e-56
6.398120390735726e-59
1.250126824061807e3

3.763937792880580e-53
3.352983094170209e-57
1.122563904191731e4

3.896684568946328e-59
2.901750783350493e-62
1.342873616612602e3

2.020358850930834e-47
5.797616751206680e-52
3.484809254613680e4

7.968752988807785e-58
5.183335265406511e-61
1.537379424786798e3

6.668629496090295e-56
5.003543140941666e-59
1.332781452711780e3

6.631503177098367e-55
5.304664334416763e-58
1.250126824061807e3

1.491870885325722e-54
7.867510312481332e-59
1.896242681701934e4

8.682257264047822e-58
4.202029215887209e-61
2.066205830083612e3

2.736181868485848e-56
5.657159693066573e-60
4.836670726900847e3

6.093255003292333e-56
2.772087185966156e-59
2.198074805922329e3

1.850239377069490e-54
8.418889237601656e-58
2.197723862199878e3

1.784975741685533e-54
3.301296475376892e-58
5.406893185749854e3

1.279213113060943e-52
5.820627127288303e-56
2.197723862199878e3

2.232935488535867e-53
1.121636481851293e-57
1.990783577982719e4

6.127122410939749e-59
4.562694757824947e-62
1.342873616612602e3

3.668109191999042e-44
7.777627970485627e-50
4.716231228748280e5

2.868711155762168e-57
2.152424277757818e-60
1.332781452711780e3

5.577191732466905e-54
4.968262128900892e-58
1.122563904191731e4

5.663905639371563e-53
3.179282688624595e-57
1.781504255546981e4

3.921820633300545e-55
2.068206074646835e-59
1.896242681701934e4

2.314311898126419e-50
1.128750995439852e-54
2.050329884515032e4

2.926211577807655e-46
8.397049491112103e-51
3.484809254613680e4

1.384560001498069e-54
1.283409105630146e-58
1.078814226441271e4

9.378758945465340e-55
3.248821408057163e-59
2.886818869823305e4

