4 4

13
1 1 0 0 1 0
1 0 3 0 -436756419734507/62500000000000 0
1 0 2 0 -137579637315507/125000000000000 0
1 0 1 0 -1392978266108049/500000000000000 0
1 0 0 0 -309630156466811/250000000000000 0
0 1 3 0 -436756419734507/62500000000000 0
0 1 2 0 -137579637315507/125000000000000 0
0 1 1 0 -1392978266108049/500000000000000 0
0 1 0 0 -309630156466811/250000000000000 0
0 0 3 0 814346595932623/125000000000000 0
0 0 2 0 722719946386547/50000000000000 0
0 0 1 0 887975668006117/200000000000000 0
0 0 0 0 1122705862130159/1000000000000000 0

18
1 0 2 0 -436756419734507/62500000000000 0
1 0 1 1 -436756419734507/62500000000000 0
1 0 1 0 -137579637315507/125000000000000 0
1 0 0 2 -436756419734507/62500000000000 0
1 0 0 1 -137579637315507/125000000000000 0
1 0 0 0 -1392978266108049/500000000000000 0
0 1 2 0 -436756419734507/62500000000000 0
0 1 1 1 -436756419734507/62500000000000 0
0 1 1 0 -137579637315507/125000000000000 0
0 1 0 2 -436756419734507/62500000000000 0
0 1 0 1 -137579637315507/125000000000000 0
0 1 0 0 -1392978266108049/500000000000000 0
0 0 2 0 814346595932623/125000000000000 0
0 0 1 1 814346595932623/125000000000000 0
0 0 1 0 722719946386547/50000000000000 0
0 0 0 2 814346595932623/125000000000000 0
0 0 0 1 722719946386547/50000000000000 0
0 0 0 0 887975668006117/200000000000000 0

18
2 1 0 0 1 0
2 0 3 0 -436756419734507/62500000000000 0
2 0 2 0 -137579637315507/125000000000000 0
2 0 1 0 -1392978266108049/500000000000000 0
2 0 0 0 -309630156466811/250000000000000 0
1 2 0 0 1 0
1 1 3 0 -436756419734507/62500000000000 0
1 1 2 0 -137579637315507/125000000000000 0
1 1 1 0 -1392978266108049/500000000000000 0
1 1 0 0 -309630156466811/250000000000000 0
0 2 3 0 -436756419734507/62500000000000 0
0 2 2 0 -137579637315507/125000000000000 0
0 2 1 0 -1392978266108049/500000000000000 0
0 2 0 0 -309630156466811/250000000000000 0
0 0 3 0 40044490205301/4000000000000 0
0 0 2 0 1232075001319969/250000000000000 0
0 0 1 0 1478203995332801/500000000000000 0
0 0 0 0 8307953045725029/10000000000000000 0

24
2 0 2 0 -436756419734507/62500000000000 0
2 0 1 1 -436756419734507/62500000000000 0
2 0 1 0 -137579637315507/125000000000000 0
2 0 0 2 -436756419734507/62500000000000 0
2 0 0 1 -137579637315507/125000000000000 0
2 0 0 0 -1392978266108049/500000000000000 0
1 1 2 0 -436756419734507/62500000000000 0
1 1 1 1 -436756419734507/62500000000000 0
1 1 1 0 -137579637315507/125000000000000 0
1 1 0 2 -436756419734507/62500000000000 0
1 1 0 1 -137579637315507/125000000000000 0
1 1 0 0 -1392978266108049/500000000000000 0
0 2 2 0 -436756419734507/62500000000000 0
0 2 1 1 -436756419734507/62500000000000 0
0 2 1 0 -137579637315507/125000000000000 0
0 2 0 2 -436756419734507/62500000000000 0
0 2 0 1 -137579637315507/125000000000000 0
0 2 0 0 -1392978266108049/500000000000000 0
0 0 2 0 40044490205301/4000000000000 0
0 0 1 1 40044490205301/4000000000000 0
0 0 1 0 1232075001319969/250000000000000 0
0 0 0 2 40044490205301/4000000000000 0
0 0 0 1 1232075001319969/250000000000000 0
0 0 0 0 1478203995332801/500000000000000 0

