5
0
0
52
3.632666079477105e-01 -3.800635056545335e-01
1.194060260907029e-01 -4.378608537118592e-01
4.320202849412951e-01 -1.390625746896227e-01
1.140463393019541e+00 -1.193196692837927e+00
8.612738895232777e-03 -9.010978895923233e-03
5.424074212443803e-15
3.873858599610757e+03
9.030747139257426e-14
1.525878906250000e-06
7.046909726943705e-12
0.000000000000000e+00
1
1
8
52
-4.897908490126054e-02 -2.513800522926805e-01
4.030722537140999e-02 -2.010314377173352e-01
-1.128318605324400e-01 -1.711936991148576e-01
4.213626784684990e-03 2.162600064111670e-02
-1.650041827495253e-01 -8.468667834792335e-01
4.440892098500626e-16
8.726017243337170e+03
2.663008049111070e-16
9.765625000000001e-05
2.090514652573165e-13
0.000000000000000e+00
1
1
16
52
-5.102909698947782e-02 -2.536648300644302e-01
6.559346072674688e-02 -2.135138001231169e-01
-1.430538881169020e-01 -1.715407532563691e-01
-1.209856008821520e-03 -6.014174990073319e-03
-1.602041470977185e-01 -7.963722688947312e-01
4.440892098500626e-16
2.822684216188046e+03
2.461632647978275e-16
9.765625000000001e-05
1.904420863840950e-13
0.000000000000000e+00
1
1
23
52
3.308386728895716e-01 -3.552699766719281e-01
1.367267414064097e-01 -3.638012363329292e-01
3.531548906585048e-01 -1.622564777656751e-01
1.114552567736447e+00 -1.196858460593452e+00
-2.846175456947878e-02 3.056355774138674e-02
3.196989591523456e-15
1.063880693129087e+04
6.282353106809049e-14
3.814697265625000e-07
6.829269436749551e-13
0.000000000000000e+00
1
1
26
52
-1.404847427385608e-01 -2.283174084502316e+00
-9.960683753749633e-02 -1.618821700290033e+00
1.233550128253032e-01 2.004779757473813e+00
3.845837894401897e-01 4.108636077559576e-01
-3.313121591608594e-01 4.549130119820571e-01
2.246933419889089e-14
2.901883496645370e+02
9.914516734593080e-16
9.765625000000001e-05
2.815932755878594e-14
0.000000000000000e+00
1
1
30
52
-1.519120294919278e-01 1.470846884449614e+00
-1.290899353205665e-01 1.249878168405003e+00
1.713770236911911e-01 -1.659311393610408e+00
3.908722610743727e-02 -3.784514296476874e-01
1.988348136065487e-01 -1.925163972145156e+00
4.322062729257126e-14
4.162965045691780e+02
1.287143431902578e-15
9.765625000000001e-05
9.217701462129177e-14
0.000000000000000e+00
1
1
51
52
-1.035839976076228e+00 -2.643622458114804e-01
-6.651917473072189e-01 -1.697671341856561e-01
-4.813028530132415e-01 -1.228358685479898e-01
6.179199896266595e-02 -2.194333555545868e-02
4.371900248841537e-02 4.887136106677911e-02
8.005932084973442e-16
1.572315260781403e+02
1.193189751046954e-15
2.441406250000000e-05
4.064327134846279e-14
0.000000000000000e+00
1
1
52
52
-5.211539325021847e+00 3.480907363454418e+00
-7.715035569734570e-01 3.572330669980701e+00
5.397842754545310e+00 -4.360827069218901e+00
3.625821002739220e+00 -3.670694750546410e+00
1.642444383657657e+00 1.360345712406280e+00
6.370521862719170e-12
1.970586538718769e+05
3.660600219812664e-14
9.765625000000001e-05
2.464961873822100e-12
0.000000000000000e+00
1
1
59
52
-1.021636628646342e+00 -2.120932647772522e-01
-6.560706960708238e-01 -1.362012401989891e-01
-4.747032702608566e-01 -9.854909619231707e-02
4.478229540734268e-02 4.572379077425335e-02
5.928194839207730e-02 -2.411990090272513e-02
6.280369834735101e-16
1.793324940684177e+02
7.097945528695310e-16
2.441406250000000e-05
4.047341600461506e-14
0.000000000000000e+00
1
1
60
52
1.797302316717691e-01 -3.624084792185100e-01
2.434541090112791e-01 -2.135687008564429e-01
2.267723063462194e-02 -3.230591840371367e-01
6.054878332693734e-01 -1.220907149561863e+00
-1.546203077733991e-02 3.117767671873842e-02
1.458159943279691e-15
1.339044069236296e+04
1.930229285039495e-13
3.814697265625000e-07
7.974554159649562e-13
0.000000000000000e+00
1
1
62
52
1.444846918288588e-01 -3.733023434526128e-01
2.631879096659177e-01 -2.239084921749565e-01
-4.386507934607776e-02 -3.427517227911863e-01
4.536048683733138e-01 -1.171970249732979e+00
3.425607798365705e-03 -8.850677554149441e-03
2.220446049250313e-15
3.571567372979768e+03
1.210761864243188e-13
3.814697265625000e-07
6.753243547881398e-14
0.000000000000000e+00
1
1
71
52
-2.399909281181565e-01 1.901043542429692e-01
2.649615400794490e-01 -2.098843605089399e-01
-2.382346579814973e-01 1.887131574888928e-01
8.610483613138049e-02 -6.820634595776794e-02
3.841437837341118e-01 -3.042923601981742e-01
2.114940258219923e-16
1.300250194262529e+03
8.996448894179261e-17
9.765625000000001e-05
3.178841918583360e-12
0.000000000000000e+00
1
1
82
52
-1.695041778999422e+00 -2.624158626144979e+00
-1.201822687708290e+00 -1.860587397974412e+00
1.488360204189676e+00 2.304187021833031e+00
-9.002751695485887e-02 7.632814227687552e-01
7.327851374526062e-01 2.317960881497290e-01
7.685694801574505e-14
8.908638397996249e+02
8.854602264504033e-16
9.765625000000001e-05
7.129153456701048e-14
0.000000000000000e+00
1
1
83
52
-8.844583570515621e-01 -1.131291958016001e-01
-4.109634117741299e-01 -5.256545987408045e-02
-5.679780791780383e-01 -7.264887353718928e-02
4.891262116468047e-02 -2.447109430901928e-02
4.117859866619124e-02 3.599447148895530e-02
2.482534153247273e-16
2.107601045142279e+02
9.412935627645773e-16
2.441406250000000e-05
3.771761124367189e-14
0.000000000000000e+00
1
1
90
52
-2.067630711980956e+00 -2.008332790576263e+00
-5.163040957781979e-02 -1.680113164109208e+00
2.078660991436682e+00 2.421859923125962e+00
8.561682807390654e-01 -4.786225294876030e-01
1.334555063996715e+00 1.962190674605319e+00
6.703246762680666e-14
1.965565944164503e+03
5.529775475199534e-15
9.765625000000001e-05
3.643155875109315e-14
0.000000000000000e+00
1
1
94
52
-1.012902420648144e+00 5.067198171517141e-01
-1.005489930989959e+00 5.030116066393665e-01
1.118293043114531e+00 -5.594430764282590e-01
1.621311986549970e+00 -8.110859413731036e-01
3.634128907741350e-01 -1.818028171418661e-01
1.109390044872054e-14
9.644925012752134e+02
1.044258388408894e-13
6.103515625000000e-06
1.003604769900405e-13
0.000000000000000e+00
1
1
103
52
-1.303816540801584e-01 1.007085336653922e+00
-1.294275121581083e-01 9.997154168169430e-01
1.439476239125856e-01 -1.111870702295376e+00
4.677881387909433e-02 -3.613258157833736e-01
2.086966466632655e-01 -1.612000815192940e+00
5.370542509574172e-15
4.302683395939875e+02
1.867997408056430e-15
9.765625000000001e-05
9.220413916616444e-14
0.000000000000000e+00
1
1
110
52
-2.692908984498683e-01 -3.759629730078747e-01
5.715213380673977e-01 -1.701186554772012e-01
-3.450058044538361e-01 4.863619965631371e-01
2.359409193885322e-01 -1.011045006217663e-01
-1.716603839947472e-01 1.908479762917558e-01
8.777083671441753e-17
9.641985428265410e+01
7.629964210316306e-17
9.765625000000001e-05
2.013188261183861e-14
0.000000000000000e+00
1
1
111
52
-6.334241157816910e-01 -4.805071194740055e-01
4.666030054240237e-01 -1.305794495453263e-01
-1.087995796874208e-05 4.845300374547679e-01
3.197132012522403e-01 -1.865846441262569e-01
-9.352749099676722e-02 3.581661191493790e-01
6.684427777288335e-16
1.715727954474123e+02
1.424608532460585e-15
9.765625000000001e-05
3.721126124585189e-13
0.000000000000000e+00
1
1
112
52
-1.030224513102929e+00 -3.736706869471991e-01
-2.800577318949880e-01 -5.744436876300166e-01
1.098573661413234e+00 5.153205683455832e-01
7.688653562636678e-01 4.720589260522908e-01
2.221537890448059e-01 -2.995324108391549e-01
5.007093532585074e-15
6.007962134728329e+01
2.302005521703351e-15
9.765625000000001e-05
3.006737307007254e-14
0.000000000000000e+00
1
1
113
52
-3.916132376109751e-01 -2.613088595471921e-01
4.832147938997116e-01 -3.674390760240234e-01
-1.538071458944883e-01 5.872404733196787e-01
-9.490974351076958e-02 2.434718901795563e-01
1.883889837146983e-01 -1.810966911233585e-01
1.387778780781446e-16
1.071684565171470e+02
5.457975253739039e-16
9.765625000000001e-05
1.224118434372508e-14
0.000000000000000e+00
1
1
116
52
-4.214664073781852e-01 1.806664414786221e-01
4.466416721123936e-01 -2.414704747333353e-01
-1.032967088594193e-01 2.466518663706750e-01
9.994706194784002e-02 1.198325222203843e-01
3.099375267609739e-01 -2.155361051564683e-01
7.850462293418876e-17
8.049828451815210e+01
1.508083263973573e-16
3.906250000000000e-04
8.254111070350446e-14
0.000000000000000e+00
1
1
130
52
-5.159140116390546e-01 9.925178650181650e-02
4.530070545875790e-01 -8.714971574991726e-02
-3.657946203900770e-01 7.037174557660458e-02
8.225661367082061e-02 -9.970125144413927e-02
1.133773032101620e-01 6.206510411583219e-02
2.943923360032078e-17
1.045507525376108e+02
1.064488950544617e-16
9.765625000000001e-05
2.510307307489471e-15
0.000000000000000e+00
1
1
135
52
-2.582221235434942e-01 1.158756674332781e-01
2.850896576514958e-01 -1.279323161988000e-01
-2.563324362633943e-01 1.150276813203259e-01
4.133257217665237e-01 -1.854774998354071e-01
9.264589210748371e-02 -4.157430213797226e-02
7.473417450352271e-17
1.427445711695270e+03
6.451183263323056e-15
6.103515625000000e-06
2.050789594394305e-14
0.000000000000000e+00
1
1
142
52
-4.066353771074455e-01 2.559154487028914e-01
4.740517425895377e-01 -2.414363422649557e-01
-2.741730253595199e-01 -5.772295450261568e-02
-4.384982518003684e-02 -1.575070919790663e-01
3.703263756079849e-01 -1.389879318294888e-01
2.288783399261119e-16
6.549598676918571e+01
1.213063006252085e-16
3.906250000000000e-04
1.250707116066188e-12
0.000000000000000e+00
1
1
148
52
-4.643068535070689e-01 1.213835295234962e-01
4.076925134555533e-01 -1.065828683547250e-01
-3.292039863068383e-01 8.606364840255447e-02
1.070623564102597e-01 4.977815204578171e-02
6.900219376098506e-02 -9.580662731451255e-02
3.103167691559091e-17
1.195510005790075e+02
6.787587645944125e-17
9.765625000000001e-05
4.344878055237418e-15
0.000000000000000e+00
1
1
150
52
-2.944287776544183e-01 1.179088928261018e-01
3.321549173703251e-01 -1.330169518954041e-01
-2.501960640710286e-01 1.001951682137837e-01
3.853723192371088e-01 -1.543287441161996e-01
7.575703019178152e-02 -3.033816064063731e-02
7.376145397762941e-17
4.542179493547054e+02
5.259815430459208e-16
6.103515625000000e-06
2.872132158832426e-15
0.000000000000000e+00
1
1
152
52
-3.538530428220988e-01 1.551258513435677e-01
4.057450559623469e-01 -1.355864235055087e-01
-2.111758914249046e-01 -7.854036791760426e-02
3.110593985829433e-01 -6.645656734346438e-02
-1.612563246008981e-02 -1.304827955319662e-01
4.163336342344337e-17
1.026067868778701e+02
6.694043021832633e-16
9.765625000000001e-05
1.549276476533690e-14
0.000000000000000e+00
1
1
170
52
-4.576183275030996e-01 5.623152935363991e-02
4.989802310079672e-01 -1.078797161160377e-01
-1.689174738608464e-01 2.091820985754674e-01
3.597119028509362e-01 -1.211808646013351e-01
6.289371032518676e-02 1.437366395673852e-01
2.221529986854171e-16
8.308139573363248e+01
4.504217524054065e-16
9.765625000000001e-05
3.331832580982519e-15
0.000000000000000e+00
1
1
173
52
-2.827372329446359e-01 1.989709592976433e-01
3.189652961045422e-01 -2.244657708771061e-01
-2.402609670584275e-01 1.690790936853925e-01
7.274877565693594e-02 -5.119556957333578e-02
3.700694750784380e-01 -2.604293665049427e-01
1.861900614935455e-16
3.488115983339177e+02
1.418100005402486e-16
9.765625000000001e-05
3.178878732906838e-12
0.000000000000000e+00
1
1
183
52
-6.806166010983030e-01 -1.457745814916727e-01
3.214573493703931e-01 -2.767785815160278e-01
1.798976489975402e-01 3.841588818905816e-01
5.883493613542735e-02 3.186952707823694e-01
1.842024624977230e-01 -2.666414786541704e-01
3.723801229870910e-16
2.115037487417712e+02
1.675242118709038e-15
9.765625000000001e-05
4.459108261614360e-13
0.000000000000000e+00
1
1
188
52
-4.428757965873668e-02 -3.137069421926757e-01
-1.283430092782207e-01 -2.187672590046779e-01
6.276521084874721e-02 -2.457469632571715e-01
3.810020792653116e-03 2.698792712908945e-02
-1.491991102380985e-01 -1.056837989597126e+00
9.155133597044475e-16
6.696427138885814e+03
2.828151205503497e-16
9.765625000000001e-05
1.444134361878710e-13
0.000000000000000e+00
1
1
209
52
-1.465098677910270e+00 4.184861487991930e-01
-1.244993528177006e+00 3.556160105405750e-01
1.652826650225899e+00 -4.721081725855394e-01
1.917640252136646e+00 -5.477486916059711e-01
3.769724062321843e-01 -1.076772048642426e-01
1.878377932716794e-14
8.694080414224409e+02
3.011605047431623e-14
2.441406250000000e-05
5.562606454373404e-12
0.000000000000000e+00
1
1
217
52
-6.017533127827274e-01 5.417826504282215e-01
4.846902652500307e-01 9.263355325336171e-02
-4.142744935449464e-02 -4.917208505406993e-01
3.404074000785627e-01 1.620257878858345e-01
-1.255308315058964e-01 -3.554877836293537e-01
4.002966042486721e-16
1.935125392610548e+02
6.880684351196603e-16
9.765625000000001e-05
4.549162517711369e-13
0.000000000000000e+00
1
1
218
52
3.354621907581417e-02 1.462726701928121e+00
6.073782288922072e-01 5.992256453885387e-01
-1.836196652553930e-01 -1.609590178904440e+00
4.736732023614948e-01 -1.533652772965771e-01
-2.694501148332644e-01 -1.174005946052663e+00
8.926082647349967e-15
1.325898283789891e+02
6.226691101376459e-16
3.906250000000000e-04
1.402770513953456e-12
0.000000000000000e+00
1
1
220
52
-1.287546709107736e+00 9.175706115465037e-01
9.197356990081100e-01 2.872095999788606e-01
2.869544005267932e-02 -9.631093821940139e-01
-1.646784665398822e-01 -7.174761667385975e-01
6.244409852549110e-01 3.898262473381122e-01
3.552713678800501e-15
1.481729164520256e+02
3.321974057138464e-15
9.765625000000001e-05
3.212135390235115e-13
0.000000000000000e+00
1
1
227
52
-3.182487545997497e-02 9.318736391227426e-01
1.149251323458172e+00 -3.531338057246655e-01
-1.122481652858468e+00 -4.307168770922118e-01
-5.013483534594124e-01 -1.284720130878277e-01
5.089450455317536e-01 -9.396898579842330e-02
9.226380847435024e-16
7.493434039835292e+01
9.450573369738999e-16
9.765625000000001e-05
6.902730743221474e-14
0.000000000000000e+00
1
1
232
52
-1.801439257818593e-01 5.463575846178741e-01
7.417231387551214e-01 -1.020732226153623e-02
-5.901940759066935e-01 -4.493643919550641e-01
3.176679922933308e-01 3.244318203442785e-02
-2.746671034261124e-01 -1.628603563906944e-01
1.927963898175317e-16
9.224358717982201e+01
2.366491154855668e-16
9.765625000000001e-05
4.661694145437762e-14
0.000000000000000e+00
1
1
238
52
-8.663803259357969e-01 -8.007843622104976e-02
-4.025634579648169e-01 -3.720843055703199e-02
-5.563687984170061e-01 -5.142446337443714e-02
4.138763112079068e-02 3.369324294923808e-02
4.686215450079941e-02 -2.553642703610352e-02
6.753223014464259e-16
2.006546216513281e+02
1.705499801944662e-15
2.441406250000000e-05
3.687800097805318e-14
0.000000000000000e+00
1
1
239
52
-4.288536421558969e-02 -3.475551179436466e-01
-1.754868001959923e-01 -2.461511182591792e-01
1.103882811764019e-01 -2.814256872465485e-01
-1.016775107688622e-03 -8.240232977814638e-03
-1.346371698199998e-01 -1.091137694462632e+00
4.475452091311810e-16
2.130932753500349e+03
2.385185406795035e-16
9.765625000000001e-05
1.271516969213112e-13
0.000000000000000e+00
1
1
-1

2 0
1 5
-2203642731067188476160396846831103847131367019970218851494973762905385451624204887885918825976972668657508571265740633335810514253803950093298905184364085626609320182397502035207495846629611929272100764725254267241316100918430814803065955278510638284086257775358727841313297486893817579362669588927419453595023/2500000000000000000000000000000000000000000000000000000000000000000000000000000000000000000000000000000000000000000000000000000000000000000000000000000000000000000000000000000000000000000000000000000000000000000000000000000000000000000000000000000000000000000000000000000000000000000000000000000000000000000000 2358098131884830430930914793782682472024637635361516057174511880022806266080627373864399349807248487951938026369778460709705753248401349763819039924528058347423168084861644406786436350157321232810800703083942361967571541697320456155735153260089319020274232001105108867049142496214308089926690606556488014727359/10000000000000000000000000000000000000000000000000000000000000000000000000000000000000000000000000000000000000000000000000000000000000000000000000000000000000000000000000000000000000000000000000000000000000000000000000000000000000000000000000000000000000000000000000000000000000000000000000000000000000000000000
488091752004341357546887644249993190290214490238113516100341978396572373649810703882145269542559865170472493755542633803082520204308897102359407517253119509998827629402666851581482174511404714969368997361457455345332679441807422478988273593158096740550353360981014173926532489260079033228010755866445337859893/1000000000000000000000000000000000000000000000000000000000000000000000000000000000000000000000000000000000000000000000000000000000000000000000000000000000000000000000000000000000000000000000000000000000000000000000000000000000000000000000000000000000000000000000000000000000000000000000000000000000000000000000 1289601468864044519325137433829079979045747942850239917984197670000558052796964834834458283523546027712751930918292119335698113240393075338936189839489738887266807201784354126916983864523970626407286885451771843618504779503834793741119316015769047840886022815929322178249490554077618318360011809134091802871001/5000000000000000000000000000000000000000000000000000000000000000000000000000000000000000000000000000000000000000000000000000000000000000000000000000000000000000000000000000000000000000000000000000000000000000000000000000000000000000000000000000000000000000000000000000000000000000000000000000000000000000000000
-6727014596165706017786081091547501289596949010325011237760018466394409808891776915493784143876275551212139217767074753189895986988606856056913187507320067534054838086730369069906067312682896033187833814097895031059495647653468084054007818354934907230507709490620517015484081280519991542428963653974864783397913/10000000000000000000000000000000000000000000000000000000000000000000000000000000000000000000000000000000000000000000000000000000000000000000000000000000000000000000000000000000000000000000000000000000000000000000000000000000000000000000000000000000000000000000000000000000000000000000000000000000000000000000000 -608939294827322970978081620711943577221905334908097867592160951845271166268425183646708700332472231991978632119071695069965739846656176711053331515813180714855967658424684125290243607594135043622889036106677644554181480158335492650657273577316796979331605832451826453260317453839082417005863299696746909946577/2500000000000000000000000000000000000000000000000000000000000000000000000000000000000000000000000000000000000000000000000000000000000000000000000000000000000000000000000000000000000000000000000000000000000000000000000000000000000000000000000000000000000000000000000000000000000000000000000000000000000000000000
211635893544803574938795252317403383513377991510892766941313431282976799258456387336696488063959850644965965637494810729366555607679010460728353833516230438941690431731736293208078354442980480034160239767932613912180082252141013931902976134920807340423151437418601668065017706308428943305258541311225666360199/312500000000000000000000000000000000000000000000000000000000000000000000000000000000000000000000000000000000000000000000000000000000000000000000000000000000000000000000000000000000000000000000000000000000000000000000000000000000000000000000000000000000000000000000000000000000000000000000000000000000000000000 5041102200764094695802197506098810685336138799598760204491241689995339477560453045986896045878353300301153453641655583307108441954252098313244207776870288032556389778839706445697659054915019414345089889581082055901518154658345940168818658020140237124829115463100262350863381607083606205871829139918152840203397/10000000000000000000000000000000000000000000000000000000000000000000000000000000000000000000000000000000000000000000000000000000000000000000000000000000000000000000000000000000000000000000000000000000000000000000000000000000000000000000000000000000000000000000000000000000000000000000000000000000000000000000000
143197889740295833941337069748457541734819052334401648247457332568311223567896990150937063154790629864338850022692986384322211776013640915980357502766417044737511636424861059285193877620363621971905008940096051949591544955410200835324651690542277546075135769032297181245221930012375272845657450314784884041867/1000000000000000000000000000000000000000000000000000000000000000000000000000000000000000000000000000000000000000000000000000000000000000000000000000000000000000000000000000000000000000000000000000000000000000000000000000000000000000000000000000000000000000000000000000000000000000000000000000000000000000000000 972406114004654778938085058407541065649667904411454962102318797450562364301519113430426962771830820966816309876847000807768537434010078565942311950878329332663216875260685738629528216720531675931982979268091171063422894426695673150276383897235576427049933930233539202482988119309319970709987765320746144433599/1000000000000000000000000000000000000000000000000000000000000000000000000000000000000000000000000000000000000000000000000000000000000000000000000000000000000000000000000000000000000000000000000000000000000000000000000000000000000000000000000000000000000000000000000000000000000000000000000000000000000000000000

0
754463374383925384790580840745271360328686858255776516230221847799566140817935935930199922766643377233354989615099130092399150991761767567969195085074086036546846145384930839910689073008587938166063853634953688022472558384772188276386012473791401531685460189408309927480857484088523184801980541290281376207799/2500000000000000000000000000000000000000000000000000000000000000000000000000000000000000000000000000000000000000000000000000000000000000000000000000000000000000000000000000000000000000000000000000000000000000000000000000000000000000000000000000000000000000000000000000000000000000000000000000000000000000000000 -1486196355553245402333918546439953227378962612962454768535744440578639603286664384288686573911536305770030726814310295707258364533900534626063472715533753503095464291551821367747582766719915234609615284593369561579147938624428871686409551686888930300080461768579728937941531030890444964047708333779511167947617/2500000000000000000000000000000000000000000000000000000000000000000000000000000000000000000000000000000000000000000000000000000000000000000000000000000000000000000000000000000000000000000000000000000000000000000000000000000000000000000000000000000000000000000000000000000000000000000000000000000000000000000000
5 5
1 0
0 0
0 0
0 0
0 0
0 0
1 0
0 0
0 0
0 0
0 0
0 0
1 0
0 0
0 0
0 0
0 0
0 0
1 0
0 0
0 0
0 0
0 0
0 0
1 0

5 0

4 0

