7.5898293287580110e-01 -4.1126582031622794e-01
7.5898293287580110e-01 4.1126582031622794e-01
3.1394666288285005e+00 -1.4301069035868640e-52
2.3709140082784578e-02 -2.2471998887382995e-54
7.5898293287580110e-01 4.1126582031622794e-01
7.5898293287580110e-01 -4.1126582031622794e-01
3.1394666288285005e+00 -1.4301069035868640e-52
2.3709140082784578e-02 -2.2471998887382995e-54
7.5898293287580110e-01 -4.1126582031622794e-01
7.5898293287580110e-01 4.1126582031622794e-01
2.3709140082784578e-02 -2.2471998887382995e-54
3.1394666288285005e+00 -1.4301069035868640e-52
7.5898293287580110e-01 4.1126582031622794e-01
7.5898293287580110e-01 -4.1126582031622794e-01
2.3709140082784578e-02 -2.2471998887382995e-54
3.1394666288285005e+00 -1.4301069035868640e-52
7.4036331331257144e-01 3.0459673412262445e-01
7.4036331331257144e-01 -3.0459673412262445e-01
-8.6029103916080291e-02 -5.4040287652352176e-60
3.3688702653829923e+00 1.1305142133411500e-59
7.4036331331257144e-01 -3.0459673412262445e-01
7.4036331331257144e-01 3.0459673412262445e-01
-8.6029103916080291e-02 -5.4040287652352176e-60
3.3688702653829923e+00 1.1305142133411500e-59
7.4036331331257144e-01 3.0459673412262445e-01
7.4036331331257144e-01 -3.0459673412262445e-01
3.3688702653829923e+00 1.1305142133411500e-59
-8.6029103916080291e-02 -5.4040287652352176e-60
7.4036331331257144e-01 -3.0459673412262445e-01
7.4036331331257144e-01 3.0459673412262445e-01
3.3688702653829923e+00 1.1305142133411500e-59
-8.6029103916080291e-02 -5.4040287652352176e-60
7.0902245749819903e-01 -5.8021680534515994e-61
-8.7806697311511128e-01 1.9707165752950466e-61
-1.8959934452977470e-01 1.5677647041029288e-01
-1.8959934452977470e-01 -1.5677647041029288e-01
-8.7806697311511128e-01 1.9707165752950466e-61
7.0902245749819903e-01 -5.8021680534515994e-61
-1.8959934452977470e-01 1.5677647041029288e-01
-1.8959934452977470e-01 -1.5677647041029288e-01
7.0902245749819903e-01 -5.8021680534515994e-61
-8.7806697311511128e-01 1.9707165752950466e-61
-1.8959934452977470e-01 -1.5677647041029288e-01
-1.8959934452977470e-01 1.5677647041029288e-01
-8.7806697311511128e-01 1.9707165752950466e-61
7.0902245749819903e-01 -5.8021680534515994e-61
-1.8959934452977470e-01 -1.5677647041029288e-01
-1.8959934452977470e-01 1.5677647041029288e-01
8.4976769616145520e-01 4.6281283605433427e-61
-1.1281333299565826e+00 -1.1099459925559288e-61
-2.5730171756749692e-01 -3.5521305679826812e-61
-1.3088812931507461e+00 -3.0552612372110118e-61
-1.1281333299565826e+00 -1.1099459925559288e-61
8.4976769616145520e-01 4.6281283605433427e-61
-2.5730171756749692e-01 -3.5521305679826812e-61
-1.3088812931507461e+00 -3.0552612372110118e-61
8.4976769616145520e-01 4.6281283605433427e-61
-1.1281333299565826e+00 -1.1099459925559288e-61
-1.3088812931507461e+00 -3.0552612372110118e-61
-2.5730171756749692e-01 -3.5521305679826812e-61
-1.1281333299565826e+00 -1.1099459925559288e-61
8.4976769616145520e-01 4.6281283605433427e-61
-1.3088812931507461e+00 -3.0552612372110118e-61
-2.5730171756749692e-01 -3.5521305679826812e-61
6.4217616878137107e-01 9.1947043678815977e-59
4.6464981476812706e-01 -9.1724510559861028e-59
-5.0930164836251068e-02 3.4182257036692532e-02
-5.0930164836251068e-02 -3.4182257036692532e-02
4.6464981476812706e-01 -9.1724510559861028e-59
6.4217616878137107e-01 9.1947043678815977e-59
-5.0930164836251068e-02 3.4182257036692532e-02
-5.0930164836251068e-02 -3.4182257036692532e-02
6.4217616878137107e-01 9.1947043678815977e-59
4.6464981476812706e-01 -9.1724510559861028e-59
-5.0930164836251068e-02 -3.4182257036692532e-02
-5.0930164836251068e-02 3.4182257036692532e-02
4.6464981476812706e-01 -9.1724510559861028e-59
6.4217616878137107e-01 9.1947043678815977e-59
-5.0930164836251068e-02 -3.4182257036692532e-02
-5.0930164836251068e-02 3.4182257036692532e-02
4.1896612943793599e-01 -4.0562840518781523e-01
-1.1027028845053422e+00 1.0024302730165791e-01
-8.0641524224605010e-01 1.6571648834418720e-01
-9.7370977766715217e-02 -3.2606202504172266e-01
-1.1027028845053422e+00 1.0024302730165791e-01
4.1896612943793599e-01 -4.0562840518781523e-01
-8.0641524224605010e-01 1.6571648834418720e-01
-9.7370977766715217e-02 -3.2606202504172266e-01
4.1896612943793599e-01 -4.0562840518781523e-01
-1.1027028845053422e+00 1.0024302730165791e-01
-9.7370977766715217e-02 -3.2606202504172266e-01
-8.0641524224605010e-01 1.6571648834418720e-01
-1.1027028845053422e+00 1.0024302730165791e-01
4.1896612943793599e-01 -4.0562840518781523e-01
-9.7370977766715217e-02 -3.2606202504172266e-01
-8.0641524224605010e-01 1.6571648834418720e-01
-1.1040481494742111e+00 -2.9868912730709647e-58
9.9268193114451853e-01 -3.1255868951808684e-57
-3.5878371239511020e-01 2.4235514872544648e-57
-1.6006596030370890e+00 5.6443045456966330e-57
9.9268193114451853e-01 -3.1255868951808684e-57
-1.1040481494742111e+00 -2.9868912730709647e-58
-3.5878371239511020e-01 2.4235514872544648e-57
-1.6006596030370890e+00 5.6443045456966330e-57
-1.1040481494742111e+00 -2.9868912730709647e-58
9.9268193114451853e-01 -3.1255868951808684e-57
-1.6006596030370890e+00 5.6443045456966330e-57
-3.5878371239511020e-01 2.4235514872544648e-57
9.9268193114451853e-01 -3.1255868951808684e-57
-1.1040481494742111e+00 -2.9868912730709647e-58
-1.6006596030370890e+00 5.6443045456966330e-57
-3.5878371239511020e-01 2.4235514872544648e-57
4.1896612943793599e-01 4.0562840518781523e-01
-1.1027028845053422e+00 -1.0024302730165791e-01
-9.7370977766715217e-02 3.2606202504172266e-01
-8.0641524224605010e-01 -1.6571648834418720e-01
-1.1027028845053422e+00 -1.0024302730165791e-01
4.1896612943793599e-01 4.0562840518781523e-01
-9.7370977766715217e-02 3.2606202504172266e-01
-8.0641524224605010e-01 -1.6571648834418720e-01
4.1896612943793599e-01 4.0562840518781523e-01
-1.1027028845053422e+00 -1.0024302730165791e-01
-8.0641524224605010e-01 -1.6571648834418720e-01
-9.7370977766715217e-02 3.2606202504172266e-01
-1.1027028845053422e+00 -1.0024302730165791e-01
4.1896612943793599e-01 4.0562840518781523e-01
-8.0641524224605010e-01 -1.6571648834418720e-01
-9.7370977766715217e-02 3.2606202504172266e-01
-4.2057777466201712e-01 1.2189061268302577e+00
-4.2057777466201712e-01 -1.2189061268302577e+00
-1.1935148154617564e-01 5.4207639135615382e-01
-1.1935148154617564e-01 -5.4207639135615382e-01
-4.2057777466201712e-01 -1.2189061268302577e+00
-4.2057777466201712e-01 1.2189061268302577e+00
-1.1935148154617564e-01 5.4207639135615382e-01
-1.1935148154617564e-01 -5.4207639135615382e-01
-4.2057777466201712e-01 1.2189061268302577e+00
-4.2057777466201712e-01 -1.2189061268302577e+00
-1.1935148154617564e-01 -5.4207639135615382e-01
-1.1935148154617564e-01 5.4207639135615382e-01
-4.2057777466201712e-01 -1.2189061268302577e+00
-4.2057777466201712e-01 1.2189061268302577e+00
-1.1935148154617564e-01 -5.4207639135615382e-01
-1.1935148154617564e-01 5.4207639135615382e-01
-3.6830941058365491e-01 4.8554315479526977e-01
-3.6830941058365491e-01 -4.8554315479526977e-01
-1.7854207364393104e-01 4.3000475487373402e-01
-1.7854207364393104e-01 -4.3000475487373402e-01
-3.6830941058365491e-01 -4.8554315479526977e-01
-3.6830941058365491e-01 4.8554315479526977e-01
-1.7854207364393104e-01 4.3000475487373402e-01
-1.7854207364393104e-01 -4.3000475487373402e-01
-3.6830941058365491e-01 4.8554315479526977e-01
-3.6830941058365491e-01 -4.8554315479526977e-01
-1.7854207364393104e-01 -4.3000475487373402e-01
-1.7854207364393104e-01 4.3000475487373402e-01
-3.6830941058365491e-01 -4.8554315479526977e-01
-3.6830941058365491e-01 4.8554315479526977e-01
-1.7854207364393104e-01 -4.3000475487373402e-01
-1.7854207364393104e-01 4.3000475487373402e-01
