40

9.808125645390778e-47
2.765780330059578e-51
3.546241738287112e4

1.647834396770180e-56
5.839516007789921e-61
2.821868104431887e4

3.250874594889122e-56
7.607823467655024e-60
4.273067860617889e3

3.097128186992454e-55
4.818368658991684e-59
6.427752640331541e3

9.867273054759160e-59
4.835478250800898e-62
2.040599200942502e3

6.931016932945907e-56
6.887264940983355e-60
1.006352593132029e4

1.958278597999284e-54
4.424426658150685e-58
4.426061836490701e3

2.720606617235188e-55
7.193838504422161e-61
3.781856675768840e5

4.242921467484073e-47
1.196455791965685e-51
3.546241738287112e4

1.963743248613475e-56
4.595628510167205e-60
4.273067860617889e3

4.027731924372505e-58
2.887433757658925e-61
1.394917515835277e3

2.395849222572238e-52
1.979573622000665e-56
1.210285485695077e4

1.508378673110909e-41
2.987892957219870e-47
5.048302247462045e5

4.694633399966139e-54
7.303693316555491e-58
6.427752640331541e3

4.907209960274904e-57
2.404788729706640e-60
2.040599200942502e3

6.289956854766847e-55
1.613507637225424e-58
3.898312415541466e3

4.346451861354619e-48
4.418679662822458e-53
9.836539855840776e4

6.012546933212856e-57
1.689099613528496e-60
3.559616546624365e3

4.165309188807388e-58
2.986061284285473e-61
1.394917515835277e3

1.570552830285296e-57
4.412140492420942e-61
3.559616546624365e3

1.372529851337813e-55
3.098725871994174e-59
4.429336146648321e3

1.666851870630878e-47
1.694551026132557e-52
9.836539855840776e4

3.278322241877583e-52
3.257627857523176e-56
1.006352593132029e4

2.246548834590906e-52
2.981979970139411e-56
7.533748908735552e3

6.380416958141991e-57
3.126736967845050e-60
2.040599200942502e3

2.329650259914047e-55
5.976048124379135e-59
3.898312415541466e3

6.113078488818503e-57
2.995727179543648e-60
2.040599200942502e3

1.361004229575225e-56
3.441815435734041e-60
3.954320779216801e3

7.790509492182724e-52
6.436918879274644e-56
1.210285485695077e4

4.485201535501559e-54
1.185978718929038e-59
3.781856675768840e5

1.823773575528501e-55
2.244546190389629e-60
8.125355509890014e4

1.271407114573118e-54
2.872547111951741e-58
4.426061836490701e3

1.276481603105099e-57
9.150946838177324e-61
1.394917515835277e3

1.237784090638624e-40
2.451881900020745e-46
5.048302247462045e5

5.570399620117813e-57
3.993354128026888e-60
1.394917515835277e3

1.328850625758391e-51
1.763863704320645e-55
7.533748908735552e3

4.126137634176366e-52
5.078101049429920e-57
8.125355509890014e4

2.321562525709197e-54
5.241332896953246e-58
4.429336146648321e3

1.047631280657345e-56
2.649333069192330e-60
3.954320779216801e3

1.476122800608652e-57
5.231012740426549e-62
2.821868104431887e4

