40

0
8.209138150541958e-01 -3.761286934598708e-14
4.015046225726014e-01 4.662717154132515e-14
3.195233931925218e+00 -8.080908884459107e-14
2.451768103392650e-01 -6.648105350489888e-15

4
8.209138150541812e-01 -6.344322826627935e-17
4.015046225726198e-01 -1.678873479939682e-16
2.451768103392720e-01 -2.016598832225821e-17
3.195233931925186e+00 -2.188511518853230e-16

20
4.762659510410017e-01 3.440928625602131e-17
6.058173705443961e-01 1.190553732750105e-16
2.439488572410949e-01 -6.253712018511135e-18
-9.310748867927976e-02 -2.812938382979499e-17

22
4.286124473553022e-01 1.734966815995645e-17
-1.204126848558681e+00 7.189226845163225e-18
2.592430446179552e-01 2.881556406315958e-17
-1.041738055614601e+00 1.058732161440341e-16

29
-2.949652806843303e-01 2.822293212863228e-16
-9.139481491060765e-01 -2.138199852668140e-16
-7.529677937711238e-01 -2.740826125373222e-01
-7.529677937711237e-01 2.740826125373222e-01

38
7.306359056644046e-01 -3.884133422540703e-16
-1.243077982003882e+00 2.006853271849919e-16
2.950946411951084e-01 -8.608820328966132e-17
-1.416296385132149e+00 4.478458508346735e-16

51
6.058173705443962e-01 -8.770015622001590e-16
4.762659510410022e-01 9.585076114403136e-16
-9.310748867927972e-02 3.394875333979646e-17
2.439488572410950e-01 -2.445500616294018e-17

56
1.088158623593720e+00 8.897627134783921e-17
-5.462014149327154e-03 -8.072578076145692e-17
-1.586114158866949e-01 1.611884610804989e-17
4.981116920458690e+00 -5.486516105488250e-16

59
4.015046225726643e-01 1.917899681397891e-14
8.209138150541450e-01 -1.538422474295292e-14
3.195233931925108e+00 -3.396858432391856e-14
2.451768103392599e-01 4.472521083857720e-15

62
6.058173705443961e-01 -2.724717545089436e-16
4.762659510410019e-01 3.045000317747247e-16
2.439488572410949e-01 -4.118654548280365e-18
-9.310748867927977e-02 -9.061054087721050e-18

67
7.483306178926001e-01 1.827752551978870e+00
7.483306178925984e-01 -1.827752551978871e+00
4.127909940000871e-02 6.203186713117065e-01
4.127909940000853e-02 -6.203186713117063e-01

68
-1.243077982003882e+00 -4.735682123528951e-17
7.306359056644011e-01 5.264050465635274e-16
-1.416296385132144e+00 -8.452801483810173e-16
2.950946411951083e-01 1.510673772454678e-16

80
-5.462014149247021e-03 3.879476500368094e-14
1.088158623593678e+00 -1.999804672853613e-14
4.981116920457974e+00 -3.533151013961889e-13
-1.586114158866722e-01 1.376097126082800e-14

82
-1.204126848558681e+00 1.982754029033991e-16
4.286124473553024e-01 -2.402661001450291e-15
2.592430446179551e-01 -3.470868226914638e-16
-1.041738055614600e+00 1.004851658238733e-15

89
-2.949652806843304e-01 9.915461190806075e-16
-9.139481491060764e-01 -6.522275872458017e-16
-7.529677937711238e-01 2.740826125373220e-01
-7.529677937711236e-01 -2.740826125373221e-01

91
6.921280406920173e-01 -6.671950910325286e-16
-1.131439517879262e+00 -6.555279475148031e-17
-6.067597952216832e-01 -5.272819697292046e-17
2.894745628902923e-01 -1.166589205238583e-16

94
1.198504297319815e+00 1.333677858745488e-15
-9.730567142086419e-01 2.678224778486713e-15
-3.458758871047614e+00 -2.276604166239760e-14
-4.697013255444755e-01 2.473264647476085e-15

100
6.921280406920168e-01 9.872106387656015e-17
-1.131439517879262e+00 5.066687201811817e-18
2.894745628902923e-01 4.518818851413185e-19
-6.067597952216834e-01 4.904630572285393e-17

121
7.483306178925994e-01 1.827752551978870e+00
7.483306178925995e-01 -1.827752551978870e+00
4.127909940000862e-02 -6.203186713117064e-01
4.127909940000851e-02 6.203186713117064e-01

126
-1.131439517879262e+00 -1.039965629599760e-16
6.921280406920167e-01 3.664510036547658e-17
2.894745628902923e-01 1.512853097735003e-17
-6.067597952216836e-01 -3.340003692241289e-17

132
-1.151874437384882e+00 1.942506547232296e-16
4.346273661411942e-01 -1.230845177037017e-16
-7.058934288530671e-01 -4.568227699885355e-17
2.598066716539921e-01 -2.378258237024068e-17

135
-9.730567142086426e-01 4.260026856165593e-15
1.198504297319815e+00 1.994438585720241e-15
-3.458758871047609e+00 -3.734454718541861e-14
-4.697013255444726e-01 7.521828136880860e-16

146
-1.243077982003882e+00 -7.707363181517968e-16
7.306359056644047e-01 4.423810820951361e-15
2.950946411951084e-01 5.648917790574825e-16
-1.416296385132150e+00 -5.274213015779785e-15

148
-1.204126848558681e+00 7.290035027830375e-16
4.286124473553036e-01 -2.919160250741005e-15
-1.041738055614601e+00 3.301506431813923e-15
2.592430446179551e-01 -4.162641470856429e-16

150
-9.139481491060770e-01 -3.141281443060025e-16
-2.949652806843300e-01 4.686890754565421e-16
-7.529677937711238e-01 2.740826125373222e-01
-7.529677937711241e-01 -2.740826125373222e-01

152
-1.131439517879262e+00 -3.617373351161352e-16
6.921280406920171e-01 7.673693841442971e-16
-6.067597952216836e-01 1.772778425118795e-17
2.894745628902923e-01 1.500422043501027e-16

154
-9.139481491060760e-01 6.875798511408974e-16
-2.949652806843308e-01 -1.013456924874113e-15
-7.529677937711238e-01 -2.740826125373222e-01
-7.529677937711238e-01 2.740826125373222e-01

163
-1.151874437384883e+00 -1.027540476674637e-17
4.346273661411942e-01 -5.198759698394274e-17
2.598066716539920e-01 1.899963332682254e-17
-7.058934288530668e-01 -2.062394507576969e-17

172
7.306359056644049e-01 -3.831097040032714e-15
-1.243077982003882e+00 -1.812060045732966e-16
-1.416296385132150e+00 6.008251510391329e-15
2.950946411951084e-01 -2.003095838008081e-16

175
-5.462014149326593e-03 -4.270825586881148e-17
1.088158623593720e+00 5.464779055902892e-17
-1.586114158866949e-01 5.820059638780962e-17
4.981116920458684e+00 -2.024072920307560e-15

176
-9.730567142086459e-01 3.046263936132978e-16
1.198504297319813e+00 -2.001341683740451e-16
-4.697013255444744e-01 1.701682253550270e-16
-3.458758871047580e+00 -9.708117600859337e-16

191
4.762659510410009e-01 -1.459411352140259e-16
6.058173705443967e-01 5.278893840994055e-17
-9.310748867927975e-02 1.140300181842730e-17
2.439488572410949e-01 -1.936315984789860e-17

192
7.483306178925981e-01 -1.827752551978870e+00
7.483306178926000e-01 1.827752551978870e+00
4.127909940000860e-02 -6.203186713117061e-01
4.127909940000858e-02 6.203186713117064e-01

196
1.088158623593598e+00 3.167996551792240e-14
-5.462014149090818e-03 -6.112433722584471e-14
4.981116920456579e+00 5.330091469129684e-13
-1.586114158866140e-01 -4.177384432186544e-14

203
7.483306178926001e-01 -1.827752551978873e+00
7.483306178925985e-01 1.827752551978873e+00
4.127909940000848e-02 6.203186713117064e-01
4.127909940000837e-02 -6.203186713117066e-01

207
4.286124473552972e-01 9.413865907746706e-16
-1.204126848558680e+00 -2.294106377410004e-16
-1.041738055614594e+00 -1.095619644103054e-15
2.592430446179546e-01 2.080871734395841e-16

209
1.198504297319813e+00 -1.116542444075380e-15
-9.730567142086456e-01 -1.159128864481733e-15
-4.697013255444744e-01 -4.388791596244784e-16
-3.458758871047582e+00 2.565942594385978e-14

211
4.346273661411925e-01 -5.782431536558251e-16
-1.151874437384883e+00 3.653365294979292e-17
-7.058934288530681e-01 -1.235048268801189e-16
2.598066716539920e-01 -9.880035591396853e-17

218
4.346273661411942e-01 -1.400219277725264e-17
-1.151874437384883e+00 -1.169828237744411e-17
2.598066716539920e-01 -1.522692568078482e-17
-7.058934288530668e-01 -1.283933458266377e-16

239
4.015046225726200e-01 -1.536418188524152e-16
8.209138150541806e-01 5.841953643353476e-17
2.451768103392720e-01 1.028978075247205e-17
3.195233931925186e+00 1.061564867798519e-15

