5
0
2
52
-2.405146620221011e-01 -7.229701212443872e-02
-1.168106607081834e-01 -5.347417406833113e-01
-3.922895370831168e-01 3.817098096449883e-01
-1.551507132579856e-01 1.849983956629870e-01
-2.743458606093447e-02 -2.398822496768072e-01
3.642754084045210e-16
8.399205240893738e+01
1.138627014432325e-16
9.765625000000001e-05
7.878871113552970e-12
0.000000000000000e+00
1
1
3
52
-1.678346802377243e-01 -1.026686885472582e-01
-1.983409930453271e-01 -1.213301661627842e-01
5.332573931404183e-02 3.262069384836996e-02
-9.242233764220792e-01 -5.653706483510714e-01
2.812814015880637e-02 1.720668968586568e-02
1.211770357747342e-15
1.705346240504302e+05
1.174014098470913e-12
5.960464477539063e-09
2.013555305300599e-12
0.000000000000000e+00
1
1
12
52
3.430529215128616e-02 -3.360801630498241e-01
3.295900246779979e-02 -3.228909077494161e-01
4.123106580146683e-03 -4.039301940985068e-02
-3.899255544238030e-03 3.820000812997933e-02
9.213779964639529e-02 -9.026504304832644e-01
8.881784197001252e-16
6.425384291954976e+03
2.898385895793925e-16
2.441406250000000e-05
6.998424053293921e-15
0.000000000000000e+00
1
1
28
52
1.173220027742395e+00 -1.170358875969946e+00
1.045118785736206e-01 2.140174467413516e-01
-2.137616230790617e-01 -1.050341314586810e-01
-1.603183309176197e-01 4.073708517319113e-02
-4.112841153020003e-02 1.602183856541491e-01
1.601186416994688e-15
1.341552748425756e+03
3.231806867600235e-16
9.536743164062501e-08
1.288937972156485e-14
0.000000000000000e+00
1
1
40
52
5.795447667735122e-01 -2.353089573688622e+00
2.875697864878174e-01 -2.078993332079861e-01
-1.581267040213481e-01 -3.176703642525049e-01
6.113356812166997e-02 -2.482168246473062e-01
-6.455047749216493e-02 2.620902892611153e-01
3.972054645195637e-15
6.580234223564031e+02
2.999637770735391e-15
1.525878906250000e-06
1.038846072037434e-13
0.000000000000000e+00
1
1
41
52
3.174199404908172e-02 -4.734632513212315e-01
-8.684424303615961e-01 -5.615670834373518e-01
9.356310803707704e-01 -4.406181175313998e-01
-4.061493562160847e-01 -2.077503041493550e-01
4.302461053943047e-01 -1.516765546217421e-01
4.652682298944613e-16
2.797374391307366e+01
5.034923945214999e-16
2.441406250000000e-05
2.949935907900253e-15
0.000000000000000e+00
1
1
44
52
8.523267186317921e-01 -3.183754163390077e-01
2.954997752587975e-01 -1.960797570876873e+00
1.508630157569919e+00 1.286888603883492e+00
6.047321168441095e-01 6.319915239442790e-01
4.230672781725234e-02 -8.736843596297047e-01
3.552713678800501e-15
1.098944916622944e+02
4.194809318895445e-16
2.441406250000000e-05
6.350630974905110e-15
0.000000000000000e+00
1
1
48
52
3.728583383322025e-02 -1.735887040408604e-01
4.406305835319195e-02 -2.051408915734793e-01
-1.184674497714863e-02 5.515395248727348e-02
-6.248894200610303e-03 2.909248190142208e-02
2.053237101488822e-01 -9.559093384643620e-01
2.237726045655905e-16
1.231594531780476e+05
8.390441196661207e-17
2.441406250000000e-05
7.863061987462299e-15
0.000000000000000e+00
1
1
58
52
1.044464388878765e+00 -7.324776024265863e-01
-8.764810776653029e-02 -8.790204266144754e-02
5.278741003623449e-02 1.123496739682617e-01
-7.671237896084281e-02 5.379800404492322e-02
-6.896632527016593e-02 4.836573570142723e-02
5.855045090355223e-16
2.158656902197885e+04
8.128837886010727e-15
5.960464477539063e-09
2.918511715886485e-12
0.000000000000000e+00
1
1
60
52
-2.345824831040282e-01 -6.494787567440059e-02
7.453337012297660e-02 2.063574394935251e-02
-2.772211475243627e-01 -7.675306521391667e-02
-1.291786740836558e+00 -3.576516180214505e-01
3.931469321002005e-02 1.088489546616564e-02
2.084062364464038e-15
1.411083224752936e+05
8.597277697294858e-13
5.960464477539063e-09
2.402871927070775e-12
0.000000000000000e+00
1
1
61
52
-2.090782156380672e-01 -2.740757634473946e-02
-7.792503719306554e-02 -7.012877256233655e-01
-2.560464283525638e-01 6.575081840246766e-01
-5.122590508262694e-02 1.918705584143399e-01
-4.120297995567210e-05 -1.985910442091470e-01
6.938893903907228e-17
1.245688752405842e+02
1.986751709703121e-16
2.441406250000000e-05
4.201553961271321e-12
0.000000000000000e+00
1
1
64
52
-2.943903660854257e-01 -1.867637579763129e-01
-2.828372007303085e-01 -1.794343313821688e-01
-3.538237920222270e-02 -2.244688300715930e-02
-7.906791887556558e-01 -5.016136180312593e-01
3.346140479044756e-02 2.122820046365514e-02
4.848915280389029e-16
7.688577085224562e+03
2.083386253704998e-14
9.536743164062501e-08
6.446202494474121e-14
0.000000000000000e+00
1
1
68
52
-2.412372617753283e-01 7.692865646224251e-02
-4.426494291384120e-01 -7.224574485005686e-01
5.730865313528979e-02 8.453395769076055e-01
-1.014099511244235e-01 -2.158282674881058e-01
4.225727120311322e-02 2.346915896755608e-01
2.142084987226835e-16
9.074134929134370e+01
8.602791764978808e-16
2.441406250000000e-05
4.807597748535897e-12
0.000000000000000e+00
1
1
72
52
1.122613329572259e-01 -4.547961932987348e-01
1.349253749452825e-02 -5.466133822578069e-02
1.078557073252322e-01 -4.369480018177594e-01
-1.276000283007657e-02 5.169367368736885e-02
3.015136019957311e-01 -1.221500180010305e+00
1.256073966947020e-15
4.208936308147066e+03
3.052082926791186e-16
9.765625000000001e-05
3.664480522520720e-14
0.000000000000000e+00
1
1
73
52
8.703704673529314e-01 -1.433101122758083e+00
2.329211128254952e-01 -7.761571528355408e-02
-3.852122753419360e-02 -2.424717696724789e-01
-9.694303612729693e-02 1.596207352256949e-01
9.181146187073465e-02 -1.511713850875154e-01
2.843558383173338e-15
6.158282167455225e+02
3.715252981689754e-16
1.525878906250000e-06
1.312077428051009e-13
0.000000000000000e+00
1
1
85
52
-3.293396856414347e-01 6.439452104069210e-02
-4.712422848469424e-01 -5.593018733874811e-01
-2.258748792000954e-01 6.956065091334709e-01
-1.818861478152144e-01 -2.664547853237463e-01
-6.813014880006030e-02 3.153395094393708e-01
4.246920523059793e-16
2.782087868936140e+01
4.383065119442111e-16
9.765625000000001e-05
5.169754355879465e-12
0.000000000000000e+00
1
1
86
52
1.035003140174088e+00 -5.379981685104571e-01
-1.213425387504788e-01 -1.156829991142854e-01
2.496349138292290e-02 1.657811572298309e-01
-6.146216684471624e-02 9.889087050692205e-02
-1.162521630176401e-01 -6.514354656033648e-03
5.721958498152797e-16
4.819567442475441e+03
2.082188813276115e-15
9.536743164062501e-08
2.995236869454968e-14
0.000000000000000e+00
1
1
89
52
8.643718883609926e-02 -2.190116247619321e-01
-2.746349558020511e-02 6.958607596630742e-02
1.021483631721150e-01 -2.588200667598943e-01
-1.448638242746544e-02 3.670510569678408e-02
4.759878613967052e-01 -1.206041939761841e+00
8.881784197001252e-16
6.894778179932374e+04
5.607400809352966e-16
2.441406250000000e-05
7.309396058190780e-14
0.000000000000000e+00
1
1
101
52
-6.579418293669433e-02 -1.780561325406546e+00
2.322718772882426e+00 1.038866509267177e+00
-2.239714124870984e+00 1.207454662018748e+00
-1.088700393301920e+00 5.415770269846014e-01
1.125700869080345e+00 4.597518633839264e-01
3.330669073875470e-14
8.695095957995013e+02
3.232210845735668e-15
9.765625000000001e-05
3.555210803019093e-14
0.000000000000000e+00
1
1
106
52
1.424260424535180e+00 -9.738176120837184e-01
6.609926307815860e-02 2.390011456802295e-01
-1.987257813870041e-01 -1.483196683790201e-01
-7.268867908994939e-02 1.561279490534085e-01
-1.718627401967314e-01 1.108057198596652e-02
9.485749680535094e-16
1.950837212359134e+03
8.685271190833009e-16
9.536743164062501e-08
3.282150508184401e-14
0.000000000000000e+00
1
1
110
52
1.282812851854751e+00 -3.039129393763423e-02
-4.149435098446011e-01 5.275324431678804e-01
-4.394596449206371e-01 -5.072906616951045e-01
-4.201643320817133e-01 9.927588426911439e-02
-4.243942237408717e-01 -7.926733253030285e-02
2.038098551114345e-15
1.420740003752923e+02
1.246292796536364e-15
6.103515625000000e-06
7.444822024842854e-13
0.000000000000000e+00
1
1
114
52
1.346885345368577e+00 -2.921717990560948e-01
-3.306939740705890e-01 6.405535224641665e-01
-5.663839485009874e-01 -4.459557629499613e-01
-4.637031946181900e-01 2.447336893967631e-03
-4.230384220552036e-01 1.899082294742130e-01
3.468447607305094e-15
2.316175778078116e+02
2.576956706850669e-15
6.103515625000000e-06
7.427767104122371e-13
0.000000000000000e+00
1
1
122
52
1.250525602802987e+00 -1.143201773137750e+00
8.872199208275909e-02 1.389576864465445e-01
-1.304603179725577e-01 -1.008014679268535e-01
-8.257261463377079e-02 7.548598705245255e-02
-9.184687861444397e-02 8.396430609165415e-02
1.195746792056363e-15
1.578883869706931e+04
1.381545257016927e-14
5.960464477539063e-09
5.037236802156402e-12
0.000000000000000e+00
1
1
128
52
9.487450790681398e-01 -6.612299206294361e-01
-1.340825249225865e-01 -9.821662154095427e-02
4.573579111474201e-02 1.597900674248679e-01
-1.151217205800695e-01 8.457628227693909e-03
-4.778174260018994e-02 1.050782903298422e-01
1.110223024625157e-16
3.939053549331644e+03
1.889771662562815e-15
9.536743164062501e-08
2.021276807353757e-14
0.000000000000000e+00
1
1
130
52
5.866827780234153e-01 8.250439810220878e-02
-4.205801746752784e-01 -5.914561576566502e-02
6.338354435121522e-02 8.913541307451289e-03
-5.209010759539499e-01 -7.325360714893644e-02
-6.780642555857326e-02 -9.535525053283487e-03
7.447602459741819e-16
2.633912518139410e+02
1.038900392787856e-15
2.441406250000000e-05
1.789075910652326e-12
0.000000000000000e+00
1
1
148
52
5.787954483675857e-01 -2.454461132265566e-01
6.253141961229365e-02 -2.651730234172262e-02
-4.149259189025992e-01 1.759550016483920e-01
-5.138981117320119e-01 2.179255114649457e-01
-6.689483985809337e-02 2.836767027866197e-02
9.506284648352903e-16
2.352385242182974e+02
6.132324791502873e-15
2.441406250000000e-05
1.983580517664606e-12
0.000000000000000e+00
1
1
160
52
1.024921790680714e+00 -1.555971047225142e+00
-3.289781259595129e-02 -2.708301655729544e-01
2.618172049862417e-01 -7.670068989953467e-02
1.081143851212618e-01 -1.641323802136211e-01
-1.141571708927535e-01 1.733061530717238e-01
2.094764613337708e-15
3.257364557664895e+02
9.138653892224056e-16
1.525878906250000e-06
2.656381146823993e-14
0.000000000000000e+00
1
1
162
52
6.073758443192144e-01 -8.302873634980154e-02
-2.357568726343631e-01 -2.173296525512512e-01
-1.687790164193081e-01 2.726300139179720e-01
-1.941593614083453e-01 6.959918839922725e-02
-2.057153866331098e-01 -1.493600852698350e-02
3.140184917367550e-16
2.385247547813629e+02
2.298451145465107e-15
6.103515625000000e-06
3.008129386574895e-13
0.000000000000000e+00
1
1
174
52
7.447096151959770e-01 5.045500149372856e-01
-5.338661910218602e-01 -3.617009760021779e-01
8.045631590308545e-02 5.451015343748176e-02
-8.607052904410324e-02 -5.831385257921530e-02
-6.612091821337817e-01 -4.479774343110590e-01
3.330669073875470e-15
1.976346464141387e+02
1.950955223129043e-16
2.441406250000000e-05
1.737427736603374e-13
0.000000000000000e+00
1
1
175
52
7.689441126410123e-01 8.246021034255469e-01
-1.541504672054237e+00 4.650035720778549e-01
5.714198931057828e-01 -1.505305378244953e+00
-7.289740198254944e-01 2.462855089573392e-01
2.965452435291006e-01 -7.100145012907707e-01
8.788486473204912e-15
9.970799266030947e+01
3.966366377405944e-16
3.906250000000000e-04
2.193340773957546e-12
0.000000000000000e+00
1
1
187
52
3.285160863660525e-01 -4.753180866204864e-02
1.079236578834721e-01 -1.105472850904007e+00
4.168321062890653e-01 1.029547830449564e+00
8.466069929323607e-02 3.009306799729695e-01
-4.106780040451759e-03 -3.125857362572914e-01
3.164622522642096e-16
1.290965220314240e+02
1.387841744068238e-15
2.441406250000000e-05
5.717147971780445e-12
0.000000000000000e+00
1
1
192
52
1.238101666675142e+00 -1.123839296927585e+00
8.707317473006246e-02 1.374435592053241e-01
-1.283968315448929e-01 -9.993359482091983e-02
-9.093438250009900e-02 8.254219766127610e-02
-8.175225806704307e-02 7.420747641430629e-02
1.807312143953211e-15
1.620319537525403e+04
2.776573216371726e-15
5.960464477539063e-09
5.032058340449043e-12
0.000000000000000e+00
1
1
197
52
2.214342986827501e-01 -2.437198678173903e-01
-6.151114822080355e-01 -9.142021314291845e-01
9.688199593320465e-01 5.248957601788046e-01
-2.004296664864312e-01 -2.366492454459463e-01
2.547265528678537e-01 1.768878171103320e-01
5.061588988174682e-16
1.381989452961361e+02
6.395153419753037e-16
2.441406250000000e-05
9.004828648970616e-12
0.000000000000000e+00
1
1
201
52
-4.148300331628501e-01 -1.246290279110949e-01
-4.985785959300707e-02 -1.497899399291370e-02
-3.985502885804589e-01 -1.197380398442719e-01
-1.114158314533813e+00 -3.347309899928187e-01
4.715098474000642e-02 1.416575687249833e-02
1.256073966947020e-15
8.434224751721498e+03
7.384283377903326e-14
9.536743164062501e-08
9.543372761242687e-14
0.000000000000000e+00
1
1
202
52
1.054259191928835e+00 -7.415522459451594e-01
-8.868149226189427e-02 -8.868956482957106e-02
5.349387704920998e-02 1.134400771231188e-01
-6.961307931970913e-02 4.896493738152241e-02
-7.743177413737717e-02 5.446450593808581e-02
9.226380847435024e-16
2.591506101789723e+04
1.876331115897488e-15
5.960464477539063e-09
2.920305296219638e-12
0.000000000000000e+00
1
1
209
52
8.930364332749710e-01 -9.832864153430078e-01
6.609519654843831e-03 -1.943845993508631e-01
1.928528779120200e-01 -2.523540560234406e-02
-9.946760197099228e-02 1.095197666529103e-01
9.420239256527405e-02 -1.037224568347734e-01
1.404333387430680e-15
4.549756978289786e+02
3.417951872798971e-16
1.525878906250000e-06
4.578006261837226e-14
0.000000000000000e+00
1
1
218
52
6.141317538861137e-01 -1.415166723641704e-01
-2.615973285881792e-01 -2.005769728170062e-01
-1.474382584837348e-01 2.948325699175537e-01
-2.120095180972995e-01 3.847037213937828e-03
-1.923130815686842e-01 8.932252860690271e-02
8.777083671441753e-17
2.747385194709691e+02
4.368316031440947e-16
6.103515625000000e-06
3.012506057879879e-13
0.000000000000000e+00
1
1
222
52
1.267310975806483e+00 -4.130870489158205e-01
1.369166855595135e-01 -4.462875384561588e-02
-9.085077857037697e-01 2.961331569582522e-01
-1.464706832371941e-01 4.774293243426904e-02
-1.125213958197186e+00 3.667697370763885e-01
3.972054645195637e-15
1.948580881627610e+02
1.075770475412631e-15
2.441406250000000e-05
1.997587191988406e-13
0.000000000000000e+00
1
1
230
52
3.136968949749228e-01 -1.431576856554616e-01
-3.812874321639902e-01 -3.115991787542530e-01
-1.446640483903162e-02 4.922041012197765e-01
-1.772256632184146e-01 -1.548115377567466e-01
8.128886201729846e-04 2.353186927082227e-01
4.775249788392736e-16
4.217472144165628e+01
2.255492017605330e-16
3.906250000000000e-04
2.773438065008002e-12
0.000000000000000e+00
1
1
234
52
3.063784147862702e-01 5.156848338529964e-04
-1.925998089259794e-01 -3.928506512470133e-01
-1.939211773154133e-01 3.922000733963852e-01
-8.646921812355184e-02 1.903692865484831e-01
-8.582788489296883e-02 -1.906592906697087e-01
3.759430971336169e-16
6.465417226735623e+01
6.082993774457971e-17
3.906250000000000e-04
1.948842587451754e-12
0.000000000000000e+00
1
1
-1

2 0
1 5
4811548030030608020955071263052162594360161925889937080983423204255876394171679396038029038337510541298025738453967536517988342000615268470655522889363736667722196681957643064624631746546222915479281101416118507630876841430571695782896150167797861920237462365726915417639373778899327174010144544650613167817743/10000000000000000000000000000000000000000000000000000000000000000000000000000000000000000000000000000000000000000000000000000000000000000000000000000000000000000000000000000000000000000000000000000000000000000000000000000000000000000000000000000000000000000000000000000000000000000000000000000000000000000000000 99343851369654452975345632360505413503614741711431061628466906032988898064170020240234056207487932981987606820252189506900647281121241556597881155265111849126540552023171521423458864664598191229613558019242993341364793285240699615292443274308047237263903725929271463446174044316998356474671808822426444501779/200000000000000000000000000000000000000000000000000000000000000000000000000000000000000000000000000000000000000000000000000000000000000000000000000000000000000000000000000000000000000000000000000000000000000000000000000000000000000000000000000000000000000000000000000000000000000000000000000000000000000000000
-9315529616323465546588147938801485775071529340196129494118257233709672519729898677571572014120745647710448331444024203322205968193286225095819750427525065198489723777143372706582504795651230259668822900307719664103109487926538700995167158849150270722153475243986395409934440599486117740079973267840420581066781/10000000000000000000000000000000000000000000000000000000000000000000000000000000000000000000000000000000000000000000000000000000000000000000000000000000000000000000000000000000000000000000000000000000000000000000000000000000000000000000000000000000000000000000000000000000000000000000000000000000000000000000000 907236050515787012791522923960819703370758834342975600515522358067413480919803414066765892277802163131134172994192897609586495552354228297713391229045920924843275116740748567781498114567677091439360962273270768805816355149713875781290622628669264008406472695918855136759172854583091385144524866700900410572571/2000000000000000000000000000000000000000000000000000000000000000000000000000000000000000000000000000000000000000000000000000000000000000000000000000000000000000000000000000000000000000000000000000000000000000000000000000000000000000000000000000000000000000000000000000000000000000000000000000000000000000000000
-3402740270700127857455256646964285981319917448361897515130815490232864206314377865278316530551949823463205415241399530161102623493187087474539323300060769730887972308693508440270452480101291103239340177388506917500249060025920368452137620910310425530193992930114984669220387476865364813349200806739454061876239/5000000000000000000000000000000000000000000000000000000000000000000000000000000000000000000000000000000000000000000000000000000000000000000000000000000000000000000000000000000000000000000000000000000000000000000000000000000000000000000000000000000000000000000000000000000000000000000000000000000000000000000000 -1460298062595397342877345366751709313489278783864444353440658692479062137892053212778681228571330547375596776372010784598451666091667965573871311216302355600535134781984608209291784421363078473566080312023224218341841686835447449378272161696609169238624120667533757025437052425081052655380792799943946697279753/2500000000000000000000000000000000000000000000000000000000000000000000000000000000000000000000000000000000000000000000000000000000000000000000000000000000000000000000000000000000000000000000000000000000000000000000000000000000000000000000000000000000000000000000000000000000000000000000000000000000000000000000
-3529848967880780728215781402956498076979012688229157746119842959885405357885790432089305296235324660106304744421163804844205229417031377376123237083891664345112693649407548573409203004566341974994716515166220733435175265044756883982392638326202931560096241709162669341679679792899711557672385176844033607815601/5000000000000000000000000000000000000000000000000000000000000000000000000000000000000000000000000000000000000000000000000000000000000000000000000000000000000000000000000000000000000000000000000000000000000000000000000000000000000000000000000000000000000000000000000000000000000000000000000000000000000000000000 2843565741392916212847779876613713375019220882015306101939895983133889165426558285817693977229520582734895358412255669178019205631626837130231157616063138907376215132771698514342794819095755590331084772915689772322639657358151357869739207173692048063715215063193104549411343583463698831451316999844745946875077/10000000000000000000000000000000000000000000000000000000000000000000000000000000000000000000000000000000000000000000000000000000000000000000000000000000000000000000000000000000000000000000000000000000000000000000000000000000000000000000000000000000000000000000000000000000000000000000000000000000000000000000000
2665781603979383359703144856446582504867001762695847205496439758779187395372621102475053747820844309362485183781577117972594520582486123841261352295369161639094255393763030561985074989952719708936794703699222246006125502991502710492948831338230591574536051580519179968171235571073291076619022705881320703329721/10000000000000000000000000000000000000000000000000000000000000000000000000000000000000000000000000000000000000000000000000000000000000000000000000000000000000000000000000000000000000000000000000000000000000000000000000000000000000000000000000000000000000000000000000000000000000000000000000000000000000000000000 787390449865960584318883671934955236670804266350509592724430949612711609183795156807439056888117115890628618169391564071420267654539602558246268202129093116428502208402525806958360263726896637800677507879228433655438697403473406243868310248720194591467948360183129509430342451468915354977528585817582803691261/1000000000000000000000000000000000000000000000000000000000000000000000000000000000000000000000000000000000000000000000000000000000000000000000000000000000000000000000000000000000000000000000000000000000000000000000000000000000000000000000000000000000000000000000000000000000000000000000000000000000000000000000

0
810800145169959543481821291171086652753550019466712641133219192299200998249440676098904808255776498745775097262080989236266713478903243910483699949973759202875467181433682056293376020440837438547211295499135994868485437052546454105199794276289601467619316051966774335857460320933431276059103019870111792542043/1000000000000000000000000000000000000000000000000000000000000000000000000000000000000000000000000000000000000000000000000000000000000000000000000000000000000000000000000000000000000000000000000000000000000000000000000000000000000000000000000000000000000000000000000000000000000000000000000000000000000000000000 4115941240861342505252530816589166250216698508095366405104856335792838207231757047501313754010113262138343527693815039511157545798831052788209635375018412517038680789819380462240549679190404196132673479613211152830403556700659548758360831155759114765109144686566745472816145255261673196734669747242968182064931/5000000000000000000000000000000000000000000000000000000000000000000000000000000000000000000000000000000000000000000000000000000000000000000000000000000000000000000000000000000000000000000000000000000000000000000000000000000000000000000000000000000000000000000000000000000000000000000000000000000000000000000000
5 5
1 0
0 0
0 0
0 0
0 0
0 0
1 0
0 0
0 0
0 0
0 0
0 0
1 0
0 0
0 0
0 0
0 0
0 0
1 0
0 0
0 0
0 0
0 0
0 0
1 0

5 0

4 0

