40                                               

6.197935640072103e-01 -4.578692332751549e-01
6.197935640072120e-01 4.578692332751545e-01
2.177923021417056e+00 2.532761044945357e-15
3.930107158150061e-01 1.232525023974477e-15

5.693876102505614e-01 1.677311899691208e-01
5.693876102505648e-01 -1.677311899691210e-01
-4.350722356510800e-01 -1.729669575441510e-17
2.882524202568774e+00 -2.235876211864426e-16

5.328108223208418e-01 -9.755618521626627e-02
5.328108223208428e-01 9.755618521626629e-02
3.245318534707776e-01 9.467568836363190e-17
-4.345448504021878e-01 -9.373834460596306e-17

4.652899641994589e-01 2.679100146862970e-01
-1.119570846263585e+00 -2.031271818187582e-02
-1.255392649792488e-01 3.256520928141534e-01
-8.217033858112415e-01 -6.566048006685583e-02

6.197935640072102e-01 4.578692332751514e-01
6.197935640072105e-01 -4.578692332751512e-01
3.930107158150075e-01 7.640422511531458e-17
2.177923021417067e+00 -1.520232772318050e-16

5.328108223208421e-01 9.755618521626877e-02
5.328108223208426e-01 -9.755618521626867e-02
-4.345448504021878e-01 -5.666852970301884e-17
3.245318534707777e-01 8.434041326474851e-17

5.328108223208430e-01 9.755618521626727e-02
5.328108223208418e-01 -9.755618521626754e-02
3.245318534707776e-01 -9.032588333750516e-17
-4.345448504021878e-01 2.670144893194094e-17

-1.119570846263586e+00 -2.031271818187569e-02
4.652899641994592e-01 2.679100146862954e-01
-8.217033858112424e-01 -6.566048006685539e-02
-1.255392649792497e-01 3.256520928141534e-01

-1.121767234316345e+00 7.621546000070725e-03
6.504333900985747e-01 1.757665772384745e-01
-9.010085333934653e-01 -1.247567515079225e-01
-4.431719531834771e-01 -2.581002595782096e-01

6.197935640072121e-01 4.578692332751538e-01
6.197935640072099e-01 -4.578692332751543e-01
2.177923021417059e+00 3.221770706631051e-15
3.930107158150097e-01 1.740686308555131e-16

6.504333900985747e-01 1.757665772384747e-01
-1.121767234316344e+00 7.621546000070926e-03
-4.431719531834781e-01 -2.581002595782095e-01
-9.010085333934660e-01 -1.247567515079234e-01

4.652899641994591e-01 2.679100146862967e-01
-1.119570846263586e+00 -2.031271818187584e-02
-8.217033858112414e-01 -6.566048006685546e-02
-1.255392649792491e-01 3.256520928141535e-01

3.203143329065678e-02 6.945635534288929e-01
-1.020785688299175e+00 -5.400473635453613e-01
-2.326247188180730e-01 -5.594825301148577e-01
-9.493290481975128e-02 4.656143362884294e-01

6.504333900985753e-01 1.757665772384751e-01
-1.121767234316344e+00 7.621546000070669e-03
-9.010085333934653e-01 -1.247567515079228e-01
-4.431719531834779e-01 -2.581002595782099e-01

6.550666570468161e-01 3.836055704913006e-17
-1.021736447185389e+00 6.087575234552946e-19
-2.671833554725586e-01 1.440380362751943e-01
-2.671833554725584e-01 -1.440380362751943e-01

5.693876102505653e-01 1.677311899691477e-01
5.693876102505662e-01 -1.677311899691476e-01
2.882524202568729e+00 8.127117520009556e-16
-4.350722356510822e-01 -2.465220802914260e-16

3.203143329065673e-02 6.945635534288922e-01
-1.020785688299174e+00 -5.400473635453609e-01
-9.493290481975139e-02 4.656143362884292e-01
-2.326247188180731e-01 -5.594825301148578e-01

-1.020785688299175e+00 5.400473635453613e-01
3.203143329065673e-02 -6.945635534288928e-01
-9.493290481975127e-02 -4.656143362884293e-01
-2.326247188180731e-01 5.594825301148577e-01

-1.021736447185389e+00 1.294348302055240e-16
6.550666570468159e-01 7.144670324156343e-17
-2.671833554725587e-01 -1.440380362751945e-01
-2.671833554725585e-01 1.440380362751945e-01

-1.119570846263586e+00 -2.031271818187585e-02
4.652899641994588e-01 2.679100146862969e-01
-1.255392649792488e-01 3.256520928141536e-01
-8.217033858112417e-01 -6.566048006685549e-02

-1.121767234316344e+00 -7.621546000070970e-03
6.504333900985751e-01 -1.757665772384746e-01
-4.431719531834783e-01 2.581002595782093e-01
-9.010085333934662e-01 1.247567515079234e-01

-1.020785688299175e+00 -5.400473635453609e-01
3.203143329065701e-02 6.945635534288922e-01
-2.326247188180731e-01 -5.594825301148578e-01
-9.493290481975138e-02 4.656143362884294e-01

-1.121767234316344e+00 7.621546000070877e-03
6.504333900985751e-01 1.757665772384749e-01
-4.431719531834784e-01 -2.581002595782094e-01
-9.010085333934660e-01 -1.247567515079236e-01

-1.121767234316344e+00 -7.621546000071100e-03
6.504333900985735e-01 -1.757665772384748e-01
-9.010085333934644e-01 1.247567515079245e-01
-4.431719531834783e-01 2.581002595782117e-01

-1.119570846263586e+00 2.031271818187577e-02
4.652899641994585e-01 -2.679100146862961e-01
-8.217033858112417e-01 6.566048006685542e-02
-1.255392649792494e-01 -3.256520928141539e-01

-1.020785688299175e+00 5.400473635453614e-01
3.203143329065684e-02 -6.945635534288930e-01
-2.326247188180729e-01 5.594825301148577e-01
-9.493290481975129e-02 -4.656143362884295e-01

-1.119570846263586e+00 2.031271818187593e-02
4.652899641994587e-01 -2.679100146862970e-01
-1.255392649792490e-01 -3.256520928141536e-01
-8.217033858112417e-01 6.566048006685569e-02

5.693876102505649e-01 -1.677311899691209e-01
5.693876102505609e-01 1.677311899691209e-01
-4.350722356510801e-01 4.022752031722394e-17
2.882524202568773e+00 -2.171266448937216e-15

-1.021736447185389e+00 1.363681650237950e-16
6.550666570468157e-01 1.229006838293138e-16
-2.671833554725584e-01 1.440380362751945e-01
-2.671833554725586e-01 -1.440380362751944e-01

6.504333900985748e-01 -1.757665772384747e-01
-1.121767234316344e+00 -7.621546000070925e-03
-4.431719531834782e-01 2.581002595782092e-01
-9.010085333934659e-01 1.247567515079233e-01

3.203143329065784e-02 -6.945635534288924e-01
-1.020785688299175e+00 5.400473635453608e-01
-2.326247188180734e-01 5.594825301148574e-01
-9.493290481975136e-02 -4.656143362884291e-01

6.504333900985735e-01 -1.757665772384733e-01
-1.121767234316344e+00 -7.621546000070867e-03
-9.010085333934648e-01 1.247567515079228e-01
-4.431719531834768e-01 2.581002595782106e-01

4.652899641994575e-01 -2.679100146862968e-01
-1.119570846263586e+00 2.031271818187597e-02
-8.217033858112414e-01 6.566048006685531e-02
-1.255392649792490e-01 -3.256520928141543e-01

5.328108223208423e-01 -9.755618521626787e-02
5.328108223208423e-01 9.755618521626767e-02
-4.345448504021878e-01 3.159385799503484e-17
3.245318534707777e-01 -1.128136969742411e-16

3.203143329065757e-02 -6.945635534288922e-01
-1.020785688299175e+00 5.400473635453606e-01
-9.493290481975135e-02 -4.656143362884294e-01
-2.326247188180732e-01 5.594825301148579e-01

6.550666570468155e-01 4.400012541262747e-18
-1.021736447185389e+00 -4.763687105974943e-18
-2.671833554725586e-01 -1.440380362751950e-01
-2.671833554725585e-01 1.440380362751950e-01

4.652899641994588e-01 -2.679100146862972e-01
-1.119570846263586e+00 2.031271818187589e-02
-1.255392649792489e-01 -3.256520928141536e-01
-8.217033858112419e-01 6.566048006685596e-02

-1.020785688299175e+00 -5.400473635453611e-01
3.203143329065715e-02 6.945635534288928e-01
-9.493290481975133e-02 4.656143362884293e-01
-2.326247188180728e-01 -5.594825301148577e-01

5.693876102505584e-01 -1.677311899691161e-01
5.693876102505668e-01 1.677311899691153e-01
2.882524202568781e+00 7.399192549060362e-15
-4.350722356510799e-01 -6.459707243565795e-15

6.197935640072109e-01 -4.578692332751514e-01
6.197935640072101e-01 4.578692332751517e-01
3.930107158150072e-01 1.544501465688574e-16
2.177923021417068e+00 -1.564971753017798e-15

