4 4

13
1 1 0 0 1 0
1 0 3 0 -8167635248912333/1000000000000000 0
1 0 2 0 -889508221623037/250000000000000 0
1 0 1 0 -3181894452125843/1000000000000000 0
1 0 0 0 -1124251909997687/500000000000000 0
0 1 3 0 -8167635248912333/1000000000000000 0
0 1 2 0 -889508221623037/250000000000000 0
0 1 1 0 -3181894452125843/1000000000000000 0
0 1 0 0 -1124251909997687/500000000000000 0
0 0 3 0 6045724865398321/1000000000000000 0
0 0 2 0 659673405077447/50000000000000 0
0 0 1 0 2416012463584033/500000000000000 0
0 0 0 0 7355167492316257/10000000000000000 0

18
1 0 2 0 -8167635248912333/1000000000000000 0
1 0 1 1 -8167635248912333/1000000000000000 0
1 0 1 0 -889508221623037/250000000000000 0
1 0 0 2 -8167635248912333/1000000000000000 0
1 0 0 1 -889508221623037/250000000000000 0
1 0 0 0 -3181894452125843/1000000000000000 0
0 1 2 0 -8167635248912333/1000000000000000 0
0 1 1 1 -8167635248912333/1000000000000000 0
0 1 1 0 -889508221623037/250000000000000 0
0 1 0 2 -8167635248912333/1000000000000000 0
0 1 0 1 -889508221623037/250000000000000 0
0 1 0 0 -3181894452125843/1000000000000000 0
0 0 2 0 6045724865398321/1000000000000000 0
0 0 1 1 6045724865398321/1000000000000000 0
0 0 1 0 659673405077447/50000000000000 0
0 0 0 2 6045724865398321/1000000000000000 0
0 0 0 1 659673405077447/50000000000000 0
0 0 0 0 2416012463584033/500000000000000 0

18
2 1 0 0 1 0
2 0 3 0 -8167635248912333/1000000000000000 0
2 0 2 0 -889508221623037/250000000000000 0
2 0 1 0 -3181894452125843/1000000000000000 0
2 0 0 0 -1124251909997687/500000000000000 0
1 2 0 0 1 0
1 1 3 0 -8167635248912333/1000000000000000 0
1 1 2 0 -889508221623037/250000000000000 0
1 1 1 0 -3181894452125843/1000000000000000 0
1 1 0 0 -1124251909997687/500000000000000 0
0 2 3 0 -8167635248912333/1000000000000000 0
0 2 2 0 -889508221623037/250000000000000 0
0 2 1 0 -3181894452125843/1000000000000000 0
0 2 0 0 -1124251909997687/500000000000000 0
0 0 3 0 972443511671689/125000000000000 0
0 0 2 0 167036151134321/50000000000000 0
0 0 1 0 515899698662741/200000000000000 0
0 0 0 0 1546329009928319/1000000000000000 0

24
2 0 2 0 -8167635248912333/1000000000000000 0
2 0 1 1 -8167635248912333/1000000000000000 0
2 0 1 0 -889508221623037/250000000000000 0
2 0 0 2 -8167635248912333/1000000000000000 0
2 0 0 1 -889508221623037/250000000000000 0
2 0 0 0 -3181894452125843/1000000000000000 0
1 1 2 0 -8167635248912333/1000000000000000 0
1 1 1 1 -8167635248912333/1000000000000000 0
1 1 1 0 -889508221623037/250000000000000 0
1 1 0 2 -8167635248912333/1000000000000000 0
1 1 0 1 -889508221623037/250000000000000 0
1 1 0 0 -3181894452125843/1000000000000000 0
0 2 2 0 -8167635248912333/1000000000000000 0
0 2 1 1 -8167635248912333/1000000000000000 0
0 2 1 0 -889508221623037/250000000000000 0
0 2 0 2 -8167635248912333/1000000000000000 0
0 2 0 1 -889508221623037/250000000000000 0
0 2 0 0 -3181894452125843/1000000000000000 0
0 0 2 0 972443511671689/125000000000000 0
0 0 1 1 972443511671689/125000000000000 0
0 0 1 0 167036151134321/50000000000000 0
0 0 0 2 972443511671689/125000000000000 0
0 0 0 1 167036151134321/50000000000000 0
0 0 0 0 515899698662741/200000000000000 0

