5
0
0
52
6.006117002955395e-01 -4.914231390714293e-01
1.472477304102977e-01 -5.795825175110980e-01
5.972628022109089e-01 -2.957928009028740e-02
1.308086049006098e+00 -1.070281767840700e+00
2.360468342600185e-01 -1.931345596545190e-01
1.207391665652665e-14
1.447661398139405e+03
5.368410755226915e-15
1.525878906250000e-06
1.935644471810483e-14
0.000000000000000e+00
1
1
8
52
2.563872464992664e-01 -7.709627907274890e-01
2.752982278935749e-01 -3.959725230562004e-01
1.666921527230366e-02 -4.819807989526596e-01
-1.115469725268604e-01 3.354245049656044e-01
7.390424432641015e-01 -2.222318903551952e+00
2.416106516409301e-14
1.916795562755395e+03
2.723681607341946e-15
9.765625000000001e-05
6.316517072638408e-12
0.000000000000000e+00
1
1
20
52
-6.445543692311558e-01 7.001801791869022e-01
-2.751186362550277e-01 4.359438424719961e-01
-4.117324507460602e-01 3.101833116186601e-01
-2.091784241092750e-01 2.272307713150265e-01
2.800877819536292e-01 -3.042596912193494e-01
1.116472126054219e-15
1.134453157408206e+02
2.256621755184351e-15
9.765625000000001e-05
4.952521863284366e-14
0.000000000000000e+00
1
1
21
52
-5.847133501212826e-01 -3.952793685350357e-02
-2.614713236019361e-01 -1.750425145417119e-01
6.538251003752843e-01 5.613144321232467e-02
8.627683955874914e-02 -1.854508180246355e-01
4.778655162138384e-01 7.087279881711982e-02
4.002966042486721e-16
1.044696137252885e+02
5.348995693337696e-16
9.765625000000001e-05
1.430637714622120e-14
0.000000000000000e+00
1
1
36
52
5.820306493289766e-01 -6.929956760315765e-01
6.780402493566104e-01 -1.630203327382998e-01
4.343745166146439e-02 -6.960081870400940e-01
2.287442821190548e-01 -2.723547266938749e-01
1.267617950343902e+00 -1.509291236571654e+00
1.588821858078255e-14
8.107265691592636e+02
1.106656679205453e-15
9.765625000000001e-05
2.708117756889706e-13
0.000000000000000e+00
1
1
51
52
-7.196544986225777e-01 5.605263954625644e-01
-4.381225220523424e-01 2.284477821396013e-01
-3.287568883436360e-01 3.688612772582920e-01
3.127221564452095e-01 -2.435738586627576e-01
-2.335508082965684e-01 1.819086700387601e-01
4.965068306494546e-16
9.779396579912468e+01
1.155511386591386e-15
2.441406250000000e-05
1.951758973078797e-13
0.000000000000000e+00
1
1
62
52
-5.657228412366182e-01 7.152765926543526e-01
-3.712029079988149e-01 3.259173472382638e-01
-2.316435964911168e-01 4.362968717997680e-01
-1.835950822172741e-01 2.321300383583795e-01
2.458319474142669e-01 -3.108197599511723e-01
6.280369834735101e-16
1.222056845359204e+02
2.511058234494603e-15
9.765625000000001e-05
4.643331939961050e-14
0.000000000000000e+00
1
1
68
52
-6.408815829111183e-01 -2.816054113830566e-01
7.117921647746318e-01 3.282952557161618e-01
-2.227508588694320e-01 -3.027267660706904e-01
5.081242200812985e-01 2.734767123961756e-01
1.721611944220829e-01 -1.733518923618449e-01
1.294731409827788e-15
9.664003876646076e+01
1.052134483381112e-15
9.765625000000001e-05
3.025923760809291e-12
0.000000000000000e+00
1
1
71
52
-9.427422034831637e-01 1.847529267711376e-01
1.056129211344571e+00 -2.144349327659641e-01
-6.456643969739079e-01 -4.553309783410838e-02
8.724679451040374e-01 -4.885050877423263e-02
4.654816820235932e-01 1.614446920208089e-01
8.296271088900922e-15
1.256197398730453e+02
1.383007169491829e-15
9.765625000000001e-05
6.355868158825907e-12
0.000000000000000e+00
1
1
80
52
7.751420445824492e-01 -2.761068333278612e-01
6.068488745014520e-01 1.837844553572807e-01
3.540072263457332e-01 -5.260429319073213e-01
1.688199703764405e+00 -6.013394286753092e-01
3.046391297996586e-01 -1.085129442075982e-01
1.588821858078255e-14
1.945001537262166e+03
1.710998905420887e-14
1.525878906250000e-06
3.183708500393043e-14
0.000000000000000e+00
1
1
89
52
-5.006020640141687e-01 2.070457338273708e-01
-3.620000175537448e-01 4.668034720849768e-02
5.599809842577438e-01 -2.360724818711421e-01
2.752913521222450e-01 3.744866040886198e-02
4.768770846770251e-01 -1.240964856766041e-01
2.775557561562891e-16
1.938554357293779e+02
5.339618031836315e-16
9.765625000000001e-05
1.797409267295997e-14
0.000000000000000e+00
1
1
90
52
-5.034196032116877e-01 -4.882887762673366e-02
-2.211543438335785e-01 -1.575907400126556e-01
5.626220639630185e-01 6.489320837393403e-02
4.104554648966984e-01 7.317762689319512e-02
7.910015315225249e-02 -1.578097059425350e-01
4.163336342344337e-16
1.303541909052612e+02
3.204850334337001e-16
9.765625000000001e-05
1.669288374294023e-12
0.000000000000000e+00
1
1
92
52
-7.215189881154261e-01 -1.738569610167528e-01
9.764342129638287e-02 -5.067096799007940e-01
6.426252634732234e-01 5.671251248967416e-01
7.057321930451847e-02 4.441206956678174e-01
1.494461869373437e-01 -3.194448384384087e-01
2.897767167584095e-16
9.547360064477553e+01
1.268733065707295e-15
9.765625000000001e-05
4.100410761679928e-15
0.000000000000000e+00
1
1
94
52
-5.100580342249645e-01 1.602511683446303e-01
-3.599255757063611e-01 1.458155582494835e-02
5.709450287422660e-01 -1.836519406804700e-01
4.795590565506145e-01 -8.075448673436114e-02
2.674042834118632e-01 6.062728775819066e-02
1.779822904821748e-15
2.370625214549773e+02
9.559773478606722e-16
9.765625000000001e-05
1.808141724664347e-12
0.000000000000000e+00
1
1
102
52
-6.272047816042599e-01 -3.090641879275089e-02
-4.108609395692808e-01 -2.024576443985624e-02
6.408379852140241e-01 3.157821453252902e-02
1.720303779886660e-01 -8.208366440600240e-02
1.631269782462527e-01 9.859902576337702e-02
1.701090750501519e-16
9.266909911549182e+01
3.811902195584769e-16
9.765625000000001e-05
6.566657724889192e-15
0.000000000000000e+00
1
1
103
52
7.693974787766543e-01 -2.273011269385893e-01
4.762108802761871e-01 -3.704908003534495e-04
3.999599032707120e-01 -2.584744001492942e-01
2.217806853969066e+00 -6.552009996716299e-01
-3.347434811956651e-01 9.889240946318228e-02
2.192807399662813e-14
1.413406692715828e+04
1.598293005760176e-13
3.814697265625000e-07
2.733177114581776e-12
0.000000000000000e+00
1
1
110
52
-7.692221679401493e-01 -3.987532807307058e-01
2.523202070476784e-01 -5.470463214519423e-01
5.698653221920876e-01 8.224580459089719e-01
2.586897390045663e-01 -3.203060619376276e-01
-4.415540386910957e-02 5.231262345473554e-01
1.067778313638764e-15
7.357612894002095e+01
1.458486786031760e-15
3.906250000000000e-04
2.006871918754188e-12
0.000000000000000e+00
1
1
114
52
-7.103873442999784e-01 -3.133487046615922e-01
8.943763760331233e-01 -6.378093921955598e-02
-2.403953146015677e-01 4.833721500378259e-01
-7.846051500626060e-02 3.605136345789657e-01
3.405667823119811e-01 -3.245566544366162e-01
7.550332863779066e-16
7.679336615062944e+01
5.688062814496959e-16
9.765625000000001e-05
1.509127590787588e-14
0.000000000000000e+00
1
1
117
52
-1.001383963882794e+00 -3.051146685134119e-01
1.023150493526028e+00 3.117467773910411e-01
-6.559732456409912e-01 -1.998704459190282e-01
2.236050098951876e-01 2.257589406524588e-01
3.115012452780450e-01 -6.271581877783716e-02
1.421779191586669e-15
3.947275036049274e+01
7.233587409521767e-16
9.765625000000001e-05
1.323420422946588e-13
0.000000000000000e+00
1
1
145
52
-7.805427405911629e-01 -3.735616327598367e-01
8.662848444587347e-01 4.340836580390745e-01
-2.630978013068847e-01 -3.829296958281767e-01
2.196398894420162e-01 -2.072887242032892e-01
6.168463765725750e-01 3.582076695078483e-01
8.049116928532385e-16
7.435700008326549e+01
1.353250259672411e-15
9.765625000000001e-05
3.318123054065231e-14
0.000000000000000e+00
1
1
150
52
-5.996766995431464e-01 -7.555079784190181e-03
6.726400913423592e-01 1.304550450528917e-02
-3.913776791614041e-01 1.004890447718679e-01
2.677098622685916e-01 -1.514285123506733e-01
5.412563707768634e-01 -6.800652563397216e-02
4.577566798522237e-16
1.842853094022497e+02
1.691409711633790e-16
9.765625000000001e-05
3.316899577497574e-14
0.000000000000000e+00
1
1
152
52
-4.828100724174027e-01 -4.810076274604864e-01
2.330787110351281e-01 7.517460087765687e-01
3.186252683286609e-01 -3.507496432607898e-01
-1.568018070775061e-01 3.820180649683703e-01
2.697986098605050e-01 -1.791398401067167e-01
2.265790592267349e-16
1.064558232844042e+02
6.524873277947743e-16
9.765625000000001e-05
3.603631561219078e-15
0.000000000000000e+00
1
1
154
52
-9.353086855477559e-01 3.422906565798165e-01
1.046589853434444e+00 -3.910989413350344e-01
-6.685192562572136e-01 5.824126583813114e-02
5.028478843181171e-01 8.970979569269713e-02
8.854241774219662e-01 -1.917207292131829e-01
2.220446049250313e-15
9.882658217399258e+01
1.730581319055703e-15
9.765625000000001e-05
3.190650401074545e-14
0.000000000000000e+00
1
1
160
52
-5.503432424152945e-01 -3.068884353841040e-02
6.171231205361773e-01 3.862020547834610e-02
-3.633556938701745e-01 7.677089948476756e-02
4.996925981389954e-01 -4.100812522998572e-02
2.518174881459334e-01 -1.284432989926427e-01
3.357879816106448e-15
1.931474468971159e+02
9.700419912399899e-16
9.765625000000001e-05
6.956168504040179e-12
0.000000000000000e+00
1
1
170
52
-7.933754791290544e-01 -9.965050681915920e-02
8.902642292349917e-01 9.545018973016210e-02
-3.958470170261037e-01 1.661868555148677e-01
6.584624175366115e-01 2.978974401822419e-02
6.714837840677099e-02 2.708744365466955e-01
2.094764613337708e-15
3.486223628901748e+01
4.172726340884222e-16
9.765625000000001e-05
1.242258783732204e-12
0.000000000000000e+00
1
1
171
52
-6.128779812208244e-01 -5.125407786374423e-01
9.024133681165454e-01 1.922111535695068e-01
-3.756235046584208e-01 4.092652926953956e-01
4.293281796703979e-01 -2.236648690717819e-01
-1.804640474086697e-01 3.340217594065562e-01
5.855045090355223e-16
7.669525645398386e+01
5.031650596802471e-16
3.906250000000000e-04
2.325959182239143e-12
0.000000000000000e+00
1
1
183
52
-8.488649433523366e-01 8.018793574130505e-02
9.487356080521667e-01 -1.070188294468130e-01
-3.734851880604673e-01 2.647300611905075e-01
1.326792501477070e-01 2.663679108060897e-01
6.922500196927386e-01 -1.216275779922833e-01
5.551115123125783e-16
2.864619247665111e+01
2.282979097233515e-16
9.765625000000001e-05
7.373795100892108e-15
0.000000000000000e+00
1
1
188
52
1.809783404558147e-01 -7.131076112100347e-01
-1.656356342504689e-02 -4.363903510016612e-01
2.226572129835451e-01 -3.756789261950773e-01
-7.873865118653359e-02 3.102533226689510e-01
5.216744465046158e-01 -2.055549948348929e+00
2.131628207280301e-14
1.381516872410700e+03
1.981785722952148e-15
9.765625000000001e-05
6.496816252187412e-12
0.000000000000000e+00
1
1
203
52
-1.013069943118395e+00 -4.187862590375722e-01
1.035090484432093e+00 4.278891844391089e-01
-6.636283409931747e-01 -2.743329147248844e-01
3.309965771015735e-01 -3.402788730073799e-02
2.103542763599600e-01 2.578133231316552e-01
4.484587321511725e-16
4.330300379336344e+01
1.564702388474861e-15
9.765625000000001e-05
1.325505981653422e-13
0.000000000000000e+00
1
1
205
52
-4.001840670411353e-01 3.052928237990531e-02
-2.549270519195382e-01 9.019624836483116e-02
4.491460544322084e-01 -3.119672738551960e-02
1.694707389165379e-01 -1.168173332839731e-01
3.567605252365807e-01 -7.743280815195450e-02
1.755416734288351e-16
3.547101710202029e+02
3.888540076440786e-16
9.765625000000001e-05
1.385851900020908e-14
0.000000000000000e+00
1
1
207
52
-4.017935069663936e-01 -2.920791694824791e-01
-2.157375677533239e-01 2.697154115103660e-01
5.678816469883610e-01 8.116271193117848e-02
2.568802943168886e-01 -1.568516131878014e-01
-9.785282388822535e-02 2.148087410674699e-01
2.925054491448030e-16
1.007758965697581e+02
2.022808263418667e-16
3.906250000000000e-04
1.610660977513455e-12
0.000000000000000e+00
1
1
209
52
-3.797848705802948e-01 1.582493648844641e-02
-2.442432659580987e-01 7.704655387712980e-02
4.261508343874429e-01 -1.485734737661765e-02
3.402151415774605e-01 -6.163912954195430e-02
1.642255826691265e-01 -1.050357416932405e-01
7.571983521139492e-16
3.625531020077820e+02
6.507971621260673e-16
9.765625000000001e-05
2.432717010186767e-12
0.000000000000000e+00
1
1
211
52
-5.014525140086841e-01 -7.300761181942002e-03
-2.352767693263038e-01 1.309471794835724e-01
5.615599137741069e-01 -2.012144223816470e-03
4.125246000685544e-01 -2.692655261834066e-02
6.057447187261100e-02 1.642155928264170e-01
3.510833468576701e-16
8.947148089966313e+01
3.818831184182827e-16
9.765625000000001e-05
7.695265162235973e-13
0.000000000000000e+00
1
1
212
52
-7.810728611809516e-01 5.112357961229227e-01
-3.662898594425620e-01 3.485904536448741e-01
-4.660382874740699e-01 1.961934762193359e-01
3.394111896150854e-01 -2.221548825464788e-01
-2.534830233347776e-01 1.659123004763808e-01
5.551115123125783e-16
9.150881828414930e+01
1.225392253132724e-15
2.441406250000000e-05
1.955419305308872e-13
0.000000000000000e+00
1
1
214
52
-4.374859461759530e-01 -2.133508387557387e-01
-1.621990185937557e-01 2.970278601920607e-01
5.617989506686641e-01 -1.847764903198783e-02
-5.780739749553236e-02 2.239537433330445e-01
2.211361122852275e-01 -1.951350651810609e-01
6.206335383118183e-17
9.694241455789349e+01
2.628400574516503e-16
3.906250000000000e-04
3.084287933376743e-13
0.000000000000000e+00
1
1
217
52
-6.019369922914399e-01 -3.007943860996792e-03
-3.943088532931683e-01 -1.970403729607662e-03
6.150209639333146e-01 3.073325873867966e-03
1.603942870565225e-01 8.750549486491042e-02
1.612608037104505e-01 -8.589814979720201e-02
3.331010692977984e-16
8.949645800912781e+01
2.012202880614860e-16
9.765625000000001e-05
4.916869833941773e-15
0.000000000000000e+00
1
1
218
52
-5.128665161435508e-01 6.332302286804621e-02
-2.216667709489749e-01 1.668656429154035e-01
5.729041367811492e-01 -8.131232330769135e-02
8.500616038942722e-02 1.590665285693325e-01
4.172663327035712e-01 -8.570780395067774e-02
1.241267076623637e-16
8.168746892685793e+01
3.473388589952803e-16
9.765625000000001e-05
3.570800918115668e-15
0.000000000000000e+00
1
1
232
52
-3.534031565232044e-01 -5.862310109553541e-01
4.415637248366965e-02 7.892706689693476e-01
3.958546844664823e-01 -2.642387717080750e-01
3.065071512988892e-01 -1.088969634013765e-01
-2.457756993254626e-01 3.340947162481034e-01
2.482534153247273e-16
8.579131418765553e+01
1.103135570540448e-15
9.765625000000001e-05
1.898840583126464e-14
0.000000000000000e+00
1
1
238
52
7.338097985339980e-01 -3.231968567380317e-01
3.636120141907688e-01 -3.071070766176648e-01
4.720324009406707e-01 -6.094149517945849e-02
2.115224504356373e+00 -9.316227617415263e-01
-3.192602695908571e-01 1.406139790164125e-01
3.032700101082716e-14
1.036469892305615e+04
9.750975593340252e-14
3.814697265625000e-07
2.822750201928972e-12
0.000000000000000e+00
1
1
239
52
2.978712314535172e-01 -6.634918203265495e-01
-1.191738188994595e-01 -5.476140323701711e-01
4.884111632150439e-01 -2.748418876494764e-01
1.170665858942446e-01 -2.607593952439394e-01
6.487406124004657e-01 -1.445034110011109e+00
3.614624287906422e-15
5.784150229107249e+02
9.649399240033183e-16
9.765625000000001e-05
2.102588086434349e-13
0.000000000000000e+00
1
1
-1

2 0
1 5
-8766171352457687615750367297183858126972441690243105562973325398498942151354416318023473790567689040887730878169099703305681035814267698685764560287940396475096899814839402642200794902555010585382348518266071345790829287043222229970061608402791770423009675452891719096847348228665234997289906906823623057958573/10000000000000000000000000000000000000000000000000000000000000000000000000000000000000000000000000000000000000000000000000000000000000000000000000000000000000000000000000000000000000000000000000000000000000000000000000000000000000000000000000000000000000000000000000000000000000000000000000000000000000000000000 2169619190461354068228270972579352610040675407429189943566188389151421612810962701193895164568814426434681293861010494983637347383385679045627873869356939365786370864572769931295744271818114026612718700572331068681475477839581868349732629779246437637341078518132330631780849938745344147951445085463336860537311/10000000000000000000000000000000000000000000000000000000000000000000000000000000000000000000000000000000000000000000000000000000000000000000000000000000000000000000000000000000000000000000000000000000000000000000000000000000000000000000000000000000000000000000000000000000000000000000000000000000000000000000000
-77711422848948833759368782225035054097505720347253953306030794544867459903829301296007418508899274625476544990521829807178066923826410008828702083215004269184248167183540543837891981813911865206515768964426017016445210653484407753689971665705533591249768540839461495298114552700646925316561021122415217062747/1000000000000000000000000000000000000000000000000000000000000000000000000000000000000000000000000000000000000000000000000000000000000000000000000000000000000000000000000000000000000000000000000000000000000000000000000000000000000000000000000000000000000000000000000000000000000000000000000000000000000000000000 -8976283849337469344017409544918251304327654293645552256705489648724138597693821609354453004848896504664532763593697061976811134237272424458912277983315417782557436757901991492436805365353904490713615995108057411691759788152603703888426080194191388902831889247100805460534656877663020436167308822348209122928143/10000000000000000000000000000000000000000000000000000000000000000000000000000000000000000000000000000000000000000000000000000000000000000000000000000000000000000000000000000000000000000000000000000000000000000000000000000000000000000000000000000000000000000000000000000000000000000000000000000000000000000000000
92016019619206770907207788337408537774080023544605430514992336736467546116149887695905489513725940180955992739650747708845870253519479678728140122129183670192768109267773244911193580375365208814681820637457944190535397724496662504864867763627833310148666657884817682015479767441048432853413217554538153315531/250000000000000000000000000000000000000000000000000000000000000000000000000000000000000000000000000000000000000000000000000000000000000000000000000000000000000000000000000000000000000000000000000000000000000000000000000000000000000000000000000000000000000000000000000000000000000000000000000000000000000000000 -1841337129956177286447864660712116651071218813490989338167007611434425174794251103726266170895675361186312360590984524842153563866866080260246133728688455435641023593437410149357649140616082608222360168086035963518733718039622063312444667817763516073291953174419809427235654916657186484126739833812234138020903/2500000000000000000000000000000000000000000000000000000000000000000000000000000000000000000000000000000000000000000000000000000000000000000000000000000000000000000000000000000000000000000000000000000000000000000000000000000000000000000000000000000000000000000000000000000000000000000000000000000000000000000000
3623834049705582489928563374729324772962040019141273424477656951972578400153426890890141846295367468178640183827759282142026323452850842430282682622513470666323267300534042245029304513097220241777199634111373791144098118761620776263971252149335569673883386296145294903751834522505889817017374104625437714402117/5000000000000000000000000000000000000000000000000000000000000000000000000000000000000000000000000000000000000000000000000000000000000000000000000000000000000000000000000000000000000000000000000000000000000000000000000000000000000000000000000000000000000000000000000000000000000000000000000000000000000000000000 2550163083881968815081476177224005390039919463114683090079839543090232498121187755116565704639266137844945325326220320512480547136200459496874805003895098136867592790430330620678481823079336845896385628087847828407671103871501118567104008342980631683514822474188772550697608217628908017894648553791757426020063/5000000000000000000000000000000000000000000000000000000000000000000000000000000000000000000000000000000000000000000000000000000000000000000000000000000000000000000000000000000000000000000000000000000000000000000000000000000000000000000000000000000000000000000000000000000000000000000000000000000000000000000000
4815208468104257883970471113286316797985710087378166311095265357736882830775873002473636152457069556023910993741734182430040893707598496025898091218941989217438093547587509479536221140735713803242501861040950374281290846885694498942594170769938315826920570624058843539360176348134150262180129878224886209112931/10000000000000000000000000000000000000000000000000000000000000000000000000000000000000000000000000000000000000000000000000000000000000000000000000000000000000000000000000000000000000000000000000000000000000000000000000000000000000000000000000000000000000000000000000000000000000000000000000000000000000000000000 7556219015172774747169242239928163110095421843152740894114237640896305702548974061651178838197281976650366253213544377906062359646854461240748502428491790815020870479309141819121254155248460072605455407893639152337559346440073394137108524585912780758546191907348836037705440353547220456409042793880160249810877/10000000000000000000000000000000000000000000000000000000000000000000000000000000000000000000000000000000000000000000000000000000000000000000000000000000000000000000000000000000000000000000000000000000000000000000000000000000000000000000000000000000000000000000000000000000000000000000000000000000000000000000000

0
5747630572474376334296980703824063525517207409862965441695016044101080308115695927050359918809184015199118174414464768271599191466222880533612931796319226064896685366501346313201815183458500055527300899317874470241332973655606328584035365949400297723165648018416079648130114710458785391138862738255718507682341/10000000000000000000000000000000000000000000000000000000000000000000000000000000000000000000000000000000000000000000000000000000000000000000000000000000000000000000000000000000000000000000000000000000000000000000000000000000000000000000000000000000000000000000000000000000000000000000000000000000000000000000000 -3393122912695582610473762517710743502076540438083882789512172026388988081588082368838931243501719190100678828852917361992929682189508485777179709190584522626021615428312212161713244066884814934472047876914292620736339366125691454496853540025218526722403298829555792269184962274733229409388604254516464547355449/5000000000000000000000000000000000000000000000000000000000000000000000000000000000000000000000000000000000000000000000000000000000000000000000000000000000000000000000000000000000000000000000000000000000000000000000000000000000000000000000000000000000000000000000000000000000000000000000000000000000000000000000
5 5
1 0
0 0
0 0
0 0
0 0
0 0
1 0
0 0
0 0
0 0
0 0
0 0
1 0
0 0
0 0
0 0
0 0
0 0
1 0
0 0
0 0
0 0
0 0
0 0
1 0

5 0

4 0

