0
-5.037477294095733e-03 4.838026545791725e-01
2.103641287312185e-01 3.192875855017936e-01
-2.074417727402767e-01 3.525072252971629e-01
1.175217778430833e-02 4.161258483114430e-01
-5.767399074092935e-02 7.972987494975440e-01

1
5.440268972825065e-05 -3.508237731008604e-03
5.491403898908908e-02 -7.545586330202503e-02
-5.489577130738023e-02 7.308336999420034e-02
6.261353679490453e-01 -5.156656968829770e-01
2.630527941613605e-01 6.163096844327698e-01

2
-1.286508166288579e-02 1.262079447286966e-01
6.774758595617562e-01 4.081230163600872e-01
-6.142418851561033e-01 3.702185067164476e-01
-1.087698096843199e-01 1.619293974464893e-01
2.116799683277699e-01 -3.920511722329603e-03

3
-4.916991568463219e-01 -1.692641729541702e+00
4.164353709940572e-01 -2.066774882138248e+00
-1.505223391292968e+00 -3.251187124253258e-01
5.486440802289887e-01 -2.690618865349069e+00
-7.747142642641027e-01 -1.149275336926305e+00

4
2.713451629514597e-02 4.796359267344311e-02
9.120944439828883e-02 1.896518271653484e-01
-7.091697583641572e-02 -1.556075592421043e-01
-3.033983716472257e-02 3.441092051104365e-02
2.940612277548930e-01 1.617880138879872e+00

5
-4.422273704235301e-01 8.430574913892533e-01
-1.635084153456334e+00 2.581235784711074e+00
-3.720513873487133e-01 3.669243743536762e+00
-5.114011719472267e-01 -3.015497020758549e-01
1.361730304686068e-01 -4.422583585599948e-02

6
-4.250686080874985e-01 3.464877263943950e-01
-4.969619320226967e-01 3.981616564046084e-01
4.147785727737455e-02 -3.003912260218091e-01
-2.479413383179596e-01 1.155543381132436e-01
1.007458263526323e+00 1.923577180732319e+00

7
-6.503401016160024e-01 1.184766450916389e+00
-2.321120630523739e+00 3.711957655628307e+00
4.765697317414556e-01 4.482109272646858e+00
-7.858445530937896e-01 -4.680420234775992e-01
4.605692148986323e-01 3.733386515109493e-01

8
7.354807243420029e-03 3.532299543793062e-01
1.684355022469220e-03 3.654309842989968e-01
1.948044161149927e-02 6.252804506825710e-02
-3.323315840624273e-03 -2.090875766796546e-01
-5.615878650130553e-02 8.817996108063456e-01

9
-2.571610618319690e-01 1.375893123284397e-01
2.452766038096054e-02 -6.803949557223085e-02
-9.356612489748409e-01 9.063655097659211e-01
1.568607962996212e-01 -8.943649609222577e-02
-1.663747120966532e-01 -1.606453772878235e-01

10
-4.173142147967503e-02 -9.105520785636281e-02
-3.166970989989190e-02 -2.667175118563309e-01
1.022120999564974e-02 2.092770155180591e-01
2.777046987183178e-02 6.022717993887161e-02
-3.989026106353435e-01 1.972933746640830e+00

11
-7.801524575492600e-03 3.825127304791807e-01
-2.996481244364502e-01 9.908482804843378e-01
-8.605750546326075e-01 1.204835075070581e+00
-7.595746822603837e-02 -1.256680585084176e-01
2.694993899247937e-01 9.909482251075645e-03

12
-1.111909997054727e-01 2.875200548046340e-01
-6.342619213595368e-03 4.453029363119668e-02
-1.183460320328756e-01 3.034199938760831e-01
6.653592216360335e-02 -1.726345658582688e-01
-3.405813448973735e-01 7.226661346634187e-01

13
-8.297619611535201e-02 7.498420459628272e-01
-4.264261320527923e-01 2.023136672582014e+00
7.450288353309169e-01 2.911175951244943e+00
4.590500393172150e-02 -1.308854433252242e-01
-4.550504782511235e-01 -4.574302739505919e-02

14
1.764353205049250e-01 6.284479829269440e-02
6.629374965440687e-01 2.982864444593229e-01
-8.736459257294110e-01 3.657689215970231e-02
-8.488180253770294e-02 -8.710977159394528e-02
1.034869096618599e-01 -7.527267957633976e-02

15
-1.105948532817114e-01 6.567205176538221e-02
4.719136948853949e-01 3.275559571831833e-01
-5.110261301571757e-01 3.669309040632771e-01
-7.862564801890869e-02 -1.527065639731042e-01
1.574987744402127e-01 5.672414765044860e-03

16
1.500131878088417e-01 1.861326332006274e-01
3.417707835988432e-01 7.096252727783285e-01
-2.735179817634503e-01 8.825413797540567e-01
1.364450666246557e-01 -1.193266799704428e-01
-3.995220376835701e-02 1.090742129378548e-01

17
6.698832493412841e-01 5.176250603108913e-01
1.778751388697478e+00 1.762350076671642e+00
2.709561953546584e+00 5.460400889950846e-02
2.827914088318957e-01 -2.800732595081695e-01
-3.534513247343951e-01 4.376381665073860e-01

18
1.745741328466737e-01 2.637951010726277e-01
3.822219842618202e-01 9.559393133757360e-01
-7.779440028846777e-03 1.181365428089529e+00
1.835371429187103e-01 -1.274142841766627e-01
-1.196876175694134e-01 -3.178636354790732e-02

19
2.847524140974823e-01 1.511651318414481e-01
4.800510680443373e-01 2.051226320782700e-01
-2.941498560079256e-01 1.999675600996758e-01
4.501983287483378e-01 -4.049033990752661e-01
-1.801175232949959e-01 -6.828538588020149e-02

20
1.713368951367882e+00 1.062167406516853e+00
1.695049993449134e+00 1.064535735370377e+00
1.747823298626256e-01 9.557475660983393e-02
1.080674683892027e+00 6.708464034171092e-01
-1.009274057820256e+00 -6.345440808896605e-01

21
-1.618107482550533e-02 -5.964926293405443e-02
1.010261858026419e-03 -2.443784629279669e-01
-9.651055581710293e-03 2.063517493100621e-01
-5.139446121640338e-02 -2.557848605165399e-03
-5.716237839439106e-01 1.848322410745435e+00

22
2.137282863632644e-01 1.526288210937199e-01
4.370359697831719e-01 5.286971391281970e-01
-8.143959792017740e-01 8.265562849316915e-01
7.358535840175086e-03 1.146269867586081e-01
-1.433906920326588e-01 3.113757181994204e-02

23
1.474529892864430e-02 -3.768588830764544e-03
7.645984972878618e-01 -5.537559459013995e-01
-8.622357768066311e-01 -3.861358022682252e-01
2.001215187005030e-01 -9.383075650450289e-02
-1.753842378554892e-01 -9.473373681683042e-02

24
-3.463835752332597e-01 5.025404441421676e-01
2.466591540192086e-01 4.771295427758172e-01
-6.493021948104439e-01 3.414757319964422e-01
-8.372808520883308e-01 4.319353545241261e-01
-1.593210407477478e-01 4.604433699946419e-01

25
-7.799388249831268e-01 3.957846223362071e-01
6.232909817701913e-02 7.346682824204375e-01
-1.084464336491942e+00 4.263560482855489e-02
-1.432354826876945e+00 -1.062667328171953e-01
4.559083952455000e-01 -1.790789148481104e-01

26
-8.588957362310062e-03 7.814238113002957e-03
8.464030672270996e-01 2.115149392269409e-01
-6.062220787476336e-01 6.284888563970286e-01
-5.209477077855951e-02 1.979224055917352e-01
-1.545326901778179e-01 -1.192182397040232e-01

27
1.122208992713808e-01 9.105680142830022e-02
8.614112462275835e-01 2.810304734384843e-01
-6.738840000139261e-01 4.736453699569061e-01
-5.754955266840724e-02 2.113927013135024e-01
-1.595080911428841e-01 -1.372040399162799e-01

28
1.962078618411801e-01 1.553407109267935e-01
2.789418501585855e-01 7.184508370345630e-01
-8.563447593461203e-01 7.583123072672261e-01
-1.614612288721246e-01 -7.839628590798856e-03
2.713295945357898e-03 1.489745530430626e-01

29
-3.677418182185285e-03 -6.199972462814244e-02
2.389355127739428e-03 -2.387708764203304e-01
-3.685382703421084e-03 2.000887803452291e-01
4.756369134629376e-02 -1.937017004211587e-02
-4.640751053621112e-01 1.788389574123733e+00

30
2.846706168643899e-01 -2.423646933917376e-02
8.358481845510768e-01 7.442524603259960e-01
-1.030652456136400e+00 8.726329088670969e-01
-2.163408344125356e-01 1.589779662606764e-01
-3.121666887002178e-02 -3.000372938362553e-01

31
1.490783163709108e-02 1.010551884247597e-02
7.614713196276112e-01 3.808476178713242e-01
-7.120822544204700e-01 4.677631669006861e-01
-9.168259699449907e-02 1.781203715430032e-01
2.139109676840904e-01 -3.432472487550982e-02

32
9.588001672046113e-02 6.346985777696932e-01
7.834236033453354e-02 4.324866741533683e-01
-8.514099258215031e-02 -6.243939231118028e-01
2.082499441865558e-03 -5.867414844343133e-01
3.303742807657297e-02 1.203100056282126e-01

33
7.037708829389254e-02 7.680438463409224e-02
5.558074985644487e-01 2.864748627087504e-01
-5.393165358980152e-01 2.383741682636668e-01
-8.098000195980834e-02 -1.192239592776272e-01
-7.619541464481822e-02 1.317225377840869e-01

34
9.384210131336725e-01 -6.428844037171088e-01
1.028647819953423e+00 -7.710381104502321e-01
-8.131513397199345e-01 5.869094287799853e-01
-6.773349795885327e-01 4.608601155795354e-01
-3.006567986216316e+00 2.390941248447681e+00

35
1.053439385743333e-02 1.071165262176656e-02
5.681905255847243e-01 3.707417538575185e-01
-6.057912925364511e-01 3.048812061512222e-01
-7.148079673700254e-02 -1.435890943574514e-01
1.795330263167588e-01 1.001591817910654e-02

36
2.319884535938580e-01 1.682393403159038e-01
3.888085271385252e-01 2.329580398396642e-01
-2.717224109913667e-01 1.345600886309497e-01
4.649261528175834e-01 -3.059922737064015e-01
7.697919828175491e-02 1.454767232526885e-01

37
-1.459763656767096e+00 1.820076261623053e+00
-3.910046199904819e-01 9.626436168132169e-02
1.385608997049214e+00 -1.446794849484037e+00
9.475494842482050e-02 -2.883908189978502e-01
1.241314357741972e+00 -5.979467071526261e-01

38
1.603652838211111e-01 3.162121784966060e-03
6.792501776255114e-01 1.509273676675598e-01
-7.240353977832006e-01 2.733571549154163e-01
8.271821914400197e-02 -9.040291371117656e-02
-1.079948524144390e-01 -6.137406459448279e-02

39
1.916715331429972e-03 -2.126846290876492e-02
9.318752933554975e-01 -1.244961766022661e-01
-5.733589825218176e-01 -7.424898136752539e-01
-1.010525962751532e-01 -1.966785402808554e-01
2.442870826206765e-01 3.101908765407957e-02

40
1.841850557632247e-01 -1.138434119145119e-01
7.951046815145293e-01 -3.288371431511640e-01
-1.026322651276286e+00 -1.639035748339598e-01
1.514225352276749e-01 5.652740211299284e-02
-8.761338103410962e-02 1.342876562018955e-01

41
3.344534241011587e-01 2.294822479125292e-02
3.837159709642137e-01 1.259101242027338e-02
-1.726045259007952e-01 -1.305403197403933e-01
1.508738850319499e-01 -2.642312775750563e-02
-2.930125866812733e-01 1.283542538139196e+00

42
1.785459979139210e+00 -1.992198215253456e-01
1.340112655150649e+00 -7.299720314887667e-02
-1.781980949980801e+00 2.040326746096431e-01
3.485482570037036e-01 -1.157641340703606e-02
-2.058893953520772e+00 1.827986154110265e-02

43
1.041217614356305e-01 3.414537475629209e-01
1.629934369723609e-01 9.789033607840975e-01
-8.259098425696526e-01 1.016727911566499e+00
-1.273392966229638e-01 1.071664704519284e-01
2.451025626548065e-01 -8.212343852367011e-02

44
2.516330152708411e-01 -3.026299354182385e-02
9.981646484731987e-01 -1.292194413749375e-02
-1.046861166805506e+00 -3.062143876536148e-02
8.068689814522723e-02 1.743864280695313e-01
2.887745414524049e-02 -1.951741966587967e-01

45
-1.913688269611891e+00 -1.158825638568626e+00
-3.032429094972454e+00 -1.906595896819169e+00
1.931188170385261e-01 2.471681577552074e+00
1.332894706395180e+00 -4.129453116082149e+00
-1.202554844769912e+00 -1.580783248095959e-01

46
9.069607820405673e-03 -7.682008476181710e-03
6.907735903469542e-01 -4.318663766385498e-01
-7.200952502739494e-01 -3.821190202375110e-01
1.782608475360164e-01 -6.897480193114870e-02
-3.413992397462731e-02 1.618197324170978e-01

47
-3.335449661610129e-01 -1.122409808950196e+00
-5.216472296965537e-01 -1.843876839031666e+00
-8.300651867466570e-01 1.059513598956329e+00
1.905674707904754e+00 -1.084987795260105e+00
7.331195683050361e-02 7.081472333639911e-01

48
2.310542137191808e-01 -9.811494709183065e-02
9.459867750517941e-01 -4.205597379162677e-02
-1.107511867954661e+00 -3.764423141517966e-01
-1.225735591357873e-01 1.080809593606862e-01
1.432532029600872e-01 1.100254412467126e-01

49
6.085627589962431e-02 5.114823085203084e-02
9.948523308878825e-02 1.903043015115008e-01
-5.262835541884562e-02 -1.563290978798394e-01
-4.133863089836776e-02 -3.378182428146609e-02
1.741939892764141e-01 1.573891356735005e+00

50
4.146554557771779e-01 -2.377613763943378e-01
1.517109007625545e+00 -1.376684272689354e+00
-2.005756877373751e+00 -1.146656043910412e+00
1.446260210016271e-01 5.413636804234848e-01
-5.059930558057011e-01 -1.535520496771526e-01

51
8.577785197844140e-02 -2.662171356024209e-01
1.328410904875257e+00 -8.227966624175862e-01
-1.466129182515139e+00 -4.532495174556411e-01
-6.609210258232821e-02 3.449733548840234e-01
-3.011345507977160e-01 -2.163320140982409e-01

52
1.265265868201436e-02 1.347418261543609e-01
6.090780186770923e-02 2.322538006729230e-01
-5.176612494437348e-02 -1.214534702822225e-01
-8.271685597928884e-03 -9.288342708449494e-02
2.086526587791866e-01 1.333000282760100e+00

53
2.042731624877019e-01 8.296518112013669e-01
1.377825091419194e-01 6.620894158624565e-01
-2.089372030578388e-01 -8.263784666301439e-01
-1.441536327604781e-01 -1.044584644454333e+00
-2.318870837410488e-01 -7.251081273985293e-01

54
2.574360557200178e-01 7.073873543715040e-02
1.103109188578012e+00 -1.628209567555540e-01
-3.913232692685761e-01 -1.179149164692331e+00
-1.528525891927701e-01 -2.092564629432280e-01
-1.090343135235323e-01 2.664190395518062e-01

55
1.202780389057109e+00 5.434494617653317e-01
4.128595022613551e+00 1.254764299000853e+00
3.374580255796154e+00 -4.768491783918241e+00
-2.355104109414101e-01 -7.752168099528409e-01
5.800563076283816e-01 -1.926318770296823e-01

56
3.489308487317268e-02 3.687522579452059e-02
9.309952491960724e-02 1.774092004255671e-01
-6.729829764176842e-02 -1.520092993745013e-01
3.846907569268693e-02 -1.833599344853609e-02
3.232473309179278e-01 1.537246717758775e+00

57
1.707837219314962e-01 -1.343054682618616e-02
6.836920480000791e-01 1.132390395588367e-01
-7.048837490390931e-01 -6.764995191609362e-02
3.026198645227436e-02 -1.275660145862904e-01
4.540966431399000e-02 1.249729599143988e-01

58
8.859974052486148e-02 -1.235244120669875e-01
8.907571550295089e-01 -2.462346366500966e-01
-7.037240654756167e-01 -5.295220026707393e-01
-1.199915114831998e-01 -1.922393276257134e-01
-1.198155068644257e-01 1.838386701018852e-01

59
3.177182873258186e-01 -1.176067365495135e+00
9.600311498920199e-01 -2.997449929362025e-01
-2.999097772507876e-01 -1.345218923723179e+00
-2.702976924669275e-01 -1.905240886969757e+00
-1.385662650000201e-01 6.511398547506708e-01

60
-2.704461439822542e-01 -2.000976166238430e-01
7.830063525553527e-01 -7.363286551194990e-01
-5.459973178715620e-01 -3.393916206907746e-01
1.442306352632687e-01 -1.421447103655954e-01
-7.932199695509173e-02 1.666201892308616e-01

61
-2.351322119874475e-01 -2.896571132567252e-01
8.009585088698821e-01 -4.250857758548399e-01
-1.624573806652262e+00 6.872634063994576e-02
-2.975611705807584e-01 1.391814630944017e-01
1.424236047172946e-01 -2.784958318673139e-01

62
-1.469359218278424e-02 -1.617053701818002e-01
1.051947937927000e+00 -1.781708528541280e-01
-6.277983194631348e-01 -7.551553302055649e-01
-1.374825676118934e-01 -2.181006595225815e-01
2.844517675341169e-01 1.433957960724792e-02

63
-2.700558182433069e-01 5.873768215780994e-02
8.744584970236266e-02 -1.294520066492675e-01
-3.167105283932095e-01 6.739307037381596e-02
-1.416362170695074e-01 -3.021316891030094e-03
2.648403553250129e-03 1.071505109724653e+00

64
-9.484436508141487e-02 -1.263674791500029e-01
7.412424282481768e-01 -6.836241553917426e-01
-8.698822231861372e-01 -2.429182547633343e-01
2.080988718443262e-01 -1.369815376468316e-01
-2.099614886347630e-01 -7.788026520938555e-02

65
-2.860170418886462e-01 -1.848325364189586e-01
2.427358676043646e-01 -7.244254658696870e-01
-1.533627105744485e+00 -3.420072902792532e-01
-1.109667216849930e-02 -2.458015276263767e-01
2.347963201818134e-01 2.905008256223108e-02

66
5.271697739781753e-03 -7.610230352172429e-01
3.970544062261490e-01 -8.455042044230859e-01
-5.821029913851483e-01 -2.535380645193165e-01
6.393139346797253e-01 -1.083072371772731e+00
-1.989697329661172e-02 4.120619680262254e-01

67
-1.839124162547631e-01 -2.030928771623550e-01
2.978244279445109e-01 -5.645551110777566e-01
-1.176240318270646e+00 2.013268879754831e-01
6.008417571531885e-02 -2.066663330797874e-01
-2.025386587146792e-01 1.417014003610882e-01

68
-3.013667780746237e-01 2.308492324593146e-01
2.707374517575653e-01 -2.290843978690570e-01
-2.835804401769086e-01 1.651111768571805e-01
2.198015477322075e-01 -1.890840796246205e-01
-8.889763717618378e-02 4.390879358306659e-02

69
1.416059613378825e-03 5.279793856747218e-03
-2.138234815334196e-02 -1.372961446238666e-01
2.230976588941972e-02 1.408114176214663e-01
1.103202247064015e-01 -1.230102517236505e+00
-1.000436416201117e+00 1.988315955201756e-01

70
-1.518802556852506e-01 1.690332146990712e-01
2.234464634357297e-02 -1.035209551472326e-01
-9.849587475394532e-01 2.504082477733910e-01
9.289104821098775e-02 -1.118318708938689e-01
9.958109794003731e-02 1.569390513276583e-01

71
-1.468216345657505e-01 -1.563553697818220e-02
5.843017411967546e-01 -5.328931758724303e-01
-6.721196907023251e-01 -3.561017720066419e-01
1.622394487117330e-01 -9.956783141338352e-02
6.527070323679282e-03 2.005105831462172e-01

72
1.100006318482499e-01 8.563384689579473e-01
-2.566759559228699e+00 -2.513372473670389e-01
-3.097136514786440e+00 2.072582088809369e+00
7.686052377092967e-01 -5.711456063836050e-03
-5.107102504385247e-01 4.039798553021208e-01

73
-4.491694700530106e-03 -2.893881607642127e-02
1.240425391775851e+00 -3.859305007022122e-01
-9.521004916594263e-01 -8.789243320018936e-01
-1.214025468714015e-01 2.826999904714299e-01
3.411125524148463e-01 -5.023394130248241e-02

74
-6.254793196075280e-01 9.083201407146185e-02
2.588046741520898e-01 -1.809377957106564e+00
-2.633864739898052e+00 -9.696020040922854e-01
3.617467340193180e-02 5.915945412084707e-01
4.114601346913352e-01 -2.483173982465538e-01

75
-1.855591405804619e-01 3.397757673431744e-02
-1.162234784200530e-01 -7.899927964812423e-02
-1.641852283695776e-02 6.913712380206868e-02
1.105172358775649e-01 -1.950511632437502e-02
1.959272498744904e-01 1.596398434721869e+00

76
2.345529159402935e-05 3.578635373744547e-03
5.475032463547787e-02 -7.243487950918343e-02
-5.475421356501396e-02 7.482167273863868e-02
6.234989321483364e-01 -5.099335803992056e-01
2.588875956483072e-01 6.128344859410850e-01

77
-4.411172366055846e+00 1.239235359787665e+00
8.806200247904576e-01 -4.987623905587511e+00
-6.913660317333598e+00 2.742313989478291e+00
-7.721593038798220e-01 8.471424752232773e+00
2.408490463543353e+00 -1.371712011898067e+00

78
-3.048571732717463e-01 4.002893521409668e-01
2.252229603880785e-01 -5.536374748518184e-01
-5.459313579889629e-01 3.350265190619601e-01
8.251510637156578e-01 1.581919216401988e-01
1.760700639327388e-01 -3.269707401639834e-01

79
-2.023813943115696e-01 1.331304781141892e+00
-1.163011040725885e+00 -8.167249261731909e-01
-1.113422298496133e-01 2.125544365078631e+00
2.261380815011295e+00 1.289520269166890e+00
-3.668981960062612e-01 6.764548017459836e-01

80
8.822061377273650e-02 -2.423299669507459e-01
5.492825475970431e-01 -1.948917284479305e-02
-1.010556664474497e+00 5.885563971442804e-01
1.584063020189790e-01 -1.908802806858685e-02
7.736446171440176e-03 1.388201596887604e-01

81
5.378715739908692e-03 -1.081639005883882e-02
5.816036417462884e-01 2.555960447173692e-01
-5.108219024052549e-01 3.764856892015877e-01
-8.747210896584766e-02 -1.201219866304122e-01
-8.007584505449648e-02 1.386797102511921e-01

82
-3.641645443316728e-01 -5.038991291282545e-01
1.754332022304260e+00 -8.611326429195987e-01
-7.722788862068257e-01 -8.895064081768365e-01
-2.333801980958010e-01 2.481771728684888e-01
3.330610955891308e-01 -1.698421222766844e-01

83
2.446352800370214e-01 -1.495602879434262e-01
3.900811141231873e-01 8.213242101862820e-01
-6.375145857556839e-01 1.175867426250328e+00
-9.580959119745780e-02 -2.512585343531314e-01
-1.555779513593196e-01 1.622638721101237e-01

84
-8.995964761499873e-01 6.529318884265263e-01
-2.170807519026444e+00 -2.139176272378728e+00
-4.151197227600179e+00 -2.103428761056766e+00
-7.112123742590364e-01 -3.187312224987223e-01
4.769217379489959e-01 8.163362933701214e-01

85
2.958753116251519e-03 -1.050663544842513e-02
6.078067516277855e-01 1.352357101265038e-01
-4.202271127807309e-01 4.591327082919735e-01
1.393968065804437e-01 -4.181531596447548e-02
-4.919052959783043e-02 1.289051322950162e-01

86
5.519395117830114e-01 -8.883819320125853e-02
6.176173223097450e-01 1.543576769712336e+00
-1.632360229241841e-01 2.608858949258431e+00
2.658028945493027e-01 3.190052131765039e-01
-3.397989251645289e-01 1.875157328006343e-01

87
5.157639632212041e-02 -1.439486300051957e-01
8.545705962530339e-01 1.704835524719296e-01
-3.966854912071450e-01 7.241475746950375e-01
1.973629643659582e-01 -4.369129413721812e-02
-1.652434237945480e-01 -1.256038646819473e-01

88
-8.015927667601304e-02 1.057481596522133e-01
6.643116029750713e-01 -1.687134590592030e-01
-5.395992907625041e-01 -3.571611758031952e-01
-7.480382212908300e-02 -1.280525885389023e-01
-5.409195476860590e-02 1.023954533511391e-01

89
-5.278037732977557e-02 -7.565039736489476e-01
-2.581592401425412e-02 -9.633513598852081e-01
7.262366160702037e-02 6.690686798143732e-01
4.155068943424663e-02 5.326923478184542e-01
-8.866785423938847e-01 3.603435068752781e+00

90
-3.777045129459468e-03 1.094238944402098e-03
-4.372893174937713e-02 9.830321803738591e-02
4.121438117820854e-02 -9.756128963444402e-02
5.698501400634947e-01 -7.441201638381333e-01
4.570912223826561e-01 6.247239121756537e-01

91
-3.664300893565953e-01 6.204692785532746e-01
1.830979924856729e-01 1.561190139288794e-01
1.758010543625949e-01 -5.985505987580965e-01
-9.588754922369669e-02 -4.315093788667207e-01
1.662814904830679e-01 3.587276893464943e-02

92
4.655232684437006e-01 4.348296666089801e-01
-2.970152533729449e-01 1.387773945766374e-01
-2.783754558400811e+00 -8.224240571605432e-01
-3.106614255790430e-01 -2.488580368430293e-01
4.343428357764589e-01 -2.682032645277690e-01

93
1.003866427353709e-01 3.060643329581254e-01
-1.755079989285854e-01 -5.157076977064894e-02
-1.468285417054165e+00 6.150792412003895e-02
-7.674044357089177e-02 -1.889146035890063e-01
-2.009031464530049e-01 1.505253936208300e-01

94
-7.564510525636200e-01 8.818371027793286e-01
-3.789740890185130e-02 1.123861296263706e-01
6.230990709294807e-01 -7.627303410034260e-01
1.333558008349619e-01 -6.499305997372870e-01
6.000265109959190e-01 -3.774252824445901e-01

95
2.630031095768364e-01 -6.844850386483321e-01
2.266786443337565e-01 1.731577588156230e-01
-3.033282775601919e+00 1.451705417692548e+00
-1.323315517765749e-01 4.277844401238706e-01
5.569561534811016e-01 1.660392737825598e-02

96
1.945553033972877e-01 -1.243651312737422e-01
4.520604978628948e-01 5.621842030844090e-01
-9.573616371617970e-01 5.552945077622836e-01
-1.052188959728092e-01 -2.103228127637687e-01
1.929993758840163e-01 6.534821866746249e-02

97
1.633872040676428e-01 1.839926529586073e-02
5.000457413654614e-01 3.614085453848023e-01
-6.417309264244447e-01 4.407097597769533e-01
-1.824987494857834e-02 -1.748095289519778e-01
-1.279273167847688e-01 1.043961524577007e-01

98
3.690726251772904e-01 2.257246932776759e-01
3.358215824271093e-01 4.375195786453420e-01
-4.936790847947796e-01 -1.424359932297574e-01
5.769214961186919e-02 -7.220763517661194e-01
-2.921617657584106e-01 -1.198539629989442e-01

99
5.684189395049404e-02 -4.996302714128203e-02
8.953913749430779e-02 1.625837778434208e-01
-5.610878004845472e-02 -1.975985705778014e-01
-2.426636800827982e-02 -5.413113754666915e-02
2.944201308221338e-01 1.729067912883850e+00

100
-6.527737746462768e-02 -2.652781258321112e-01
6.388126540709389e-01 -5.326153477445328e-02
-1.161181734227299e+00 2.879618196502323e-01
-2.250240409594011e-01 1.797157102735691e-02
7.994832205430857e-02 1.553745592122913e-01

101
6.687888025930463e-02 -2.794280928798917e-02
1.052911769084988e-01 1.611721225194476e-01
-6.282528477135205e-02 -1.836480564755928e-01
3.633590666520885e-02 4.427716340595037e-02
3.756920566572092e-01 1.755031557868107e+00

102
1.284222910007320e+00 3.041864187391780e-01
1.161653337341026e+00 3.131113082278145e-01
-1.156904361488424e+00 -2.549420657564511e-01
3.588002622966591e-01 1.018059106418578e-01
-9.349336482568642e-01 -2.238867412663622e-01

103
-6.951598871627204e-02 2.604768888337778e-02
-2.618011690122325e-02 -1.813328206051713e-01
-2.425599731742207e-02 1.959859373194126e-01
2.670753802733053e-03 5.818127544830785e-02
-3.547065812651248e-01 1.718478748011484e+00

104
6.859727513195894e-03 -6.366164065217009e-03
6.909498612480556e-01 1.374226904957098e-01
-4.647345362962670e-01 5.303253258876590e-01
1.565602400418386e-01 -5.141273821414125e-02
-1.051746652503582e-01 -9.451381740630063e-02

105
-2.755116398631975e-01 5.098542571553213e-02
3.207650619711273e-01 1.225923706614803e-04
-2.703009114549373e-01 1.735203787888754e-01
1.820272679617300e-01 -4.056292697456913e-01
2.079718964254676e-01 -1.390972432036949e-02

106
-4.631101256858496e-02 -9.750471561641098e-02
6.715268996848327e-01 7.298304269333719e-02
-3.540958771167688e-01 4.665269872035554e-01
1.532399750900084e-01 -6.127483953820872e-02
-1.937423336813374e-02 1.541356086660944e-01

107
-2.995227460051334e-03 1.035297635301209e-02
5.934416023938177e-01 1.360773735876623e-01
-4.138049993530064e-01 4.462566518853000e-01
1.379547054930847e-01 -4.080130314737727e-02
-4.950964441494973e-02 1.250393787601522e-01

108
1.647878397204153e-01 6.759097254642518e-01
8.454664720297046e-02 5.983065457055962e-01
-1.792847499451322e-01 -6.223409075000339e-01
-1.548105447332425e-01 -5.089551480460043e-01
2.391167356923875e-02 1.877290957874517e-01

109
2.497791044803989e-01 -4.322360926699059e-02
8.848492682871818e-02 7.513491104489624e-02
5.797066076707823e-02 -1.424844499984878e-01
-1.475865111210019e-01 2.595684146861221e-02
-3.538871760429534e-01 2.198462104843859e+00

110
-5.565408633849394e-01 -2.822869863917914e-01
5.083099581622654e-01 -3.744959980072937e-01
8.249829192695057e-02 6.596312250414960e-01
2.177544995026170e-01 -2.334357233881517e-01
-5.455888612603771e-02 3.180238024515775e-01

111
-7.077569556237813e-02 -2.507845209517594e-03
-2.622496117030280e-02 -1.887952697320307e-01
-2.206332250986686e-02 1.827280036130205e-01
-1.370244819740855e-02 -5.463590187981002e-02
-4.124051814790332e-01 1.640579519574929e+00

112
-3.426710997010081e-01 -1.598467685547704e-01
8.346678213156075e-02 -8.647852883651987e-02
-7.586303447713061e-01 1.495028313173208e+00
2.130459518340541e-01 8.690555790529299e-02
-1.879765748477382e-01 2.275873646237839e-01

113
1.191889102623627e-01 -8.507791780027407e-02
5.890368681203840e-01 4.962127499488897e-01
-7.021694049534801e-01 4.126652230429976e-01
-9.184069774086435e-02 -1.856204463426009e-01
1.898560537664496e-01 4.201010139533139e-02

114
-1.190604501678497e+00 -1.760520991199082e+00
2.228504701463573e+00 -2.016347149827488e-01
-9.501088970428831e-01 2.040012784619494e+00
-7.004084307114166e-01 8.260987904224771e-01
1.066889919488166e+00 -3.360019267567630e-01

115
-4.177904990644399e-02 5.595189524140718e-01
-5.853125412899855e-02 5.270343654482933e-01
2.302013889379169e-02 1.104123095580996e-01
2.567720073535696e-02 -3.320236088749701e-01
-1.777800214555082e-02 3.721086876666450e-01

116
3.920006638252854e-03 -9.651182806601204e-04
-4.197629179742074e-02 9.783365703106428e-02
4.463092766701116e-02 -9.847224876484216e-02
5.780519028732201e-01 -7.444311085686681e-01
4.554441857766781e-01 6.315681114599341e-01

117
1.039643529076001e-03 2.316006286513241e-03
7.101624467225644e-03 8.803035210576780e-02
-6.415876454083594e-03 -8.648222983635814e-02
1.285071934542644e-01 -7.573872616598255e-01
-1.284506269626138e-01 7.575135823464367e-01

118
4.130393111007742e-03 -2.524199314613876e-03
6.413208750071334e-02 1.107358249253556e-01
-6.133760675478470e-02 -1.124091688018945e-01
-2.966448283288957e-01 -1.084951821556029e+00
-7.909376580031554e-01 4.875471821425028e-01

119
8.411626265036849e-03 -1.988361674423018e-05
-5.214723912997802e-01 -1.356367472161722e-01
5.271465009333337e-01 1.356042379630182e-01
4.178232854617485e+00 2.272381639192572e+00
6.123154737264380e+00 3.330338781713453e+00

120
-1.919877488762299e-01 -2.378899122509857e-02
6.204227637830613e-01 -7.215738917552423e-03
-3.252527767447564e-01 2.659066113116654e-01
2.036768904544483e-02 -1.121300007672292e-01
-7.422523820609277e-03 1.099769873473981e-01

121
3.545840355560028e+00 -1.339450862275320e-01
2.026874558973950e+00 2.383314063396889e+00
3.230066371072531e+00 -2.141601281067619e+00
4.754594620520326e+00 -1.938321745525230e+00
3.033775589361801e+00 5.700387605300192e-01

122
-1.031841446560436e+00 3.770884100985621e-01
-5.560135093725235e-02 -3.907333576970479e-03
-1.046857315892652e+00 3.891010654481110e-01
-6.469226068002267e-01 2.328931081031798e-01
6.247913772354309e-01 -2.337809553528119e-01

123
-1.751794103470903e-01 1.254975270263247e-01
6.227964157460453e-01 -8.443329358256085e-02
-4.207708544141755e-01 -2.348408503027494e-01
-6.547727061557283e-02 -1.009026509553876e-01
8.129471100228200e-02 9.911174415970696e-02

124
-1.207395466272559e-04 4.523277734956468e-02
1.873293845787160e-02 -1.853779908341570e-01
-1.819113822207055e-02 2.174308011365604e-01
-3.546119276034310e-02 1.183951402555819e-02
-5.986134956765438e-01 1.655146518065449e+00

125
-1.409138515294290e-01 -4.000020193853379e-03
5.917330988701787e-01 2.963850482771686e-02
-6.351628258060229e-01 1.706383343089281e-01
-4.609431219536241e-02 -1.020214639586945e-01
9.486578452351896e-02 -1.765140354954514e-02

126
-1.079211075285460e-02 -1.054269179296725e-02
5.829422076882750e-01 3.526503783131341e-01
-5.975771658926546e-01 3.266793663894099e-01
-7.390718461434910e-02 -1.401075922571854e-01
1.803183989737901e-01 6.498893351572416e-03

127
-1.062014730528259e-01 -5.771649645683474e-02
6.306297731724566e-01 1.120246222222323e-01
-4.813990320279651e-01 3.505869019230496e-01
-7.151671435216420e-02 -7.943216813455319e-02
-3.096684002276900e-02 1.311068842165852e-01

128
-2.527231423063909e-01 9.609579074022000e-02
2.918400625360670e-01 -6.796987589702749e-02
-2.145739738979301e-01 1.948093640938448e-01
1.453805460253017e-01 -3.969666183636208e-01
-5.676461147243966e-02 7.354931113060671e-02

129
-1.419674409043186e-01 4.314138507472155e-02
5.532950247599271e-01 -6.925769615154515e-02
-5.929660895855436e-01 3.828770281088078e-01
1.023105100468087e-01 -5.322544034948841e-02
-9.041091865001777e-02 -9.288646207524491e-02

130
-3.793223907883450e-02 -3.734979996844844e-02
9.502354515044585e-02 1.527273965113248e-01
-1.181290778645110e-01 -1.770501873702859e-01
2.509370080275530e-02 2.473290426803841e-02
5.315986245392482e-01 1.606820971456061e+00

131
-1.141064477101850e-01 8.612035717813847e-02
4.772376715718942e-01 -1.720362593487660e-01
-6.649065145699289e-01 2.359735370604239e-02
9.042485272789831e-02 -4.495414906170179e-02
2.468965487543300e-02 1.141462184602664e-01

132
-3.027112169786824e-01 2.432808338051255e-01
3.007486947823769e-01 -2.331250104504807e-01
-1.908093411079135e-01 1.674604649748117e-01
2.964777954066438e-01 -1.637506950612806e-01
-4.315026918751865e-02 4.522311622890059e-02

133
-2.249413733927582e-01 1.312811351882001e-01
1.354713840593376e-01 -2.585102868525553e-02
-8.210688588895392e-01 8.313583518524299e-01
1.485613985894559e-01 -8.134524388438805e-02
-1.574348062174490e-01 -1.465095202233085e-01

134
-5.362944486472260e-01 -9.091893400332017e-02
4.689232907139891e-01 7.830705021550370e-02
-6.027132512302104e-01 -5.838110574331005e-02
3.899533004694654e-01 6.731982111123741e-02
1.753211608008029e+00 -4.861367377023791e-02

135
-3.452014885482204e-01 3.637139439704520e-01
3.483237072668891e-01 -2.888435034001332e-01
-1.390965566793804e-01 1.261019217553428e-02
3.154946190143451e-01 -8.799589266317243e-02
-1.191249381036143e-02 -5.431580343989811e-02

136
-2.118138040760761e-02 6.409494541512482e-03
1.056504290936953e+00 -7.638294247759014e-01
-1.190676034954392e+00 -5.352425070050710e-01
-2.281005672506746e-02 3.050618832639183e-01
-2.802813520454691e-01 -1.474862821197096e-01

137
-2.800447147107782e-01 -9.652351302985336e-03
8.635423880279666e-01 -7.246818932121324e-02
-4.231171045395382e-01 4.126340207513020e-01
4.317713865190463e-03 1.599319148728147e-01
1.568420808807703e-02 -1.644385183153594e-01

138
-1.375940736770760e-01 9.340050334149766e-02
6.718325845094442e-01 -1.768507025884087e-01
-7.623495670631748e-01 -1.992489135870850e-02
2.113134611236248e-02 1.230547111123994e-01
9.862798633259412e-02 -3.715331727003909e-02

139
-3.024285666486570e-02 -3.141238331243422e-02
9.048778617193159e-02 1.598162645291211e-01
-1.092307773051104e-01 -1.804055270155235e-01
-3.241860568710671e-02 1.572734970714748e-02
4.470654599647532e-01 1.644247909034010e+00

140
-5.268422565952355e-01 2.194507171859049e-01
4.658427972034473e-01 -1.481170783919105e-01
-9.504697051795051e-02 -2.357029288068327e-02
6.139297868377383e-02 -5.730547910557993e-02
3.308540477322034e-01 1.724902317213553e-02

141
-1.525304319939617e-01 1.764401755390807e-01
6.109098687828383e-01 -8.635874277141223e-01
-1.127898480349390e+00 -3.898003985500698e-01
1.591806524935237e-01 2.411564102718586e-01
-2.732371148005378e-01 -4.246423420647906e-02

142
-8.246752494391970e-03 4.624849511924025e-01
4.545692625198572e-01 -2.073394235483445e-01
-4.317792614248198e-01 -2.899479838980186e-01
2.285677609445729e-01 -5.439262113727410e-02
-2.371191952252142e-01 -7.721035072480660e-02

143
2.845321764015408e-01 -2.003911538548653e-01
7.268230120058675e-01 2.207034844470636e-01
-1.147692538307123e+00 9.043860029038068e-01
1.837656635445802e-01 5.947092710082435e-02
-1.645342663083730e-01 -2.229367630062102e-01

144
-1.127239002291303e-02 5.023087700816261e-03
7.869804116080139e-01 -2.648957565510895e-01
-6.241176514218971e-01 -5.495525960833573e-01
-1.195126417118634e-01 -1.534335283522805e-01
-9.427569449978243e-02 1.682105186489583e-01

145
-5.596370666766550e-01 1.072686203571720e-01
4.946731398122531e-01 -1.017448849800509e-01
-5.192749381562146e-01 8.517571993853586e-02
-1.638484025000424e-01 2.491990169945795e-02
4.159780000166393e-01 -8.395709917255800e-02

146
-3.381736637724491e-01 1.210507588191787e-01
1.321521608485910e+00 -6.377827446182910e-01
-1.236719327414668e-01 -1.781312594119165e+00
-2.520181102738851e-01 -2.385866646678403e-01
2.843828937109036e-01 -1.469343765507209e-01

147
-1.798806168528633e-01 4.429942310120472e-02
7.408162326942673e-01 -4.212204253680175e-01
-5.652974909093436e-01 -7.254353778735423e-01
-1.502305799994293e-01 -1.274816610503068e-01
1.154923167177124e-02 2.140862322041327e-01

148
-4.836973110061097e-01 1.287705079559825e-01
3.705265969614969e-01 -2.084972547179570e-01
2.576564007552078e-02 1.616636429146318e-01
1.610681645369481e-01 -2.519949910681090e-01
7.491121953586802e-02 9.222291288831430e-02

149
-1.420603846594293e-02 4.121557458168418e-03
7.340626695837230e-01 -5.537496742292983e-01
-8.469562436717538e-01 -3.596607672916061e-01
1.937726934845070e-01 -9.688239398834667e-02
-1.712388636156513e-01 -8.815445556829379e-02

150
-4.132126563704894e-02 1.564020958486445e-01
3.097508885790054e-02 -1.207707184370357e-01
-6.068878854250735e-02 2.561327795342250e-01
2.829199339382459e-02 -1.084177223110334e-01
-5.652051223744452e-01 1.159070079690060e+00

151
-2.884728126374037e-01 -4.094858533661363e-02
2.469854874988463e-01 2.122738714479710e-02
-3.457104974416089e-01 -8.734354018525585e-02
2.068173283547020e-01 2.433007264994871e-02
9.355127146175256e-01 7.902334452250590e-01

152
-1.888661073203854e-01 3.380621376678872e-01
1.345104504554549e-01 -4.295247765677077e-01
-3.597900477388268e-01 2.929458331806946e-01
6.317963682411586e-01 -2.984752066635880e-02
-1.269126959591870e-01 7.318989563062797e-02

153
-8.688116474634350e-02 2.957880505771812e-01
1.662179872308275e-01 -7.932870989605054e-01
-1.249534273762761e+00 -8.145617092983898e-01
5.680459037119998e-02 -2.460606210245445e-01
-2.833928021862482e-01 2.995734181845891e-02

154
-5.116384972661682e-01 3.533530346765700e-01
4.383922719600401e-01 -3.096083782934209e-01
-6.012179464612922e-02 5.637291969380215e-02
3.596407493118655e-01 -8.676776806059512e-02
1.916017527749382e-01 -3.198278883474582e-01

155
-2.355204449981707e-01 5.338854652905317e-01
6.560596957883928e-01 -1.172506639914392e+00
-1.583803461988032e-01 -2.792406936110914e+00
1.823095720996143e-01 -4.157220117190070e-01
3.795653673983087e-01 3.664106742833808e-01

156
-1.523430813524168e-02 -1.017877100985133e-02
7.731337145838802e-01 3.501202293772261e-01
-6.913466121992239e-01 4.931458245160034e-01
-8.368665059426764e-02 1.803080017406745e-01
2.125471800991696e-01 -3.923051763779758e-02

157
-1.498152489156526e-01 1.903324879106799e-01
6.891664295171993e-01 -3.129361323474160e-01
-5.608939514864020e-01 -1.110784135613257e-01
1.187886962798377e-01 8.394462250442752e-02
-1.023995796843825e-01 -8.633531148798101e-02

158
-2.420408187757036e-01 -3.685833866395906e-02
1.104333026080191e+00 -7.276451408099373e-01
-1.110328587786845e+00 -7.369347151189273e-01
-3.444571518805349e-02 3.751106444440561e-01
3.339916718771681e-01 -1.414083214283762e-01

159
-5.506226150210579e-01 8.913646898189981e-01
2.823001869431712e+00 -2.924587938136937e+00
3.565454701700012e-01 -5.101521743904651e+00
6.150643011110664e-01 7.980214215984650e-01
4.573693813281355e-01 -7.611792892200629e-01

160
-1.979158989229188e-03 -5.463029336150828e-03
2.200161227339529e-01 1.121688280462585e-02
-2.213578712843478e-01 -1.486732949237793e-02
1.852636832706354e+00 5.805662544391115e-01
2.715253214565891e+00 8.510812341069368e-01

161
2.758283348814667e-01 2.734561093870513e-01
1.892420783540088e-01 4.306803541845943e-01
-3.829116306976900e-01 -2.423038022253716e-01
1.469251578153167e-01 -6.224448106695993e-01
4.295221807945152e-02 1.455607419645889e-01

162
-7.733300580541341e-01 3.035953261934229e-01
5.896816400104230e-01 -3.462483256430062e-01
1.694781156457627e-02 1.713257025912547e-01
1.529110550748691e-01 7.412951240649966e-02
2.690219051806099e-01 -3.933043917332210e-01

163
-5.409058899591750e-01 4.449585938375781e-02
5.382159659508924e-01 -4.426133280556659e-02
-4.047633988402248e-01 1.134059027434594e-02
-1.027391833129130e-01 -1.065115726985108e-03
6.095131424767121e-01 1.939810800990309e-02

164
-2.922586033627470e-01 -1.498304561508220e-01
1.091453433812345e+00 5.977991096394090e-01
1.218733979044696e+00 9.134696219601713e-01
3.806822030992568e-02 -3.075127665140833e-01
-2.308057360254986e-01 2.038596583412396e-01

165
-2.542895496620139e-02 -3.525270952971599e-02
8.953131469774862e-02 1.542787909590347e-01
-1.052265676233651e-01 -1.769580207995315e-01
2.091307412049943e-02 -2.900003819960935e-02
4.697377885560861e-01 1.571811749204868e+00

166
-1.656183743241475e-01 -1.397096411965190e-01
5.764619447355247e-01 5.723855278003088e-01
5.394126400466798e-02 1.049378894891747e+00
7.875678465238264e-02 -1.934335974268890e-01
1.296000463367287e-01 1.278165944549826e-01

167
-1.294308824882849e-01 4.850878085444882e-03
4.814246750318472e-01 1.876827138510438e-01
-4.066739847096071e-01 4.917245381314375e-01
-4.180210763170451e-02 -1.484746394409480e-01
-7.394617948785230e-02 1.231022327831239e-01

168
-6.522720873467009e-01 -2.534343911522712e-01
1.124257066102444e+00 1.044349644870765e+00
1.266050399072197e+00 3.060254875425129e+00
4.784864852956789e-01 2.318194274898810e-01
4.721105635378738e-02 -6.276934333424621e-01

169
-3.396247930669478e-01 2.073769894353520e-01
3.380063566478350e-01 -2.092590597735954e-01
-2.721013231630550e-01 1.493399153331416e-01
4.358355104732414e-01 -1.999638762116398e-01
2.837337308845368e-01 -1.958522935188213e-01

170
-4.806496773522363e-01 1.675297527198547e-01
4.048432946665160e-01 -1.559166276639310e-01
-4.164991306460319e-02 4.348568415607849e-02
1.950772677516481e-01 -2.136487041985471e-01
3.032194137465339e-01 -1.398433525112037e-02

171
-2.276181078665567e-01 1.024688674809184e-02
4.727095325685898e-01 2.976318353373338e-01
-1.625467972280986e-02 1.080883177477777e+00
1.752217790975108e-01 2.031859434656482e-02
-7.672079233439039e-02 1.800136975608888e-01

172
9.997014611184060e-02 1.007832304944886e+00
-1.551991811847057e-01 2.166733986712880e-01
1.597752472874471e-02 -9.098085909786715e-01
2.855868396063220e-01 -6.047336037676934e-01
-8.707485579299856e-02 -3.841985262522755e-02

173
-3.683958734681980e-02 -1.530823957741442e-01
9.526089240618888e-01 3.147968933456267e-01
-6.537001070388857e-01 5.966478840627721e-01
-6.460757150053961e-02 2.343735238085790e-01
2.494024090566771e-01 -5.852954036784775e-02

174
8.435479434096798e-03 -8.196904180493601e-03
8.656259716682820e-01 2.201517997815945e-01
-6.232591518456156e-01 6.408407534916379e-01
-5.391284434875261e-02 2.030239470811641e-01
-1.586831243474131e-01 -1.206737513790952e-01

175
4.148588863766588e-02 1.146651321346200e+00
1.992195678372792e-02 1.281585166796968e-01
-4.326114022892605e-02 -9.803269193844275e-01
2.350749890285614e-01 -6.506332502971240e-01
-3.198579741528088e-01 -6.175089984579125e-01

176
-1.448658057461693e-01 -4.299348511581100e-02
8.424774348371845e-01 7.568366225610478e-03
-5.138947192572774e-01 5.797073033162152e-01
5.649202838492057e-03 1.841594914285943e-01
-1.300864336001947e-01 -7.860668783787417e-02

177
-1.780888098207717e+00 2.571063580798068e-03
6.572520485402882e+00 1.813991895413070e+00
8.119297570588390e+00 1.439315062908908e+00
-6.333162823134332e-01 1.531969143780991e+00
-5.484469571751345e-01 -1.595060570699650e+00

178
-2.060634821098635e-01 -5.380896454888216e-02
6.444935391744103e-01 5.255299791021861e-01
-3.310362386420045e-01 9.906958261153346e-01
-1.373675616653979e-01 1.404836858792939e-01
1.652387419308526e-01 8.286736007188047e-02

179
7.021132918703299e-03 4.267704553179735e-02
1.577743623167258e-02 -1.821043956203139e-01
-1.005111322196279e-02 2.121221750477860e-01
3.554018685837211e-02 5.420401544062997e-03
-5.153509575553439e-01 1.628694450737958e+00

180
-6.305883475140540e-03 1.142745127672241e+00
-4.918187942584947e-01 8.261213822401304e-01
5.019446284433615e-01 7.625165471429739e-01
3.754334574401117e-02 9.791335122140401e-01
-1.052410893531919e-01 1.874082170467844e+00

181
6.593569165136943e-01 7.725863189545698e-01
-9.243242818261471e-02 -6.609051086313787e-01
7.968672230779815e-01 8.566051520466690e-01
3.913241162694359e-01 2.696447552840460e-01
-3.340673772176544e+00 2.010136253120678e+00

182
-1.828118258388143e-01 5.357614186072382e-02
7.572748382653709e-01 2.766659124204472e-01
-4.420625228307486e-01 8.091434645147404e-01
-7.509005884973476e-02 1.734525340771742e-01
-8.401562159334379e-02 -1.980359228784622e-01

183
-5.174427305769563e-02 2.090497416867411e-01
6.556815927498599e-01 2.137090221872513e-01
-1.828092906698102e-01 3.955382793975077e-01
1.292374592158615e-01 8.327793919597586e-03
-1.102609485600820e-01 -5.621920467138999e-02

184
-2.587230891659820e-01 9.778655093892101e-02
2.578801855010088e-01 1.756807409404030e-01
-4.217162465054345e-01 1.494652515314946e-01
-3.002180299212362e-01 -4.415191602346180e-01
-1.221968375104238e-01 1.097932220388377e-01

185
-8.002858168250217e-03 -8.245449770687932e-05
-5.251432194872844e-01 -1.262145617139454e-01
5.197931069095615e-01 1.261412920139728e-01
4.181352306607877e+00 2.187993433622962e+00
6.128392842925268e+00 3.206664458211590e+00

186
-1.410854038524499e-01 1.012447950574827e-01
3.739582842062737e-01 3.887535928118332e-01
-5.549138089114790e-01 5.270502829462240e-01
-1.026338711934215e-01 -1.356016344397022e-01
1.391176633038055e-01 -1.747619226724475e-02

187
-1.129317793476240e-03 -2.385984432977911e-03
6.762830038931525e-03 8.671480089076010e-02
-7.534558453595157e-03 -8.832432449046794e-02
1.255825584980978e-01 -7.608357763838960e-01
-1.256438362017198e-01 7.607057255671638e-01

188
-2.266157171866510e-01 3.761051324593987e-01
-2.115523580461715e-02 7.627582711330869e-02
-2.273327233158050e-01 3.516850529322866e-01
1.356727935254258e-01 -2.254553593256829e-01
-1.432477418206254e-01 2.499257124826788e-01

189
-5.559882712939173e-03 1.030028858124023e-02
5.655095734083225e-01 2.508013249280351e-01
-4.987077643463127e-01 3.649670746765517e-01
-8.421955283010828e-02 -1.196277625269571e-01
-7.916561167400671e-02 1.341429466702790e-01

190
-1.547419125448308e-01 5.972191306352117e-02
-4.813065979433286e-03 6.097476282796201e-02
-1.115572209304037e-01 -4.788258365621131e-02
9.205984114417201e-02 -3.477636628781178e-02
4.232025784360051e-01 1.341086364777756e+00

191
-1.309995830071439e-01 1.716908833913166e-01
6.526992733408273e-02 -2.276649523633377e-02
-9.202866425231202e-01 3.003293055189484e-01
8.471068619007513e-02 -1.054412148753461e-01
9.934784284262470e-02 1.404745728820391e-01

192
-1.077916113344021e-01 1.776811337361691e-01
5.296547969694418e-01 3.943520304658830e-01
-2.873219563052417e-01 3.083227975289927e-01
-8.493757858764457e-02 -8.343759072561428e-02
1.168421969915486e-01 4.517475312413333e-02

193
-6.921199396491469e-02 1.106851357431240e-01
6.240334912044921e-01 1.659870287923374e-01
-3.273541892514695e-01 5.371807147708745e-01
1.479304695116204e-01 -3.453836010578357e-02
-1.144186780412876e-01 -1.155023154136078e-01

194
-5.233414252401308e-02 4.457752092088737e-02
6.388935825942245e-02 1.626379877057021e-01
-1.030624487398154e-01 -1.346195986351080e-01
2.129274514778661e-02 4.959406987154966e-02
4.560450330822268e-01 1.537121583274342e+00

195
-6.722573626010712e-03 6.173198980164623e-03
6.786308965848646e-01 1.316964924059730e-01
-4.536188538203097e-01 5.224905786077076e-01
1.547723773648785e-01 -5.113958278615900e-02
-1.026835128412183e-01 -9.357130592615244e-02

196
-1.891972825710573e-01 3.095479647411827e-01
5.923900691187163e-01 7.178314779245925e-01
2.960721762095513e-01 1.458161735860464e+00
1.153334223108612e-01 2.091975607560257e-01
-2.668591807434446e-01 -1.367642970105702e-01

197
-4.384145455958269e-02 2.081417090102112e-01
3.811211011853767e-01 2.589557693645073e-01
-7.662903165591254e-01 6.205753353202456e-01
1.065384803890926e-01 1.097308933375203e-01
8.857320275729792e-02 -1.161777932113341e-01

198
6.080694557450822e-01 4.499947347804903e-01
8.363785097259440e-01 1.351948686804307e-01
-3.712818306204336e-02 6.119613341593046e-01
1.176709825326263e+00 2.897604921471629e-01
-3.422462749791730e-01 -2.482474687773515e-01

199
1.951094208863852e-03 5.422211669912217e-03
2.192620537861856e-01 1.670508378182499e-02
-2.179639827604513e-01 -1.304579431758603e-02
1.831376019211688e+00 5.926565923057628e-01
2.683933679298558e+00 8.683581773413894e-01

200
4.782410205645579e-02 1.810809392837429e-01
4.142177943521491e-01 7.149297017851319e-02
-6.969453683439100e-01 3.855254041374616e-01
1.370740954462924e-01 3.243941597881080e-02
-1.492944220817645e-01 6.218553160050883e-02

201
1.775255807860850e-01 1.211186836819315e+00
2.590362134530607e-01 4.055850010696689e-02
-3.062544914539398e-01 -9.692662789857532e-01
1.640881924318067e-01 -1.744187559424413e-01
-4.878810665331640e-01 -5.266190208918456e-01

202
-7.870570201505932e-02 1.605991971042818e-01
8.341518432712712e-01 -3.284835531325769e-01
-7.731966515276140e-01 -3.328391237118875e-01
-3.727200070582067e-02 1.256494730686263e-01
-1.196624113875137e-01 -1.337609230038841e-01

203
3.553791901130740e-03 2.750928511127819e-02
1.197047972201164e+00 -3.183562203084206e-01
-8.719643119647102e-01 -8.751819024945249e-01
-1.271289682247224e-01 2.585709033408428e-01
3.234392335695150e-01 -3.547540900646177e-02

204
-6.130955503028331e-02 1.777693183482698e-01
4.429512933758307e-01 1.205991457896562e-01
-7.945923359756709e-01 -2.778827866626855e-02
-1.576944798948879e-01 -1.942249044031799e-02
1.092343942989390e-01 9.929429855867691e-02

205
-5.925570070238487e-01 9.038256853877591e-01
-2.345813656285914e-01 1.220927879347921e+00
8.605668609510708e-01 -8.966060518038623e-01
-6.561072817004423e-01 -1.595383364731392e+00
5.230358684562466e-01 -6.191145386621214e-01

206
3.125975825789008e-03 2.552444449665651e-01
5.882656637595864e-01 -1.944285122529376e-02
-1.046098368481370e+00 -3.543320276253435e-01
-2.070016568072886e-01 2.594947098558132e-02
4.484934142685979e-02 -1.475985541836924e-01

207
-2.294261815206302e-01 5.896313593571471e-01
1.036183740134620e-02 6.814973615769297e-01
3.433568380014366e-01 -6.203532517121594e-01
-4.727275561590879e-01 -8.615824535706662e-01
4.483943305540542e-02 2.271399073373306e-01

208
-3.954414172020916e-03 2.652765680669230e-03
6.138408563884629e-02 1.111821714823126e-01
-6.401782334994345e-02 -1.093816097552872e-01
-2.997993204285327e-01 -1.073434549919602e+00
-7.808452643693901e-01 4.876003827664098e-01

209
1.211673930046207e-02 -4.762204857134422e-03
8.083317387273172e-01 -2.597761318902995e-01
-6.304186652190432e-01 -5.706857818645206e-01
-1.208943905387150e-01 -1.592885229976254e-01
-1.014023160731118e-01 1.711162539734800e-01

210
-2.355425336991552e-02 1.307939819629012e-01
8.028901030209035e-01 -1.474912993976404e-03
-3.671832442893937e-01 -6.067925464863189e-01
-5.171723646891047e-02 -1.880095412910458e-01
1.997777684039076e-01 4.371855295592615e-02

211
-1.575893128788949e-03 1.996093393248618e-02
8.993255052545902e-01 -1.022049748648498e-01
-5.377161028157019e-01 -7.256260714804847e-01
-9.182742197462689e-02 -1.918875809809788e-01
2.321558501773797e-01 3.263361275523515e-02

212
-2.688670083859491e-01 3.525753620329267e-01
4.716845824527580e-01 7.372472233770012e-02
-1.748690428373662e-01 -4.455941128193900e-01
-1.358945209266958e-01 -1.884919452416878e-01
2.114555655008029e-01 8.321231661305656e-02

213
7.438716820087392e-02 2.575396881411741e-01
7.043746887880152e-02 -8.245991273570656e-02
-1.206911388003712e+00 -1.997960593316191e-02
-3.712166291336763e-02 -1.621967892726877e-01
-1.840683858147295e-01 1.082826927571528e-01

214
4.137170707877737e-02 1.433821068966426e-01
8.093332795378659e-01 -3.710625626090899e-01
-6.409501738173717e-01 -4.174205024833438e-01
2.060231333305598e-01 -5.322826000337937e-02
-1.354779365913560e-01 -1.490879731694003e-01

215
2.398852636718965e-01 4.015970147472094e-01
1.106918307106797e-01 -1.990907581637860e-01
-1.791464930478422e+00 -1.211131821191757e+00
-1.322387273272448e-01 -2.620809182993169e-01
3.572319687356693e-01 -6.837040057961589e-02

216
1.818383485572110e-02 9.031324372833810e-02
5.677527785962467e-01 1.590740382945840e-01
-3.756316668963292e-01 3.704681124001167e-01
1.475057905857285e-01 -3.193074358933948e-02
-5.643443305681071e-02 1.274003490988269e-01

217
3.081229054885498e-01 7.960955442430720e-02
5.863863662202584e-01 -4.016164494098014e-01
-1.118471491042565e+00 -7.731944997781278e-01
1.520139313268519e-01 -1.190898650102878e-01
-6.869589764786792e-02 2.528908479264498e-01

218
-1.423096732585017e-03 -5.106261965957709e-03
-2.363095570169736e-02 -1.417281489540903e-01
2.265261268717035e-02 1.382710359745606e-01
1.010532974944181e-01 -1.241825260902420e+00
-1.007896831062435e+00 2.090712761263367e-01

219
2.279405029855168e-01 1.658660756936026e-01
5.138598939190548e-01 -2.341551524294742e-01
-1.242474352681405e+00 -3.406594760990793e-01
1.532186696373284e-01 -7.348308621976327e-02
-6.768646535348651e-02 -1.334184426791712e-01

220
4.152405624886487e-01 -1.751781371485218e+00
-1.065842818953804e+00 4.699593931407696e-01
-7.019641396912294e+00 4.303092569320841e+00
-3.478902552362901e-01 1.102783662120838e+00
1.455255178820459e+00 -5.326190037003407e-02

221
8.005173371217054e-02 -3.384955705545155e-03
5.577829265629720e-02 -1.976650332481383e-01
-4.414757075352754e-03 1.905705861637758e-01
1.526846719745930e-02 -6.095576214010335e-02
-6.637161532513346e-01 1.664059026981763e+00

222
-3.357771909415276e-01 -5.748320119884233e-02
1.538217866632105e-01 1.757258698226070e-01
-3.350903262074149e-01 1.507831195143521e+00
2.158286050887229e-01 5.099079871774707e-02
-1.296119715767741e-01 2.354599567808926e-01

223
-6.266259627252874e-02 1.963730398664141e-02
6.142797547246735e-02 1.514602956334911e-01
-1.050424830826673e-01 -1.422280347823357e-01
-2.899132492695033e-02 -4.292479915414012e-02
3.703774251198907e-01 1.488442187426487e+00

224
1.470935595087850e-01 1.913975359548709e-01
1.377050629321926e+00 -3.872498895478455e-02
-5.681346355740339e-01 -1.247148639834311e+00
-2.663792596863900e-01 2.661220344764408e-01
3.502271163091699e-01 4.327250026269420e-02

225
-2.867784560048780e-01 6.035678498378358e-02
2.523223255684459e-01 2.404530015864941e-01
-4.808198035566668e-01 9.247494567163987e-02
-2.298377631551295e-01 -4.884594331018054e-01
1.979325411367554e-01 2.076011629732152e-03

226
2.308131966963073e-02 -6.078070680461086e-03
1.126343190091273e+00 -7.594772445288555e-01
-1.221851564482013e+00 -5.981283700440310e-01
-3.905169613681743e-02 3.177768275472540e-01
-2.887514189364675e-01 -1.650903780637748e-01

227
-1.719985056680741e-01 1.020085917348806e-01
3.258778002949465e-01 5.148729441242957e-01
-2.408196439788264e-01 8.188850683596862e-01
-1.003532866751732e-01 -1.440946832778024e-01
-6.908796161721112e-03 1.412999919715434e-01

228
1.517486345480394e-01 5.800191566876827e-01
1.746261761666880e+00 -1.223691669570579e-01
3.458682752189737e-02 -2.766364822689143e+00
-5.336556208882042e-01 2.124654378577003e-01
4.682224869400845e-01 1.717237255795145e-01

229
7.759451134140527e-02 2.408182428928929e-02
4.444218929036318e-02 -1.985107868987110e-01
9.007008124274305e-03 2.096691686013859e-01
-3.135311875351612e-05 6.365651932756160e-02
-6.534142899127394e-01 1.804831863909285e+00

230
-1.191104939040116e+00 3.535930877832765e-01
7.717439265605943e-01 3.663716338411949e+00
4.804474939658028e+00 3.033494469060475e+00
-4.795497813991508e-01 -1.022148573410564e+00
9.223350117515416e-01 1.070259680790553e-02

231
-2.763762369157020e-03 5.964952786143676e-04
1.231296477836572e-02 -8.418873967633410e-02
-1.415856345796139e-02 8.459949302280727e-02
2.922271407153605e-01 -6.910388778571851e-01
-2.923782866021430e-01 6.910716798285276e-01

232
1.279600092721372e-01 8.680841374183992e-02
7.911163152743501e-01 -3.596464959881414e-01
-5.688884805512078e-01 -5.941036496175189e-01
1.918881315049877e-01 -5.940375741317319e-02
-8.311750031794331e-02 1.974879668000772e-01

233
2.464110738232428e-01 3.236982914715248e-02
9.429110515916163e-02 -1.168250931788837e-01
6.254613947136632e-02 9.645620794840935e-02
-1.456887747130042e-01 -1.857086080829003e-02
-9.667822087231874e-01 1.957000221986078e+00

234
-7.653972762209106e-01 4.787499431961763e-01
3.692520998553436e-01 2.404819481443447e+00
1.777994230057390e+00 3.725952782037471e+00
2.266594747044072e-02 6.247539281039868e-01
5.695751869501277e-01 -1.034683566881828e-01

235
5.648339308497443e-03 5.221266017662860e-02
2.248609365314118e-02 -1.769537056489257e-01
-1.730376313106247e-02 2.141283297811001e-01
-3.942185407595947e-03 -3.492397410278963e-02
-5.895695136248180e-01 1.567067938623476e+00

236
-8.687331813693820e-03 7.520342278065817e-03
6.722126961345252e-01 -4.245999604246951e-01
-7.044916904083767e-01 -3.696832699772361e-01
1.735661953906718e-01 -6.956041875855359e-02
-3.083219444053226e-02 1.569362953371114e-01

237
2.741282675659999e-03 -6.471748391976547e-04
1.459361214608687e-02 -8.485974652653211e-02
-1.274205777142259e-02 8.443454284647896e-02
2.968852587657494e-01 -6.923658421484468e-01
-2.967355240434100e-01 6.923301265091351e-01

238
3.796872301369195e-01 -8.849288516309654e-01
1.108176898558981e+00 -2.515557307995431e+00
-3.390314568864806e+00 -2.369095189675480e+00
-9.217451408064208e-02 -3.061487520790681e-01
-5.484246474042886e-01 7.343408166436516e-02

239
2.543202261531654e-01 4.564781488589828e-01
4.936173631082411e-01 2.814695769932017e-01
-1.747840248376626e-01 4.224840008255633e-01
5.765788030162520e-01 4.997785777613329e-01
1.192799350987651e-01 4.466308377725447e-01

