4 4

13
1 1 0 0 1 0
1 0 3 0 -7662315005900471/1000000000000000 0
1 0 2 0 -627269757598421/500000000000000 0
1 0 1 0 -322444828899997/125000000000000 0
1 0 0 0 -2724516118533123/1000000000000000 0
0 1 3 0 -7662315005900471/1000000000000000 0
0 1 2 0 -627269757598421/500000000000000 0
0 1 1 0 -322444828899997/125000000000000 0
0 1 0 0 -2724516118533123/1000000000000000 0
0 0 3 0 5145491349862197/1000000000000000 0
0 0 2 0 1240733165819551/100000000000000 0
0 0 1 0 1836127225134343/500000000000000 0
0 0 0 0 -78059337647553/62500000000000 0

18
1 0 2 0 -7662315005900471/1000000000000000 0
1 0 1 1 -7662315005900471/1000000000000000 0
1 0 1 0 -627269757598421/500000000000000 0
1 0 0 2 -7662315005900471/1000000000000000 0
1 0 0 1 -627269757598421/500000000000000 0
1 0 0 0 -322444828899997/125000000000000 0
0 1 2 0 -7662315005900471/1000000000000000 0
0 1 1 1 -7662315005900471/1000000000000000 0
0 1 1 0 -627269757598421/500000000000000 0
0 1 0 2 -7662315005900471/1000000000000000 0
0 1 0 1 -627269757598421/500000000000000 0
0 1 0 0 -322444828899997/125000000000000 0
0 0 2 0 5145491349862197/1000000000000000 0
0 0 1 1 5145491349862197/1000000000000000 0
0 0 1 0 1240733165819551/100000000000000 0
0 0 0 2 5145491349862197/1000000000000000 0
0 0 0 1 1240733165819551/100000000000000 0
0 0 0 0 1836127225134343/500000000000000 0

18
2 1 0 0 1 0
2 0 3 0 -7662315005900471/1000000000000000 0
2 0 2 0 -627269757598421/500000000000000 0
2 0 1 0 -322444828899997/125000000000000 0
2 0 0 0 -2724516118533123/1000000000000000 0
1 2 0 0 1 0
1 1 3 0 -7662315005900471/1000000000000000 0
1 1 2 0 -627269757598421/500000000000000 0
1 1 1 0 -322444828899997/125000000000000 0
1 1 0 0 -2724516118533123/1000000000000000 0
0 2 3 0 -7662315005900471/1000000000000000 0
0 2 2 0 -627269757598421/500000000000000 0
0 2 1 0 -322444828899997/125000000000000 0
0 2 0 0 -2724516118533123/1000000000000000 0
0 0 3 0 8213715010823677/1000000000000000 0
0 0 2 0 4309253636933361/1000000000000000 0
0 0 1 0 2843094036134313/1000000000000000 0
0 0 0 0 226144405852583/125000000000000 0

24
2 0 2 0 -7662315005900471/1000000000000000 0
2 0 1 1 -7662315005900471/1000000000000000 0
2 0 1 0 -627269757598421/500000000000000 0
2 0 0 2 -7662315005900471/1000000000000000 0
2 0 0 1 -627269757598421/500000000000000 0
2 0 0 0 -322444828899997/125000000000000 0
1 1 2 0 -7662315005900471/1000000000000000 0
1 1 1 1 -7662315005900471/1000000000000000 0
1 1 1 0 -627269757598421/500000000000000 0
1 1 0 2 -7662315005900471/1000000000000000 0
1 1 0 1 -627269757598421/500000000000000 0
1 1 0 0 -322444828899997/125000000000000 0
0 2 2 0 -7662315005900471/1000000000000000 0
0 2 1 1 -7662315005900471/1000000000000000 0
0 2 1 0 -627269757598421/500000000000000 0
0 2 0 2 -7662315005900471/1000000000000000 0
0 2 0 1 -627269757598421/500000000000000 0
0 2 0 0 -322444828899997/125000000000000 0
0 0 2 0 8213715010823677/1000000000000000 0
0 0 1 1 8213715010823677/1000000000000000 0
0 0 1 0 4309253636933361/1000000000000000 0
0 0 0 2 8213715010823677/1000000000000000 0
0 0 0 1 4309253636933361/1000000000000000 0
0 0 0 0 2843094036134313/1000000000000000 0

