4 4

13
1 1 0 0 1 0
1 0 3 0 -8254608394620567/1000000000000000 0
1 0 2 0 -2232983240994921/2500000000000000 0
1 0 1 0 -915280411559513/125000000000000 0
1 0 0 0 -9286863023596523/10000000000000000 0
0 1 3 0 -8254608394620567/1000000000000000 0
0 1 2 0 -2232983240994921/2500000000000000 0
0 1 1 0 -915280411559513/125000000000000 0
0 1 0 0 -9286863023596523/10000000000000000 0
0 0 3 0 4739015008776801/1000000000000000 0
0 0 2 0 1443015227983401/100000000000000 0
0 0 1 0 410394711129287/250000000000000 0
0 0 0 0 5968013201404013/1000000000000000000 0

18
1 0 2 0 -8254608394620567/1000000000000000 0
1 0 1 1 -8254608394620567/1000000000000000 0
1 0 1 0 -2232983240994921/2500000000000000 0
1 0 0 2 -8254608394620567/1000000000000000 0
1 0 0 1 -2232983240994921/2500000000000000 0
1 0 0 0 -915280411559513/125000000000000 0
0 1 2 0 -8254608394620567/1000000000000000 0
0 1 1 1 -8254608394620567/1000000000000000 0
0 1 1 0 -2232983240994921/2500000000000000 0
0 1 0 2 -8254608394620567/1000000000000000 0
0 1 0 1 -2232983240994921/2500000000000000 0
0 1 0 0 -915280411559513/125000000000000 0
0 0 2 0 4739015008776801/1000000000000000 0
0 0 1 1 4739015008776801/1000000000000000 0
0 0 1 0 1443015227983401/100000000000000 0
0 0 0 2 4739015008776801/1000000000000000 0
0 0 0 1 1443015227983401/100000000000000 0
0 0 0 0 410394711129287/250000000000000 0

18
2 1 0 0 1 0
2 0 3 0 -8254608394620567/1000000000000000 0
2 0 2 0 -2232983240994921/2500000000000000 0
2 0 1 0 -915280411559513/125000000000000 0
2 0 0 0 -9286863023596523/10000000000000000 0
1 2 0 0 1 0
1 1 3 0 -8254608394620567/1000000000000000 0
1 1 2 0 -2232983240994921/2500000000000000 0
1 1 1 0 -915280411559513/125000000000000 0
1 1 0 0 -9286863023596523/10000000000000000 0
0 2 3 0 -8254608394620567/1000000000000000 0
0 2 2 0 -2232983240994921/2500000000000000 0
0 2 1 0 -915280411559513/125000000000000 0
0 2 0 0 -9286863023596523/10000000000000000 0
0 0 3 0 2312304483235783/250000000000000 0
0 0 2 0 2254538026818057/1000000000000000 0
0 0 1 0 785089006724373/5000000000000000 0
0 0 0 0 35337130257271/781250000000000 0

24
2 0 2 0 -8254608394620567/1000000000000000 0
2 0 1 1 -8254608394620567/1000000000000000 0
2 0 1 0 -2232983240994921/2500000000000000 0
2 0 0 2 -8254608394620567/1000000000000000 0
2 0 0 1 -2232983240994921/2500000000000000 0
2 0 0 0 -915280411559513/125000000000000 0
1 1 2 0 -8254608394620567/1000000000000000 0
1 1 1 1 -8254608394620567/1000000000000000 0
1 1 1 0 -2232983240994921/2500000000000000 0
1 1 0 2 -8254608394620567/1000000000000000 0
1 1 0 1 -2232983240994921/2500000000000000 0
1 1 0 0 -915280411559513/125000000000000 0
0 2 2 0 -8254608394620567/1000000000000000 0
0 2 1 1 -8254608394620567/1000000000000000 0
0 2 1 0 -2232983240994921/2500000000000000 0
0 2 0 2 -8254608394620567/1000000000000000 0
0 2 0 1 -2232983240994921/2500000000000000 0
0 2 0 0 -915280411559513/125000000000000 0
0 0 2 0 2312304483235783/250000000000000 0
0 0 1 1 2312304483235783/250000000000000 0
0 0 1 0 2254538026818057/1000000000000000 0
0 0 0 2 2312304483235783/250000000000000 0
0 0 0 1 2254538026818057/1000000000000000 0
0 0 0 0 785089006724373/5000000000000000 0

