4                                                

1.566197554112082e-01 -1.527098937339202e-17
-7.531856207372314e-01 1.007210159525100e-17
-9.437535790767308e-02 -7.866251851477743e-18
-9.364801650979818e-01 3.797116530154213e-17

-7.531856207372348e-01 -2.235944390615189e-16
1.566197554112128e-01 3.376323653503326e-16
-9.364801650979860e-01 -3.375136930083646e-16
-9.437535790767222e-02 2.653320034611005e-16

-7.531856207372317e-01 -2.168582811460451e-17
1.566197554112081e-01 3.341617663950140e-17
-9.437535790767310e-02 8.628307319805182e-18
-9.364801650979822e-01 -2.224010485164386e-17

1.566197554112059e-01 -1.833645701251061e-15
-7.531856207372301e-01 1.332408734829833e-15
-9.364801650979796e-01 1.600854325642320e-15
-9.437535790767351e-02 -1.257139719487103e-16

