1.1087760335514014e+00 5.1838409898723306e-02
-1.3328598195274127e-01 -1.0766183566580924e-01
3.5317051060291078e+00 6.2789884360584458e-01
-1.3938563103578716e-01 -1.3898317110526652e-02
-1.3328598195274127e-01 -1.0766183566580924e-01
1.1087760335514014e+00 5.1838409898723306e-02
3.5317051060291078e+00 6.2789884360584458e-01
-1.3938563103578716e-01 -1.3898317110526652e-02
1.1087760335514014e+00 5.1838409898723306e-02
-1.3328598195274127e-01 -1.0766183566580924e-01
-1.3938563103578716e-01 -1.3898317110526652e-02
3.5317051060291078e+00 6.2789884360584458e-01
-1.3328598195274127e-01 -1.0766183566580924e-01
1.1087760335514014e+00 5.1838409898723306e-02
-1.3938563103578716e-01 -1.3898317110526652e-02
3.5317051060291078e+00 6.2789884360584458e-01
1.0489707377617028e+00 -1.8750887969007735e+00
1.0489707377617028e+00 1.8750887969007735e+00
3.8262437222586754e-01 8.7524702595818860e-01
3.8262437222586754e-01 -8.7524702595818860e-01
1.0489707377617028e+00 1.8750887969007735e+00
1.0489707377617028e+00 -1.8750887969007735e+00
3.8262437222586754e-01 8.7524702595818860e-01
3.8262437222586754e-01 -8.7524702595818860e-01
1.0489707377617028e+00 -1.8750887969007735e+00
1.0489707377617028e+00 1.8750887969007735e+00
3.8262437222586754e-01 -8.7524702595818860e-01
3.8262437222586754e-01 8.7524702595818860e-01
1.0489707377617028e+00 1.8750887969007735e+00
1.0489707377617028e+00 -1.8750887969007735e+00
3.8262437222586754e-01 -8.7524702595818860e-01
3.8262437222586754e-01 8.7524702595818860e-01
-1.3280376810658348e-01 -2.9913702751519500e-01
4.0674348473706329e-01 -5.8819104299807468e-02
1.4217857872370288e-01 -1.5146156576032116e-01
-1.2326084095207229e-01 -2.7885395683238116e-02
4.0674348473706329e-01 -5.8819104299807468e-02
-1.3280376810658348e-01 -2.9913702751519500e-01
1.4217857872370288e-01 -1.5146156576032116e-01
-1.2326084095207229e-01 -2.7885395683238116e-02
-1.3280376810658348e-01 -2.9913702751519500e-01
4.0674348473706329e-01 -5.8819104299807468e-02
-1.2326084095207229e-01 -2.7885395683238116e-02
1.4217857872370288e-01 -1.5146156576032116e-01
4.0674348473706329e-01 -5.8819104299807468e-02
-1.3280376810658348e-01 -2.9913702751519500e-01
-1.2326084095207229e-01 -2.7885395683238116e-02
1.4217857872370288e-01 -1.5146156576032116e-01
4.0674348473706329e-01 5.8819104299807468e-02
-1.3280376810658348e-01 2.9913702751519500e-01
-1.2326084095207229e-01 2.7885395683238116e-02
1.4217857872370288e-01 1.5146156576032116e-01
-1.3280376810658348e-01 2.9913702751519500e-01
4.0674348473706329e-01 5.8819104299807468e-02
-1.2326084095207229e-01 2.7885395683238116e-02
1.4217857872370288e-01 1.5146156576032116e-01
4.0674348473706329e-01 5.8819104299807468e-02
-1.3280376810658348e-01 2.9913702751519500e-01
1.4217857872370288e-01 1.5146156576032116e-01
-1.2326084095207229e-01 2.7885395683238116e-02
-1.3280376810658348e-01 2.9913702751519500e-01
4.0674348473706329e-01 5.8819104299807468e-02
1.4217857872370288e-01 1.5146156576032116e-01
-1.2326084095207229e-01 2.7885395683238116e-02
1.1087760335514014e+00 -5.1838409898723306e-02
-1.3328598195274127e-01 1.0766183566580924e-01
-1.3938563103578716e-01 1.3898317110526652e-02
3.5317051060291078e+00 -6.2789884360584458e-01
-1.3328598195274127e-01 1.0766183566580924e-01
1.1087760335514014e+00 -5.1838409898723306e-02
-1.3938563103578716e-01 1.3898317110526652e-02
3.5317051060291078e+00 -6.2789884360584458e-01
1.1087760335514014e+00 -5.1838409898723306e-02
-1.3328598195274127e-01 1.0766183566580924e-01
3.5317051060291078e+00 -6.2789884360584458e-01
-1.3938563103578716e-01 1.3898317110526652e-02
-1.3328598195274127e-01 1.0766183566580924e-01
1.1087760335514014e+00 -5.1838409898723306e-02
3.5317051060291078e+00 -6.2789884360584458e-01
-1.3938563103578716e-01 1.3898317110526652e-02
-2.5524066739402529e-01 -3.8716801123926808e-01
-2.5524066739402529e-01 3.8716801123926808e-01
-2.1962231536430257e-01 1.2338454625704291e-01
-2.1962231536430257e-01 -1.2338454625704291e-01
-2.5524066739402529e-01 3.8716801123926808e-01
-2.5524066739402529e-01 -3.8716801123926808e-01
-2.1962231536430257e-01 1.2338454625704291e-01
-2.1962231536430257e-01 -1.2338454625704291e-01
-2.5524066739402529e-01 -3.8716801123926808e-01
-2.5524066739402529e-01 3.8716801123926808e-01
-2.1962231536430257e-01 -1.2338454625704291e-01
-2.1962231536430257e-01 1.2338454625704291e-01
-2.5524066739402529e-01 3.8716801123926808e-01
-2.5524066739402529e-01 -3.8716801123926808e-01
-2.1962231536430257e-01 -1.2338454625704291e-01
-2.1962231536430257e-01 1.2338454625704291e-01
7.9503199673611169e-01 3.2316375534779489e+00
7.9503199673611169e-01 -3.2316375534779489e+00
1.2128346357849837e-01 9.2757456387409531e-01
1.2128346357849837e-01 -9.2757456387409531e-01
7.9503199673611169e-01 -3.2316375534779489e+00
7.9503199673611169e-01 3.2316375534779489e+00
1.2128346357849837e-01 9.2757456387409531e-01
1.2128346357849837e-01 -9.2757456387409531e-01
7.9503199673611169e-01 3.2316375534779489e+00
7.9503199673611169e-01 -3.2316375534779489e+00
1.2128346357849837e-01 -9.2757456387409531e-01
1.2128346357849837e-01 9.2757456387409531e-01
7.9503199673611169e-01 -3.2316375534779489e+00
7.9503199673611169e-01 3.2316375534779489e+00
1.2128346357849837e-01 -9.2757456387409531e-01
1.2128346357849837e-01 9.2757456387409531e-01
1.5661975541120812e-01 -1.0568939980572364e-63
-7.5318562073723150e-01 6.3508758590732011e-64
-9.4375357907673069e-02 -1.9047619635112453e-64
-9.3648016509798171e-01 5.4199468855214421e-64
-7.5318562073723150e-01 6.3508758590732011e-64
1.5661975541120812e-01 -1.0568939980572364e-63
-9.4375357907673069e-02 -1.9047619635112453e-64
-9.3648016509798171e-01 5.4199468855214421e-64
1.5661975541120812e-01 -1.0568939980572364e-63
-7.5318562073723150e-01 6.3508758590732011e-64
-9.3648016509798171e-01 5.4199468855214421e-64
-9.4375357907673069e-02 -1.9047619635112453e-64
-7.5318562073723150e-01 6.3508758590732011e-64
1.5661975541120812e-01 -1.0568939980572364e-63
-9.3648016509798171e-01 5.4199468855214421e-64
-9.4375357907673069e-02 -1.9047619635112453e-64
-6.2961065156947660e-01 1.2656896817931083e+00
-6.2961065156947660e-01 -1.2656896817931083e+00
-2.8427647586513444e-01 6.1302157466220408e-01
-2.8427647586513444e-01 -6.1302157466220408e-01
-6.2961065156947660e-01 -1.2656896817931083e+00
-6.2961065156947660e-01 1.2656896817931083e+00
-2.8427647586513444e-01 6.1302157466220408e-01
-2.8427647586513444e-01 -6.1302157466220408e-01
-6.2961065156947660e-01 1.2656896817931083e+00
-6.2961065156947660e-01 -1.2656896817931083e+00
-2.8427647586513444e-01 -6.1302157466220408e-01
-2.8427647586513444e-01 6.1302157466220408e-01
-6.2961065156947660e-01 -1.2656896817931083e+00
-6.2961065156947660e-01 1.2656896817931083e+00
-2.8427647586513444e-01 -6.1302157466220408e-01
-2.8427647586513444e-01 6.1302157466220408e-01
-3.1160978340479728e-01 4.2388764140587892e-01
-3.1160978340479728e-01 -4.2388764140587892e-01
-2.8113017194895978e-01 1.1103326465814498e-01
-2.8113017194895978e-01 -1.1103326465814498e-01
-3.1160978340479728e-01 -4.2388764140587892e-01
-3.1160978340479728e-01 4.2388764140587892e-01
-2.8113017194895978e-01 1.1103326465814498e-01
-2.8113017194895978e-01 -1.1103326465814498e-01
-3.1160978340479728e-01 4.2388764140587892e-01
-3.1160978340479728e-01 -4.2388764140587892e-01
-2.8113017194895978e-01 -1.1103326465814498e-01
-2.8113017194895978e-01 1.1103326465814498e-01
-3.1160978340479728e-01 -4.2388764140587892e-01
-3.1160978340479728e-01 4.2388764140587892e-01
-2.8113017194895978e-01 -1.1103326465814498e-01
-2.8113017194895978e-01 1.1103326465814498e-01
