240

1.399495502064833e-01 1.870779030614757e-01;
1.399495502064833e-01 1.870779030614757e-01;
1.399495502064833e-01 1.870779030614757e-01;
1.399495502064833e-01 1.870779030614757e-01;
1.399495502064833e-01 1.870779030614757e-01;

1.516104986008221e-01 1.425482042066865e-01;
1.516104986008221e-01 1.425482042066865e-01;
1.516104986008221e-01 1.425482042066865e-01;
1.516104986008221e-01 1.425482042066865e-01;
-1.425482042066865e-01 1.516104986008221e-01;

1.994885897633213e-01 1.395815454123973e-01;
1.994885897633213e-01 1.395815454123973e-01;
1.994885897633213e-01 1.395815454123973e-01;
1.994885897633213e-01 1.395815454123973e-01;
-1.994885897633213e-01 -1.395815454123973e-01;

2.007123498603719e-01 2.058430885202552e-01;
2.007123498603719e-01 2.058430885202552e-01;
2.007123498603719e-01 2.058430885202552e-01;
2.007123498603719e-01 2.058430885202552e-01;
2.058430885202552e-01 -2.007123498603719e-01;

2.115521809719243e-01 1.723165375126739e-01;
2.115521809719243e-01 1.723165375126739e-01;
2.115521809719243e-01 1.723165375126739e-01;
-9.850954674943775e-02 2.544468187530645e-01;
2.115521809719243e-01 1.723165375126739e-01;

1.986049262693209e-01 1.145249730253101e-01;
1.986049262693209e-01 1.145249730253101e-01;
1.986049262693209e-01 1.145249730253101e-01;
-4.754742449044422e-02 2.242746722419094e-01;
-1.145249730253100e-01 1.986049262693209e-01;

2.459198219782279e-01 8.383734756712825e-02;
2.459198219782279e-01 8.383734756712825e-02;
2.459198219782279e-01 8.383734756712825e-02;
-3.740651467684828e-03 2.597908143400995e-01;
-2.459198219782279e-01 -8.383734756712823e-02;

2.934869817097253e-01 1.494139576884969e-01;
2.934869817097253e-01 1.494139576884969e-01;
2.934869817097253e-01 1.494139576884969e-01;
-5.140865310897885e-02 3.252941585253957e-01;
1.494139576884969e-01 -2.934869817097253e-01;

2.917645259716803e-01 2.663930895750840e-01;
2.917645259716803e-01 2.663930895750840e-01;
2.917645259716803e-01 2.663930895750840e-01;
-3.926243892317022e-01 -4.402165114203259e-02;
2.917645259716803e-01 2.663930895750840e-01;

2.713217208977282e-01 1.518927156038002e-01;
2.713217208977282e-01 1.518927156038002e-01;
2.713217208977282e-01 1.518927156038002e-01;
-3.087841813118870e-01 3.659511792506410e-02;
-1.518927156038001e-01 2.713217208977282e-01;

3.544812091477720e-01 8.415239480152627e-02;
3.544812091477720e-01 8.415239480152627e-02;
3.544812091477720e-01 8.415239480152627e-02;
-3.362448589965585e-01 1.402781094400795e-01;
-3.544812091477720e-01 -8.415239480152623e-02;

4.818770717051297e-01 2.139415472960509e-01;
4.818770717051297e-01 2.139415472960509e-01;
4.818770717051297e-01 2.139415472960509e-01;
-5.155984265623363e-01 1.101578886007811e-01;
2.139415472960508e-01 -4.818770717051297e-01;

1.424656574464711e-01 3.514824159356558e-01;
1.424656574464711e-01 3.514824159356558e-01;
1.424656574464711e-01 3.514824159356558e-01;
9.133904253811249e-02 -3.680944601210964e-01;
1.424656574464711e-01 3.514824159356558e-01;

2.131729785276411e-01 2.552533917328018e-01;
2.131729785276411e-01 2.552533917328018e-01;
2.131729785276411e-01 2.552533917328018e-01;
-2.242638311221306e-02 -3.318042647494899e-01;
-2.552533917328018e-01 2.131729785276411e-01;

3.520187983560113e-01 2.693380421788868e-01;
3.520187983560113e-01 2.693380421788868e-01;
3.520187983560113e-01 2.693380421788868e-01;
-1.264762611353832e-01 -4.248105115577771e-01;
-3.520187983560114e-01 -2.693380421788867e-01;

2.848772881668954e-01 5.021072868938488e-01;
2.848772881668954e-01 5.021072868938488e-01;
2.848772881668954e-01 5.021072868938488e-01;
6.466069086632249e-02 -5.736599967941951e-01;
5.021072868938488e-01 -2.848772881668956e-01;

9.918214558103870e-02 2.449838219564891e-01;
9.918214558103870e-02 2.449838219564891e-01;
9.918214558103870e-02 2.449838219564891e-01;
2.636424287817218e-01 -1.862366152349998e-02;
9.918214558103870e-02 2.449838219564891e-01;

1.392844566984076e-01 1.992424434598023e-01;
1.392844566984076e-01 1.992424434598023e-01;
1.392844566984076e-01 1.992424434598023e-01;
2.325320883471031e-01 -7.089808913178226e-02;
-1.992424434598023e-01 1.392844566984076e-01;

2.045293860844027e-01 2.241629863467770e-01;
2.045293860844027e-01 2.241629863467770e-01;
2.045293860844027e-01 2.241629863467770e-01;
2.763947250264391e-01 -1.252488331184251e-01;
-2.045293860844027e-01 -2.241629863467769e-01;

1.555754079634344e-01 3.113585860294706e-01;
1.555754079634344e-01 3.113585860294706e-01;
1.555754079634344e-01 3.113585860294706e-01;
3.441950571152900e-01 -5.174591109124085e-02;
3.113585860294705e-01 -1.555754079634345e-01;

2.704414320047456e-01 2.469090515735789e-01;
2.704414320047456e-01 2.469090515735789e-01;
-3.490502270894142e-01 1.107546245651623e-01;
2.704414320047456e-01 2.469090515735789e-01;
2.704414320047456e-01 2.469090515735789e-01;

2.539042895127311e-01 1.466105279948089e-01;
2.539042895127311e-01 1.466105279948089e-01;
-2.539205864621196e-01 1.465823008504595e-01;
2.539042895127311e-01 1.466105279948089e-01;
-1.466105279948089e-01 2.539042895127311e-01;

3.302945105168170e-01 9.007719967473192e-02;
3.302945105168170e-01 9.007719967473192e-02;
-2.431563984784897e-01 2.410048370007441e-01;
3.302945105168170e-01 9.007719967473192e-02;
-3.302945105168170e-01 -9.007719967473188e-02;

4.318449220574320e-01 2.075855369935438e-01;
4.318449220574320e-01 2.075855369935438e-01;
-3.956968095233592e-01 2.701959045002751e-01;
4.318449220574320e-01 2.075855369935438e-01;
2.075855369935437e-01 -4.318449220574321e-01;

3.959345185624940e-01 1.257092621339314e-01;
3.959345185624940e-01 1.257092621339314e-01;
-3.068346737802287e-01 2.800347202433155e-01;
2.793881984342705e-03 4.154024022547642e-01;
3.959345185624940e-01 1.257092621339314e-01;

2.993890491714848e-01 5.492299066606211e-02;
2.993890491714848e-01 5.492299066606211e-02;
-1.972592297543677e-01 2.318170268643433e-01;
4.028143595636935e-02 3.017080436196606e-01;
-5.492299066606209e-02 2.993890491714848e-01;

3.190820642052405e-01 -3.547801437568917e-02;
3.190820642052405e-01 -3.547801437568917e-02;
-1.288161703774439e-01 2.940721806815603e-01;
1.323433771968698e-01 2.925017670265359e-01;
-3.190820642052405e-01 3.547801437568921e-02;

4.589557403659491e-01 -4.433644682575823e-02;
4.589557403659491e-01 -4.433644682575823e-02;
-1.910813809183299e-01 4.196355537824862e-01;
1.839915901020253e-01 4.227921320267420e-01;
-4.433644682575831e-02 -4.589557403659491e-01;

7.502353377733314e-01 6.838710574888783e-02;
7.502353377733314e-01 6.838710574888783e-02;
-4.343426397564952e-01 6.155293084540602e-01;
-6.471500702454160e-01 3.856509365448595e-01;
7.502353377733314e-01 6.838710574888783e-02;

4.426664103141701e-01 -2.972434253787877e-03;
4.426664103141701e-01 -2.972434253787877e-03;
-2.187590015822256e-01 3.848465738610311e-01;
-3.563774957653316e-01 2.625975374938945e-01;
2.972434253787905e-03 4.426664103141701e-01;

3.921158501171690e-01 -1.758431668396953e-01;
3.921158501171690e-01 -1.758431668396953e-01;
-4.377327549350290e-02 4.275038708478473e-01;
-2.138703663237916e-01 3.727400242070205e-01;
-3.921158501171690e-01 1.758431668396953e-01;

5.719961449553406e-01 -3.937049975954286e-01;
5.719961449553406e-01 -3.937049975954286e-01;
5.496045703686238e-02 6.922156911958053e-01;
-2.313406106453897e-01 6.547249321979465e-01;
-3.937049975954287e-01 -5.719961449553405e-01;

4.756977964617350e-01 9.203247665678813e-01;
4.756977964617350e-01 9.203247665678813e-01;
-1.034873525810636e+00 -4.819600702379864e-02;
1.561057235838550e-01 -1.024166525805807e+00;
4.756977964617350e-01 9.203247665678813e-01;

5.689223550773079e-01 2.975298056744640e-01;
5.689223550773079e-01 2.975298056744640e-01;
-5.421295476357870e-01 3.439363094405875e-01;
-2.853842218444650e-01 -5.751108391376604e-01;
-2.975298056744639e-01 5.689223550773079e-01;

7.801771893649500e-01 -1.348964889028962e-01;
7.801771893649500e-01 -1.348964889028962e-01;
-2.732648084112411e-01 7.431015098946373e-01;
-7.104667715830837e-01 -3.494430940797551e-01;
-7.801771893649500e-01 1.348964889028963e-01;

3.047760828749465e+00 -7.880457393066753e-01;
3.047760828749465e+00 -7.880457393066753e-01;
-8.414127847910617e-01 3.033461172009488e+00;
-2.928891968944974e+00 -1.153886472209751e+00;
-7.880457393066759e-01 -3.047760828749465e+00;

1.960266441630810e-01 4.315349018683145e-01;
1.960266441630810e-01 4.315349018683145e-01;
-4.717335097191256e-01 -4.600339727031640e-02;
4.709896448273328e-01 -5.308079895553526e-02;
1.960266441630810e-01 4.315349018683145e-01;

2.800450934471228e-01 2.762794428443697e-01;
2.800450934471228e-01 2.762794428443697e-01;
-3.792875627701963e-01 1.043864437082106e-01;
3.492960575020133e-01 -1.809636679440192e-01;
-2.762794428443697e-01 2.800450934471228e-01;

4.753346798502756e-01 2.408745830191454e-01;
4.753346798502756e-01 2.408745830191454e-01;
-4.462708479457014e-01 2.912146165405091e-01;
3.759718358797461e-01 -3.776358050267802e-01;
-4.753346798502756e-01 -2.408745830191454e-01;

4.876516992926470e-01 6.511034679251924e-01;
4.876516992926470e-01 6.511034679251924e-01;
-8.076979933616865e-01 9.676702582348620e-02;
7.699288583698761e-01 -2.625822896093289e-01;
6.511034679251922e-01 -4.876516992926471e-01;

8.729115025253037e-02 2.959857374390896e-01;
8.729115025253037e-02 2.959857374390896e-01;
2.126855926538571e-01 -2.235892223638006e-01;
8.729115025253037e-02 2.959857374390896e-01;
8.729115025253037e-02 2.959857374390896e-01;

1.510479029740750e-01 2.422201327014288e-01;
1.510479029740750e-01 2.422201327014288e-01;
1.342448367404375e-01 -2.519213875146305e-01;
1.510479029740750e-01 2.422201327014288e-01;
-2.422201327014288e-01 1.510479029740751e-01;

2.421454935345226e-01 2.869005316116576e-01;
2.421454935345226e-01 2.869005316116576e-01;
1.273904019676944e-01 -3.531544146186459e-01;
2.421454935345226e-01 2.869005316116576e-01;
-2.421454935345226e-01 -2.869005316116575e-01;

1.466915061230107e-01 4.078094131244062e-01;
1.466915061230107e-01 4.078094131244062e-01;
2.798275586066533e-01 -3.309432773841310e-01;
1.466915061230107e-01 4.078094131244062e-01;
4.078094131244062e-01 -1.466915061230107e-01;

2.208343617843830e-01 3.689560769094281e-01;
2.208343617843830e-01 3.689560769094281e-01;
2.091081545920182e-01 -3.757262057885133e-01;
-2.826565104380876e-01 3.240396567398424e-01;
2.208343617843830e-01 3.689560769094281e-01;

2.663673039494628e-01 2.324284706619436e-01;
2.663673039494628e-01 2.324284706619436e-01;
6.810530818127768e-02 -3.468950872887777e-01;
-1.387405879293373e-01 3.251547075602279e-01;
-2.324284706619436e-01 2.663673039494628e-01;

4.128132384856256e-01 1.908824115435802e-01;
4.128132384856256e-01 1.908824115435802e-01;
-4.109760171043660e-02 -4.529479573188657e-01;
-5.397365514963875e-02 4.515946295688984e-01;
-4.128132384856256e-01 -1.908824115435801e-01;

4.723799065407035e-01 4.722772562041114e-01;
4.723799065407035e-01 4.722772562041114e-01;
1.728141482320203e-01 -6.452316274036239e-01;
-3.031889430885891e-01 5.952016865062733e-01;
4.722772562041113e-01 -4.723799065407036e-01;

1.123958813916606e-01 7.027402266108943e-01;
1.123958813916606e-01 7.027402266108943e-01;
5.523929478104370e-01 -4.487078018713682e-01;
-5.039905195381587e-01 -5.024641444586829e-01;
1.123958813916606e-01 7.027402266108943e-01;

3.982272332318229e-01 4.301555660203135e-01;
3.982272332318229e-01 4.301555660203135e-01;
1.734120311369541e-01 -5.599526834677060e-01;
-5.750116972057221e-01 -1.139310683805077e-01;
-4.301555660203135e-01 3.982272332318229e-01;

8.927596020827573e-01 2.746846018977775e-01;
8.927596020827573e-01 2.746846018977775e-01;
-2.084959577694886e-01 -9.104947958250433e-01;
-8.837132480037090e-01 3.025264169183226e-01;
-8.927596020827573e-01 -2.746846018977774e-01;

4.099455134834420e-01 2.141256266539198e+00;
4.099455134834420e-01 2.141256266539198e+00;
1.649409566093846e+00 -1.425651362113717e+00;
-1.590251742026450e+00 -1.491352781873030e+00;
2.141256266539198e+00 -4.099455134834424e-01;

-1.328246830397135e-01 4.296374800209064e-01;
-1.328246830397135e-01 4.296374800209064e-01;
4.384893136358908e-01 -9.978919024844551e-02;
3.599920004399848e-01 -2.695116329261745e-01;
-1.328246830397135e-01 4.296374800209064e-01;

6.946244917963483e-02 4.930232621868252e-01;
6.946244917963483e-02 4.930232621868252e-01;
3.922394451206489e-01 -3.066678766920621e-01;
2.335955006933104e-01 -4.396932009472218e-01;
-4.930232621868252e-01 6.946244917963486e-02;

1.282267162600080e-01 9.331134945018835e-01;
1.282267162600080e-01 9.331134945018835e-01;
7.439866327226979e-01 -5.776043409759682e-01;
4.447327581960598e-01 -8.302744475001420e-01;
-1.282267162600081e-01 -9.331134945018835e-01;

-3.888206403449424e-01 5.826364456029577e-01;
-3.888206403449424e-01 5.826364456029577e-01;
6.989882832353028e-01 4.541032925297352e-02;
6.570276159763320e-01 -2.428197478533345e-01;
5.826364456029578e-01 3.888206403449423e-01;

-2.226427340278823e-02 3.120939752645487e-01;
-2.226427340278823e-02 3.120939752645487e-01;
2.814134476485655e-01 -1.367655612686577e-01;
2.899389700229359e-01 1.176169244990786e-01;
-2.226427340278823e-02 3.120939752645487e-01;

7.225986259877387e-02 3.108261444038134e-01;
7.225986259877387e-02 3.108261444038134e-01;
2.330534059146857e-01 -2.179919488864180e-01;
3.179427556243649e-01 2.732734772566338e-02;
-3.108261444038134e-01 7.225986259877389e-02;

1.194726114356788e-01 4.403383241706719e-01;
1.194726114356788e-01 4.403383241706719e-01;
3.216078692738296e-01 -3.236354786451012e-01;
4.557056998729846e-01 2.244681981862100e-02;
-1.194726114356788e-01 -4.403383241706719e-01;

-6.984465718613443e-02 4.329935118596918e-01;
-6.984465718613443e-02 4.329935118596918e-01;
4.099057095373989e-01 -1.560095084880384e-01;
3.902181149308750e-01 2.002285699640093e-01;
4.329935118596918e-01 6.984465718613435e-02;

2.503879871063311e-01 1.979782298318216e-01;
-1.979782298318216e-01 2.503879871063311e-01;
2.503879871063311e-01 1.979782298318216e-01;
2.503879871063311e-01 1.979782298318216e-01;
2.503879871063311e-01 1.979782298318216e-01;

2.295255532294770e-01 1.222125370054360e-01;
-1.222125370054359e-01 2.295255532294770e-01;
2.295255532294770e-01 1.222125370054360e-01;
2.295255532294770e-01 1.222125370054360e-01;
-1.222125370054359e-01 2.295255532294770e-01;

2.864296979078830e-01 7.650311049078989e-02;
-7.650311049078988e-02 2.864296979078830e-01;
2.864296979078830e-01 7.650311049078989e-02;
2.864296979078830e-01 7.650311049078989e-02;
-2.864296979078830e-01 -7.650311049078985e-02;

3.626182789463389e-01 1.571282264728905e-01;
-1.571282264728904e-01 3.626182789463389e-01;
3.626182789463389e-01 1.571282264728905e-01;
3.626182789463389e-01 1.571282264728905e-01;
1.571282264728904e-01 -3.626182789463389e-01;

3.347585018826940e-01 1.016262249135321e-01;
-1.016262249135320e-01 3.347585018826940e-01;
3.347585018826940e-01 1.016262249135321e-01;
6.793782662758757e-03 3.497784851731916e-01;
3.347585018826940e-01 1.016262249135321e-01;

2.629108683762796e-01 4.973554250128727e-02;
-4.973554250128726e-02 2.629108683762796e-01;
2.629108683762796e-01 4.973554250128727e-02;
3.394261454682156e-02 2.654122224314334e-01;
-4.973554250128726e-02 2.629108683762796e-01;

2.814447629866562e-01 -1.928559508013838e-02;
1.928559508013840e-02 2.814447629866562e-01;
2.814447629866562e-01 -1.928559508013838e-02;
1.053129056123013e-01 2.617102991892077e-01;
-2.814447629866562e-01 1.928559508013842e-02;

3.840449603370308e-01 -1.575854581144652e-02;
1.575854581144654e-02 3.840449603370308e-01;
3.840449603370308e-01 -1.575854581144652e-02;
1.336636870295071e-01 3.603788036164738e-01;
-1.575854581144659e-02 -3.840449603370308e-01;

5.584235603052635e-01 7.044761252065865e-02;
-7.044761252065862e-02 5.584235603052635e-01;
5.584235603052635e-01 7.044761252065865e-02;
-4.931822180451792e-01 2.712398175377363e-01;
5.584235603052635e-01 7.044761252065865e-02;

3.700289458489736e-01 1.188398038413603e-02;
-1.188398038413601e-02 3.700289458489736e-01;
3.700289458489736e-01 1.188398038413603e-02;
-3.063449340107949e-01 2.078832151997723e-01;
-1.188398038413601e-02 3.700289458489736e-01;

3.513679343589279e-01 -1.165224593934437e-01;
1.165224593934437e-01 3.513679343589279e-01;
3.513679343589279e-01 -1.165224593934437e-01;
-2.157724469824788e-01 3.007975398203083e-01;
-3.513679343589279e-01 1.165224593934438e-01;

5.152202951462267e-01 -2.262969364701841e-01;
2.262969364701841e-01 5.152202951462267e-01;
5.152202951462267e-01 -2.262969364701841e-01;
-2.838079727240326e-01 4.859169585480941e-01;
-2.262969364701842e-01 -5.152202951462267e-01;

5.194431122737914e-01 5.637310084203679e-01;
-5.637310084203679e-01 5.194431122737914e-01;
5.194431122737914e-01 5.637310084203679e-01;
-8.888553243105486e-02 -7.613889668676421e-01;
5.194431122737914e-01 5.637310084203679e-01;

4.558777831394117e-01 2.062069781138832e-01;
-2.062069781138832e-01 4.558777831394117e-01;
4.558777831394117e-01 2.062069781138832e-01;
-2.476074532626237e-01 -4.347831874299668e-01;
-2.062069781138832e-01 4.558777831394117e-01;

5.906873758173711e-01 -3.971607621693788e-02;
3.971607621693792e-02 5.906873758173711e-01;
5.906873758173711e-01 -3.971607621693788e-02;
-5.012206492782345e-01 -3.150663476113989e-01;
-5.906873758173711e-01 3.971607621693795e-02;

1.335136783222270e+00 3.987958033933841e-02;
-3.987958033933833e-02 1.335136783222270e+00;
1.335136783222270e+00 3.987958033933841e-02;
-1.056707718250840e+00 -8.170369691943284e-01;
3.987958033933817e-02 -1.335136783222270e+00;

2.257933164190819e-01 3.477605526116629e-01;
-3.477605526116629e-01 2.257933164190819e-01;
2.257933164190819e-01 3.477605526116629e-01;
4.005139116615017e-01 -1.072782841860346e-01;
2.257933164190819e-01 3.477605526116629e-01;

2.608989574610410e-01 2.187873660618809e-01;
-2.187873660618808e-01 2.608989574610410e-01;
2.608989574610410e-01 2.187873660618809e-01;
2.887013618463731e-01 -1.805206393202814e-01;
-2.187873660618808e-01 2.608989574610410e-01;

3.934541612744102e-01 1.767784717835886e-01;
-1.767784717835886e-01 3.934541612744102e-01;
3.934541612744102e-01 1.767784717835886e-01;
2.897103398718149e-01 -3.195695919227111e-01;
-3.934541612744102e-01 -1.767784717835885e-01;

4.589745857322052e-01 4.231610439943724e-01;
-4.231610439943724e-01 4.589745857322052e-01;
4.589745857322052e-01 4.231610439943724e-01;
5.442810153105606e-01 -3.057468166227767e-01;
4.231610439943723e-01 -4.589745857322053e-01;

5.058466764484982e-01 9.451859430542130e-02;
-9.451859430542127e-02 5.058466764484982e-01;
-3.347788420227391e-01 3.908167750716164e-01;
5.058466764484982e-01 9.451859430542130e-02;
5.058466764484982e-01 9.451859430542130e-02;

3.491144767864691e-01 2.712969083894660e-02;
-2.712969083894658e-02 3.491144767864691e-01;
-1.980522398565802e-01 2.887771603065217e-01;
3.491144767864691e-01 2.712969083894660e-02;
-2.712969083894658e-02 3.491144767864691e-01;

3.447727837345356e-01 -9.100799340104310e-02;
9.100799340104312e-02 3.447727837345356e-01;
-9.357115763451782e-02 3.440859859481076e-01;
3.447727837345356e-01 -9.100799340104310e-02;
-3.447727837345356e-01 9.100799340104314e-02;

5.091264568883413e-01 -1.664303271212482e-01;
1.664303271212483e-01 5.091264568883413e-01;
-1.104303371970153e-01 5.241316089646905e-01;
5.091264568883413e-01 -1.664303271212482e-01;
-1.664303271212483e-01 -5.091264568883413e-01;

4.083316856183404e-01 -1.410571819691820e-01;
1.410571819691820e-01 4.083316856183404e-01;
-8.200673983761422e-02 4.241542039001947e-01;
2.603347822798573e-01 3.447574440099900e-01;
4.083316856183404e-01 -1.410571819691820e-01;

2.959260649986852e-01 -8.442177083505545e-02;
8.442177083505546e-02 2.959260649986852e-01;
-7.485163432371630e-02 2.984903753483542e-01;
1.717360584329547e-01 2.553546505753233e-01;
8.442177083505546e-02 2.959260649986852e-01;

2.434457671867502e-01 -1.489126433626635e-01;
1.489126433626635e-01 2.434457671867502e-01;
7.239248503383712e-03 2.852865405088495e-01;
2.168532190981501e-01 1.855141457710729e-01;
-2.434457671867502e-01 1.489126433626635e-01;

2.899756182264986e-01 -2.391901005593320e-01;
2.391901005593320e-01 2.899756182264986e-01;
6.215689430488675e-02 3.707213021419116e-01;
3.170906977566156e-01 2.018693953219410e-01;
-2.391901005593320e-01 -2.899756182264985e-01;

3.642134485218324e-01 -4.086591076192541e-01;
4.086591076192541e-01 3.642134485218324e-01;
1.718024444252368e-01 5.197476526294698e-01;
-5.445107276046723e-02 5.446914566977941e-01;
3.642134485218324e-01 -4.086591076192541e-01;

3.127941976195684e-01 -2.178983787231903e-01;
2.178983787231904e-01 3.127941976195684e-01;
3.230843260794132e-02 3.798369106565114e-01;
-1.249783681041753e-01 3.601393077972492e-01;
2.178983787231904e-01 3.127941976195684e-01;

2.016042983515504e-01 -2.435548039046239e-01;
2.435548039046239e-01 2.016042983515504e-01;
1.101224982193666e-01 2.963718458368919e-01;
-1.994338164531825e-02 3.155400087903117e-01;
-2.016042983515504e-01 2.435548039046240e-01;

1.671616835441788e-01 -3.561851485980891e-01;
3.561851485980891e-01 1.671616835441787e-01;
2.248845453645911e-01 3.228588387876785e-01;
7.412373463599226e-02 3.864150106954697e-01;
-3.561851485980891e-01 -1.671616835441787e-01;

6.651491923973075e-01 -1.238094446588906e+00;
1.238094446588906e+00 6.651491923973074e-01;
7.396466468317749e-01 1.195083321217224e+00;
-1.265850657094363e+00 6.106745620662847e-01;
6.651491923973075e-01 -1.238094446588906e+00;

5.779874779386003e-01 -3.459816197960190e-01;
3.459816197960191e-01 5.779874779386003e-01;
1.063513301654153e-02 6.735426488621351e-01;
-6.709645858686042e-01 -5.982750538567923e-02;
3.459816197960191e-01 5.779874779386003e-01;

2.720463056690097e-01 -4.062421583393908e-01;
4.062421583393908e-01 2.720463056690097e-01;
2.157928763756280e-01 4.387200908847643e-01;
-4.588732340745081e-01 1.687520035152313e-01;
-2.720463056690097e-01 4.062421583393909e-01;

8.088307333682590e-02 -6.290715873362318e-01;
6.290715873362318e-01 8.088307333682586e-02;
5.043504387637651e-01 3.845825899139668e-01;
-4.351947825592208e-01 4.613877271659587e-01;
-6.290715873362318e-01 -8.088307333682579e-02;

9.852290266609940e-01 5.615529651339717e-01;
-5.615529651339716e-01 9.852290266609940e-01;
-9.789336467069935e-01 5.724568830672511e-01;
8.385211193252641e-01 -7.634790763810306e-01;
9.852290266609940e-01 5.615529651339717e-01;

5.693764000014369e-01 1.006262860040169e-01;
-1.006262860040169e-01 5.693764000014369e-01;
-3.718331199686755e-01 4.427812837145660e-01;
2.716482688111718e-01 -5.104139029899672e-01;
-1.006262860040169e-01 5.693764000014369e-01;

5.477904540549552e-01 -2.222734839141046e-01;
2.222734839141046e-01 5.477904540549552e-01;
-8.140074337019111e-02 5.855371911192558e-01;
-4.211808561678534e-02 -5.896659648216308e-01;
-5.477904540549552e-01 2.222734839141046e-01;

9.732030107676957e-01 -7.723753331474080e-01;
7.723753331474081e-01 9.732030107676957e-01;
1.822951543782768e-01 1.229006196938029e+00;
-4.338363243113999e-01 -1.164248169047240e+00;
-7.723753331474082e-01 -9.732030107676956e-01;

2.459898040555666e-01 4.930654067123884e-01;
-4.930654067123884e-01 2.459898040555666e-01;
3.040122659124511e-01 -4.595661227402713e-01;
2.459898040555666e-01 4.930654067123884e-01;
2.459898040555666e-01 4.930654067123884e-01;

3.316862785333266e-01 2.825329910683219e-01;
-2.825329910683219e-01 3.316862785333266e-01;
7.883760840570510e-02 -4.285152388307429e-01;
3.316862785333266e-01 2.825329910683219e-01;
-2.825329910683219e-01 3.316862785333266e-01;

5.555288706748974e-01 1.900326664655207e-01;
-1.900326664655207e-01 5.555288706748974e-01;
-1.131913186294129e-01 -5.761184477729016e-01;
5.555288706748974e-01 1.900326664655207e-01;
-5.555288706748974e-01 -1.900326664655207e-01;

7.277581713488911e-01 7.411557454963315e-01;
-7.411557454963315e-01 7.277581713488911e-01;
2.779806180861710e-01 -1.000834936948014e+00;
7.277581713488911e-01 7.411557454963315e-01;
7.411557454963313e-01 -7.277581713488912e-01;

7.529538276888766e-01 3.538176202626938e-01;
-3.538176202626938e-01 7.529538276888766e-01;
-7.006186639039014e-02 -8.289859527866449e-01;
-1.038250245953503e-01 8.254373018633585e-01;
7.529538276888766e-01 3.538176202626938e-01;

4.774326449143775e-01 8.854461570368176e-02;
-8.854461570368173e-02 4.774326449143775e-01;
-1.620344358894701e-01 -4.577411069436871e-01;
6.332386720008579e-02 4.814272190506855e-01;
-8.854461570368173e-02 4.774326449143775e-01;

4.863605887594478e-01 -1.445443369031297e-01;
1.445443369031297e-01 4.863605887594478e-01;
-3.683593621110109e-01 -3.489284568136731e-01;
2.877635208261580e-01 4.178897506650953e-01;
-4.863605887594478e-01 1.445443369031297e-01;

8.751805775407288e-01 -3.913525968522153e-01;
3.913525968522154e-01 8.751805775407288e-01;
-7.765115794813930e-01 -5.622523146228998e-01;
6.426441090122962e-01 7.114115879849638e-01;
-3.913525968522155e-01 -8.751805775407286e-01;

5.087859203160086e+00 -4.264926944734949e+00;
4.264926944734949e+00 5.087859203160086e+00;
-6.237464681005260e+00 -2.273751848447608e+00;
-1.609303400123488e+00 6.440966983416229e+00;
5.087859203160086e+00 -4.264926944734949e+00;

9.059850162456672e-01 -2.000868951845929e-01;
2.000868951845929e-01 9.059850162456672e-01;
-6.262728423170456e-01 -6.845625919245083e-01;
-6.153491486253140e-01 6.943983299032145e-01;
2.000868951845929e-01 9.059850162456672e-01;

4.151949993643844e-01 -5.296241725896230e-01;
5.296241725896230e-01 4.151949993643844e-01;
-6.662654876031198e-01 -9.475733067900892e-02;
-2.459453255949852e-02 6.725204537087431e-01;
-4.151949993643844e-01 5.296241725896230e-01;

-1.892642347379716e-02 -9.669648000725501e-01;
9.669648000725501e-01 -1.892642347379722e-02;
-8.279528696912704e-01 4.998731635673659e-01;
5.836794472016237e-01 7.711662836245263e-01;
-9.669648000725501e-01 1.892642347379734e-02;

-7.690643531207741e-01 6.450714905695817e-01;
-6.450714905695817e-01 -7.690643531207741e-01;
9.431804746507390e-01 3.434935216628452e-01;
1.001349640273805e+00 -6.982911362932845e-02;
-7.690643531207741e-01 6.450714905695817e-01;

6.100854969273412e-01 1.771894435702356e+00;
-1.771894435702356e+00 6.100854969273413e-01;
1.229462845678861e+00 -1.414296756670709e+00;
5.479238828890345e-01 -1.792091968453029e+00;
-1.771894435702356e+00 6.100854969273413e-01;

2.019269568480723e-01 -2.294625192031355e+00;
2.294625192031355e+00 2.019269568480721e-01;
-2.088167186886935e+00 9.724387216763639e-01;
-1.512109187127322e+00 1.737701088798648e+00;
-2.019269568480720e-01 2.294625192031355e+00;

-1.003078633011887e+00 -3.311621793551882e-01;
3.311621793551882e-01 -1.003078633011887e+00;
2.147444564117326e-01 1.034272667859256e+00;
6.168554156589935e-01 8.575106583666727e-01;
-3.311621793551880e-01 1.003078633011887e+00;

-1.107856388127958e-01 5.652555979997894e-01;
-5.652555979997894e-01 -1.107856388127958e-01;
5.449185269055797e-01 -1.866846214135265e-01;
5.033553747241749e-01 2.800369896523391e-01;
-1.107856388127958e-01 5.652555979997894e-01;

2.136865532817738e-01 5.555648286295986e-01;
-5.555648286295986e-01 2.136865532817738e-01;
3.742899784014934e-01 -4.628403979039526e-01;
5.944063269260558e-01 -3.154901541973139e-02;
-5.555648286295986e-01 2.136865532817738e-01;

7.580198563442500e-01 1.023268277959930e+00;
-1.023268277959930e+00 7.580198563442501e-01;
5.071663954279304e-01 -1.168098591147117e+00;
1.207426981355942e+00 -4.047124361629095e-01;
-7.580198563442501e-01 -1.023268277959930e+00;

-5.809593225432638e-01 9.485212580086659e-01;
-9.485212580086659e-01 -5.809593225432637e-01;
1.111923166736710e+00 2.886490288353041e-02;
7.225710195671936e-01 8.456343376577707e-01;
9.485212580086660e-01 5.809593225432635e-01;

1.890494256647573e-01 3.981466736190407e-01;
-1.890494256647573e-01 -3.981466736190407e-01;
1.890494256647573e-01 3.981466736190407e-01;
1.890494256647573e-01 3.981466736190407e-01;
1.890494256647573e-01 3.981466736190407e-01;

2.612485261266751e-01 2.617550041431643e-01;
-2.612485261266752e-01 -2.617550041431643e-01;
2.612485261266751e-01 2.617550041431643e-01;
2.612485261266751e-01 2.617550041431643e-01;
-2.617550041431643e-01 2.612485261266751e-01;

4.324720094597806e-01 2.380781831376540e-01;
-4.324720094597807e-01 -2.380781831376539e-01;
4.324720094597806e-01 2.380781831376540e-01;
4.324720094597806e-01 2.380781831376540e-01;
-4.324720094597807e-01 -2.380781831376539e-01;

4.318878527294878e-01 5.737207757088340e-01;
-4.318878527294878e-01 -5.737207757088340e-01;
4.318878527294878e-01 5.737207757088340e-01;
4.318878527294878e-01 5.737207757088340e-01;
5.737207757088338e-01 -4.318878527294879e-01;

5.121647594873976e-01 3.835754404057617e-01;
-5.121647594873976e-01 -3.835754404057617e-01;
5.121647594873976e-01 3.835754404057617e-01;
-2.065343074871196e-01 6.056289616374648e-01;
5.121647594873976e-01 3.835754404057617e-01;

4.030224078424081e-01 1.475777449395633e-01;
-4.030224078424081e-01 -1.475777449395632e-01;
4.030224078424081e-01 1.475777449395633e-01;
-1.581400284770059e-02 4.289011183693417e-01;
-1.475777449395633e-01 4.030224078424081e-01;

4.851515732388934e-01 -3.211532187389678e-02;
-4.851515732388934e-01 3.211532187389685e-02;
4.851515732388934e-01 -3.211532187389678e-02;
1.804635671196459e-01 4.514823848808394e-01;
-4.851515732388934e-01 3.211532187389685e-02;

8.966887233984030e-01 -1.460733119328915e-04;
-8.966887233984030e-01 1.460733119330013e-04;
8.966887233984030e-01 -1.460733119328915e-04;
2.772309781696538e-01 8.527565143406217e-01;
-1.460733119330562e-04 -8.966887233984030e-01;

1.499601518797922e+00 1.771183338549752e+00;
-1.499601518797922e+00 -1.771183338549752e+00;
1.499601518797922e+00 1.771183338549752e+00;
-2.254278559003692e+00 -5.514737639756928e-01;
1.499601518797922e+00 1.771183338549752e+00;

8.024766754627574e-01 1.275499725921697e-01;
-8.024766754627574e-01 -1.275499725921696e-01;
8.024766754627574e-01 1.275499725921697e-01;
-7.241892608588666e-01 3.684938596865779e-01;
-1.275499725921697e-01 8.024766754627574e-01;

6.280780895954479e-01 -4.326623840081185e-01;
-6.280780895954479e-01 4.326623840081186e-01;
6.280780895954479e-01 -4.326623840081185e-01;
-2.538132797355932e-01 7.192062598415823e-01;
-6.280780895954479e-01 4.326623840081186e-01;

3.658475571040091e-01 -1.558451829222101e+00;
-3.658475571040090e-01 1.558451829222101e+00;
3.658475571040091e-01 -1.558451829222101e+00;
6.200581105772768e-01 1.475853813408368e+00;
-1.558451829222101e+00 -3.658475571040088e-01;

-4.011640826130910e-01 7.122909072346427e-01;
4.011640826130909e-01 -7.122909072346427e-01;
-4.011640826130910e-01 7.122909072346427e-01;
7.432226509813750e-01 -3.404571173821610e-01;
-4.011640826130910e-01 7.122909072346427e-01;

3.440843467138397e-01 9.505123912434577e-01;
-3.440843467138398e-01 -9.505123912434577e-01;
3.440843467138397e-01 9.505123912434577e-01;
2.803270817042597e-01 -9.712283824230112e-01;
-9.505123912434577e-01 3.440843467138398e-01;

4.968073982546058e+00 -1.688455217483203e-01;
-4.968073982546058e+00 1.688455217483210e-01;
4.968073982546058e+00 -1.688455217483203e-01;
-4.118501188791078e+00 -2.783561722720010e+00;
-4.968073982546058e+00 1.688455217483210e-01;

-1.318382424821070e+00 2.307947349824553e-01;
1.318382424821070e+00 -2.307947349824554e-01;
-1.318382424821070e+00 2.307947349824553e-01;
1.202251528294934e+00 5.882088833783464e-01;
2.307947349824555e-01 1.318382424821070e+00;

-3.745463840874601e-02 4.666343662952012e-01;
3.745463840874596e-02 -4.666343662952012e-01;
-3.745463840874601e-02 4.666343662952012e-01;
4.322215350058395e-01 1.798194272687179e-01;
-3.745463840874601e-02 4.666343662952012e-01;

1.679511872843146e-01 4.370609540776362e-01;
-1.679511872843147e-01 -4.370609540776362e-01;
1.679511872843146e-01 4.370609540776362e-01;
4.675694394900155e-01 -2.467180869853720e-02;
-4.370609540776362e-01 1.679511872843146e-01;

4.164335422318223e-01 6.979539194184996e-01;
-4.164335422318224e-01 -6.979539194184996e-01;
4.164335422318223e-01 6.979539194184996e-01;
7.924786647140970e-01 -1.803722115525288e-01;
-4.164335422318224e-01 -6.979539194184996e-01;

-2.022901475439446e-01 7.867114924856826e-01;
2.022901475439445e-01 -7.867114924856826e-01;
-2.022901475439446e-01 7.867114924856826e-01;
6.856959979870999e-01 4.354965838521310e-01;
7.867114924856826e-01 2.022901475439444e-01;

1.075138373702700e+00 1.169763171695601e+00;
-1.075138373702700e+00 -1.169763171695601e+00;
-1.550613809951198e+00 3.462155583622251e-01;
1.075138373702700e+00 1.169763171695601e+00;
1.075138373702700e+00 1.169763171695601e+00;

6.936083653496570e-01 1.667900649060766e-01;
-6.936083653496570e-01 -1.667900649060766e-01;
-4.912486159823461e-01 5.172874322171629e-01;
6.936083653496570e-01 1.667900649060766e-01;
-1.667900649060766e-01 6.936083653496570e-01;

6.537125889147655e-01 -3.245323047816451e-01;
-6.537125889147655e-01 3.245323047816451e-01;
-4.580307416776388e-02 7.283978611647030e-01;
6.537125889147655e-01 -3.245323047816451e-01;
-6.537125889147655e-01 3.245323047816451e-01;

9.407253081018140e-01 -1.534956273406191e+00;
-9.407253081018138e-01 1.534956273406192e+00;
8.589484724171473e-01 1.582170151502209e+00;
9.407253081018140e-01 -1.534956273406191e+00;
-1.534956273406192e+00 -9.407253081018137e-01;

7.675577209207304e-01 -7.083167134106616e-01;
-7.675577209207303e-01 7.083167134106617e-01;
2.296414072783698e-01 1.018882841893570e+00;
9.108376058181853e-01 5.111088702706138e-01;
7.675577209207304e-01 -7.083167134106616e-01;

4.959766194511638e-01 -2.373086110769352e-01;
-4.959766194511637e-01 2.373086110769352e-01;
-4.247302399615466e-02 5.481826576663026e-01;
3.789591051607172e-01 3.983694021247830e-01;
2.373086110769352e-01 4.959766194511638e-01;

2.877462101132416e-01 -3.292417414378630e-01;
-2.877462101132415e-01 3.292417414378631e-01;
1.412586070147963e-01 4.138163985196934e-01;
4.020459726228197e-01 1.719216148055308e-01;
-2.877462101132415e-01 3.292417414378631e-01;

2.000558078808050e-01 -5.587606342399223e-01;
-2.000558078808050e-01 5.587606342399223e-01;
3.838729999460753e-01 4.526337289193573e-01;
5.932335867016693e-01 1.759784793987077e-02;
-5.587606342399223e-01 -2.000558078808049e-01;

-1.626234892152792e-01 -7.605918580188220e-01;
1.626234892152793e-01 7.605918580188220e-01;
7.400036155635463e-01 2.394598560969144e-01;
5.786298436169062e-01 5.197440502833589e-01;
-1.626234892152792e-01 -7.605918580188220e-01;

2.799495125434573e-01 -5.836098733416853e-01;
-2.799495125434572e-01 5.836098733416853e-01;
3.654462199415896e-01 5.342483263105470e-01;
1.165533634278814e-01 6.367005004779449e-01;
5.836098733416853e-01 2.799495125434572e-01;

9.322248662607857e-02 -4.078857648808907e-01;
-9.322248662607852e-02 4.078857648808907e-01;
3.066281909158587e-01 2.846759240625844e-01;
1.643306612786340e-01 3.847813183731059e-01;
-9.322248662607852e-02 4.078857648808907e-01;

-8.124701487555501e-02 -4.407508401082635e-01;
8.124701487555507e-02 4.407508401082635e-01;
4.223249317108670e-01 1.500134411902488e-01;
3.247970595277134e-01 3.088191227959819e-01;
-4.407508401082635e-01 8.124701487555509e-02;

-7.228312614891836e-01 -3.277385015626502e-01;
7.228312614891836e-01 3.277385015626501e-01;
6.452454988960927e-01 -4.621209843178605e-01;
3.921429167832716e-01 6.900155728744707e-01;
-7.228312614891836e-01 -3.277385015626502e-01;

-4.435789688980062e-01 -1.382088422176158e+00;
4.435789688980064e-01 1.382088422176158e+00;
1.418713168329908e+00 3.068935554378979e-01;
-4.535082677335158e-01 1.378862197414718e+00;
1.382088422176158e+00 -4.435789688980063e-01;

-1.302766570093477e-01 -5.994424786358998e-01;
1.302766570093477e-01 5.994424786358998e-01;
5.842707431108738e-01 1.868983448277426e-01;
-2.469474190489094e-01 5.615338500747438e-01;
1.302766570093477e-01 5.994424786358998e-01;

-3.403397897511247e-01 -3.865165287668866e-01;
3.403397897511247e-01 3.865165287668865e-01;
5.049030277702649e-01 -1.014846394596855e-01;
4.815195839420110e-02 5.127451495632566e-01;
-3.865165287668865e-01 3.403397897511247e-01;

-8.857868327036074e-01 6.699170537303571e-01;
8.857868327036073e-01 -6.699170537303573e-01;
-1.372717706071106e-01 -1.102072426324259e+00;
3.634057946285339e-01 1.049449093715486e+00;
-8.857868327036074e-01 6.699170537303571e-01;

1.022969850743252e+00 1.904730976000974e+00;
-1.022969850743252e+00 -1.904730976000974e+00;
-2.161030337963597e+00 -6.644760995125501e-02;
2.127621875127823e+00 -3.843079012261698e-01;
-1.904730976000974e+00 1.022969850743252e+00;

2.894833448488063e-01 -1.843000871295872e+00;
-2.894833448488061e-01 1.843000871295872e+00;
1.451343901314677e+00 1.172200366259493e+00;
-1.663342715036801e+00 -8.448336113556336e-01;
-2.894833448488061e-01 1.843000871295872e+00;

-9.657043750639315e-01 -4.454670660822806e-01;
9.657043750639315e-01 4.454670660822805e-01;
8.686379833085419e-01 -6.135909883100001e-01;
-7.220834194294297e-01 7.807825448655188e-01;
-4.454670660822805e-01 9.657043750639316e-01;

-1.954608464047841e-01 5.017532033118034e-01;
1.954608464047840e-01 -5.017532033118034e-01;
5.322614437006321e-01 -8.160254322415070e-02;
-1.954608464047841e-01 5.017532033118034e-01;
-1.954608464047841e-01 5.017532033118034e-01;

1.006421377415354e-01 6.104667943425980e-01;
-1.006421377415355e-01 -6.104667943425980e-01;
4.783586831967724e-01 -3.923920451466416e-01;
1.006421377415354e-01 6.104667943425980e-01;
-6.104667943425980e-01 1.006421377415355e-01;

2.835094039098193e-01 1.465505874804945e+00;
-2.835094039098195e-01 -1.465505874804945e+00;
1.127410615021510e+00 -9.782792834001601e-01;
2.835094039098193e-01 1.465505874804945e+00;
-2.835094039098195e-01 -1.465505874804945e+00;

-6.300598674147943e-01 6.173376769095710e-01;
6.300598674147941e-01 -6.173376769095711e-01;
8.496600446243557e-01 2.369790126314811e-01;
-6.300598674147943e-01 6.173376769095710e-01;
6.173376769095711e-01 6.300598674147941e-01;

-7.358754465285335e-01 1.146712409394394e+00;
7.358754465285334e-01 -1.146712409394394e+00;
1.361019800634673e+00 6.393062601772963e-02;
-1.317986327991624e+00 -3.455055164390577e-01;
-7.358754465285335e-01 1.146712409394394e+00;

1.030513673591709e+00 9.188125720590195e-01;
-1.030513673591709e+00 -9.188125720590193e-01;
2.804581919237757e-01 -1.351857306307155e+00;
-5.553964458350451e-01 1.264005443812245e+00;
-9.188125720590193e-01 1.030513673591709e+00;

1.091520374469029e+00 -1.226386462641816e+00;
-1.091520374469028e+00 1.226386462641816e+00;
-1.607842018739662e+00 -3.320911417175736e-01;
1.503661182209098e+00 6.591233061799983e-01;
-1.091520374469028e+00 1.226386462641816e+00;

-1.381796411931861e+00 -8.292992184572278e-01;
1.381796411931861e+00 8.292992184572275e-01;
-2.729598455660858e-02 1.611320404819793e+00;
3.617118516189539e-01 -1.570434033686205e+00;
-8.292992184572275e-01 1.381796411931862e+00;

-7.305104293173661e-01 5.187285060949643e-03;
7.305104293173661e-01 -5.187285060949732e-03;
3.697475352981373e-01 6.300469469878406e-01;
5.879463422276247e-01 -4.335798587675666e-01;
-7.305104293173661e-01 5.187285060949643e-03;

-2.134170157963039e+00 -6.224510018418297e-01;
2.134170157963039e+00 6.224510018418294e-01;
5.280266987754219e-01 2.159471073715555e+00;
2.092447445837267e+00 -7.508603060776206e-01;
6.224510018418296e-01 -2.134170157963039e+00;

-3.908606745526435e-01 -7.320989828659185e-01;
3.908606745526436e-01 7.320989828659185e-01;
-4.385859799703117e-01 7.045447649358706e-01;
7.465299134928510e-01 3.625383785000096e-01;
3.908606745526436e-01 7.320989828659185e-01;

-4.816894908734059e-01 -2.968838896161804e-01;
4.816894908734060e-01 2.968838896161803e-01;
-1.626424494524407e-02 5.655972806404522e-01;
5.641989560880188e-01 -4.294586686403195e-02;
-2.968838896161803e-01 4.816894908734060e-01;

-4.007006126529256e-01 1.331246781526130e-01;
4.007006126529256e-01 -1.331246781526131e-01;
3.156396594772530e-01 2.804545707931151e-01;
4.024223278269577e-01 1.278257837057892e-01;
-4.007006126529256e-01 1.331246781526130e-01;

-6.267866472453213e-01 2.922359514485114e-01;
6.267866472453213e-01 -2.922359514485114e-01;
5.664770814761876e-01 3.966951835430679e-01;
6.788530319198545e-01 1.319920964954667e-01;
-2.922359514485114e-01 -6.267866472453213e-01;

-6.580303854599896e-01 -1.483164298342021e-01;
6.580303854599896e-01 1.483164298342020e-01;
2.005693966949639e-01 6.440292451875183e-01;
4.451795545230136e-01 5.067710684146023e-01;
6.580303854599896e-01 1.483164298342020e-01;

-4.169419844425525e-01 -3.329296952091972e-02;
4.169419844425525e-01 3.329296952091967e-02;
1.796384348487389e-01 3.777288351920064e-01;
3.177440345930205e-01 2.720069276525213e-01;
-3.329296952091965e-02 4.169419844425525e-01;

-2.762172682703414e-01 2.749981306249754e-01;
2.762172682703413e-01 -2.749981306249754e-01;
3.762640012496308e-01 1.017121059735691e-01;
1.761829340645093e-01 3.476773286862138e-01;
-2.762172682703414e-01 2.749981306249754e-01;

-2.461127050945240e-01 4.676859403012194e-01;
2.461127050945239e-01 -4.676859403012195e-01;
5.280842578409304e-01 -2.070311534464438e-02;
3.687427526973034e-01 3.785899955064783e-01;
-4.676859403012194e-01 -2.461127050945240e-01;

-6.444511462294634e-01 4.673982936413453e-01;
6.444511462294633e-01 -4.673982936413454e-01;
7.270043690936356e-01 3.244119173120423e-01;
2.453758366435188e-01 7.573434779324396e-01;
6.444511462294633e-01 -4.673982936413454e-01;

-4.266135017707960e-01 1.906478801240414e-01;
4.266135017707960e-01 -1.906478801240414e-01;
3.784126582504683e-01 2.741341900689261e-01;
4.948608663284424e-02 4.646469856984961e-01;
1.906478801240414e-01 4.266135017707960e-01;

7.907523371720379e-02 2.588205848407844e-01;
2.588205848407844e-01 -7.907523371720383e-02;
7.907523371720379e-02 2.588205848407844e-01;
7.907523371720379e-02 2.588205848407844e-01;
7.907523371720379e-02 2.588205848407844e-01;

1.291542263904537e-01 2.176297951111886e-01;
2.176297951111886e-01 -1.291542263904538e-01;
1.291542263904537e-01 2.176297951111886e-01;
1.291542263904537e-01 2.176297951111886e-01;
-2.176297951111886e-01 1.291542263904537e-01;

1.960309663560133e-01 2.564926990393359e-01;
2.564926990393358e-01 -1.960309663560134e-01;
1.960309663560133e-01 2.564926990393359e-01;
1.960309663560133e-01 2.564926990393359e-01;
-1.960309663560133e-01 -2.564926990393359e-01;

1.236467092650828e-01 3.401389838878286e-01;
3.401389838878286e-01 -1.236467092650828e-01;
1.236467092650828e-01 3.401389838878286e-01;
1.236467092650828e-01 3.401389838878286e-01;
3.401389838878286e-01 -1.236467092650828e-01;

1.761865873202919e-01 3.142589766859254e-01;
3.142589766859253e-01 -1.761865873202919e-01;
1.761865873202919e-01 3.142589766859254e-01;
-2.444333979185002e-01 2.646747663856000e-01;
1.761865873202919e-01 3.142589766859254e-01;

2.187759480441207e-01 2.179230946203621e-01;
2.179230946203621e-01 -2.187759480441207e-01;
2.187759480441207e-01 2.179230946203621e-01;
-1.396516932837769e-01 2.754102307004825e-01;
-2.179230946203621e-01 2.187759480441207e-01;

3.332238411002729e-01 2.081464265234793e-01;
2.081464265234793e-01 -3.332238411002729e-01;
3.332238411002729e-01 2.081464265234793e-01;
-9.498718545782396e-02 3.812354885774867e-01;
-3.332238411002729e-01 -2.081464265234793e-01;

3.306294567683405e-01 4.016408706649492e-01;
4.016408706649492e-01 -3.306294567683405e-01;
3.306294567683405e-01 4.016408706649492e-01;
-2.798130462739847e-01 4.385611540096767e-01;
4.016408706649492e-01 -3.306294567683405e-01;

1.120374394847178e-01 5.277486444866250e-01;
5.277486444866250e-01 -1.120374394847179e-01;
1.120374394847178e-01 5.277486444866250e-01;
-4.008430626959730e-01 -3.611036675142944e-01;
1.120374394847178e-01 5.277486444866250e-01;

2.898094982447831e-01 3.677558774444061e-01;
3.677558774444060e-01 -2.898094982447832e-01;
2.898094982447831e-01 3.677558774444061e-01;
-4.506222904170061e-01 -1.271750055912300e-01;
-3.677558774444061e-01 2.898094982447831e-01;

6.066340613254629e-01 3.786590931735049e-01;
3.786590931735048e-01 -6.066340613254630e-01;
6.066340613254629e-01 3.786590931735049e-01;
-7.133474955928212e-01 5.022891333342284e-02;
-6.066340613254629e-01 -3.786590931735048e-01;

3.004005232700444e-01 1.055932905619453e+00;
1.055932905619453e+00 -3.004005232700445e-01;
3.004005232700444e-01 1.055932905619453e+00;
-8.636909177780474e-01 -6.776966682067811e-01;
1.055932905619453e+00 -3.004005232700445e-01;

-7.318920725036175e-02 3.779676215006962e-01;
3.779676215006962e-01 7.318920725036168e-02;
-7.318920725036175e-02 3.779676215006962e-01;
2.813751062325454e-01 -2.627626924688010e-01;
-7.318920725036175e-02 3.779676215006962e-01;

7.354911649344642e-02 4.006733531012186e-01;
4.006733531012186e-01 -7.354911649344649e-02;
7.354911649344642e-02 4.006733531012186e-01;
1.760074027750100e-01 -3.673826378460688e-01;
-4.006733531012186e-01 7.354911649344645e-02;

1.350382326638057e-01 6.487385375694544e-01;
6.487385375694544e-01 -1.350382326638058e-01;
1.350382326638057e-01 6.487385375694544e-01;
2.720707198617348e-01 -6.042139834550636e-01;
-1.350382326638058e-01 -6.487385375694544e-01;

-2.099388996034107e-01 5.379995003283622e-01;
5.379995003283622e-01 2.099388996034106e-01;
-2.099388996034107e-01 5.379995003283622e-01;
4.860723095932659e-01 -3.118517496614802e-01;
5.379995003283622e-01 2.099388996034106e-01;

-4.932272574374612e-03 2.766476044454206e-01;
2.766476044454206e-01 4.932272574374561e-03;
-4.932272574374612e-03 2.766476044454206e-01;
2.615833508788901e-01 9.017968119875600e-02;
-4.932272574374612e-03 2.766476044454206e-01;

6.786743239797148e-02 2.705031477647850e-01;
2.705031477647850e-01 -6.786743239797154e-02;
6.786743239797148e-02 2.705031477647850e-01;
2.782359713356156e-01 1.904430586492445e-02;
-2.705031477647850e-01 6.786743239797149e-02;

1.052860195386342e-01 3.630283361177860e-01;
3.630283361177860e-01 -1.052860195386342e-01;
1.052860195386342e-01 3.630283361177860e-01;
3.777956339721384e-01 1.204897034305942e-02;
-1.052860195386342e-01 -3.630283361177860e-01;

-2.777536382649208e-02 3.715383473099014e-01;
3.715383473099014e-01 2.777536382649201e-02;
-2.777536382649208e-02 3.715383473099014e-01;
3.447709068152805e-01 1.412276041403950e-01;
3.715383473099014e-01 2.777536382649201e-02;

1.305903228449448e-01 4.777346983348225e-01;
4.777346983348225e-01 -1.305903228449449e-01;
-4.790255464497240e-01 -1.257728120952775e-01;
1.305903228449448e-01 4.777346983348225e-01;
1.305903228449448e-01 4.777346983348225e-01;

2.699857771532906e-01 3.329345322025606e-01;
3.329345322025605e-01 -2.699857771532906e-01;
-4.233226512611509e-01 6.734727557395374e-02;
2.699857771532906e-01 3.329345322025606e-01;
-3.329345322025606e-01 2.699857771532906e-01;

5.241665096582173e-01 3.438812570534558e-01;
3.438812570534557e-01 -5.241665096582174e-01;
-5.598931593227280e-01 2.820008846503097e-01;
5.241665096582173e-01 3.438812570534558e-01;
-5.241665096582173e-01 -3.438812570534558e-01;

3.365422180748505e-01 8.573312093581914e-01;
8.573312093581913e-01 -3.365422180748506e-01;
-9.107417157988540e-01 -1.372114943803125e-01;
3.365422180748505e-01 8.573312093581914e-01;
8.573312093581913e-01 -3.365422180748506e-01;

5.985654445357508e-01 6.169179466483119e-01;
6.169179466483118e-01 -5.985654445357509e-01;
-8.335493361158464e-01 2.099139074713298e-01;
-4.017569385721608e-01 7.599076961040566e-01;
5.985654445357508e-01 6.169179466483119e-01;

4.933392558998124e-01 1.974586855899830e-01;
1.974586855899829e-01 -4.933392558998124e-01;
-4.176738658687157e-01 3.285149854983581e-01;
-3.534415556409620e-02 5.302116036019632e-01;
-1.974586855899830e-01 4.933392558998124e-01;

6.073427087747435e-01 -8.959594956152275e-02;
-8.959594956152286e-02 -6.073427087747435e-01;
-2.260789859909037e-01 5.707721893829433e-01;
2.728900300852484e-01 5.499305697628984e-01;
-6.073427087747435e-01 8.959594956152282e-02;

1.449515331096893e+00 -2.193364935669645e-01;
-2.193364935669648e-01 -1.449515331096893e+00;
-5.348066901424526e-01 1.364985346688403e+00;
6.565262723841603e-01 1.310792297110623e+00;
-2.193364935669648e-01 -1.449515331096893e+00;

-2.084609838243605e+00 2.914692098412207e+00;
2.914692098412207e+00 2.084609838243604e+00;
-1.481892482312943e+00 -3.262671126104034e+00;
-2.672824463981099e-02 -3.583338360689241e+00;
-2.084609838243605e+00 2.914692098412207e+00;

1.273190144164459e+00 1.500792466744446e-01;
1.500792466744443e-01 -1.273190144164459e+00;
-7.665675122831296e-01 1.027575385357171e+00;
-1.118246831570139e+00 6.269457290413817e-01;
-1.500792466744445e-01 1.273190144164459e+00;

5.687514095654816e-01 -7.527224559086931e-01;
-7.527224559086932e-01 -5.687514095654815e-01;
3.675010640331997e-01 8.689143970762613e-01;
-1.769039726067936e-02 9.432689496409261e-01;
-5.687514095654815e-01 7.527224559086932e-01;

-5.025938118634368e-01 -1.197460637956115e+00;
-1.197460637956115e+00 5.025938118634370e-01;
1.288328238433635e+00 1.634713101194644e-01;
1.110456638256547e+00 6.733487756947775e-01;
-1.197460637956115e+00 5.025938118634370e-01;

-5.171590750568059e-01 4.788643730927159e-01;
4.788643730927160e-01 5.171590750568058e-01;
-1.561291745371985e-01 -6.873050833432151e-01;
6.998598968683639e-01 -8.343093842510584e-02;
-5.171590750568059e-01 4.788643730927159e-01;

-1.493031383148768e-01 1.188539027563696e+00;
1.188539027563696e+00 1.493031383148766e-01;
-9.546534221019757e-01 -7.235698244272730e-01;
8.193944883862265e-01 -8.737900889544364e-01;
-1.188539027563696e+00 -1.493031383148768e-01;

-3.460045518195495e+00 -1.569044210008573e+00;
-1.569044210008572e+00 3.460045518195496e+00;
3.088854904626057e+00 -2.211965212003505e+00;
1.876974578693094e+00 3.303147158678529e+00;
3.460045518195495e+00 1.569044210008572e+00;

-8.493720648715090e-01 1.946136312840921e-02;
1.946136312840937e-02 8.493720648715090e-01;
4.078319975742781e-01 -7.453084670077756e-01;
6.985955372647785e-01 4.835037999360937e-01;
1.946136312840937e-02 8.493720648715090e-01;

-1.363967250098147e-01 4.520876352767111e-01;
4.520876352767111e-01 1.363967250098146e-01;
-3.233210143815585e-01 -3.441668464898553e-01;
3.878119854612638e-01 2.694237563691890e-01;
-1.363967250098147e-01 4.520876352767111e-01;

8.829464236093409e-02 5.134279929896287e-01;
5.134279929896287e-01 -8.829464236093419e-02;
-4.887890061235442e-01 -1.802485931921837e-01;
5.155835833829157e-01 7.468478025030002e-02;
-5.134279929896287e-01 8.829464236093412e-02;

2.001655828001883e-01 1.007641189086714e+00;
1.007641189086714e+00 -2.001655828001885e-01;
-9.727256590487476e-01 -3.304721148750762e-01;
1.020178285742540e+00 1.210094697998380e-01;
-2.001655828001884e-01 -1.007641189086714e+00;

-4.276613157331144e-01 6.239750356991240e-01;
6.239750356991242e-01 4.276613157331143e-01;
-3.265475743761864e-01 -6.823530814903166e-01;
4.612809093088707e-01 5.995489711920812e-01;
6.239750356991242e-01 4.276613157331143e-01;

-5.326476710208521e-02 3.016675607861822e-01;
3.016675607861822e-01 5.326476710208515e-02;
2.878841546895627e-01 -1.047051389560238e-01;
-5.326476710208521e-02 3.016675607861822e-01;
-5.326476710208521e-02 3.016675607861822e-01;

3.841138275070918e-02 3.201706276507841e-01;
3.201706276507841e-01 -3.841138275070923e-02;
2.580702057158328e-01 -1.933505470819937e-01;
3.841138275070918e-02 3.201706276507841e-01;
-3.201706276507841e-01 3.841138275070920e-02;

5.034123234834243e-02 4.613575306531564e-01;
4.613575306531564e-01 -5.034123234834251e-02;
3.743767255987200e-01 -2.742755513980579e-01;
5.034123234834243e-02 4.613575306531564e-01;
-5.034123234834249e-02 -4.613575306531564e-01;

-1.237635483998752e-01 4.008286426792043e-01;
4.008286426792043e-01 1.237635483998751e-01;
4.090095613245638e-01 -9.323194436280555e-02;
-1.237635483998752e-01 4.008286426792043e-01;
4.008286426792043e-01 1.237635483998751e-01;

-6.439034837440158e-02 4.668662029548006e-01;
4.668662029548006e-01 6.439034837440150e-02;
4.365131661144395e-01 -1.776694240266387e-01;
-4.639138564795521e-01 8.303073040434704e-02;
-6.439034837440158e-02 4.668662029548006e-01;

1.510143046237348e-01 4.588735345531448e-01;
4.588735345531448e-01 -1.510143046237349e-01;
3.218889857355122e-01 -3.602189914155687e-01;
-3.897486786697085e-01 2.854228589120058e-01;
-4.588735345531448e-01 1.510143046237348e-01;

3.871586963622396e-01 7.791755599116330e-01;
7.791755599116329e-01 -3.871586963622398e-01;
4.812064807103178e-01 -7.248770463015822e-01;
-6.214013768959011e-01 6.089882906299544e-01;
-3.871586963622397e-01 -7.791755599116330e-01;

-2.766632287641237e-01 7.573353093813239e-01;
7.573353093813239e-01 2.766632287641236e-01;
7.942032314892356e-01 -1.390702702879056e-01;
-8.057623204142722e-01 -2.909288549633894e-02;
7.573353093813239e-01 2.766632287641236e-01;

-3.299800554528781e-01 3.905301633809015e-01;
3.905301633809016e-01 3.299800554528780e-01;
5.031990701583872e-01 9.050602907393918e-02;
3.741160205550186e-02 -5.099029491370283e-01;
-3.299800554528781e-01 3.905301633809015e-01;

-1.667693115506827e-01 6.962569745443317e-01;
6.962569745443317e-01 1.667693115506826e-01;
6.863608832928277e-01 -2.037020268976333e-01;
-2.743303742582216e-01 -6.613082667229095e-01;
-6.962569745443317e-01 -1.667693115506827e-01;

-1.181956120974070e+00 1.080176407519600e+00;
1.080176407519601e+00 1.181956120974070e+00;
1.526438269967622e+00 4.835158231622570e-01;
3.213108262592281e-01 -1.568617447371612e+00;
1.181956120974070e+00 -1.080176407519601e+00;

-6.173103633786198e-01 2.459428305355413e-01;
2.459428305355414e-01 6.173103633786198e-01;
5.216479208117399e-01 4.116350414375169e-01;
3.548530060812194e-01 -5.618178572291910e-01;
2.459428305355414e-01 6.173103633786198e-01;

-2.239278494094975e-01 2.333308425483740e-01;
2.333308425483740e-01 2.239278494094974e-01;
3.140343618380677e-01 7.726178492925387e-02;
3.183098638410288e-01 -5.714712947298722e-02;
-2.239278494094975e-01 2.333308425483740e-01;

-2.061725337915182e-01 3.587804958916058e-01;
3.587804958916059e-01 2.061725337915182e-01;
4.137992907202682e-01 -8.395961197427344e-04;
3.776829679059475e-01 -1.690743436361541e-01;
-3.587804958916058e-01 -2.061725337915182e-01;

-4.271362127671415e-01 3.692923224567120e-01;
3.692923224567120e-01 4.271362127671415e-01;
5.333846390536380e-01 1.852646499042634e-01;
5.626250359664626e-01 -4.769939817508732e-02;
4.271362127671415e-01 -3.692923224567120e-01;

-3.319880442870400e-01 1.886834703956011e-01;
1.886834703956011e-01 3.319880442870399e-01;
3.293987007803197e-01 1.931683449074892e-01;
3.794893310074158e-01 4.248954226165896e-02;
1.886834703956011e-01 3.319880442870399e-01;

-1.241877135512303e-01 2.390187567113451e-01;
2.390187567113451e-01 1.241877135512303e-01;
2.690901720686123e-01 -1.195966358240227e-02;
1.889442321071927e-01 1.919703920148702e-01;
-1.241877135512303e-01 2.390187567113451e-01;

-7.323672061703582e-02 2.986190845402511e-01;
2.986190845402511e-01 7.323672061703576e-02;
2.952300735752282e-01 -8.588468172590914e-02;
2.613722349591450e-01 1.619306323425462e-01;
-2.986190845402511e-01 -7.323672061703580e-02;

-1.579130972733448e-01 3.853911702047755e-01;
3.853911702047756e-01 1.579130972733447e-01;
4.127150924282205e-01 -5.593883127338820e-02;
3.177309530540188e-01 2.692767012454885e-01;
1.579130972733448e-01 -3.853911702047755e-01;

-2.059451293342197e-01 2.628066041531320e-01;
2.628066041531320e-01 2.059451293342197e-01;
3.305697601460431e-01 4.695041171253993e-02;
1.863033885322168e-01 2.770771641698452e-01;
2.628066041531320e-01 2.059451293342197e-01;

