0
-1.455642269686309e-01 4.562079118122241e-02
-1.944841745446586e-01 8.969904976013660e-02
8.945975889430466e-02 -2.435086981160722e-02
6.255222637211826e-03 -4.438445685487394e-03
-7.975479419152570e-01 -5.471790060932575e-01

1
4.065116956310843e-01 4.008320591797638e-02
5.374513355558866e-01 1.277834693919049e-02
1.799464539397570e+00 9.687562527041487e-01
7.191667510234449e-02 4.344674937533167e-03
-7.227283565193936e-02 3.761644674222483e-01

2
1.379837728815689e+00 8.014253516287199e-01
2.497435747534169e-01 7.292446062401958e-01
6.106345217779915e-01 -4.657732455547005e-01
-7.729104675124794e-02 4.185013492753218e-01
3.630873943060159e-01 -3.622691368981940e-01

3
1.812512517832084e-01 8.270246989317860e-02
2.380292775463185e-01 1.172989053491163e-01
9.539026740167067e-01 -2.545063524557328e-01
3.292997289884228e-02 1.448114785398779e-02
6.066179710570686e-02 -1.743489431247742e-01

4
5.113980464861700e-02 1.227527469859667e-01
3.719551084096580e-01 7.863087519534181e-01
4.949689977412387e-01 -6.327053514769706e-01
-2.243620311133339e-01 1.058669294555970e-01
1.928294358309417e-01 1.010629112176811e-01

5
8.257887036403967e-01 -3.719393435300554e-01
1.166756316817531e+00 -9.530959067453521e-02
-2.305379700875538e-01 -6.432503662368465e-01
1.725531542731362e+00 4.687605613667268e-01
3.814651704603862e-01 -1.010648529901155e-01

6
2.928154002994160e-01 4.956704869200974e-02
5.390127498076068e-01 6.497268371283513e-01
4.088674265662198e-02 -5.040740000261653e-01
-2.991314412424678e-03 2.994893859892075e-01
4.924091476833257e-02 -2.407760541189968e-01

7
3.154523664923715e-01 1.834073424349139e-02
7.683887284544415e-01 7.099958294762534e-01
-3.281352801093150e-01 -1.622403366446201e-01
1.562350519888550e-02 2.964493286379252e-01
1.838818583563008e-02 -2.835770519286741e-01

8
1.632812153175092e-01 4.468793162315995e-01
1.687442610452836e+00 5.626148060045302e-01
7.046639468229729e-02 2.400817411734759e+00
-5.098027048017204e-01 9.723027175545586e-02
1.472341317089823e-01 1.721514474845651e-01

9
-3.173768300662685e-02 -1.973054551634470e-02
-9.565067390999692e-02 4.473208891745406e-02
7.390103456362122e-02 -5.757208672791130e-02
1.808572180377818e-02 -2.758381893915274e-02
-6.585403490562078e-01 -6.630980568614862e-01

10
6.961176174344103e-03 4.024576566988804e-02
1.485075808598652e+00 1.428308291831166e+00
-1.977413662248663e+00 5.767625740551632e-01
-4.028794209417478e-01 -2.512177772095776e-01
4.413219361652454e-01 -2.773557005252217e-01

11
1.130078486135987e-01 4.007486925521576e-01
1.725621611883634e+00 8.941609985725331e-01
-1.180102693913411e+00 1.572000844323213e+00
-5.068260830104827e-01 -2.646727399286819e-02
4.232284090168201e-01 -2.884449046151383e-01

12
1.209961541507371e-01 4.427904879378232e-02
2.785481613020975e-01 4.118624356316820e-01
6.334209494567018e-01 -1.737848295373947e-01
2.042204100763056e-02 -1.357906926549884e-01
5.392620117490493e-02 2.988593013714183e-02

13
2.427975122626762e-01 -6.445398541985800e-03
6.734408168215640e-01 4.847834457288375e-01
4.918676895057792e-01 9.037863312811194e-01
-3.325995616299695e-02 -2.508409358283240e-01
-4.228673966916191e-02 1.964742946113236e-01

14
1.273640411336951e-01 2.793252031369271e-01
1.016350881736807e-01 4.969079617171964e-01
-3.318666735902637e-01 -2.439497550357655e-01
5.284875048700336e-01 -3.693353204213287e-01
-5.372674743616856e-02 6.017672435314316e-02

15
1.739127818434448e-01 1.813992798695643e-01
5.814184044664707e-02 6.928776731557414e-01
2.790728202107500e-01 -3.051787847135381e-01
1.521310754416135e-01 -1.405864750556891e-01
-1.544180655170013e-01 2.050235055205234e-01

16
-2.871169150435992e-02 -2.599856094684874e-02
-1.008500522612176e-01 4.353029216953831e-02
8.136837290522844e-02 -6.099543213816952e-02
-2.394607315119589e-02 2.297979604803425e-02
-7.010804002926199e-01 -7.071161376364810e-01

17
-6.837616053587459e-03 1.753648587435535e-01
6.842895149409639e-01 5.595735481501335e-01
-6.900398535245227e-01 5.059902804580910e-01
2.231288897795359e-01 -6.573810274585501e-02
-2.092705719179269e-01 -9.369618808404148e-02

18
5.324917674451053e-02 1.780402032693897e-01
5.724568412923445e-01 3.026519143798543e-02
8.101141895988787e-01 5.225024345573702e-01
1.221700941795856e-01 -7.331708990426294e-02
6.682670941084319e-02 2.766723104356843e-02

19
-1.588588713589078e-03 3.255329862385935e-02
-7.938287521223440e-02 6.755942869053011e-02
8.003849140351432e-02 -4.901559107854879e-02
2.978981058533556e-02 7.102515736998462e-04
-6.376806605876920e-01 -6.289904759729125e-01

20
3.990258239481367e-01 2.689837722227009e-01
6.365235681246582e-01 1.842524439913770e-01
-2.394836972152425e-01 3.170020949599761e-01
9.405054701049771e-01 -2.234527011042740e-01
1.621585490034291e-01 1.291665606260080e-01

21
2.021509153036579e-01 1.163066978600603e-01
9.269855103881567e-01 1.279136408420982e+00
-1.400186711142735e+00 3.558639667067767e-02
-7.291266071406370e-02 3.698081396288911e-01
-2.304995572863790e-01 -1.905767848588804e-01

22
3.360706424994382e-01 7.105588099538906e-01
9.317656738161346e-01 4.762183441647252e-01
-5.673321507673627e-01 6.509776001639274e-01
8.101399382262976e-01 5.120256905701843e-01
-1.855531677438772e-01 2.994902376653856e-01

23
2.822493502738982e-02 2.380696017505306e-02
2.001063749756046e+00 1.775894964999426e-01
-1.150924798130944e+00 1.644980020869846e+00
2.764669852410076e-01 3.704811947160800e-01
1.215467983692711e-01 -4.425310269139999e-01

24
6.122556407756478e-03 -3.534350154208517e-02
1.028272700270305e-01 -5.388937073350706e-02
-9.736594346405078e-02 3.098643405754503e-02
3.162865944264619e-02 2.790159982988743e-03
-5.376604905684147e-01 -8.422597263644824e-01

25
-2.789085233975172e-01 1.140075888230496e-01
-3.048498035229315e-01 1.424506131986167e-01
8.786223052723006e-01 -1.263313138821712e+00
-4.089169854585250e-02 2.072383232658254e-02
-7.830489988057648e-02 -2.733989245835359e-01

26
-1.792581324736456e+00 2.084486746722390e+00
-1.053766678521008e-01 1.032168651136478e+00
-9.974533173183719e-01 -4.155572494280869e-01
-7.422527912062524e-01 -4.387648451875110e-01
3.879140362749685e-01 5.763724853446708e-01

27
1.388889488727213e-01 -1.336066586029316e-01
5.689338468720542e-01 1.165899885686163e-01
7.525966033478076e-01 2.980497353312382e-01
7.909664096952702e-02 1.271905892659441e-01
-1.488492406305187e-01 -1.321505754954132e-01

28
5.159043558618132e-02 2.234444416155456e-01
-2.798930319467859e-01 1.516563449318579e+00
-9.939860467131945e-01 -9.970004119617565e-01
1.330711012434591e-03 -3.192048160229913e-01
-3.417217954103203e-01 1.966269087161865e-01

29
-1.796579263114680e-01 7.745273382557571e-02
-9.599852393850061e-02 5.454992740079899e-01
5.070110577930124e-01 -8.195744935215913e-01
-5.388670059553081e-02 -1.911635884005650e-01
-3.598016793995412e-02 4.135626882895253e-02

30
2.642410150762955e-02 2.863411217240448e-02
1.089847170066505e-01 -1.920836043198915e-02
-9.508418234616718e-02 3.509514699550841e-02
-2.616139262329390e-02 2.259036229380055e-02
-5.073324190138347e-01 -8.495902595116337e-01

31
-3.589797498276689e-02 1.019903297749469e-01
2.686158983376359e-01 6.145431320672563e-01
3.218504281824366e-01 -5.084649539756718e-01
5.852544225782143e-03 -1.402142510569482e-01
1.431460673792753e-01 9.653848842273373e-02

32
2.672905908647555e-01 -1.091557232435681e-01
9.373532233700331e-01 2.606769474670925e-01
6.963287505668182e-01 1.245072541191050e+00
-1.430081186158072e-01 -2.694559289506011e-01
1.116022381428824e-01 3.736067565317336e-02

33
2.013565410086446e-01 1.799483778554975e-01
1.404518099983121e-01 8.910207437277624e-01
-1.381965751306498e-01 -2.852777659353389e-01
1.632229580208105e-01 -1.800038909309356e-01
-1.472032399003644e-01 2.065041156573950e-01

34
1.407476466575345e-02 2.758993727973015e-03
2.660836812550751e-01 6.179436636909332e-01
4.037174048650898e-01 -5.401540858447579e-01
1.347569400571410e-02 -1.547727831388561e-01
1.433904762295485e-01 9.914844920507590e-02

35
1.290270030896150e-02 -3.489058437762334e-02
1.089863606803300e-01 -4.688306942058974e-02
-9.895518490131092e-02 2.482148728449299e-02
-3.193136447057580e-02 -1.105785689496482e-02
-5.066532354607435e-01 -8.918157770405628e-01

36
1.677993918842977e-01 -1.076026189689353e-01
2.500415651082331e-01 -1.231656600858019e-01
-1.017019289963263e-01 1.010859566239997e-01
-1.000255932316515e-02 4.361268701503347e-03
-4.045145261458053e-01 -1.027812043215711e+00

37
-3.074934011805033e-01 9.993200702227120e-01
-1.707763458026146e-02 2.947778776648112e-01
-3.062099604785038e-01 -7.561086682575333e-02
2.066730910150448e-01 1.097338454236206e-01
-3.232685075571347e-01 -7.730111558420662e-02

38
-6.474460552528034e-02 3.033392169878346e-01
4.770285610241902e-01 6.113864700687601e-01
-5.709127021616804e-01 -3.223150648360942e-02
2.778821842081942e-01 1.248837312852054e-01
-2.346851535377935e-01 -2.546193337473990e-02

39
1.824496064937111e-01 -3.761738482432949e-01
1.679303384749500e-01 -4.755135141465343e-01
2.101305301401049e+00 5.995618630692950e-01
2.515454876947811e-02 -6.783087249327940e-02
-3.603765796677537e-01 -1.223411683730924e-01

40
4.810509400370368e-01 2.973777640476249e-02
2.485542914950055e-01 4.944563453554768e-01
4.777344911836622e-01 -3.908653229528976e-01
4.627639576248595e-01 -1.905157015864117e-01
1.586874356468075e-01 1.737870095856108e-01

41
3.259003114632551e-02 8.111633069834280e-02
2.233804488956716e-01 5.236221667892034e-01
3.577779756895551e-01 -3.924605441751978e-01
1.085139098091218e-01 7.314998903067671e-02
-1.454046819540790e-01 5.169554771490455e-02

42
-1.651134299893198e-04 -1.023857293316966e-02
2.533791956936229e-01 5.373471544155110e-01
3.381690016613484e-01 -4.874627949074112e-01
1.146217223249363e-01 7.391204637669994e-02
-1.223472045266610e-01 4.298393671510289e-02

43
1.651402639750214e-01 1.653352334544684e-01
1.584016174051973e-01 1.789459713783808e-01
-1.717796668132990e-01 -1.273732035341398e-01
7.285280823032799e-03 4.764957899455269e-06
-2.829788758109122e-01 -7.123259735094674e-01

44
2.505017598874260e-01 1.018309847707398e-01
1.757168837199061e+00 2.470447760287489e-01
-8.983525630594290e-01 1.344305966156538e+00
2.256566885616784e-01 3.496779439411853e-01
1.761263625256894e-01 -4.595581254458418e-01

45
2.159499905334994e-01 1.394592682314759e-01
-1.655851412316431e-01 8.225147143303636e-01
6.594157461405191e-01 -1.215816087657956e+00
-8.974237943948443e-02 1.435183150499173e-01
-5.609277650049780e-02 7.095029213394240e-02

46
-3.732197851958663e-06 3.205190059953160e-02
-8.384982244732714e-02 6.221842911926588e-02
8.517258847634145e-02 -4.408086785645566e-02
-2.805084926354071e-02 2.111166984751702e-03
-6.372273180547726e-01 -6.821159562612672e-01

47
4.458227244091748e-01 -2.204826960315002e-02
5.589564425074642e-01 4.199055320126502e-01
1.575413174091800e-01 -5.724892674389751e-01
3.564939257678848e-01 3.311889770254935e-01
8.290450237875217e-02 -2.390636130220877e-01

48
3.543780787411981e-01 3.109442177877352e-01
8.706933240806093e-02 7.501120408414703e-01
5.875189964533716e-01 -3.232951462850679e-01
2.757607149724121e-01 -1.344843263221492e-01
3.234060461344107e-02 4.769841460605377e-01

49
3.084918680558266e-02 1.892414384269056e-01
1.897946255216247e-02 2.318152321891677e-01
9.695697001937349e-01 -2.703562359470487e-01
2.653061623578751e-03 3.330535891119853e-02
-1.733008889483795e-01 7.674355106113179e-03

50
2.299351336061914e-02 1.860583634573057e-01
3.770015024001662e-02 1.857947595453422e-01
6.181629522809595e-03 -1.586722254067316e-01
-7.211090953962686e-03 3.743619978385839e-03
-3.852832883606064e-01 -5.583100024649990e-01

51
-1.285888751620946e-01 2.704727952783205e-01
4.459935034977865e-01 8.789795069127615e-01
3.191222594195425e-03 -3.653770064430581e-01
-2.337996324875705e-01 -1.081806195459725e-01
2.370284487550276e-01 1.428375428634355e-01

52
1.361520415322062e-01 3.071376195666352e-01
-4.380557782862662e-01 9.806988729204267e-01
-1.414072782846839e-01 -1.693154720291077e+00
2.842386160025320e-01 -1.907689207431438e-01
3.088710595653482e-02 1.093958419018868e-01

53
7.241289728259608e-02 7.808236430439537e-02
1.347812652158367e-01 4.983470028422601e-01
4.711944338863241e-01 -2.428124336235820e-01
5.165500291197861e-02 -1.169310770985660e-01
-1.247051764960049e-01 6.121615264163763e-02

54
1.763140714739547e-03 -9.834438862553816e-03
1.301000616793856e-01 5.285028607196646e-01
3.919516899426956e-01 -3.760040098240325e-01
3.058348414518511e-02 -1.207866854703557e-01
-1.322369894395239e-01 2.385284414827199e-02

55
-2.322887248022407e-03 3.945872471778837e-01
-1.851988856937817e-01 3.154245445751314e-01
1.516339073538422e-02 -4.386576080680957e-01
3.788985491703793e-01 -5.327246638416494e-01
2.237430882368801e-02 -3.521490672297449e-02

56
-1.360648724329420e-01 3.265191884134080e-01
-1.587751421312690e-01 3.630063505742009e-01
1.159903291057837e+00 -1.415742915617441e+00
-2.242573456300369e-02 4.835553151132519e-02
3.203835494696767e-01 9.814733323678602e-02

57
4.402507746857059e-01 7.162264156327299e-01
-9.243558592596363e-02 4.831939727145686e-01
4.884076420138415e-01 -6.269914893800710e-02
2.785818091654076e-01 -5.688368922136755e-02
-1.306188273448610e-01 1.895133864712978e-01

58
-1.080709859781151e-02 8.595205928212020e-02
3.274303614169048e-01 4.468486848407032e-01
1.635368583510051e-01 -4.553628457346629e-01
1.223065851828600e-01 5.087613509083694e-02
-1.438937231300403e-02 -1.036120981123714e-01

59
-2.713548360874932e-03 6.412051376670110e-03
3.260656678057481e-01 4.457990502185329e-01
2.225836060088801e-01 -5.055031218085341e-01
1.172557070508769e-01 4.782716183508234e-02
-1.335196328709529e-02 -1.078764476088219e-01

60
-1.139410525406364e-04 -1.111381102152284e-03
5.751758533596080e-02 5.467161132950961e-03
-5.758821137916151e-02 -6.147847736986954e-03
-6.069806694969334e-02 -5.226969913918142e-01
-8.895715762509820e-02 -7.660427455061056e-01

61
1.715882919105985e-01 -1.268697257539276e-01
3.716323160426609e-01 3.299469241246369e-01
1.079438052187011e+00 -2.434250396756502e-01
7.034401542234457e-02 3.150207197851990e-02
6.862384237423506e-02 1.412955400946041e-01

62
2.234927872975482e-03 -2.091247623045087e-04
-2.347667363628088e-02 7.734618107514871e-02
2.484914556702005e-02 -7.747799876502517e-02
7.350423745307083e-01 6.352452291023142e-02
-7.350258213518837e-01 -6.352619906583809e-02

63
4.665657030384031e-01 -1.263945720384547e-01
5.185456671951713e-01 1.633233646817378e-01
1.046948413718110e-01 -4.054454272660120e-01
7.583214441295041e-01 7.763348120736076e-02
7.716213122218009e-02 -1.831311461627337e-01

64
3.043688600167280e+00 -4.700296255554431e-01
5.465754545345058e-01 1.083636099275147e+00
8.482839672614501e-01 -8.035344539902656e-01
3.137085140590521e-01 9.135151471277059e-01
9.194064152538774e-02 -7.717319819291087e-01

65
-2.542646267711132e-02 -2.032820096067581e-02
9.069072274517639e-02 -4.132964731806454e-02
-1.079378424725516e-01 2.829482243838681e-02
1.844274512988313e-02 -2.274230981024739e-02
-5.287028250007227e-01 -8.238518120714211e-01

66
1.184082261327691e-01 -1.702954795899718e-01
2.897322663235420e-01 3.543102402321592e-01
9.285711578454882e-01 -5.481680505841119e-01
1.242241053550761e-01 5.343239172678200e-02
5.276440075534524e-02 7.318751552109011e-02

67
3.944880915409788e-01 -2.804355659055690e-01
5.005533738635193e-01 3.005516897997708e-01
1.662056291648455e-01 -6.587774122012910e-01
2.296583229398342e-01 8.832444615757631e-02
1.561049350787883e-01 -4.974433303657924e-01

68
-2.954252449161625e-04 -2.617551794666840e-03
3.667883243534348e-02 -8.818158979651400e-02
-3.687175816765859e-02 8.659109791622981e-02
8.478667997188238e-01 1.564359019180886e-01
-8.478687100784498e-01 -1.564550443944157e-01

69
1.573878699109814e-01 -8.271405702198438e-02
5.412226835788221e-01 2.661045452776572e-01
9.219379554537693e-01 -7.847120477227489e-02
3.424360431137484e-02 1.474282926174475e-01
6.743576428813131e-02 8.330185107878633e-03

70
-9.466467770995664e-04 7.880437694287834e-04
-5.990231112096393e-02 1.354038596237171e-03
5.932926049966017e-02 -8.715593614965810e-04
-1.260781397814636e-01 -5.274378074403679e-01
-1.847721763331712e-01 -7.730023443552828e-01

71
-3.779620495925667e-03 7.059765704527000e-03
2.910232161025356e-01 5.595650654517921e-01
3.382665440846258e-01 -5.318420242865011e-01
-1.263837098043697e-01 7.003933378872244e-02
-1.476489940067697e-02 -1.361069173417100e-01

72
-1.063776435187129e-02 -3.066321446900747e-02
9.800087818313306e-02 -4.689382349605788e-02
-1.046813232681610e-01 2.642898109632817e-02
1.023531426309850e-03 3.214205616875627e-03
-5.403484026199028e-01 -8.562095215154991e-01

73
1.047339834386443e-01 1.747161641234098e+00
-5.234403129610615e-01 6.157889046881547e-02
1.452050409511166e-01 4.711131252512692e-01
3.883272217939421e-01 5.035558460467560e-02
-5.523158923251406e-01 6.882111372788020e-02

74
1.410603127921765e-02 2.582147097935680e-02
-7.939879537196655e-02 5.748009973036693e-02
8.760829660663724e-02 -4.333172521380924e-02
-1.259855476033768e-03 -2.233536832871126e-03
-6.316826449326787e-01 -6.708611234323097e-01

75
1.327235570243490e-01 -3.813396467942815e-02
2.079914392744210e-01 6.362404748056418e-01
3.107855516332254e-01 -6.968081939617681e-01
-8.712029562909276e-02 3.428150883118698e-02
4.287404132256066e-04 -1.555435311817386e-01

76
4.011313711472365e-01 -3.167173081123342e-02
7.047667340294901e-02 3.460188150571457e-01
4.784459887475964e-01 -2.536827831626419e-01
5.003129154085425e-01 -5.178702789557782e-01
1.257109718356296e-01 1.195307543234291e-01

77
3.461526332115243e-01 -4.432305807117259e-02
9.264043438604893e-03 3.123299078427931e-01
4.563376138477274e-01 -2.129112961452662e-01
3.601410288068293e-01 -5.770095946001180e-01
8.428453701284710e-02 -1.457575496488069e-02

78
1.147925126481412e-01 3.231864235709719e-02
4.817435489478931e-02 5.245966400368914e-01
4.886331146542602e-01 -4.339721197186300e-01
6.055241441524720e-02 -1.436910706351020e-01
-1.077971284463598e-01 2.829095393193010e-02

79
4.436808257014582e-02 8.541494467058351e-02
-1.712277326664100e-02 3.432570774953902e-02
3.910080724384396e-02 -5.982617986798015e-05
2.746076251901388e-02 -7.063909627402423e-03
-5.545061355051588e-01 -6.853468295622400e-01

80
-3.815826013644343e-02 -1.150788901996750e-01
5.110662434284515e-02 -6.774493233299260e-02
-7.605311921947601e-02 -2.486434045848022e-02
-3.834969011387145e-02 -6.709624546263265e-03
-5.933111220168171e-01 -9.157351571587631e-01

81
5.439504744188068e-02 2.002311923487088e-01
6.657797093007523e-01 1.171764567035101e+00
-1.215658536711217e+00 4.973503235350785e-02
3.748388170627512e-01 -7.974600061641290e-02
-1.405259665155907e-01 3.023794611060044e-01

82
3.186826563498500e-04 2.667497856368053e-03
3.669894969669717e-02 -8.624789460161508e-02
-3.651822191667026e-02 8.787722430757502e-02
8.446688151830808e-01 1.556571606143613e-01
-8.446666759199574e-01 -1.556376296903209e-01

83
9.181698126302745e-03 8.299717348491623e-03
7.234790988415627e-01 7.645515852329526e-01
-1.022640527219180e+00 2.440810226696467e-01
2.187405925461438e-01 -1.035933145699851e-01
-1.668623773317589e-01 -1.441634429744073e-01

84
1.926530279973219e-01 -7.875366361894985e-02
1.979421140120464e-01 4.002470606507351e-01
4.692313471983408e-01 -6.328048585786981e-01
8.694997201796502e-02 1.049161893042445e-01
-7.651050054075514e-02 -2.201034334819390e-01

85
-2.577551479894231e-01 -2.780901315465322e-01
5.503791564274443e-01 -8.748998838775093e-01
1.968915910344966e+00 5.152308584076551e-01
2.202981460993310e-01 -8.886844671781728e-02
8.505619495590805e-02 -1.841626745336531e-01

86
-1.828103792006788e+00 1.301524057994047e+01
-1.050406818325921e+01 -4.689283627796130e+00
8.967741712721937e+00 -6.359382952055596e+00
-5.180310679198802e+00 -3.120144932828899e+00
3.634599488189696e+00 -3.786553051657333e+00

87
1.971391222063276e-02 -1.707119041193127e-01
3.462624794463908e-01 2.470880456157155e-01
6.730585927870238e-01 -5.553828844608177e-02
1.204876532894204e-01 -2.047495664311130e-03
-1.732114117061777e-01 -2.336159544608139e-02

88
1.084412105221311e-01 5.379413821202527e-02
3.268416192354000e-01 5.339692462505969e-01
4.032734848756594e-01 -4.548544969144548e-01
-1.161230112168738e-01 1.289649832108464e-01
-3.261469463080028e-03 -1.572041630615561e-01

89
-2.580587493233589e-01 -2.073109890081583e-01
4.428832460037728e-01 -6.136567176667570e-01
1.755997819315413e+00 2.045326859011166e-01
1.075523908430010e-01 -9.418003369483782e-02
1.199199167679138e-01 -1.693129837484616e-01

90
1.757134049890661e-02 1.061537453130028e-03
3.916929571375157e-01 7.724637524832140e-01
4.742771176740607e-01 -7.268709330964055e-01
-1.746379389191273e-01 9.601055637141763e-02
1.939772719200051e-01 9.232570183905764e-02

91
7.374418724481457e-02 -1.730862920297684e-01
4.026805415281596e-01 1.221416551461890e-01
8.894445877088493e-01 1.832823052262563e-01
5.847487451028586e-02 1.311652529035551e-02
-1.779485404085592e-01 -6.986283360053969e-02

92
1.490942443914702e-01 -2.575390838412672e-02
2.303730148897802e-01 3.595352343409264e-01
5.259046313322738e-01 -4.717491784957694e-01
7.026689076045367e-02 4.434566066644344e-02
-4.071978776441975e-02 -1.677610613627015e-01

93
-5.864806999685907e-02 -1.023090459787060e-01
5.066363303471707e-01 7.752825232242806e-01
4.182229519942118e-01 -7.552119050366828e-01
-1.948017454012936e-01 1.437842781737000e-01
2.157274375398916e-01 6.759197589513492e-02

94
-4.891495373791788e-02 -1.077179507000558e-01
4.209394760356291e-02 -6.360823833883439e-02
-7.749090394992407e-02 -2.392545159236055e-02
2.543990554044545e-02 -2.900163976534921e-02
-5.924334774267427e-01 -8.480879617012156e-01

95
-2.559250887944230e-02 -3.377032925335090e-02
1.208240605090662e+00 1.018796410295233e-01
-1.223554296541506e+00 -1.223495209239605e-01
1.380658935269848e+00 1.101994291540723e+01
-9.055084287218341e+00 -1.471093174416693e+00

96
9.427314743547118e-01 -1.328900420199111e-01
-1.071914849392295e+00 7.909291334028415e-01
1.591210272096537e+00 1.813750618614343e-01
-6.534631102542744e-01 -1.806323056212001e+00
9.682272331612687e-02 5.748230374233911e-02

97
1.057464900540491e-02 -2.020158378214267e-01
5.665204879668937e-01 4.015139197564633e-01
8.250649895193632e-01 -7.692553364645668e-02
-2.116511706314526e-01 -1.632155490111123e-02
1.337158389958230e-01 -2.652285732346903e-02

98
2.433846514948544e-01 -1.089635619356844e-01
5.436731541627109e-02 7.148017126639150e-01
8.330246854821800e-01 -6.610958085903517e-01
-8.717143123903343e-02 -3.063936355847543e-01
1.839056231977782e-01 1.822737392288454e-01

99
4.182561031803283e-02 -1.816927761646671e-01
4.511194419654582e-01 4.437541947225428e-01
9.184271162939287e-01 -8.066771520563179e-02
-1.925161720358418e-01 -4.916194661360745e-02
6.437290619890088e-02 6.597824129921866e-02

100
-6.117870929475877e-01 -7.568785494096969e-01
1.537722486390131e+00 -1.273935118154869e+00
2.242304810848581e+00 3.928072415114203e+00
4.504355848708121e-01 -2.772203504225649e-01
-8.214198808547309e-01 6.593487242015700e-01

101
8.151625030547458e-03 1.392236260845156e-02
-9.672668792892865e-02 4.933974752279061e-01
1.016396475770715e-01 -4.848389482033961e-01
4.538596835022527e+00 -7.079599213148943e-02
-1.000493573326336e+00 3.613580924508781e+00

102
2.048811428961817e-02 3.522375367506643e-01
-6.968464731913356e-01 8.035606549762494e-01
-3.038192259924390e-01 -1.735066896913820e+00
3.755975558325867e-01 -8.695660926316946e-02
-3.474888792201664e-01 -8.344278315750693e-02

103
1.039360215484462e-03 1.759593998164737e-03
2.252590290689874e-02 5.681806764536757e-02
-2.190525854925448e-02 -5.574087127716305e-02
4.565022523605654e-01 -3.069076290195817e-01
-3.495011860541903e-01 -2.903626628356345e-01

104
-5.308781446385444e-02 -1.953827430784924e-01
8.452636076061244e-01 5.656958217217621e-01
-6.383126891685058e-01 5.505050085530266e-01
2.447475688218210e-01 -1.102327309591745e-01
-2.193543036356572e-01 -6.027674363593246e-02

105
4.090588656064420e-01 4.306225657773154e-01
-1.220484042343008e+00 6.925883182532618e-01
2.104183407353396e+00 -2.398315986489193e+00
-2.958069243209338e-01 2.765479151444261e-01
-1.441699852987857e-01 1.249984663488241e-01

106
4.243111737307878e-02 9.276818329437284e-02
-1.372492036496043e-02 3.271202720844280e-02
3.564293299195983e-02 4.368590959745868e-03
-2.210983575514082e-02 1.655718206898501e-02
-5.638144663118282e-01 -7.305011743829930e-01

107
7.509000749751991e-01 -5.013791203962374e+00
4.199182139015886e+00 3.224097363335144e+00
-5.066744677065970e+00 1.639310373507336e+00
2.106532758858092e+00 1.725069286109155e+00
-2.563771537859440e+00 9.345449694025857e-01

108
-2.915194375149847e-02 -2.319427636775292e-02
2.030949781744792e+00 9.789449248953047e-02
-1.096754825116347e+00 1.710669444968888e+00
2.920356228544270e-01 3.621677553992333e-01
1.064555772114211e-01 -4.487964266484495e-01

109
-1.907449540568897e-03 1.238857632128869e-03
-2.750030807828146e-02 -6.324840981985151e-02
2.634980411408144e-02 6.399510836440161e-02
5.128269080109059e-01 -3.635003394634894e-01
-4.074635508782347e-01 -3.218186532520095e-01

110
-1.631194572462693e-02 -1.228403529349147e-02
1.261832322226507e+00 1.183523800462724e+00
-1.654708242876920e+00 4.997089668936076e-01
-1.062344691748692e-02 3.967167863212430e-01
-3.053407800469241e-01 -1.628191701794340e-01

111
-6.675713559634266e-02 -5.774234082175085e-01
1.954980307186996e+00 -2.163868235502581e-01
2.416893942830900e-02 3.098072264678566e+00
3.247387953220822e-01 2.265519283757763e-01
-6.792664801499694e-01 5.040880854436541e-02

112
4.226808178935095e-01 1.500809123115021e-01
2.653229840740130e-02 2.047537176586935e+00
-1.731681944164495e+00 -1.575097731332934e+00
-3.023611527266170e-02 -5.440088333772715e-01
3.425010029720506e-01 8.146894066001699e-02

113
2.417660800424965e-01 1.338668029642692e-01
-3.042808575854102e-01 9.452689743325340e-01
6.106399945328337e-01 -1.334521033486095e+00
-3.844381407552844e-02 5.570984161855175e-02
-9.895018332654398e-02 1.790455364814219e-01

114
3.148238113798618e-02 2.265217384399328e-02
-3.223435983724728e-01 1.858963969436056e+00
-1.449029332008631e+00 -1.213762907068583e+00
-1.520191528122045e-02 -4.321948871618129e-01
-4.183780591386609e-01 2.418115208795026e-01

115
-4.539008152668152e-01 9.564176223028790e-01
9.204763577996020e-01 2.287977399750196e+00
-1.769739996665750e+00 -5.141810296140519e-01
-7.343719249764591e-01 -2.693056498752213e-01
8.102656474406227e-01 6.698377077859213e-01

116
1.374859144685092e-01 2.667398036253835e-01
1.280820720410730e-01 4.958602669389396e-01
-3.539427251144117e-01 -2.200830872675949e-01
4.926278272475527e-01 -3.582536871752900e-01
-5.133038328746031e-02 1.462175323993674e-02

117
-1.167322381334522e-01 1.041455140715519e+00
-8.403250347230877e-01 -6.793532099865377e-01
1.025378592224135e+00 -3.035632532766910e-01
5.078817826684130e-01 -1.837966981260723e-01
-4.428992639068113e-01 -3.665404356107462e-01

118
3.300770445907299e-02 5.571391055324817e-04
8.135694736684931e-01 1.499564140119550e+00
-1.706741541107696e+00 -4.847071909775930e-02
3.828602235503623e-01 -7.109804400988197e-02
-1.835827016586711e-01 3.651467428663682e-01

119
2.295960937394144e-01 1.327898808564820e-02
4.412356522529137e-01 1.062182057048763e+00
-1.108717450294745e+00 -5.145465546286874e-01
1.588616486982573e-01 -4.856298584356889e-02
-1.004582777403703e-01 -2.281234861024539e-01

120
8.994720318471693e-02 -5.655896828648815e-01
-1.072660047740924e-01 5.217397291077535e-01
1.639688771132556e+00 -2.355510099298141e+00
-1.763348216435234e-02 7.230971547176034e-02
5.306176253250990e-01 4.065478681240989e-02

121
2.960591145586561e-02 -1.121590333533457e-01
3.272471984096013e-01 6.896104808054324e-01
3.524795742216469e-01 -5.998814962832155e-01
-5.844961170328468e-03 -1.599429109119983e-01
1.739737617131590e-01 9.648107809076512e-02

122
3.660668667848322e-01 1.315881417555025e-01
-3.560334616460425e-01 -7.676326007399102e-02
3.551750792161329e-01 1.655696684657803e-01
1.437479136985263e-02 -6.359400243945015e-03
-8.501367827220867e-01 -8.148248116198038e-01

123
-1.644511200253805e+00 1.829603048911465e+00
5.253668074677725e-01 1.065163254411752e+00
-1.184962214798340e+00 1.641077243356022e-01
-6.058455262665690e-01 -2.426517537253084e-01
4.341408595792927e-01 6.617542999707842e-01

124
-4.217293039039701e-01 -3.546182997506286e-01
-3.064948230510561e-01 1.647233240318416e+00
-1.854152499040586e+00 -1.550356925825861e+00
3.718606963947608e-01 -5.664795607053329e-01
-5.080854633515146e-01 2.212239377779352e-01

125
-9.393876542626481e-03 2.672910320072865e-02
9.773366638368293e-02 -2.847305586127747e-02
-1.021347632287120e-01 4.426967315465989e-02
-2.443467699264000e-02 -6.738263860701326e-03
-5.093556231936028e-01 -8.391619360120364e-01

126
-2.761344482071690e-01 -1.513984206608246e-01
1.307229831614491e-01 1.196619413301578e+00
-8.646962389904848e-01 -1.384527550099640e+00
9.522450519853694e-02 -2.922620938579302e-01
9.103841147737599e-02 5.435584476573485e-02

127
-2.274144483912853e-01 -1.251626187359779e-01
1.107124533276241e-01 8.894960591433433e-01
-1.183416941576071e-01 -8.346266262611061e-01
1.049658171197266e-01 -1.997207304920617e-01
-1.020427067321426e-01 2.161107613174821e-01

128
2.667000841016707e-03 -6.545397650411613e-03
3.289098441240655e-01 4.488678765551435e-01
2.238080813877734e-01 -5.094973956543026e-01
1.186498603258802e-01 4.776514268173679e-02
-1.401175711694487e-02 -1.087637490378502e-01

129
7.654262128746425e-04 -8.935428937370227e-02
3.745503791850405e-01 4.716216887415585e-01
1.623427200827780e-01 -5.071697815497911e-01
1.386055352808545e-01 4.327017514572004e-02
-2.374240130070950e-02 -1.110135110887992e-01

130
2.837105839957103e-02 1.614317201886095e-02
-8.375642006178607e-02 5.351095248059922e-02
9.915514998407507e-02 -4.408893539955294e-02
-1.500534234761934e-02 2.530683186437122e-02
-6.570456673107397e-01 -6.946672037238640e-01

131
2.252619286142016e-01 -2.451034805921292e-01
2.873254887716278e-01 8.655443007616717e-01
-3.817232815089794e-01 -9.558881132516848e-01
1.970214847837987e-01 2.074245200441486e-01
-2.141586111842126e-01 -2.061011298080843e-01

132
-2.902281487738532e-01 -4.374470511974544e-03
6.192706223644949e-01 6.922651537072912e-01
-5.914957614452817e-01 -7.218735971418383e-01
1.478498125973255e-02 2.630254399764561e-01
-2.647735204271325e-03 -2.598304246183493e-01

133
-4.593648796513115e-01 3.381327180632410e-01
4.721363207026389e-01 -3.304530789332573e-01
-4.315005398743175e-01 1.104172997696900e-01
9.541623191399466e-01 -2.214331808909378e-01
-3.470943051414396e-02 -1.266979548916533e-01

134
-5.789835667974823e-01 5.216658064275826e-01
6.373669851618537e-01 -5.594521595857735e-01
-6.861790906669079e-01 1.831309137261129e-01
1.328933138148130e+00 -2.042885629032036e-01
9.374687820955439e-02 -6.719083022990253e-02

135
-7.447898203460317e+00 1.917993870356679e+00
3.152554975847232e+00 -5.421225203677444e+00
3.226766755438274e+00 5.885276707182746e+00
1.808328605501700e+00 -2.241601878438632e+00
2.054031883149137e+00 2.870747249373905e+00

136
-2.317434807058832e-02 -2.395633978403602e-02
9.788131873390662e-02 -4.164193039877201e-02
-1.135375530107515e-01 2.598779288997776e-02
-2.251395905585132e-02 1.887734331945212e-02
-5.521096732282390e-01 -8.693363356873125e-01

137
4.361125220670787e-01 -2.320759245182799e-02
-4.160942914120610e-01 1.277563585719532e+00
4.358552858548634e-01 -1.292496210786674e+00
-1.471435923669238e-02 -3.786649891775545e-01
6.255939147536808e-04 3.851811074671987e-01

138
-1.050462649582869e-01 1.180743061145657e+00
-5.617274815761563e-01 -7.367938204604421e-01
9.907999565679392e-01 -1.009437599526452e-01
5.068669125150972e-01 -1.260316511753454e-01
-2.169842874273341e-01 -3.579169077627311e-01

139
2.035799714225699e-01 -2.239849086904595e-02
-1.483910515387616e-01 6.507844553201654e-01
6.163822059724477e-01 -8.154237957052670e-01
2.603897321086006e-03 -2.043673559980249e-01
-5.370195370218130e-02 3.606221201615645e-02

140
-1.980675743641814e-03 9.776562624278191e-03
1.270232030762075e-01 5.220318015806709e-01
3.878678132046651e-01 -3.701131511195527e-01
3.143856683259674e-02 -1.191443675727655e-01
-1.307688852917511e-01 2.198625868096919e-02

141
-1.145206947675215e-01 -1.113288290059331e-02
3.279567788502490e-01 3.539760924794815e-01
5.859578373793217e-01 -2.380755428275528e-01
-1.102414075580623e-02 -1.241172487647286e-01
5.541175320136151e-02 1.805511927340836e-02

142
-1.672867476565980e-01 -4.298785194908995e-02
3.875500526298692e-01 5.034312504579668e-01
3.598538321676347e-01 -2.582193345799981e-02
1.440860889459315e-02 -1.637777729434855e-01
-6.031176137733778e-02 1.579935831230788e-01

143
-7.711620433508824e-02 -8.080268356802134e-02
2.151331014995875e-01 5.281707822497742e-01
4.072073579693706e-01 -3.068772433089413e-01
3.122743885396939e-02 -1.235303477058294e-01
-1.260061950557895e-01 8.482349862569764e-02

144
2.338884272990548e-03 -2.704175346870921e-02
-8.432826642174335e-02 4.961178947104077e-02
8.686690911375562e-02 -6.687370980381244e-02
2.447244055112460e-02 3.738035451942456e-04
-6.598401459018102e-01 -6.690923562460737e-01

145
-1.868354365732198e-01 -1.482283482561042e-02
2.141436565099908e-01 2.857401911660422e-02
8.826134104842135e-01 -4.235663619847578e-01
2.999321856709015e-02 2.754190636632241e-03
2.544468646708290e-03 -1.750153956655572e-01

146
-6.222656595017381e-01 2.232326367400772e-02
3.659415018990723e-01 3.899297096988998e-01
1.476368293918535e-01 -5.424539928618877e-01
1.095220149429746e-01 -2.779963288791376e-01
1.959358573503496e-01 1.586644733636383e-01

147
-5.360526205433612e-01 3.125562499117666e-02
3.323274796408933e-01 4.630176331912816e-01
1.999075973593447e-01 -5.393500872320592e-01
1.175050529712422e-01 -2.734525012451965e-01
1.770931784821538e-01 2.276376079894220e-01

148
7.914333569782704e-02 -1.001014855400589e-01
-6.391886745474129e-02 8.058522149816169e-02
1.396096402318500e-01 -1.281825461270595e-01
-5.935112725889809e-03 3.971285888642177e-03
-6.174199821223454e-01 -6.988837274680030e-01

149
-4.753585105859053e-01 6.180248041401666e-03
5.394498310170132e-01 7.138208318973929e-03
-4.259613345615251e-01 2.304058383840213e-01
6.444714393558170e-01 -5.607551778699703e-01
8.035826780896450e-02 2.856413943647340e-03

150
-1.230621168582563e-01 1.486719590765142e-02
9.947684971950725e-02 -1.198648126681894e-02
-1.857380870388322e-01 4.592821845490398e-02
6.997068239789845e-03 -3.143430953832959e-03
-5.660156138680562e-01 -7.819675152061337e-01

151
-5.372541752315883e-02 -2.420059375893332e-01
2.625193789751161e-02 2.462852988911248e-01
1.178319633612483e+00 -5.545701707479027e-01
3.448028381240015e-03 3.690286095026032e-02
-2.187750253459152e-01 3.461346685263145e-02

152
3.708203225568851e-05 1.008060476778660e-02
2.476861532180751e-01 5.329915944060333e-01
3.372596087440799e-01 -4.803754296200561e-01
1.125417012251201e-01 7.443964657356418e-02
-1.214962979165843e-01 4.084636881794507e-02

153
-8.453668960403454e-02 3.258490552988034e-01
-1.512786000332118e-01 2.211361492021020e-01
8.802870240993294e-02 -3.272658160107731e-01
3.643757305744840e-01 -4.798378379638342e-01
-7.350699528815399e-02 -6.241764916232922e-02

154
2.137799212634784e-02 2.833465104746599e-02
9.950461728409885e-02 -2.351142764375054e-02
-8.807574102260272e-02 3.904102879331556e-02
2.529112558434580e-02 -1.689093487260375e-02
-4.924609997922270e-01 -7.990869744461093e-01

155
-3.517442631157083e-02 -7.134923216032885e-02
2.842645708592595e-01 5.398837328600954e-01
3.381179702627712e-01 -4.602337512182396e-01
1.227547859548061e-01 6.338645141984825e-02
-1.360881462466808e-01 6.912633135023692e-02

156
5.746348038276356e-03 -2.770070215657636e-02
-8.716974398997955e-02 4.550926240272272e-02
9.198616890888099e-02 -6.297141447990683e-02
-2.531439509225718e-02 -5.269797932127948e-03
-6.518863012243833e-01 -7.140748291281407e-01

157
-3.390940715967093e-01 2.300039159967358e-01
3.765467196513914e-01 1.925742978209367e-01
-4.930323255246312e-02 -4.290200825595839e-01
1.947662565213890e-01 8.303887226779906e-02
-1.760755642060519e-02 -2.289956675927668e-01

158
-1.063907496192579e-01 3.447251186974272e-01
1.170284017941553e+00 3.673692713023540e-01
-8.328998895946605e-01 1.521161550580994e+00
1.220806941412606e-01 2.347896956506794e-01
-4.142993732053243e-01 -1.530319234364251e-01

159
-6.011490170731192e-01 -9.353094058136806e-02
-4.519259133354528e-01 1.439931296547046e+00
-1.760461324417741e-01 -3.271759990446930e+00
-6.637510646037588e-02 4.057685380421956e-01
-4.971369668014633e-03 2.068456529945960e-01

160
-2.880070912711963e-01 5.924512365484053e-02
3.293973950556291e-01 -8.249428097489347e-02
1.546156534024854e+00 6.411628018173363e-02
4.544968667050452e-02 -1.033888843574903e-02
3.626749825659982e-02 2.730286064002381e-01

161
-1.253840649961570e-01 1.438261915603420e-01
5.430086798473336e-01 -3.868943379688183e-03
5.952377391786852e-01 4.077794094609422e-01
9.093159032357034e-02 1.118643125858562e-01
-1.532949749024834e-01 -1.201911748189031e-01

162
-2.848802461438632e-01 -3.383649561218762e-01
2.107946759880469e+00 4.532876713103131e-01
-7.773893275636682e-01 1.611063063734391e+00
-4.766071197636788e-01 9.360317791626915e-02
3.745854475415705e-01 -4.360688470732529e-01

163
-1.154331089759391e-01 -2.387577496324071e-01
8.774442048664026e-02 1.793639671702648e+00
-1.387904984553681e+00 -8.911900389203862e-01
-6.226586852919211e-02 -3.587770771613183e-01
-3.498765025481640e-01 2.931488605694593e-01

164
-1.365111723032168e-02 -2.310017640380739e-03
2.745202279607321e-01 6.096716936451275e-01
3.922507688607081e-01 -5.433509289937223e-01
1.085867128972632e-02 -1.526665275287190e-01
1.430245713391989e-01 9.521545599151718e-02

165
-4.854825863153266e-03 3.150012010183962e-01
4.958308442210502e-02 -2.733960753104134e-01
2.876936688242216e-02 3.203032307701915e-01
-1.547397511195345e-02 5.010416601084675e-03
-5.149397935359428e-01 -9.216633210189880e-01

166
-1.682408026310463e-01 1.364519746320476e-01
7.643413491728548e-01 9.776234220492795e-02
6.810760691125773e-01 8.737277067397028e-01
-1.552617660371556e-01 -1.698132154439709e-01
9.747037552343306e-02 1.344105298789258e-02

167
-2.100109553783609e-01 7.703773450675111e-02
7.217298362836395e-01 3.356833189233553e-01
4.131033690830551e-01 7.523283634922081e-01
-9.264260809579852e-02 -2.139013680319579e-01
2.119886196134695e-02 1.673783043721830e-01

168
-4.673556920548864e-02 -2.202448762548862e-01
7.216501599374044e-01 3.891319136356563e-01
-3.371948118279552e-02 4.889258039571343e-01
2.072741757028363e-01 -7.117126026234588e-02
-2.163341601208946e-01 6.983516108512076e-03

169
-1.165531853151795e-01 -1.695214716837449e-01
6.608631646716222e-01 -8.773801237881555e-02
1.011280681482237e+00 4.528229996691572e-01
1.101814594768850e-01 -1.228519036045412e-01
8.026838567370470e-02 1.719682863326394e-02

170
-9.271711258103334e-03 -8.108104931704906e-03
7.390670469630523e-01 7.559025731117942e-01
-1.022960836880133e+00 2.618819763836878e-01
2.181034627758410e-01 -1.063366431107607e-01
-1.688584909045403e-01 -1.421913359182726e-01

171
-9.592236488389207e-02 -1.820964689752981e-01
1.023141280886587e+00 1.249517680938876e+00
-1.453238191917258e+00 2.703212494053902e-01
3.912643798077774e-01 -1.416261755838632e-01
-1.120931774826612e-01 3.660360966470784e-01

172
-1.310564619188412e-01 6.230448530874932e-02
4.828148901181690e-01 1.929117691397139e-01
7.725412226879852e-01 -1.532754045577037e-01
2.574611132173367e-02 1.252583197151398e-01
5.766924138697969e-02 3.031593275774922e-03

173
-8.837996010112575e-02 2.698972129965869e-01
5.746010868738953e-02 -2.846244202341632e-01
1.455405796640109e+00 3.767503784200431e-01
9.209983110313517e-03 -4.246451464253797e-02
-2.466017335101022e-01 -6.080253437485549e-02

174
-1.652203167774065e-01 2.365516682191816e-02
5.345081036573237e-01 2.901429341549224e-01
3.149209892816513e-01 -1.561269178837461e-01
4.642313410913484e-03 1.632787484128337e-01
-4.768134386158537e-02 -1.517148254307413e-01

175
-2.135066791250375e-01 -6.416963533820348e-02
1.206261578943128e+00 9.730113030770724e-01
-1.326441272683496e+00 3.869250398550094e-01
7.347537259758198e-03 3.683535147804508e-01
-2.593063451662216e-01 -1.302306121123699e-01

176
-8.441242990432488e-03 -4.070695472887836e-02
1.587387319841733e+00 1.435660440452752e+00
-2.034690367158525e+00 6.616975103800694e-01
-4.222604661752874e-01 -2.469918268412021e-01
4.471643837292279e-01 -2.973660507673203e-01

177
-2.014737167640837e-01 -3.768703629461229e-01
1.561498745973925e+00 3.203238481236980e-01
1.964354868292374e-01 8.958761910258808e-01
-3.894391353053591e-01 1.265376142076052e-01
3.407413774618780e-01 -2.385112329619128e-01

178
-3.430236779145278e-01 -4.006020100163581e-01
2.142038553414322e+00 -3.011813875142754e-01
1.425837507227460e+00 2.486107074494067e+00
-4.913936539051361e-01 3.099302879919916e-01
2.433268926300654e-01 1.167788941566200e-01

179
2.437824204338285e-02 1.682918102883170e-02
-7.774351991908075e-02 5.292084640934471e-02
9.104388956650356e-02 -4.329496758608271e-02
1.603796121026498e-02 -2.039699728841401e-02
-6.179600742794952e-01 -6.641612957189128e-01

180
-4.906877957256829e-01 4.792582256802360e-01
3.455794353048044e-01 8.130354620583176e-01
-1.024997898024335e+00 6.702308753226809e-02
1.022736997024595e-01 3.633949156928926e-01
-7.342592164634848e-01 3.634372016775923e-02

181
-1.514701860182089e-01 5.762162118359082e-01
1.138779331175412e+00 3.413921124573591e-01
-1.381976370776607e+00 1.961061102451287e+00
3.067354764363380e-01 1.428341825256160e-01
-6.367473221626738e-01 -1.578462845188837e-01

182
2.650597647091371e-01 -1.363173066741460e+00
-1.105689127619884e+00 -7.600587478399446e-01
1.218001627515856e+00 -1.242573072681338e+00
1.289751806947842e+00 -1.517450379162963e+00
-3.409791261074689e-01 -4.630818134127910e-01

183
-3.245685126606414e-02 -2.233389158034050e-02
-2.357899102107305e-01 1.866681808797435e+00
-1.499094059463426e+00 -1.142770388703174e+00
-3.156898519169805e-02 -4.317311262318864e-01
-4.092473012111930e-01 2.584608705313762e-01

184
-2.292902432201048e-01 -7.576575715990392e-01
-6.343028709917958e-01 1.187981844854862e-01
8.694523058470624e-02 -1.041300602931202e+00
5.831762356620933e-01 -1.356207981937527e+00
-9.675852399847766e-02 -2.410182571336822e-01

185
-6.701504777702177e-02 -1.562938218479344e+00
-1.554465660817206e+00 -5.101295804767791e-01
1.104506358346678e+00 -1.778859719628455e+00
1.125745169885656e+00 -1.785655013883143e+00
-5.257222454132576e-01 -3.835990262572631e-01

186
-6.729040087711184e-01 3.759466668423533e-01
1.014467116581350e+00 2.634754404865453e+00
-3.806892858954081e+00 -7.194939117099612e-01
-5.517146916700909e-01 -8.070613134697933e-01
6.401834029401313e-01 1.041859601169343e-01

187
4.120730030367941e-01 7.303181143814942e-02
-3.909995612305022e-01 -4.115587179025769e-02
1.736716271883094e+00 -1.122846582779652e+00
-5.660768893977833e-02 -3.309470005476095e-03
9.817378808351986e-02 -3.713139238658573e-01

188
-3.161641775464655e-01 -2.251730460571822e-01
1.489246819382914e-01 4.762871733015878e-01
-5.752340233281590e-01 -3.098846485501514e-01
5.277244977012963e-01 -6.565233582302917e-01
-1.351233841605722e-01 5.940810875052666e-02

189
-1.087091114490043e-03 -1.807081172453596e-03
2.199646813722286e-02 5.587017815157574e-02
-2.267168429336359e-02 -5.696498477222359e-02
4.574658385643014e-01 -3.082564934157874e-01
-3.508084415290991e-01 -2.907996022623607e-01

190
-3.812994926487202e-01 -1.895808948951004e-01
2.588153731311260e-01 5.399691035180306e-01
-7.223918374806734e-01 -2.336625822219789e-01
4.231579777067034e-01 -7.341526805574403e-01
-8.519213174941434e-03 4.133986584673272e-02

191
-8.994591506675146e-03 -1.429108693282680e-02
-9.978191961394384e-02 4.967683214421744e-01
9.425241530195375e-02 -5.053864324010360e-01
4.640506584497910e+00 -1.135227908601627e-01
-9.902104909825538e-01 3.704248565727787e+00

192
-3.273670521758766e-02 5.133079218302454e-04
8.468440132491274e-01 1.438847271461189e+00
-1.670944347825265e+00 1.081442451729765e-02
3.745209013229051e-01 -8.040861349993361e-02
-1.699923947386563e-01 3.633400778424891e-01

193
-2.213735173456830e-01 5.099553203804588e-02
5.486183451972850e-01 8.737431729148055e-01
-1.166556781934274e+00 -3.904877357643547e-01
1.281069648980381e-01 -3.575644682764697e-02
-1.234151939920122e-01 -2.084674293965899e-01

194
2.877706606506163e-01 4.773719011574677e-01
7.098053040404952e-01 3.883167134721447e-01
-4.391055966362509e-01 4.062969598229377e-01
7.752115643413071e-01 2.062602968775807e-01
-1.295616546244881e-01 1.805948307605167e-01

195
1.110302997107363e-01 2.550086271686007e-01
5.505515878420570e-01 -2.957904768096924e-01
1.298994465468778e+00 6.053943979143496e-01
1.058057838017250e-01 -3.112269920999390e-02
1.577589966967022e-01 -8.206068674973910e-02

196
1.619983551606602e-02 1.249195450044924e-02
1.227745532655678e+00 1.209507031543463e+00
-1.660147927407838e+00 4.572040543473890e-01
-1.880203811035678e-02 3.954905866931590e-01
-3.013894106707723e-01 -1.688307722443541e-01

197
-3.107028755289515e-01 8.637726315496493e-01
3.930848630319264e-01 3.715677869045369e-01
-4.777373519852610e-01 2.582983374271239e-01
2.395683273259724e-01 1.978819443100086e-01
-2.507138669869231e-01 2.105810230740925e-02

198
3.936981201340638e-02 8.996048968220764e-02
3.988897080487845e-02 2.496381213798029e-03
-1.983548581118209e-02 3.388267292384828e-02
2.842851183175462e-02 -5.383744893134320e-03
-5.183182359857746e-01 -7.354564808098792e-01

199
7.395169163699976e-02 3.103350165329490e-01
6.662646775259187e-01 -5.314835059266531e-01
1.367573858093416e+00 9.350541536919733e-01
2.139599791323830e-01 1.705054559377819e-02
1.122798659398644e-01 -1.061584279181273e-01

200
9.698070853660379e-04 -7.926935715401262e-04
-5.937178946596187e-02 7.820538220927891e-04
5.996624453176023e-02 -1.262365059014317e-03
-1.253530601836282e-01 -5.281038594318828e-01
-1.837200698391072e-01 -7.739699414734914e-01

201
3.712558049014332e-03 -7.116380678463531e-03
2.940218833735339e-01 5.649251419894292e-01
3.414122610413228e-01 -5.371098773527289e-01
-1.276029516017652e-01 7.161706657306152e-02
-1.567974964134692e-02 -1.374554786813161e-01

202
8.668968740242536e-01 2.074419542087940e-01
-1.113228823248112e+00 3.530657446087645e-01
1.336119859147511e+00 6.189563671823660e-01
1.461929985214968e-01 -1.909766195491132e+00
-4.236152582134600e-02 3.224662515836805e-01

203
1.866616334821763e-03 -1.290480948488240e-03
-2.619055606365311e-02 -6.418007743419570e-02
2.733845050205665e-02 6.338531811812814e-02
5.145951185836470e-01 -3.624209646203872e-01
-4.070350393617994e-01 -3.234860505236423e-01

204
-6.053232637231171e-02 -9.847678885778417e-02
-7.782612753002112e-02 -1.326532147616847e-02
3.291148489712779e-02 -6.729328735967577e-02
2.124553721063240e-02 -3.157790527011230e-02
-6.802003031109376e-01 -7.489597264240048e-01

205
-1.012428687131781e-01 5.931391222324030e-02
2.546575267192793e-01 5.499580567645084e-01
2.039200928735370e-01 -5.896426866793275e-01
-8.343886677798534e-02 2.681685944102409e-02
-1.141142127452019e-02 -1.322401427030392e-01

206
3.763541268536293e-02 9.662368113722940e-02
3.586071767030349e-02 6.481887703139368e-03
-1.578353923485893e-02 3.242685390781951e-02
-2.339405753691198e-02 1.553002650352552e-02
-5.294843750675519e-01 -7.741251528921411e-01

207
-4.261692768172451e+00 -1.242557850631695e+00
-6.176535990223188e+00 2.669750564886657e+00
-2.742980786446594e-01 -5.702450393688340e+00
-2.652455904759342e-01 -2.402496056882824e+00
-4.199485055367349e+00 2.232307719633051e+00

208
-6.348648477961776e-03 -2.862973362973356e-02
-8.850686058890199e-02 4.622200883568559e-02
8.515129765619504e-02 -6.511931732124424e-02
3.897728930651887e-04 2.905867457672637e-03
-6.671647738215821e-01 -6.905380267988473e-01

209
-1.066785109318941e-01 2.542662680305342e-02
1.237571670188888e-01 5.204965064034476e-01
3.224885116624998e-01 -4.757922125718008e-01
2.298085296520067e-02 -1.335440444534618e-01
-8.958152530177380e-02 1.593646299633657e-02

210
1.208536940452397e-04 1.083047419616876e-03
5.750001549773324e-02 6.120162768259580e-03
-5.742768448405464e-02 -5.464002139134575e-03
-6.065992698768684e-02 -5.218492343994496e-01
-8.890203797682161e-02 -7.648124049244641e-01

211
-2.497087357061253e-01 2.704560033294158e-01
-1.055578869774219e-01 3.060421406579334e-01
2.596233748228282e-01 -2.817641571144519e-01
1.497901206270852e-01 -6.543939041322873e-01
8.829249941641495e-02 6.016721754462574e-02

212
-2.193853685182285e-03 2.591756350147901e-04
-2.458408828797630e-02 7.758752759735710e-02
2.325841335780218e-02 -7.743454091882454e-02
7.353900540041667e-01 6.118509218667443e-02
-7.354062930560274e-01 -6.118304671725118e-02

213
-4.117384478107584e-01 2.202482256784836e-01
3.753480280344936e-01 1.594986855512746e-01
-5.884684539735702e-02 -4.224202675944380e-01
1.931383992593312e-01 4.495019278939121e-02
-8.869422955535331e-03 -2.293931422017713e-01

214
7.175568904517173e-04 3.007035653877429e-02
9.718970857676429e-02 -2.840596673983446e-02
-9.596815941673847e-02 4.530068114079052e-02
-7.718250498783256e-05 -2.602054491001642e-03
-5.119977372761546e-01 -8.199700463976397e-01

215
-2.790649912228454e-01 -6.621378767021466e-02
-2.643370354295835e-02 1.027908504993396e+00
2.658390957874956e-02 -1.513899108709432e+00
2.103301303526008e-03 6.521419076125949e-02
-5.426496094311305e-02 2.122872132483563e-01

216
-5.181144056005206e-02 -1.059427510759399e-01
-7.689459384014083e-02 -1.342805153113259e-02
4.080140836790750e-02 -7.252957516518833e-02
-3.782124124985568e-02 -9.619384485648908e-04
-6.950729535649074e-01 -8.064427707907572e-01

217
-5.526045628370715e-02 1.742178063134628e-01
3.456779972466487e-01 4.889867448725692e-01
-3.127298723140543e-02 -2.215114274888439e-01
1.550106927361238e-01 6.663049516519572e-02
-1.502426280243483e-01 -4.596330762899851e-02

218
-1.726488581784322e-02 -5.536013520758797e-04
4.007070367290617e-01 7.555477623801029e-01
4.550743833009178e-01 -7.262595355295047e-01
-1.690309144001996e-01 9.714256445778069e-02
1.916623605045866e-01 8.700759062297422e-02

219
-2.632452311126471e-01 -9.958317711465765e-02
6.247887250933203e-02 8.765468608049550e-01
2.347747691126681e-01 -1.476523666767820e+00
-7.009516269251161e-02 1.831376214865041e-01
-1.981870356343401e-02 8.576401367864844e-02

220
-1.011155557598613e-02 2.748054851867710e-02
9.589020616958278e-02 -3.449523933157036e-02
-1.005804452404129e-01 5.081383617978363e-02
2.535088706391076e-02 9.171128416222253e-03
-5.338698930265470e-01 -8.029426470339944e-01

221
2.365596749407428e-02 3.156350595315598e-02
1.157098731412312e+00 1.473562094857626e-01
-1.142433947946051e+00 -1.280407730646652e-01
1.024413645345543e+00 1.048303605903232e+01
-8.546967749567237e+00 -1.628289200036018e+00

222
-1.105239880807032e-01 -5.217807691562887e-02
4.160220909438348e-01 4.928003290074796e-01
3.050331894048183e-01 -4.800844940362604e-01
-9.685759431283308e-02 1.432057591190470e-01
-2.431715153836816e-02 -1.427755082361077e-01

223
-2.221550781715736e-01 -2.613971161062477e-02
1.752551756085782e+00 -1.698818909761379e-01
-6.004808282919691e-01 1.505769758162184e+00
2.823022301970546e-01 2.844321779194912e-01
7.029645830893377e-02 -4.415589500771869e-01

224
-1.576485383925005e-01 1.407534653611897e-01
4.555423255743295e-02 5.796658302359209e-01
6.272687454292979e-01 -7.767878529912678e-01
-1.237216491889705e-01 -1.906572213824564e-01
1.662915136251779e-01 1.154542770650751e-01

225
-1.986024595750031e-02 1.581092506037077e-01
3.474636609292615e-01 3.899335970737265e-01
7.728534451369824e-01 -2.766166847290208e-02
-1.657517711459830e-01 -3.282850789969025e-02
4.785643213365107e-02 5.051093873134738e-02

226
-1.770492401237914e-01 5.805144131130662e-01
-2.097325324021132e-01 1.068149919123629e+00
7.130067070845529e-01 -4.359673710923618e-01
-1.180438763788950e+00 -3.622903286905026e-01
1.657893984571378e-01 -2.568806760879507e-02

227
1.544691005389227e-02 1.682653333282670e-01
4.565927349352706e-01 3.277250417665242e-01
7.368318344965320e-01 3.134448523627083e-02
-1.770468292735169e-01 2.647952239899999e-03
1.212553767078781e-01 -4.442270504385423e-02

228
-4.132523232223113e-01 4.496381323591490e-01
-5.808690319070282e-01 8.501748561426089e-01
7.847072256492438e-01 -1.602561605400127e-01
-8.959876346777448e-01 -9.686304762871991e-01
-2.635090479714665e-03 2.032710427544235e-01

229
-3.506018815492629e-01 1.001941160633782e+00
-7.381439509002993e-01 -5.760421956425065e-01
8.330318194431825e-01 -3.380360125748817e-01
3.641371210577899e-01 -2.536592807176304e-01
-3.559298279507650e-01 -3.494035811366270e-01

230
-2.264452485613862e-01 2.313950593183637e-01
-9.058559377943931e-02 3.272265626086646e-01
2.698251351702420e-01 -2.613128929382396e-01
2.149686576089431e-02 -5.695591922319250e-01
2.150700115603575e-02 -4.605951015582645e-02

231
-5.215534960899544e-01 4.746131931320837e-03
5.487459971698098e-01 -1.169145694179658e-02
-4.120212052368801e-01 2.010786740177773e-01
7.887183505002200e-01 -4.800967840343964e-01
1.375693388189731e-02 1.218166241028185e-01

232
-1.102473826956272e-01 1.257627541987749e-01
2.339958404226009e-01 2.819996201640917e-01
7.595167620317554e-01 -4.916167722484294e-01
8.980148470673974e-02 5.471079465625545e-02
4.611463435304633e-02 6.084251417855006e-02

233
-5.805366056192489e-02 1.483570816410581e-01
3.509836383687999e-01 8.080428066833378e-02
7.376359391566844e-01 2.486474094545677e-01
5.121270562516229e-02 1.041313262581165e-02
-1.506939819420558e-01 -5.863883181804797e-02

234
-1.189669817707265e-01 3.695190343011640e-02
2.400427940591122e-01 2.719987464486890e-01
4.870609753850521e-01 -4.407596362109964e-01
5.785442843845218e-02 2.524091015770267e-02
-5.109966744665774e-02 -1.295378457642670e-01

235
-5.496301498655830e-01 2.749536418649798e-01
3.454968202208231e-01 3.948077210396431e-01
1.530544241641399e-01 -4.624597661146140e-01
1.050572156096318e-01 -1.910805871285166e-01
2.072522627285232e-01 1.818028006960966e-01

236
-3.221913239683085e-01 3.699911544838934e-01
3.528724347614920e-01 2.003657455915608e-01
-8.762923819569602e-03 -3.751955633211532e-01
1.987774855445722e-01 7.545191859414949e-02
1.833827561112839e-02 -1.636263533711259e-01

237
-2.082505186255506e-02 1.413823563637924e-01
3.322968573794600e-01 1.848097601631091e-01
5.897839207851718e-01 1.361046463049493e-01
1.016011832061288e-01 -1.955171864888728e-03
-1.437638399681958e-01 -2.786366349489106e-02

238
-1.372799817588294e-01 8.203549968962454e-02
1.682216037700473e-01 2.878145722388693e-01
4.457095887175931e-01 -5.804380326437006e-01
6.641858464883141e-02 7.423975007204364e-02
-8.622768049233338e-02 -1.522600128628497e-01

239
-1.358360068252006e-01 9.134985900669591e-02
3.135748132206987e-01 2.580360527397482e-01
8.382918831419299e-01 -2.872131108447186e-01
5.902593026927490e-02 2.199537184599083e-02
4.764070393539489e-02 1.146483628966174e-01

