3.7106219162825332e-01 5.1421657103297747e-01
3.7106219162825332e-01 -5.1421657103297747e-01
1.3487125441197700e-01 2.7723631653490938e-01
1.3487125441197700e-01 -2.7723631653490938e-01
3.7106219162825332e-01 -5.1421657103297747e-01
3.7106219162825332e-01 5.1421657103297747e-01
1.3487125441197700e-01 2.7723631653490938e-01
1.3487125441197700e-01 -2.7723631653490938e-01
3.7106219162825332e-01 5.1421657103297747e-01
3.7106219162825332e-01 -5.1421657103297747e-01
1.3487125441197700e-01 -2.7723631653490938e-01
1.3487125441197700e-01 2.7723631653490938e-01
3.7106219162825332e-01 -5.1421657103297747e-01
3.7106219162825332e-01 5.1421657103297747e-01
1.3487125441197700e-01 -2.7723631653490938e-01
1.3487125441197700e-01 2.7723631653490938e-01
8.8557840259760878e-01 2.7114937608736445e+00
8.8557840259760878e-01 -2.7114937608736445e+00
1.4503027710261043e-01 8.7905561423739642e-01
1.4503027710261043e-01 -8.7905561423739642e-01
8.8557840259760878e-01 -2.7114937608736445e+00
8.8557840259760878e-01 2.7114937608736445e+00
1.4503027710261043e-01 8.7905561423739642e-01
1.4503027710261043e-01 -8.7905561423739642e-01
8.8557840259760878e-01 2.7114937608736445e+00
8.8557840259760878e-01 -2.7114937608736445e+00
1.4503027710261043e-01 -8.7905561423739642e-01
1.4503027710261043e-01 8.7905561423739642e-01
8.8557840259760878e-01 -2.7114937608736445e+00
8.8557840259760878e-01 2.7114937608736445e+00
1.4503027710261043e-01 -8.7905561423739642e-01
1.4503027710261043e-01 8.7905561423739642e-01
9.9575776382047121e-01 -1.0432598488953893e+00
6.2485657725784693e-01 1.1676783162439246e+00
7.1907339308745910e-01 -6.0639316916937169e-01
3.7710195416750580e-01 4.8431538344798258e-01
6.2485657725784693e-01 1.1676783162439246e+00
9.9575776382047121e-01 -1.0432598488953893e+00
7.1907339308745910e-01 -6.0639316916937169e-01
3.7710195416750580e-01 4.8431538344798258e-01
9.9575776382047121e-01 -1.0432598488953893e+00
6.2485657725784693e-01 1.1676783162439246e+00
3.7710195416750580e-01 4.8431538344798258e-01
7.1907339308745910e-01 -6.0639316916937169e-01
6.2485657725784693e-01 1.1676783162439246e+00
9.9575776382047121e-01 -1.0432598488953893e+00
3.7710195416750580e-01 4.8431538344798258e-01
7.1907339308745910e-01 -6.0639316916937169e-01
2.2722172387562720e-02 -2.0946012987677476e-01
2.2722172387562720e-02 2.0946012987677476e-01
-1.9678178429377649e-02 2.6220988441362525e-01
-1.9678178429377649e-02 -2.6220988441362525e-01
2.2722172387562720e-02 2.0946012987677476e-01
2.2722172387562720e-02 -2.0946012987677476e-01
-1.9678178429377649e-02 2.6220988441362525e-01
-1.9678178429377649e-02 -2.6220988441362525e-01
2.2722172387562720e-02 -2.0946012987677476e-01
2.2722172387562720e-02 2.0946012987677476e-01
-1.9678178429377649e-02 -2.6220988441362525e-01
-1.9678178429377649e-02 2.6220988441362525e-01
2.2722172387562720e-02 2.0946012987677476e-01
2.2722172387562720e-02 -2.0946012987677476e-01
-1.9678178429377649e-02 -2.6220988441362525e-01
-1.9678178429377649e-02 2.6220988441362525e-01
1.0606503628448183e+00 5.2095880838902889e-02
-8.8011528730415300e-01 4.0776054836918194e-02
-3.0050550255186210e-03 -1.4077042762767542e-02
-3.8814116498144311e+00 -8.7935763655064636e-01
-8.8011528730415300e-01 4.0776054836918194e-02
1.0606503628448183e+00 5.2095880838902889e-02
-3.0050550255186210e-03 -1.4077042762767542e-02
-3.8814116498144311e+00 -8.7935763655064636e-01
1.0606503628448183e+00 5.2095880838902889e-02
-8.8011528730415300e-01 4.0776054836918194e-02
-3.8814116498144311e+00 -8.7935763655064636e-01
-3.0050550255186210e-03 -1.4077042762767542e-02
-8.8011528730415300e-01 4.0776054836918194e-02
1.0606503628448183e+00 5.2095880838902889e-02
-3.8814116498144311e+00 -8.7935763655064636e-01
-3.0050550255186210e-03 -1.4077042762767542e-02
9.9575776382047121e-01 1.0432598488953893e+00
6.2485657725784693e-01 -1.1676783162439246e+00
7.1907339308745910e-01 6.0639316916937169e-01
3.7710195416750580e-01 -4.8431538344798258e-01
6.2485657725784693e-01 -1.1676783162439246e+00
9.9575776382047121e-01 1.0432598488953893e+00
7.1907339308745910e-01 6.0639316916937169e-01
3.7710195416750580e-01 -4.8431538344798258e-01
9.9575776382047121e-01 1.0432598488953893e+00
6.2485657725784693e-01 -1.1676783162439246e+00
3.7710195416750580e-01 -4.8431538344798258e-01
7.1907339308745910e-01 6.0639316916937169e-01
6.2485657725784693e-01 -1.1676783162439246e+00
9.9575776382047121e-01 1.0432598488953893e+00
3.7710195416750580e-01 -4.8431538344798258e-01
7.1907339308745910e-01 6.0639316916937169e-01
1.0606503628448183e+00 -5.2095880838902889e-02
-8.8011528730415300e-01 -4.0776054836918194e-02
-3.0050550255186210e-03 1.4077042762767542e-02
-3.8814116498144311e+00 8.7935763655064636e-01
-8.8011528730415300e-01 -4.0776054836918194e-02
1.0606503628448183e+00 -5.2095880838902889e-02
-3.0050550255186210e-03 1.4077042762767542e-02
-3.8814116498144311e+00 8.7935763655064636e-01
1.0606503628448183e+00 -5.2095880838902889e-02
-8.8011528730415300e-01 -4.0776054836918194e-02
-3.8814116498144311e+00 8.7935763655064636e-01
-3.0050550255186210e-03 1.4077042762767542e-02
-8.8011528730415300e-01 -4.0776054836918194e-02
1.0606503628448183e+00 -5.2095880838902889e-02
-3.8814116498144311e+00 8.7935763655064636e-01
-3.0050550255186210e-03 1.4077042762767542e-02
-3.6370956825279632e-01 6.6804941604708357e-01
-3.6370956825279632e-01 -6.6804941604708357e-01
-2.3236075137023388e-01 3.2812996593628913e-01
-2.3236075137023388e-01 -3.2812996593628913e-01
-3.6370956825279632e-01 -6.6804941604708357e-01
-3.6370956825279632e-01 6.6804941604708357e-01
-2.3236075137023388e-01 3.2812996593628913e-01
-2.3236075137023388e-01 -3.2812996593628913e-01
-3.6370956825279632e-01 6.6804941604708357e-01
-3.6370956825279632e-01 -6.6804941604708357e-01
-2.3236075137023388e-01 -3.2812996593628913e-01
-2.3236075137023388e-01 3.2812996593628913e-01
-3.6370956825279632e-01 -6.6804941604708357e-01
-3.6370956825279632e-01 6.6804941604708357e-01
-2.3236075137023388e-01 -3.2812996593628913e-01
-2.3236075137023388e-01 3.2812996593628913e-01
-4.9352532326486254e-01 9.1165860689936329e-01
-4.9352532326486254e-01 -9.1165860689936329e-01
-2.9572385951284602e-01 4.5764039511086818e-01
-2.9572385951284602e-01 -4.5764039511086818e-01
-4.9352532326486254e-01 -9.1165860689936329e-01
-4.9352532326486254e-01 9.1165860689936329e-01
-2.9572385951284602e-01 4.5764039511086818e-01
-2.9572385951284602e-01 -4.5764039511086818e-01
-4.9352532326486254e-01 9.1165860689936329e-01
-4.9352532326486254e-01 -9.1165860689936329e-01
-2.9572385951284602e-01 -4.5764039511086818e-01
-2.9572385951284602e-01 4.5764039511086818e-01
-4.9352532326486254e-01 -9.1165860689936329e-01
-4.9352532326486254e-01 9.1165860689936329e-01
-2.9572385951284602e-01 -4.5764039511086818e-01
-2.9572385951284602e-01 4.5764039511086818e-01
-3.2081777843775289e-01 6.1110208340747219e-01
-3.2081777843775289e-01 -6.1110208340747219e-01
-2.0029170670504073e-01 3.1064683084384537e-01
-2.0029170670504073e-01 -3.1064683084384537e-01
-3.2081777843775289e-01 -6.1110208340747219e-01
-3.2081777843775289e-01 6.1110208340747219e-01
-2.0029170670504073e-01 3.1064683084384537e-01
-2.0029170670504073e-01 -3.1064683084384537e-01
-3.2081777843775289e-01 6.1110208340747219e-01
-3.2081777843775289e-01 -6.1110208340747219e-01
-2.0029170670504073e-01 -3.1064683084384537e-01
-2.0029170670504073e-01 3.1064683084384537e-01
-3.2081777843775289e-01 -6.1110208340747219e-01
-3.2081777843775289e-01 6.1110208340747219e-01
-2.0029170670504073e-01 -3.1064683084384537e-01
-2.0029170670504073e-01 3.1064683084384537e-01
