40

1.843761242125526e-54
4.581220049883564e-58
4.024607467114327e3

5.183759622441579e-58
3.212978098913881e-61
1.613381561546872e3

6.278230328381142e-59
5.343943709804995e-63
1.174830924371814e4

1.581819370747104e-58
5.046655051652746e-62
3.134391700160026e3

3.760718528060751e-55
1.165641111353472e-59
3.226309102716900e4

2.517922900729229e-59
8.108948571777965e-63
3.105116376607072e3

1.068055469066431e-53
2.763431532273397e-57
3.864960852450618e3

3.151759242788613e-47
8.299908930563235e-52
3.797341957792702e4

8.471637484699426e-57
6.528905933477335e-60
1.297558514553047e3

2.225405865881981e-55
1.274270358782206e-58
1.746415782604216e3

9.655810390744058e-48
6.435437376990501e-52
1.500412454523728e4

7.153622016627946e-58
2.303817683137736e-61
3.105116376607072e3

6.425660459028019e-59
3.135906700579922e-62
2.049059832628224e3

1.974183694127487e-55
1.075500655642438e-58
1.835595063350502e3

3.351180290816696e-55
2.377525261935356e-58
1.409524577706806e3

3.111167122522236e-57
6.140724477460321e-61
5.066449624864054e3

1.037836648889635e-56
5.100289861687735e-60
2.034858168916315e3

1.537524815774341e-57
4.905337184551128e-61
3.134391700160026e3

1.821378121361365e-53
4.712539637255320e-57
3.864960852450618e3

7.289653853417464e-58
3.557560270979203e-61
2.049059832628224e3

1.129205809563591e-55
3.499992634347024e-60
3.226309102716900e4

1.418382204867353e-48
3.735197463469481e-53
3.797341957792702e4

3.132584266868609e-56
1.539460742139537e-59
2.034858168916315e3

4.026429244213211e-59
1.965013017237626e-62
2.049059832628224e3

1.946754523824105e-57
1.060557724681774e-60
1.835595063350502e3

6.190772929049840e-58
1.221915421534652e-61
5.066449624864054e3

1.324448732304669e-57
2.614155533699217e-61
5.066449624864054e3

1.128549583252529e-57
6.148140217770000e-61
1.835595063350502e3

4.648098804488044e-58
9.174272219498807e-62
5.066449624864054e3

1.999226357557543e-50
1.332451188024931e-54
1.500412454523728e4

2.933937631962996e-55
1.679976590447421e-58
1.746415782604216e3

3.909539558845737e-58
2.423195883742072e-61
1.613381561546872e3

5.412897698283419e-57
2.641649410178801e-60
2.049059832628224e3

4.973437327124079e-57
3.832919495609193e-60
1.297558514553047e3

1.294119295825579e-55
9.181246757193956e-59
1.409524577706806e3

6.302302938129424e-58
3.097170620734605e-61
2.034858168916315e3

3.226795657760520e-56
1.757901686590215e-59
1.835595063350502e3

1.156556429540326e-57
9.844450001677821e-62
1.174830924371814e4

6.426780907453394e-56
3.158343419520017e-59
2.034858168916315e3

1.617084812441229e-57
4.017993868109305e-61
4.024607467114327e3

