4 4

13
1 1 0 0 1 0
1 0 3 0 -712822085953699/100000000000000 0
1 0 2 0 -4486561228914629/1000000000000000 0
1 0 1 0 -1815593157807777/1000000000000000 0
1 0 0 0 -1137347154466043/1000000000000000 0
0 1 3 0 -712822085953699/100000000000000 0
0 1 2 0 -4486561228914629/1000000000000000 0
0 1 1 0 -1815593157807777/1000000000000000 0
0 1 0 0 -1137347154466043/1000000000000000 0
0 0 3 0 1469359925598169/200000000000000 0
0 0 2 0 1226907654729991/100000000000000 0
0 0 1 0 2897813296394383/1000000000000000 0
0 0 0 0 -2043690817653097/1000000000000000 0

18
1 0 2 0 -712822085953699/100000000000000 0
1 0 1 1 -712822085953699/100000000000000 0
1 0 1 0 -4486561228914629/1000000000000000 0
1 0 0 2 -712822085953699/100000000000000 0
1 0 0 1 -4486561228914629/1000000000000000 0
1 0 0 0 -1815593157807777/1000000000000000 0
0 1 2 0 -712822085953699/100000000000000 0
0 1 1 1 -712822085953699/100000000000000 0
0 1 1 0 -4486561228914629/1000000000000000 0
0 1 0 2 -712822085953699/100000000000000 0
0 1 0 1 -4486561228914629/1000000000000000 0
0 1 0 0 -1815593157807777/1000000000000000 0
0 0 2 0 1469359925598169/200000000000000 0
0 0 1 1 1469359925598169/200000000000000 0
0 0 1 0 1226907654729991/100000000000000 0
0 0 0 2 1469359925598169/200000000000000 0
0 0 0 1 1226907654729991/100000000000000 0
0 0 0 0 2897813296394383/1000000000000000 0

18
2 1 0 0 1 0
2 0 3 0 -712822085953699/100000000000000 0
2 0 2 0 -4486561228914629/1000000000000000 0
2 0 1 0 -1815593157807777/1000000000000000 0
2 0 0 0 -1137347154466043/1000000000000000 0
1 2 0 0 1 0
1 1 3 0 -712822085953699/100000000000000 0
1 1 2 0 -4486561228914629/1000000000000000 0
1 1 1 0 -1815593157807777/1000000000000000 0
1 1 0 0 -1137347154466043/1000000000000000 0
0 2 3 0 -712822085953699/100000000000000 0
0 2 2 0 -4486561228914629/1000000000000000 0
0 2 1 0 -1815593157807777/1000000000000000 0
0 2 0 0 -1137347154466043/1000000000000000 0
0 0 3 0 1030505376243371/100000000000000 0
0 0 2 0 4888793319563187/1000000000000000 0
0 0 1 0 7885333477434693/10000000000000000 0
0 0 0 0 12402850092069/15625000000000 0

24
2 0 2 0 -712822085953699/100000000000000 0
2 0 1 1 -712822085953699/100000000000000 0
2 0 1 0 -4486561228914629/1000000000000000 0
2 0 0 2 -712822085953699/100000000000000 0
2 0 0 1 -4486561228914629/1000000000000000 0
2 0 0 0 -1815593157807777/1000000000000000 0
1 1 2 0 -712822085953699/100000000000000 0
1 1 1 1 -712822085953699/100000000000000 0
1 1 1 0 -4486561228914629/1000000000000000 0
1 1 0 2 -712822085953699/100000000000000 0
1 1 0 1 -4486561228914629/1000000000000000 0
1 1 0 0 -1815593157807777/1000000000000000 0
0 2 2 0 -712822085953699/100000000000000 0
0 2 1 1 -712822085953699/100000000000000 0
0 2 1 0 -4486561228914629/1000000000000000 0
0 2 0 2 -712822085953699/100000000000000 0
0 2 0 1 -4486561228914629/1000000000000000 0
0 2 0 0 -1815593157807777/1000000000000000 0
0 0 2 0 1030505376243371/100000000000000 0
0 0 1 1 1030505376243371/100000000000000 0
0 0 1 0 4888793319563187/1000000000000000 0
0 0 0 2 1030505376243371/100000000000000 0
0 0 0 1 4888793319563187/1000000000000000 0
0 0 0 0 7885333477434693/10000000000000000 0

