40

9.711597810747475e-51
1.255963887627024e-54
7.732386182771739e3

3.754472236488106e-54
1.513285035301958e-57
2.481007971997123e3

4.048253605909171e-55
3.473818898633270e-59
1.165361155557621e4

1.236048925694943e-55
1.826536714076442e-59
6.767172628774291e3

2.461294369954390e-56
6.016813308273200e-60
4.090694265966466e3

1.285429090592519e-52
4.817538706811218e-57
2.668227841688393e4

1.878620251520166e-51
6.940298614152613e-56
2.706829137998898e4

2.141976214099473e-55
5.132222788991793e-59
4.173583848880919e3

1.680510033792068e-49
1.052992118073468e-53
1.595937903948125e4

5.913436751862492e-50
7.647622107956811e-54
7.732386182771739e3

4.552794054712288e-57
1.835058212669688e-60
2.481007971997123e3

4.138682624309501e-54
9.916375887402438e-58
4.173583848880919e3

5.122252932820647e-55
1.107498785620129e-58
4.625064152962037e3

4.243313534371489e-56
1.979569658915992e-59
2.143553532081876e3

1.918421011460708e-55
4.147879787207039e-59
4.625064152962037e3

1.828051322962163e-56
3.952488576383144e-60
4.625064152962037e3

1.022148257191749e-53
2.498715843165700e-57
4.090694265966466e3

7.209266731925437e-53
8.713968818004007e-57
8.273229893857674e3

2.776079707612479e-52
1.025583650124580e-56
2.706829137998898e4

4.900068909097543e-56
1.197857525033065e-59
4.090694265966466e3

1.142429112986817e-54
2.737285638320507e-58
4.173583848880919e3

8.453418207867391e-56
2.066499635085828e-59
4.090694265966466e3

4.856123484337417e-55
5.869682755875994e-59
8.273229893857674e3

4.401909151806452e-55
9.517509392788273e-59
4.625064152962037e3

4.370322131586883e-51
2.080034794879257e-55
2.101081261883686e4

2.445957556602844e-50
1.164142292340453e-54
2.101081261883686e4

5.834182880548268e-49
2.186538491726603e-53
2.668227841688393e4

3.540575340840332e-55
4.827605382102408e-59
7.334019789534706e3

1.057723559474346e-54
1.442215305968586e-58
7.334019789534706e3

1.645014426430648e-52
1.988358171518916e-56
8.273229893857674e3

4.612728319083877e-55
3.958196390093937e-59
1.165361155557621e4

5.308017932623786e-57
2.476270292848016e-60
2.143553532081876e3

1.352061719526635e-48
8.471894277226107e-53
1.595937903948125e4

2.617099513659443e-55
3.867345577282055e-59
6.767172628774291e3

9.020232091082561e-55
1.229916519171928e-58
7.334019789534706e3

1.792263363785072e-54
2.443766740775019e-58
7.334019789534706e3

8.992705992409192e-53
1.086964354645298e-56
8.273229893857674e3

1.070980228082494e-51
5.097281326103142e-56
2.101081261883686e4

1.908129889007907e-54
4.571921777777491e-58
4.173583848880919e3

4.180159429686925e-52
1.989527728184716e-56
2.101081261883686e4

