12                                               

9.061068793900889e-01 -2.659127672436647e-16
5.360736840755538e-01 -2.735563137201536e-16
5.411717452476578e-01 -6.929472565271992e-17
-6.042670384154284e-01 -2.618853512046815e-17

9.346818516292190e-01 1.459093352137504e-16
5.317056365905017e-01 -7.938025225471603e-17
-6.042902353710528e-01 -3.726015594515782e-17
2.362289492981184e+00 -7.477509764683211e-17

4.808753424139030e-01 3.169102634988759e-16
-1.470415061492466e+00 -1.435485637243667e-16
-4.112069874127445e-01 5.606118334259502e-16
-2.456496161101174e-01 -1.167311081833862e-15

4.808753424139037e-01 -5.643042233242456e-17
-1.470415061492467e+00 3.732347455300511e-17
-2.456496161101156e-01 -9.320177278497031e-16
-4.112069874127489e-01 8.868043411704051e-16

5.317056365904882e-01 -1.065987841397255e-14
9.346818516292306e-01 8.640530809263717e-15
2.362289492981196e+00 8.813513094557714e-15
-6.042902353710520e-01 9.357608139552572e-16

5.360736840755574e-01 8.709791766893607e-17
9.061068793900859e-01 -7.031468666115609e-17
5.411717452476583e-01 4.481330612965389e-19
-6.042670384154285e-01 5.589344881697018e-18

9.061068793900872e-01 5.263211196681605e-16
5.360736840755562e-01 -5.980003916648254e-16
-6.042670384154284e-01 -1.195729699345010e-17
5.411717452476581e-01 -5.699399677074841e-17

-1.470415061492466e+00 9.662975161676987e-17
4.808753424139033e-01 -1.192157140060467e-17
-2.456496161101168e-01 -2.646886136948638e-16
-4.112069874127459e-01 5.119183923929334e-16

-1.470415061492467e+00 2.752971223359406e-16
4.808753424139048e-01 -2.406827183050884e-16
-4.112069874127560e-01 1.276383234029697e-15
-2.456496161101120e-01 -6.157684737389209e-16

5.317056365905017e-01 6.638761624889043e-17
9.346818516292191e-01 -5.347499375143441e-17
-6.042902353710528e-01 1.460665579084387e-17
2.362289492981185e+00 -4.186505719255685e-17

5.360736840755567e-01 4.956569434915373e-17
9.061068793900867e-01 -2.514672460538649e-17
-6.042670384154282e-01 5.883789037347447e-18
5.411717452476581e-01 1.535127847959636e-17

9.346818516291895e-01 7.519849593249813e-15
5.317056365905373e-01 -9.257361809904313e-15
2.362289492981155e+00 7.865768956045617e-15
-6.042902353710524e-01 8.920665687839904e-16

