7.5944883805668539e-01 -2.7973140218251064e-01
7.5944883805668539e-01 2.7973140218251064e-01
2.1139492595267417e+00 2.1158769440175344e-55
5.6744147616072926e-01 -1.6192573284030934e-56
7.5944883805668539e-01 2.7973140218251064e-01
7.5944883805668539e-01 -2.7973140218251064e-01
2.1139492595267417e+00 2.1158769440175344e-55
5.6744147616072926e-01 -1.6192573284030934e-56
7.5944883805668539e-01 -2.7973140218251064e-01
7.5944883805668539e-01 2.7973140218251064e-01
5.6744147616072926e-01 -1.6192573284030934e-56
2.1139492595267417e+00 2.1158769440175344e-55
7.5944883805668539e-01 2.7973140218251064e-01
7.5944883805668539e-01 -2.7973140218251064e-01
5.6744147616072926e-01 -1.6192573284030934e-56
2.1139492595267417e+00 2.1158769440175344e-55
9.0610687939008638e-01 1.2041301087926700e-58
5.3607368407555689e-01 -1.2080566004532762e-58
5.4117174524765810e-01 -1.1224549770321960e-61
-6.0426703841542839e-01 -3.7877699947440398e-62
5.3607368407555689e-01 -1.2080566004532762e-58
9.0610687939008638e-01 1.2041301087926700e-58
5.4117174524765810e-01 -1.1224549770321960e-61
-6.0426703841542839e-01 -3.7877699947440398e-62
9.0610687939008638e-01 1.2041301087926700e-58
5.3607368407555689e-01 -1.2080566004532762e-58
-6.0426703841542839e-01 -3.7877699947440398e-62
5.4117174524765810e-01 -1.1224549770321960e-61
5.3607368407555689e-01 -1.2080566004532762e-58
9.0610687939008638e-01 1.2041301087926700e-58
-6.0426703841542839e-01 -3.7877699947440398e-62
5.4117174524765810e-01 -1.1224549770321960e-61
9.3468185162921802e-01 1.1284535739605322e-59
5.3170563659050307e-01 -1.1260575744164602e-59
-6.0429023537105275e-01 -8.4636371249620391e-64
2.3622894929811835e+00 -2.1330224566962092e-61
5.3170563659050307e-01 -1.1260575744164602e-59
9.3468185162921802e-01 1.1284535739605322e-59
-6.0429023537105275e-01 -8.4636371249620391e-64
2.3622894929811835e+00 -2.1330224566962092e-61
9.3468185162921802e-01 1.1284535739605322e-59
5.3170563659050307e-01 -1.1260575744164602e-59
2.3622894929811835e+00 -2.1330224566962092e-61
-6.0429023537105275e-01 -8.4636371249620391e-64
5.3170563659050307e-01 -1.1260575744164602e-59
9.3468185162921802e-01 1.1284535739605322e-59
2.3622894929811835e+00 -2.1330224566962092e-61
-6.0429023537105275e-01 -8.4636371249620391e-64
8.4581073563463993e-01 8.6259093043409424e-02
-1.5149007456076318e+00 2.8103568692156453e-02
7.9688153070933188e-02 4.4998332248241173e-02
-7.4730785247353393e-01 2.4514766119609396e-01
-1.5149007456076318e+00 2.8103568692156453e-02
8.4581073563463993e-01 8.6259093043409424e-02
7.9688153070933188e-02 4.4998332248241173e-02
-7.4730785247353393e-01 2.4514766119609396e-01
8.4581073563463993e-01 8.6259093043409424e-02
-1.5149007456076318e+00 2.8103568692156453e-02
-7.4730785247353393e-01 2.4514766119609396e-01
7.9688153070933188e-02 4.4998332248241173e-02
-1.5149007456076318e+00 2.8103568692156453e-02
8.4581073563463993e-01 8.6259093043409424e-02
-7.4730785247353393e-01 2.4514766119609396e-01
7.9688153070933188e-02 4.4998332248241173e-02
4.8087534241390323e-01 2.9346093773332734e-58
-1.4704150614924660e+00 -1.3090798265525452e-58
-4.1120698741274397e-01 -2.2447046498222879e-57
-2.4564961611011765e-01 1.7246644881044105e-57
-1.4704150614924660e+00 -1.3090798265525452e-58
4.8087534241390323e-01 2.9346093773332734e-58
-4.1120698741274397e-01 -2.2447046498222879e-57
-2.4564961611011765e-01 1.7246644881044105e-57
4.8087534241390323e-01 2.9346093773332734e-58
-1.4704150614924660e+00 -1.3090798265525452e-58
-2.4564961611011765e-01 1.7246644881044105e-57
-4.1120698741274397e-01 -2.2447046498222879e-57
-1.4704150614924660e+00 -1.3090798265525452e-58
4.8087534241390323e-01 2.9346093773332734e-58
-2.4564961611011765e-01 1.7246644881044105e-57
-4.1120698741274397e-01 -2.2447046498222879e-57
9.6727140446283788e-01 2.7547044525790280e-59
-1.5075807778344843e+00 -5.4254852098959984e-60
-8.0773209253397271e-01 3.1645900136572908e-01
-8.0773209253397271e-01 -3.1645900136572908e-01
-1.5075807778344843e+00 -5.4254852098959984e-60
9.6727140446283788e-01 2.7547044525790280e-59
-8.0773209253397271e-01 3.1645900136572908e-01
-8.0773209253397271e-01 -3.1645900136572908e-01
9.6727140446283788e-01 2.7547044525790280e-59
-1.5075807778344843e+00 -5.4254852098959984e-60
-8.0773209253397271e-01 -3.1645900136572908e-01
-8.0773209253397271e-01 3.1645900136572908e-01
-1.5075807778344843e+00 -5.4254852098959984e-60
9.6727140446283788e-01 2.7547044525790280e-59
-8.0773209253397271e-01 -3.1645900136572908e-01
-8.0773209253397271e-01 3.1645900136572908e-01
8.4581073563463993e-01 -8.6259093043409424e-02
-1.5149007456076318e+00 -2.8103568692156453e-02
7.9688153070933188e-02 -4.4998332248241173e-02
-7.4730785247353393e-01 -2.4514766119609396e-01
-1.5149007456076318e+00 -2.8103568692156453e-02
8.4581073563463993e-01 -8.6259093043409424e-02
7.9688153070933188e-02 -4.4998332248241173e-02
-7.4730785247353393e-01 -2.4514766119609396e-01
8.4581073563463993e-01 -8.6259093043409424e-02
-1.5149007456076318e+00 -2.8103568692156453e-02
-7.4730785247353393e-01 -2.4514766119609396e-01
7.9688153070933188e-02 -4.4998332248241173e-02
-1.5149007456076318e+00 -2.8103568692156453e-02
8.4581073563463993e-01 -8.6259093043409424e-02
-7.4730785247353393e-01 -2.4514766119609396e-01
7.9688153070933188e-02 -4.4998332248241173e-02
3.6100437905176946e-02 6.3870459435985012e-57
-1.1932230228198570e+00 -5.1143182065986243e-57
-1.8880727663709918e-01 3.5491689356063910e-01
-1.8880727663709918e-01 -3.5491689356063910e-01
-1.1932230228198570e+00 -5.1143182065986243e-57
3.6100437905176946e-02 6.3870459435985012e-57
-1.8880727663709918e-01 3.5491689356063910e-01
-1.8880727663709918e-01 -3.5491689356063910e-01
3.6100437905176946e-02 6.3870459435985012e-57
-1.1932230228198570e+00 -5.1143182065986243e-57
-1.8880727663709918e-01 -3.5491689356063910e-01
-1.8880727663709918e-01 3.5491689356063910e-01
-1.1932230228198570e+00 -5.1143182065986243e-57
3.6100437905176946e-02 6.3870459435985012e-57
-1.8880727663709918e-01 -3.5491689356063910e-01
-1.8880727663709918e-01 3.5491689356063910e-01
-1.4161419544750686e+00 -2.2814162978540153e-56
3.6972366063058321e-01 5.1509145202268255e-56
-2.5693787261677820e-01 -2.2060977488312222e-01
-2.5693787261677820e-01 2.2060977488312222e-01
3.6972366063058321e-01 5.1509145202268255e-56
-1.4161419544750686e+00 -2.2814162978540153e-56
-2.5693787261677820e-01 -2.2060977488312222e-01
-2.5693787261677820e-01 2.2060977488312222e-01
-1.4161419544750686e+00 -2.2814162978540153e-56
3.6972366063058321e-01 5.1509145202268255e-56
-2.5693787261677820e-01 2.2060977488312222e-01
-2.5693787261677820e-01 -2.2060977488312222e-01
3.6972366063058321e-01 5.1509145202268255e-56
-1.4161419544750686e+00 -2.2814162978540153e-56
-2.5693787261677820e-01 2.2060977488312222e-01
-2.5693787261677820e-01 -2.2060977488312222e-01
-1.5019835339018393e+00 7.4048307834693800e-60
5.2229026339818507e-01 -5.4407241449494211e-60
-5.2985186983138899e-01 1.2444870053954941e-01
-5.2985186983138899e-01 -1.2444870053954941e-01
5.2229026339818507e-01 -5.4407241449494211e-60
-1.5019835339018393e+00 7.4048307834693800e-60
-5.2985186983138899e-01 1.2444870053954941e-01
-5.2985186983138899e-01 -1.2444870053954941e-01
-1.5019835339018393e+00 7.4048307834693800e-60
5.2229026339818507e-01 -5.4407241449494211e-60
-5.2985186983138899e-01 -1.2444870053954941e-01
-5.2985186983138899e-01 1.2444870053954941e-01
5.2229026339818507e-01 -5.4407241449494211e-60
-1.5019835339018393e+00 7.4048307834693800e-60
-5.2985186983138899e-01 -1.2444870053954941e-01
-5.2985186983138899e-01 1.2444870053954941e-01
