240

-5.395033857140431e-01 1.764532945231971e-01;
-5.395033857140431e-01 1.764532945231971e-01;
-5.395033857140431e-01 1.764532945231971e-01;
-5.395033857140431e-01 1.764532945231971e-01;
-5.395033857140431e-01 1.764532945231971e-01;

-2.416042012787194e-01 7.254495174069649e-01;
-2.416042012787194e-01 7.254495174069649e-01;
-2.416042012787194e-01 7.254495174069649e-01;
-2.416042012787194e-01 7.254495174069649e-01;
-7.254495174069649e-01 -2.416042012787194e-01;

3.553519679607592e+00 -2.585073606423322e-01;
3.553519679607592e+00 -2.585073606423322e-01;
3.553519679607592e+00 -2.585073606423322e-01;
3.553519679607592e+00 -2.585073606423322e-01;
-3.553519679607592e+00 2.585073606423327e-01;

-6.666117032459962e-01 -4.847369545517388e-01;
-6.666117032459962e-01 -4.847369545517388e-01;
-6.666117032459962e-01 -4.847369545517388e-01;
-6.666117032459962e-01 -4.847369545517388e-01;
-4.847369545517387e-01 6.666117032459963e-01;

-4.004143260813133e-01 8.466820136513452e-01;
-4.004143260813133e-01 8.466820136513452e-01;
-4.004143260813133e-01 8.466820136513452e-01;
-9.289772778633316e-01 -1.191775229876985e-01;
-4.004143260813133e-01 8.466820136513452e-01;

2.368357023685921e-01 4.880732450956699e-01;
2.368357023685921e-01 4.880732450956699e-01;
2.368357023685921e-01 4.880732450956699e-01;
-3.909989832709365e-01 3.760670652632800e-01;
-4.880732450956699e-01 2.368357023685921e-01;

6.237440690153544e-01 1.653954268926193e-01;
6.237440690153544e-01 1.653954268926193e-01;
6.237440690153544e-01 1.653954268926193e-01;
3.544711895468038e-02 6.443258590392253e-01;
-6.237440690153544e-01 -1.653954268926192e-01;

1.647955212343903e+00 -2.060633565524804e+00;
1.647955212343903e+00 -2.060633565524804e+00;
1.647955212343903e+00 -2.060633565524804e+00;
2.469025146771923e+00 9.305277523356263e-01;
-2.060633565524805e+00 -1.647955212343903e+00;

3.030365027624245e+00 -6.129029114109592e-01;
3.030365027624245e+00 -6.129029114109592e-01;
3.030365027624245e+00 -6.129029114109592e-01;
-2.091361514093039e+00 2.277052743533754e+00;
3.030365027624245e+00 -6.129029114109592e-01;

5.467617078908763e-01 2.179320131396834e-01;
5.467617078908763e-01 2.179320131396834e-01;
5.467617078908763e-01 2.179320131396834e-01;
-5.704367368831050e-01 1.450677661681541e-01;
-2.179320131396833e-01 5.467617078908763e-01;

4.086105945585855e-01 -1.137175756553058e-01;
4.086105945585855e-01 -1.137175756553058e-01;
4.086105945585855e-01 -1.137175756553058e-01;
-2.637314011829047e-01 3.321747326762569e-01;
-4.086105945585855e-01 1.137175756553059e-01;

3.637799140625102e-01 -4.772533318844380e-01;
3.637799140625102e-01 -4.772533318844380e-01;
3.637799140625102e-01 -4.772533318844380e-01;
-1.378166259971079e-02 5.999305246827441e-01;
-4.772533318844381e-01 -3.637799140625101e-01;

-2.960665944731135e-01 -7.825787264711087e-01;
-2.960665944731135e-01 -7.825787264711087e-01;
-2.960665944731135e-01 -7.825787264711087e-01;
-2.204653277820781e-01 8.071430670791828e-01;
-2.960665944731135e-01 -7.825787264711087e-01;

9.492956580168868e-01 -4.808905275644652e-01;
9.492956580168868e-01 -4.808905275644652e-01;
9.492956580168868e-01 -4.808905275644652e-01;
-1.050656680091549e+00 -1.689333786140186e-01;
4.808905275644652e-01 9.492956580168868e-01;

2.952235982667059e-01 -3.249843394737819e-01;
2.952235982667059e-01 -3.249843394737819e-01;
2.952235982667059e-01 -3.249843394737819e-01;
-4.298619101069870e-01 8.938977635011919e-02;
-2.952235982667059e-01 3.249843394737820e-01;

4.714524835555264e-02 -4.149840522495415e-01;
4.714524835555264e-02 -4.149840522495415e-01;
4.714524835555264e-02 -4.149840522495415e-01;
-2.820628129725192e-01 3.080178689654005e-01;
-4.149840522495415e-01 -4.714524835555257e-02;

-5.038807840756605e-01 -2.253985824887987e-01;
-5.038807840756605e-01 -2.253985824887987e-01;
-5.038807840756605e-01 -2.253985824887987e-01;
-3.700745160580151e-01 4.095671106340060e-01;
-5.038807840756605e-01 -2.253985824887987e-01;

-2.512407518840467e+00 -2.980482768478517e-01;
-2.512407518840467e+00 -2.980482768478517e-01;
-2.512407518840467e+00 -2.980482768478517e-01;
-1.059837375983791e+00 2.297339559692009e+00;
2.980482768478515e-01 -2.512407518840467e+00;

1.669834909200353e-01 -7.262771784820955e-01;
1.669834909200353e-01 -7.262771784820955e-01;
1.669834909200353e-01 -7.262771784820955e-01;
-6.391299067575097e-01 -3.832427279308664e-01;
-1.669834909200352e-01 7.262771784820955e-01;

-1.949767470324460e-01 -4.061718297930838e-01;
-1.949767470324460e-01 -4.061718297930838e-01;
-1.949767470324460e-01 -4.061718297930838e-01;
-4.465434938012092e-01 5.991990774880818e-02;
-4.061718297930837e-01 1.949767470324461e-01;

-2.579548569080579e-01 1.528903245884282e-01;
-2.579548569080579e-01 1.528903245884282e-01;
-3.429476632398483e-03 -2.998406214061720e-01;
-2.579548569080579e-01 1.528903245884282e-01;
-2.579548569080579e-01 1.528903245884282e-01;

-1.933762230812843e-01 2.879079471726020e-01;
-1.933762230812843e-01 2.879079471726020e-01;
-1.526474846622594e-01 -3.114226952625798e-01;
-1.933762230812843e-01 2.879079471726020e-01;
-2.879079471726020e-01 -1.933762230812842e-01;

-4.316651901403860e-01 5.345127894516831e-01;
-4.316651901403860e-01 5.345127894516831e-01;
-2.470690592426476e-01 -6.410894153168557e-01;
-4.316651901403860e-01 5.345127894516831e-01;
4.316651901403859e-01 -5.345127894516831e-01;

-4.416352271138296e-01 8.914735386398079e-02;
-4.416352271138296e-01 8.914735386398079e-02;
1.436137404305465e-01 -4.270410028186769e-01;
-4.416352271138296e-01 8.914735386398079e-02;
8.914735386398087e-02 4.416352271138296e-01;

-2.289388880066573e-01 2.937089501462398e-01;
-2.289388880066573e-01 2.937089501462398e-01;
-1.398899681421723e-01 -3.451213680010456e-01;
-3.500798179981497e-01 -1.269727642768854e-01;
-2.289388880066573e-01 2.937089501462398e-01;

-4.838214887401841e-02 3.490262914082324e-01;
-4.838214887401841e-02 3.490262914082324e-01;
-2.780745605111904e-01 -2.164133157186967e-01;
-3.468946350285810e-01 6.184089756980910e-02;
-3.490262914082324e-01 -4.838214887401839e-02;

1.216768187880508e-01 6.213742723149636e-01;
1.216768187880508e-01 6.213742723149636e-01;
-5.989643144768535e-01 -2.053119200353540e-01;
-5.533618459163168e-01 3.077367414031305e-01;
-1.216768187880509e-01 -6.213742723149636e-01;

-5.800121993937621e-01 5.188658299939763e-01;
-5.800121993937621e-01 5.188658299939763e-01;
-1.593448902336004e-01 -7.617382141768713e-01;
-6.727043552561277e-01 -3.912860224955204e-01;
5.188658299939765e-01 5.800121993937620e-01;

-4.488256427397493e-01 5.568759409423503e-01;
-4.488256427397493e-01 5.568759409423503e-01;
-2.578558902425636e-01 -6.671323789536766e-01;
3.578410704530816e-02 -7.143351936340159e-01;
-4.488256427397493e-01 5.568759409423503e-01;

1.155373259348495e-01 5.363514432851695e-01;
1.155373259348495e-01 5.363514432851695e-01;
-5.222626382088301e-01 -1.681174622976822e-01;
-4.087311285747361e-01 -3.660062963014196e-01;
-5.363514432851695e-01 1.155373259348496e-01;

7.526601916715905e-01 3.638075750877907e-01;
7.526601916715905e-01 3.638075750877907e-01;
-6.913966979510365e-01 4.699190588609669e-01;
-8.227556133607119e-01 1.480760497238247e-01;
-7.526601916715905e-01 -3.638075750877906e-01;

-2.890786470117323e+00 -2.708725415729223e+00;
-2.890786470117323e+00 -2.708725415729223e+00;
3.791218256956733e+00 -1.149131812173336e+00;
3.930844233309516e+00 4.922432397587073e-01;
-2.708725415729223e+00 2.890786470117323e+00;

-6.180268301305286e-01 1.332860498029301e-02;
-6.180268301305286e-01 1.332860498029301e-02;
2.974705045553226e-01 -5.418912376035543e-01;
5.078285659963248e-01 3.524839883314225e-01;
-6.180268301305286e-01 1.332860498029301e-02;

-5.421231405171939e-01 1.108357264385266e+00;
-5.421231405171939e-01 1.108357264385266e+00;
-6.888039771680691e-01 -1.023671043859923e+00;
1.090062887999216e+00 -5.780278758041202e-01;
-1.108357264385266e+00 -5.421231405171938e-01;

8.472239677477603e-01 -1.340047608283016e+00;
8.472239677477603e-01 -1.340047608283016e+00;
7.369032871797901e-01 1.403741282906116e+00;
-1.473078809468268e+00 5.861355347416149e-01;
-8.472239677477602e-01 1.340047608283016e+00;

-3.919354862311134e-01 -5.200980425913923e-01;
-3.919354862311134e-01 -5.200980425913923e-01;
6.463858604582632e-01 -7.937706642505427e-02;
1.137650987817606e-02 6.511420538543096e-01;
-5.200980425913921e-01 3.919354862311135e-01;

-3.438820474875743e-01 4.986308076681771e-02;
-3.438820474875743e-01 4.986308076681771e-02;
1.287583290887677e-01 -3.227421294130549e-01;
-5.884278884827953e-02 3.424598014488142e-01;
-3.438820474875743e-01 4.986308076681771e-02;

-4.240982672859279e-01 2.956181984884044e-01;
-4.240982672859279e-01 2.956181984884044e-01;
-4.396373606898492e-02 -5.150889724147786e-01;
1.500960421315107e-01 4.946924678311888e-01;
-2.956181984884044e-01 -4.240982672859279e-01;

-1.086223744710085e+00 -1.884354018589898e-01;
-1.086223744710085e+00 -1.884354018589898e-01;
7.063017173372569e-01 -8.464796561833017e-01;
-5.148743136476985e-01 9.748304290447495e-01;
1.086223744710085e+00 1.884354018589896e-01;

-4.018015037794020e-01 -1.581568845400134e-01;
-4.018015037794020e-01 -1.581568845400134e-01;
3.378686316847548e-01 -2.688918672817446e-01;
-2.745796286719647e-01 3.332627733263316e-01;
-1.581568845400133e-01 4.018015037794020e-01;

-2.027613666741678e-01 3.436878310144405e-01;
-2.027613666741678e-01 3.436878310144405e-01;
3.990230759671626e-01 3.752578938660364e-03;
-2.027613666741678e-01 3.436878310144405e-01;
-2.027613666741678e-01 3.436878310144405e-01;

-1.496249676723002e-03 3.506782526797683e-01;
-1.496249676723002e-03 3.506782526797683e-01;
3.044444002137792e-01 -1.740433361094380e-01;
-1.496249676723002e-03 3.506782526797683e-01;
-3.506782526797683e-01 -1.496249676722980e-03;

2.275293895777360e-01 5.313536069405103e-01;
2.275293895777360e-01 5.313536069405103e-01;
3.464010272141050e-01 -4.627230349521410e-01;
2.275293895777360e-01 5.313536069405103e-01;
-2.275293895777361e-01 -5.313536069405103e-01;

-5.082302503912434e-01 7.859293058564509e-01;
-5.082302503912434e-01 7.859293058564509e-01;
9.347498696459783e-01 4.717565488231694e-02;
-5.082302503912434e-01 7.859293058564509e-01;
7.859293058564510e-01 5.082302503912433e-01;

-8.343423559447102e-03 3.880277183123818e-01;
-8.343423559447102e-03 3.880277183123818e-01;
3.402135732107582e-01 -1.867882423991763e-01;
-3.716145496752684e-01 1.119720919026383e-01;
-8.343423559447102e-03 3.880277183123818e-01;

9.931575822563159e-02 2.692604114974950e-01;
9.931575822563159e-02 2.692604114974950e-01;
1.835284774774663e-01 -2.206401753682579e-01;
-2.253916118340535e-01 1.776609420963984e-01;
-2.692604114974950e-01 9.931575822563160e-02;

2.486258650671842e-01 2.628901308132769e-01;
2.486258650671842e-01 2.628901308132769e-01;
1.033565991549198e-01 -3.467613805927021e-01;
-1.731937544327198e-01 3.176947671664208e-01;
-2.486258650671842e-01 -2.628901308132769e-01;

2.986809370201133e-01 6.157089890972176e-01;
2.986809370201133e-01 6.157089890972176e-01;
3.838791573865694e-01 -5.665197736341671e-01;
-4.932765607873621e-01 4.743269926665806e-01;
6.157089890972176e-01 -2.986809370201134e-01;

2.469664364978297e-01 5.319042137259145e-01;
2.469664364978297e-01 5.319042137259145e-01;
3.371593432177143e-01 -4.798313147521943e-01;
-5.124454966272817e-01 -2.851563190992590e-01;
2.469664364978297e-01 5.319042137259145e-01;

2.215393314909032e-01 2.506963717052949e-01;
2.215393314909032e-01 2.506963717052949e-01;
1.063397607879199e-01 -3.172068748611915e-01;
-3.265847141902100e-01 -7.260007328463584e-02;
-2.506963717052949e-01 2.215393314909032e-01;

3.299442930272461e-01 1.208184766092901e-01;
3.299442930272461e-01 1.208184766092901e-01;
-6.034027652344206e-02 -3.461493778999369e-01;
-3.379458590114534e-01 9.619218870807388e-02;
-3.299442930272461e-01 -1.208184766092900e-01;

6.807323237175603e-01 1.376753395271245e-01;
6.807323237175603e-01 1.376753395271245e-01;
-2.211358203536428e-01 -6.583691552801815e-01;
-6.316475526862572e-01 2.887427312561831e-01;
1.376753395271244e-01 -6.807323237175603e-01;

-8.964273033904392e-02 2.024828239894434e+00;
-8.964273033904392e-02 2.024828239894434e+00;
1.798374059218233e+00 -9.347812382090080e-01;
1.262686670101731e+00 -1.585429781896389e+00;
-8.964273033904392e-02 2.024828239894434e+00;

4.211503114100666e-01 4.030413784234987e-01;
4.211503114100666e-01 4.030413784234987e-01;
1.384689167860136e-01 -5.662475577045945e-01;
-1.038159808160830e-01 -5.736132666261343e-01;
-4.030413784234987e-01 4.211503114100666e-01;

5.166715621226815e-01 -2.008168107642015e-02;
5.166715621226815e-01 -2.008168107642015e-02;
-2.757270270242180e-01 -4.374098576730217e-01;
-4.297997902454613e-01 -2.874455032281848e-01;
-5.166715621226815e-01 2.008168107642021e-02;

6.449224810391948e-01 -7.380408202507859e-01;
6.449224810391948e-01 -7.380408202507859e-01;
-9.616233398866826e-01 -1.894988419262372e-01;
-9.555627569484153e-01 2.180116428986008e-01;
-7.380408202507860e-01 -6.449224810391947e-01;

-5.381384203817767e-01 3.741918801274568e-01;
-5.381384203817767e-01 3.741918801274568e-01;
5.931288842711275e-01 2.789456027393195e-01;
1.895837087158944e-01 6.274317014893667e-01;
-5.381384203817767e-01 3.741918801274568e-01;

3.506108520355537e-03 6.392956629852955e-01;
3.506108520355537e-03 6.392956629852955e-01;
5.518932304143029e-01 -3.226842105397010e-01;
6.090897532383084e-01 1.942187169375331e-01;
-6.392956629852955e-01 3.506108520355576e-03;

1.201104422020874e+00 5.185770027507226e-01;
1.201104422020874e+00 5.185770027507226e-01;
-1.514513528099190e-01 -1.299475443443263e+00;
8.643577160902330e-01 -9.820690805718791e-01;
-1.201104422020874e+00 -5.185770027507225e-01;

-1.202519401150624e+00 -8.387264387821776e-01;
-1.202519401150624e+00 -8.387264387821776e-01;
-1.250987022357067e-01 1.460775569331180e+00;
-1.169275176013945e+00 8.844831892203755e-01;
-8.387264387821773e-01 1.202519401150625e+00;

-4.156213677091296e-01 5.911579672327648e-02;
-5.911579672327651e-02 -4.156213677091296e-01;
-4.156213677091296e-01 5.911579672327648e-02;
-4.156213677091296e-01 5.911579672327648e-02;
-4.156213677091296e-01 5.911579672327648e-02;

-4.850829888383930e-01 4.547869577146131e-01;
-4.547869577146131e-01 -4.850829888383929e-01;
-4.850829888383930e-01 4.547869577146131e-01;
-4.850829888383930e-01 4.547869577146131e-01;
-4.547869577146131e-01 -4.850829888383929e-01;

-1.859196941941505e+00 -1.070439902330413e+00;
1.070439902330413e+00 -1.859196941941505e+00;
-1.859196941941505e+00 -1.070439902330413e+00;
-1.859196941941505e+00 -1.070439902330413e+00;
1.859196941941505e+00 1.070439902330413e+00;

-4.587508112227144e-01 -2.550469734527731e-01;
2.550469734527730e-01 -4.587508112227144e-01;
-4.587508112227144e-01 -2.550469734527731e-01;
-4.587508112227144e-01 -2.550469734527731e-01;
-2.550469734527729e-01 4.587508112227144e-01;

-6.106627883645539e-01 4.032286173329104e-01;
-4.032286173329104e-01 -6.106627883645539e-01;
-6.106627883645539e-01 4.032286173329104e-01;
-5.721983835081884e-01 -4.561703287588954e-01;
-6.106627883645539e-01 4.032286173329104e-01;

5.737741535517223e-02 6.866887210396190e-01;
-6.866887210396190e-01 5.737741535517227e-02;
5.737741535517223e-02 6.866887210396190e-01;
-6.353491863730563e-01 2.667676494085500e-01;
-6.866887210396190e-01 5.737741535517227e-02;

1.168161058164269e+00 2.654515209488109e-01;
-2.654515209488108e-01 1.168161058164269e+00;
1.168161058164269e+00 2.654515209488109e-01;
1.085222203809546e-01 1.193016217605230e+00;
-1.168161058164269e+00 -2.654515209488107e-01;

-9.758686306826331e-01 -1.109034390485890e+00;
1.109034390485890e+00 -9.758686306826332e-01;
-9.758686306826331e-01 -1.109034390485890e+00;
7.531943927086867e-01 -1.270816694265148e+00;
-1.109034390485890e+00 9.758686306826333e-01;

-1.739100950326220e+00 -1.309961067950199e+00;
1.309961067950199e+00 -1.739100950326220e+00;
-1.739100950326220e+00 -1.309961067950199e+00;
2.176938020565959e+00 3.756287509168857e-02;
-1.739100950326220e+00 -1.309961067950199e+00;

9.185980432420677e-01 4.281516523808530e-01;
-4.281516523808529e-01 9.185980432420677e-01;
9.185980432420677e-01 4.281516523808530e-01;
-9.948226549965246e-01 1.935564196565861e-01;
-4.281516523808529e-01 9.185980432420677e-01;

4.910160330208908e-01 -2.611583354759774e-01;
2.611583354759775e-01 4.910160330208908e-01;
4.910160330208908e-01 -2.611583354759774e-01;
-2.437352971184412e-01 4.998935144715731e-01;
-4.910160330208907e-01 2.611583354759775e-01;

1.320854494762373e-01 -6.223620121780058e-01;
6.223620121780058e-01 1.320854494762372e-01;
1.320854494762373e-01 -6.223620121780058e-01;
2.589558390093710e-01 5.811393237499495e-01;
-6.223620121780058e-01 -1.320854494762372e-01;

-3.696670467528956e-01 -4.442364565142717e-01;
4.442364565142717e-01 -3.696670467528956e-01;
-3.696670467528956e-01 -4.442364565142717e-01;
3.795128541373533e-02 5.766796811808172e-01;
-3.696670467528956e-01 -4.442364565142717e-01;

3.595383080927234e-01 -1.483002096325941e+00;
1.483002096325941e+00 3.595383080927233e-01;
3.595383080927234e-01 -1.483002096325941e+00;
-1.162559362715039e+00 9.884425834902690e-01;
1.483002096325941e+00 3.595383080927233e-01;

1.961514236426482e-01 -4.392607961109012e-01;
4.392607961109012e-01 1.961514236426481e-01;
1.961514236426482e-01 -4.392607961109012e-01;
-4.168808530619808e-01 2.400745349830662e-01;
-1.961514236426481e-01 4.392607961109012e-01;

-6.006910511458510e-02 -3.763271108986986e-01;
3.763271108986986e-01 -6.006910511458512e-02;
-6.006910511458510e-02 -3.763271108986986e-01;
-1.726025989494946e-01 3.397627622658321e-01;
-3.763271108986986e-01 6.006910511458517e-02;

-3.669383337987122e-01 -1.494317378610136e-01;
1.494317378610135e-01 -3.669383337987122e-01;
-3.669383337987122e-01 -1.494317378610136e-01;
-2.555082090654553e-01 3.028021469397160e-01;
-3.669383337987122e-01 -1.494317378610136e-01;

-8.782697994722718e-01 -2.111483475906408e-01;
2.111483475906408e-01 -8.782697994722718e-01;
-8.782697994722718e-01 -2.111483475906408e-01;
-4.722143055642420e-01 7.700357881136456e-01;
2.111483475906408e-01 -8.782697994722718e-01;

-1.559572668222020e-01 -6.185877515514052e-01;
6.185877515514052e-01 -1.559572668222020e-01;
-1.559572668222020e-01 -6.185877515514052e-01;
-6.365053578576599e-01 -4.282995286673465e-02;
1.559572668222020e-01 6.185877515514052e-01;

-2.163096930590659e-01 -2.911237021624835e-01;
2.911237021624835e-01 -2.163096930590659e-01;
-2.163096930590659e-01 -2.911237021624835e-01;
-3.437184651928794e-01 1.157605716880712e-01;
-2.911237021624835e-01 2.163096930590659e-01;

-2.394593538350257e-01 1.003036384894014e-01;
-1.003036384894015e-01 -2.394593538350257e-01;
3.286417789368055e-02 -2.575297028396396e-01;
-2.394593538350257e-01 1.003036384894014e-01;
-2.394593538350257e-01 1.003036384894014e-01;

-2.289403282100275e-01 2.179297697581907e-01;
-2.179297697581907e-01 -2.289403282100275e-01;
-7.426255274647316e-02 -3.072330250597263e-01;
-2.289403282100275e-01 2.179297697581907e-01;
-2.179297697581907e-01 -2.289403282100275e-01;

-4.699128411654355e-01 2.705167486000566e-01;
-2.705167486000567e-01 -4.699128411654355e-01;
6.820441459000970e-04 -5.422148323138174e-01;
-4.699128411654355e-01 2.705167486000566e-01;
4.699128411654355e-01 -2.705167486000567e-01;

-3.475163716362017e-01 2.758175155523846e-02;
-2.758175155523849e-02 -3.475163716362017e-01;
1.498716882903933e-01 -3.147488818455639e-01;
-3.475163716362017e-01 2.758175155523846e-02;
2.758175155523853e-02 3.475163716362017e-01;

-2.570526003393350e-01 2.098149245159891e-01;
-2.098149245159892e-01 -2.570526003393350e-01;
-5.317875455429355e-02 -3.275215442607071e-01;
-2.789794731300331e-01 -1.796351732344009e-01;
-2.570526003393350e-01 2.098149245159891e-01;

-1.357785594705176e-01 3.286927570737795e-01;
-3.286927570737795e-01 -1.357785594705176e-01;
-2.167669979305815e-01 -2.819340603276141e-01;
-3.545632708221774e-01 -2.756143589385073e-02;
-3.286927570737795e-01 -1.357785594705176e-01;

-1.966732596963673e-01 6.916318619946691e-01;
-6.916318619946691e-01 -1.966732596963673e-01;
-5.006341327059329e-01 -5.161399701394827e-01;
-7.185563688126753e-01 2.667861399230201e-02;
1.966732596963672e-01 -6.916318619946691e-01;

-5.278087272646336e-01 2.072270341859691e-01;
-2.072270341859692e-01 -5.278087272646336e-01;
8.444048767636106e-02 -5.607092832432895e-01;
-3.601864877192680e-01 -4.379392541650986e-01;
2.072270341859692e-01 5.278087272646336e-01;

-4.870455533872964e-01 2.733915486054498e-01;
-2.733915486054499e-01 -4.870455533872964e-01;
6.758750421360374e-03 -5.584895963363736e-01;
2.333326093533892e-01 -5.074566024159726e-01;
-4.870455533872964e-01 2.733915486054498e-01;

-1.175114225927027e-01 6.146577908254385e-01;
-6.146577908254385e-01 -1.175114225927026e-01;
-4.735535501925001e-01 -4.090967726128482e-01;
-2.662180467431920e-01 -5.663400796786405e-01;
-6.146577908254385e-01 -1.175114225927026e-01;

1.574822741724941e+00 1.235329261444610e+00;
-1.235329261444610e+00 1.574822741724941e+00;
-1.857237893311770e+00 7.461718700689541e-01;
-2.000166682786120e+00 -7.374478359662288e-02;
-1.574822741724941e+00 -1.235329261444609e+00;

-9.627691391221983e-01 -4.267862417020897e-01;
4.267862417020896e-01 -9.627691391221983e-01;
8.509922968607943e-01 -6.203894116084534e-01;
1.029755253963416e+00 -2.206241788359442e-01;
-4.267862417020895e-01 9.627691391221984e-01;

-4.319926795470844e-01 -3.329073309234227e-02;
3.329073309234224e-02 -4.319926795470844e-01;
2.448269603421178e-01 -3.574712681905143e-01;
3.299216172494783e-01 2.808516949629898e-01;
-4.319926795470844e-01 -3.329073309234227e-02;

-7.716926820565069e-01 3.827603015309201e-01;
-3.827603015309202e-01 -7.716926820565069e-01;
5.436619634228467e-02 -8.596856173409428e-01;
8.492933546213921e-01 1.439299891042455e-01;
-3.827603015309202e-01 -7.716926820565069e-01;

-5.131726859700817e-01 -1.102862013422825e+00;
1.102862013422825e+00 -5.131726859700818e-01;
1.211692863478062e+00 1.070104241330274e-01;
-2.330806028046859e-01 1.193869448002168e+00;
5.131726859700818e-01 1.102862013422825e+00;

-3.454325770589697e-01 -3.090242446735828e-01;
3.090242446735828e-01 -3.454325770589697e-01;
4.403391348021055e-01 -1.446412646910021e-01;
9.782093163148729e-02 4.530460400714559e-01;
-3.090242446735827e-01 3.454325770589697e-01;

-2.822155522282085e-01 1.604120995570046e-02;
-1.604120995570048e-02 -2.822155522282085e-01;
1.272156807850278e-01 -2.524264425505329e-01;
-7.195330445779931e-02 2.733599464331211e-01;
-2.822155522282085e-01 1.604120995570046e-02;

-3.812863948873510e-01 1.500999339800000e-01;
-1.500999339800001e-01 -3.812863948873510e-01;
6.065284151062827e-02 -4.052536710798311e-01;
2.492954456300298e-02 4.090083408866799e-01;
-1.500999339800001e-01 -3.812863948873510e-01;

-6.012842649505892e-01 -1.399748855564307e-01;
1.399748855564307e-01 -6.012842649505892e-01;
4.218639392589830e-01 -4.507400055648481e-01;
-3.189310833460923e-01 5.286006999043741e-01;
6.012842649505892e-01 1.399748855564306e-01;

-3.091259044660424e-01 -1.154737684669273e-01;
1.154737684669272e-01 -3.091259044660424e-01;
2.545661691961026e-01 -2.099740020019706e-01;
-2.053472378431625e-01 2.583128489372644e-01;
-1.154737684669272e-01 3.091259044660424e-01;

-2.569103569525761e-01 2.554568600996993e-01;
-2.554568600996993e-01 -2.569103569525761e-01;
3.496873088936350e-01 9.476246556640916e-02;
-2.569103569525761e-01 2.554568600996993e-01;
-2.569103569525761e-01 2.554568600996993e-01;

-9.342191108322857e-02 3.542439405761337e-01;
-3.542439405761337e-01 -9.342191108322855e-02;
3.534952072172511e-01 -9.621622201990010e-02;
-9.342191108322857e-02 3.542439405761337e-01;
-3.542439405761337e-01 -9.342191108322855e-02;

-1.515468469289592e-03 7.256036721254733e-01;
-7.256036721254733e-01 -1.515468469289548e-03;
6.291489473745789e-01 -3.614894018696979e-01;
-1.515468469289592e-03 7.256036721254733e-01;
1.515468469289503e-03 -7.256036721254733e-01;

-6.115268180778212e-01 3.313773130101873e-01;
-3.313773130101874e-01 -6.115268180778212e-01;
5.927445803435605e-01 3.639091030457641e-01;
-6.115268180778212e-01 3.313773130101873e-01;
3.313773130101874e-01 6.115268180778211e-01;

-1.205260867460978e-01 3.853649296500165e-01;
-3.853649296500165e-01 -1.205260867460978e-01;
3.939988621775662e-01 -8.830381188416077e-02;
-4.037484365653249e-01 4.457192114529893e-03;
-1.205260867460978e-01 3.853649296500165e-01;

5.426983044933387e-02 3.178626595644952e-01;
-3.178626595644952e-01 5.426983044933389e-02;
2.481422228726704e-01 -2.059303816104451e-01;
-2.855350537750300e-01 1.498386395697196e-01;
-3.178626595644952e-01 5.426983044933389e-02;

2.584735071329485e-01 3.819826192161347e-01;
-3.819826192161347e-01 2.584735071329485e-01;
2.015698984788161e-01 -4.148359329904592e-01;
-2.834143528172200e-01 3.638620341420925e-01;
-2.584735071329485e-01 -3.819826192161347e-01;

-3.785773432445174e-02 9.054165893001618e-01;
-9.054165893001618e-01 -3.785773432445168e-02;
8.030426345040275e-01 -4.199225349953840e-01;
-8.728010304904390e-01 2.437842681613117e-01;
9.054165893001618e-01 3.785773432445157e-02;

1.920350196177295e-02 7.489073194589470e-01;
-7.489073194589470e-01 1.920350196177300e-02;
6.389710127506695e-01 -3.910843802699935e-01;
-4.557326371504439e-01 -5.945912134085760e-01;
1.920350196177295e-02 7.489073194589470e-01;

2.237648017365044e-01 3.502372881153832e-01;
-3.502372881153832e-01 2.237648017365044e-01;
1.914319879922391e-01 -3.689046468342927e-01;
-3.868938401049050e-01 -1.518222677062733e-01;
-3.502372881153832e-01 2.237648017365044e-01;

4.378391865830016e-01 1.687398840561513e-01;
-1.687398840561513e-01 4.378391865830016e-01;
-7.278656706723324e-02 -4.635498003812697e-01;
-4.534021580706993e-01 1.208419829189362e-01;
-4.378391865830016e-01 -1.687398840561512e-01;

1.360986956132793e+00 1.369784065350497e-01;
-1.369784065350496e-01 1.360986956132793e+00;
-5.618666982371316e-01 -1.247138481497780e+00;
-1.181575463877885e+00 6.891502026280233e-01;
1.369784065350494e-01 -1.360986956132793e+00;

-1.223468106239870e+00 4.866188008430916e-01;
-4.866188008430917e-01 -1.223468106239870e+00;
1.033158296609173e+00 8.162450603022197e-01;
1.275833844647606e+00 3.254536298335772e-01;
-1.223468106239870e+00 4.866188008430916e-01;

4.419222335676993e-01 7.747702388263379e-01;
-7.747702388263379e-01 4.419222335676994e-01;
4.500095921358951e-01 -7.701010001799570e-01;
9.787592314883498e-02 -8.865576614976874e-01;
-7.747702388263379e-01 4.419222335676994e-01;

7.605857640120477e-01 -1.750186301724109e-01;
1.750186301724110e-01 7.605857640120477e-01;
-5.318634618708856e-01 -5.711772783050236e-01;
-7.182001784571734e-01 -3.054680490481804e-01;
-7.605857640120477e-01 1.750186301724110e-01;

-1.303440033111768e-02 -1.019715869031222e+00;
1.019715869031222e+00 -1.303440033111775e-02;
-8.765826470576042e-01 5.211460563254554e-01;
-5.888288979657943e-01 8.326288957671836e-01;
-1.019715869031222e+00 1.303440033111787e-02;

-4.628315287295983e-01 1.574516428327047e-01;
-1.574516428327047e-01 -4.628315287295983e-01;
3.677728869255156e-01 3.220980401358668e-01;
6.722603007438400e-03 4.888341747726921e-01;
-4.628315287295983e-01 1.574516428327047e-01;

-2.956910084816258e-01 5.919688999446379e-01;
-5.919688999446379e-01 -2.956910084816257e-01;
6.605056098431978e-01 -3.990852495659146e-02;
4.716223330317326e-01 4.641473106506716e-01;
-5.919688999446379e-01 -2.956910084816257e-01;

2.087807438395041e+00 1.060632601452445e+01;
-1.060632601452445e+01 2.087807438395041e+00;
8.141444050200413e+00 -7.111257287122451e+00;
1.073238344951078e+01 1.291912117314063e+00;
-2.087807438395042e+00 -1.060632601452445e+01;

-6.513803356491076e-01 -3.156035249115064e-01;
3.156035249115063e-01 -6.513803356491076e-01;
5.236949772727469e-02 7.219136806535148e-01;
-5.014443824500395e-01 5.219726601233157e-01;
-3.156035249115063e-01 6.513803356491077e-01;

-3.361633467186780e-01 1.333022928838186e-01;
3.361633467186780e-01 -1.333022928838186e-01;
-3.361633467186780e-01 1.333022928838186e-01;
-3.361633467186780e-01 1.333022928838186e-01;
-3.361633467186780e-01 1.333022928838186e-01;

-2.817593522510724e-01 3.685131705261847e-01;
2.817593522510723e-01 -3.685131705261848e-01;
-2.817593522510724e-01 3.685131705261847e-01;
-2.817593522510724e-01 3.685131705261847e-01;
-3.685131705261847e-01 -2.817593522510724e-01;

-1.056270763963565e+00 7.736494528723536e-01;
1.056270763963565e+00 -7.736494528723538e-01;
-1.056270763963565e+00 7.736494528723536e-01;
-1.056270763963565e+00 7.736494528723536e-01;
1.056270763963565e+00 -7.736494528723538e-01;

-5.239643764287246e-01 -6.750447098357872e-02;
5.239643764287246e-01 6.750447098357865e-02;
-5.239643764287246e-01 -6.750447098357872e-02;
-5.239643764287246e-01 -6.750447098357872e-02;
-6.750447098357862e-02 5.239643764287246e-01;

-3.473413353406600e-01 3.689915649595621e-01;
3.473413353406599e-01 -3.689915649595621e-01;
-3.473413353406600e-01 3.689915649595621e-01;
-4.582662077818894e-01 -2.163165760008827e-01;
-3.473413353406600e-01 3.689915649595621e-01;

-2.010332267152357e-02 4.686091089195659e-01;
2.010332267152351e-02 -4.686091089195659e-01;
-2.010332267152357e-02 4.686091089195659e-01;
-4.518860149821224e-01 1.256887823491101e-01;
-4.686091089195659e-01 -2.010332267152354e-02;

5.387221904647780e-01 7.777970545908602e-01;
-5.387221904647781e-01 -7.777970545908601e-01;
5.387221904647780e-01 7.777970545908602e-01;
-5.732546450233013e-01 7.527077577576805e-01;
-5.387221904647781e-01 -7.777970545908601e-01;

-1.416020148329027e+00 3.772790584813934e-01;
1.416020148329027e+00 -3.772790584813936e-01;
-1.416020148329027e+00 3.772790584813934e-01;
-7.963879972414329e-01 -1.230129548581021e+00;
3.772790584813937e-01 1.416020148329027e+00;

-1.154853264708714e+00 8.127778984792771e-01;
1.154853264708714e+00 -8.127778984792772e-01;
-1.154853264708714e+00 8.127778984792771e-01;
4.565570550433513e-01 -1.336356850079689e+00;
-1.154853264708714e+00 8.127778984792771e-01;

4.067752772637327e-01 6.564142230772433e-01;
-4.067752772637328e-01 -6.564142230772433e-01;
4.067752772637327e-01 6.564142230772433e-01;
-7.149187119177661e-01 -2.919537528461136e-01;
-6.564142230772433e-01 4.067752772637328e-01;

7.173542071176704e-01 -8.369858773261733e-02;
-7.173542071176704e-01 8.369858773261742e-02;
7.173542071176704e-01 -8.369858773261733e-02;
-5.311549490376209e-01 4.893638034945969e-01;
-7.173542071176704e-01 8.369858773261742e-02;

1.538278194102604e-01 -1.150893195830531e+00;
-1.538278194102602e-01 1.150893195830531e+00;
1.538278194102604e-01 -1.150893195830531e+00;
5.520287273623986e-01 1.021509877779055e+00;
-1.150893195830531e+00 -1.538278194102602e-01;

-6.114146713682886e-01 -2.995239434937237e-01;
6.114146713682886e-01 2.995239434937237e-01;
-6.114146713682886e-01 -2.995239434937237e-01;
3.185891030530243e-01 6.017004873741530e-01;
-6.114146713682886e-01 -2.995239434937237e-01;

-1.041195253356164e+01 8.466952937802969e+00;
1.041195253356164e+01 -8.466952937802970e+00;
-1.041195253356164e+01 8.466952937802969e+00;
1.340019661297167e+01 -7.299166704587073e-01;
-8.466952937802969e+00 -1.041195253356164e+01;

3.383340620151850e-01 -6.465562937819042e-01;
-3.383340620151850e-01 6.465562937819042e-01;
3.383340620151850e-01 -6.465562937819042e-01;
-6.537542602080749e-01 3.242072574889089e-01;
-3.383340620151850e-01 6.465562937819042e-01;

-1.553054411565847e-01 -4.733285179938692e-01;
1.553054411565847e-01 4.733285179938692e-01;
-1.553054411565847e-01 -4.733285179938692e-01;
-1.525707811516734e-01 4.742170628919652e-01;
-4.733285179938691e-01 1.553054411565848e-01;

-3.879007540842463e-01 -4.078110125425172e-02;
3.879007540842463e-01 4.078110125425167e-02;
-3.879007540842463e-01 -4.078110125425172e-02;
-1.586530572324379e-01 3.563134865107371e-01;
-3.879007540842463e-01 -4.078110125425172e-02;

-6.998649444907316e-01 2.308843521969959e-01;
6.998649444907316e-01 -2.308843521969959e-01;
-6.998649444907316e-01 2.308843521969959e-01;
3.313906052623076e-03 7.369583045485786e-01;
-2.308843521969959e-01 -6.998649444907316e-01;

-5.651530583317891e-01 -7.935713207780062e-01;
5.651530583317892e-01 7.935713207780061e-01;
-5.651530583317891e-01 -7.935713207780062e-01;
-9.293730752183731e-01 2.922654744616065e-01;
5.651530583317892e-01 7.935713207780061e-01;

-3.208996445623189e-01 -2.643182805752190e-01;
3.208996445623190e-01 2.643182805752189e-01;
-3.208996445623189e-01 -2.643182805752190e-01;
-3.505450667756294e-01 2.235148574160839e-01;
-2.643182805752189e-01 3.208996445623190e-01;

-1.992820549959299e-01 1.149680409562776e-01;
1.992820549959299e-01 -1.149680409562776e-01;
7.578340649874465e-05 -2.300673426229817e-01;
-1.992820549959299e-01 1.149680409562776e-01;
-1.992820549959299e-01 1.149680409562776e-01;

-1.729323255228462e-01 1.978983504682923e-01;
1.729323255228462e-01 -1.978983504682924e-01;
-8.491883611115417e-02 -2.487129622724510e-01;
-1.729323255228462e-01 1.978983504682923e-01;
-1.978983504682923e-01 -1.729323255228462e-01;

-3.094437640390540e-01 2.741419704895243e-01;
3.094437640390539e-01 -2.741419704895243e-01;
-8.269202866792501e-02 -4.050571459452604e-01;
-3.094437640390540e-01 2.741419704895243e-01;
3.094437640390539e-01 -2.741419704895243e-01;

-2.992354197601549e-01 8.872975724524762e-02;
2.992354197601549e-01 -8.872975724524766e-02;
7.277548603406661e-02 -3.035103538470180e-01;
-2.992354197601549e-01 8.872975724524762e-02;
8.872975724524768e-02 2.992354197601549e-01;

-1.930540187777075e-01 1.962846103523844e-01;
1.930540187777074e-01 -1.962846103523844e-01;
-7.346044954824119e-02 -2.653319897403649e-01;
-2.463347303587821e-01 -1.229500022223541e-01;
-1.930540187777075e-01 1.962846103523844e-01;

-1.034433053066664e-01 2.641048057400240e-01;
1.034433053066664e-01 -2.641048057400240e-01;
-1.769998183790819e-01 -2.216369331170147e-01;
-2.831443357779916e-01 -1.676755630925253e-02;
-2.641048057400240e-01 -1.034433053066664e-01;

-1.335308450979432e-01 4.555204485305748e-01;
1.335308450979431e-01 -4.555204485305748e-01;
-3.277268578217881e-01 -3.434013283089109e-01;
-4.744889912892074e-01 1.376817952444857e-02;
1.335308450979431e-01 -4.555204485305748e-01;

-3.564165993977665e-01 2.554025193608556e-01;
3.564165993977664e-01 -2.554025193608557e-01;
-4.297677025816473e-02 -4.363670890893550e-01;
-3.530410166075784e-01 -2.600486104843241e-01;
2.554025193608557e-01 3.564165993977664e-01;

-3.178474544945552e-01 2.796348225888265e-01;
3.178474544945551e-01 -2.796348225888266e-01;
-8.324713289740086e-02 -4.150813814149164e-01;
9.277876755977850e-02 -4.130553699239866e-01;
-3.178474544945552e-01 2.796348225888265e-01;

-9.592599244377248e-02 4.219584365412206e-01;
9.592599244377242e-02 -4.219584365412206e-01;
-3.174637291639748e-01 -2.940535646101513e-01;
-1.704151879900242e-01 -3.977554297516989e-01;
-4.219584365412206e-01 -9.592599244377245e-02;

1.778169638815067e-01 9.753950053351905e-01;
-1.778169638815068e-01 -9.753950053351905e-01;
-9.336253352854864e-01 -3.337034947223903e-01;
-7.171797449640583e-01 -6.845929465676386e-01;
-1.778169638815068e-01 -9.753950053351905e-01;

-8.597724563452338e-01 2.380212114894680e-01;
8.597724563452338e-01 -2.380212114894681e-01;
2.237538123831889e-01 -8.635953944138538e-01;
5.556651706324897e-01 -6.979247752836958e-01;
2.380212114894681e-01 8.597724563452338e-01;

-3.823369363658978e-01 7.705604152062806e-02;
3.823369363658978e-01 -7.705604152062810e-02;
1.244359787110164e-01 -3.696415204582960e-01;
3.546094839031259e-01 1.623923654931108e-01;
-3.823369363658978e-01 7.705604152062806e-02;

-4.163799374386157e-01 3.989275910890786e-01;
4.163799374386156e-01 -3.989275910890787e-01;
-1.372914594343650e-01 -5.600593989925556e-01;
5.713422002793401e-01 -7.799721413924360e-02;
-3.989275910890786e-01 -4.163799374386157e-01;

-1.767426472267231e+00 -1.943268171910199e-01;
1.767426472267231e+00 1.943268171910197e-01;
1.052005196457613e+00 -1.433472815709025e+00;
1.315655615102535e+00 1.196080912480319e+00;
1.767426472267231e+00 1.943268171910197e-01;

-4.688030179929175e-01 -1.943592305945690e-01;
4.688030179929175e-01 1.943592305945689e-01;
4.027215401513531e-01 -3.088157076553954e-01;
2.650281191801349e-01 4.327954207710853e-01;
-1.943592305945689e-01 4.688030179929176e-01;

-2.529588374752822e-01 5.976691771720923e-02;
2.529588374752822e-01 -5.976691771720925e-02;
7.471974968864359e-02 -2.489522382239781e-01;
-2.132686310336435e-02 2.590471440113406e-01;
-2.529588374752822e-01 5.976691771720923e-02;

-2.868922582441246e-01 1.823053501764769e-01;
2.868922582441246e-01 -1.823053501764769e-01;
-1.443493537658464e-02 -3.396086588767359e-01;
8.472810788876764e-02 3.291862030477138e-01;
-1.823053501764769e-01 -2.868922582441246e-01;

-5.417582898042668e-01 9.583991327528617e-02;
5.417582898042668e-01 -9.583991327528624e-02;
1.878793453092380e-01 -5.170963983189502e-01;
-7.626334435140279e-02 5.448589137167508e-01;
5.417582898042668e-01 -9.583991327528624e-02;

-3.228418462493372e-01 -3.984396817692456e-02;
3.228418462493372e-01 3.984396817692452e-02;
1.959268117534639e-01 -2.596672561681336e-01;
-1.376574825561498e-01 2.947283783181859e-01;
-3.984396817692450e-02 3.228418462493372e-01;

-1.866399471769520e-01 2.262654153050419e-01;
1.866399471769520e-01 -2.262654153050419e-01;
2.892715712404786e-01 4.850222796370508e-02;
-1.866399471769520e-01 2.262654153050419e-01;
-1.866399471769520e-01 2.262654153050419e-01;

-7.652554366957671e-02 2.799963912889663e-01;
7.652554366957669e-02 -2.799963912889663e-01;
2.807467596590010e-01 -7.372513078821444e-02;
-7.652554366957671e-02 2.799963912889663e-01;
-2.799963912889663e-01 -7.652554366957670e-02;

-5.004187069845819e-02 4.797357252376485e-01;
5.004187069845813e-02 -4.797357252376485e-01;
4.404842605079841e-01 -1.965303313410636e-01;
-5.004187069845819e-02 4.797357252376485e-01;
5.004187069845813e-02 -4.797357252376485e-01;

-3.642253989661655e-01 3.377234843405734e-01;
3.642253989661655e-01 -3.377234843405735e-01;
4.745898163766155e-01 1.465667060379348e-01;
-3.642253989661655e-01 3.377234843405734e-01;
3.377234843405735e-01 3.642253989661655e-01;

-9.334484932268189e-02 2.989822941125219e-01;
9.334484932268185e-02 -2.989822941125219e-01;
3.055986866445355e-01 -6.865213623038796e-02;
-3.131942038506656e-01 3.614382687052227e-03;
-9.334484932268189e-02 2.989822941125219e-01;

2.198100807217654e-02 2.655032928617383e-01;
-2.198100807217657e-02 -2.655032928617383e-01;
2.189420923705966e-01 -1.517877578221649e-01;
-2.457161317261813e-01 1.029502105185657e-01;
-2.655032928617383e-01 2.198100807217655e-02;

1.401805142446664e-01 3.465947942062522e-01;
-1.401805142446665e-01 -3.465947942062522e-01;
2.300696394797206e-01 -2.946972835545737e-01;
-2.863130763620125e-01 2.404232731016151e-01;
-1.401805142446665e-01 -3.465947942062522e-01;

-7.928577720289461e-02 5.483128976742242e-01;
7.928577720289454e-02 -5.483128976742242e-01;
5.144957872099828e-01 -2.054929516206125e-01;
-5.459772068696689e-01 9.403274855796827e-02;
5.483128976742242e-01 7.928577720289451e-02;

-4.335979057968467e-02 4.916452121572276e-01;
4.335979057968461e-02 -4.916452121572276e-01;
4.474571386669913e-01 -2.082719259338339e-01;
-2.539029976147189e-01 -4.232355772835024e-01;
-4.335979057968467e-02 4.916452121572276e-01;

1.270555390221799e-01 3.180474505493911e-01;
-1.270555390221799e-01 -3.180474505493911e-01;
2.119094022735576e-01 -2.690570497594285e-01;
-2.897336912605646e-01 -1.826244204527749e-01;
-3.180474505493911e-01 1.270555390221799e-01;

3.377912562433595e-01 2.757814530073686e-01;
-3.377912562433595e-01 -2.757814530073686e-01;
6.993811607528562e-02 -4.304265355866925e-01;
-4.353791377856614e-01 -2.456316344318262e-02;
-3.377912562433595e-01 -2.757814530073686e-01;

6.143274361256278e-01 9.028078898910497e-01;
-6.143274361256279e-01 -9.028078898910495e-01;
4.746908493198588e-01 -9.834271108720809e-01;
-1.027658499267669e+00 -3.692943185443550e-01;
9.028078898910495e-01 -6.143274361256279e-01;

-5.177272417108050e-01 5.440380906164536e-01;
5.177272417108049e-01 -5.440380906164537e-01;
7.300144279556319e-01 1.763458982445764e-01;
7.386277033446149e-01 -1.358236235083369e-01;
-5.177272417108050e-01 5.440380906164536e-01;

1.197733954834160e-01 5.784260440476532e-01;
-1.197733954834160e-01 -5.784260440476532e-01;
4.410449506140962e-01 -3.929398252099854e-01;
2.430915858130119e-01 -5.383575351057691e-01;
-5.784260440476532e-01 1.197733954834160e-01;

8.416293647328515e-01 3.220197716276641e-01;
-8.416293647328515e-01 -3.220197716276640e-01;
-1.419373796160057e-01 -8.898822962434404e-01;
-4.916139863245368e-01 -7.552167962577727e-01;
-8.416293647328515e-01 -3.220197716276640e-01;

-1.622805232638891e+00 -2.141731323265544e+00;
1.622805232638891e+00 2.141731323265544e+00;
-1.043391117709376e+00 2.476256218492368e+00;
5.399892557712307e-02 2.686558020995165e+00;
-2.141731323265544e+00 1.622805232638892e+00;

-3.347043232520295e-01 2.091468329045608e-01;
3.347043232520295e-01 -2.091468329045608e-01;
3.484786320424236e-01 1.852890302404555e-01;
9.548113432073330e-02 3.829526533482088e-01;
-3.347043232520295e-01 2.091468329045608e-01;

-1.799389469041985e-01 4.127521551666072e-01;
1.799389469041985e-01 -4.127521551666072e-01;
4.474233252931575e-01 -5.054437843404867e-02;
3.369464342427415e-01 2.986795383998925e-01;
-4.127521551666072e-01 -1.799389469041985e-01;

-3.046895181575369e-01 1.214457247040663e+00;
3.046895181575367e-01 -1.214457247040663e+00;
1.204095586826096e+00 -3.433597605290652e-01;
1.060863239441303e+00 6.650648799679343e-01;
3.046895181575367e-01 -1.214457247040663e+00;

-6.848836160154961e-01 3.833820434364187e-02;
6.848836160154961e-01 -3.833820434364195e-02;
3.756436669048211e-01 5.739575079333452e-01;
-1.751788774536783e-01 6.632101825913301e-01;
3.833820434364199e-02 6.848836160154961e-01;

-3.716700519493307e-01 2.426127141964506e-01;
2.426127141964506e-01 3.716700519493306e-01;
-3.716700519493307e-01 2.426127141964506e-01;
-3.716700519493307e-01 2.426127141964506e-01;
-3.716700519493307e-01 2.426127141964506e-01;

-1.527107629044902e-01 4.699319312502725e-01;
4.699319312502725e-01 1.527107629044901e-01;
-1.527107629044902e-01 4.699319312502725e-01;
-1.527107629044902e-01 4.699319312502725e-01;
-4.699319312502725e-01 -1.527107629044902e-01;

1.522170569120086e-01 1.491571925399877e+00;
1.491571925399877e+00 -1.522170569120089e-01;
1.522170569120086e-01 1.491571925399877e+00;
1.522170569120086e-01 1.491571925399877e+00;
-1.522170569120088e-01 -1.491571925399877e+00;

-8.373700811483037e-01 -2.080483001341149e-02;
-2.080483001341133e-02 8.373700811483037e-01;
-8.373700811483037e-01 -2.080483001341149e-02;
-8.373700811483037e-01 -2.080483001341149e-02;
-2.080483001341133e-02 8.373700811483037e-01;

-2.111642866032992e-01 5.207692211660448e-01;
5.207692211660448e-01 2.111642866032991e-01;
-2.111642866032992e-01 5.207692211660448e-01;
-5.605343144414004e-01 -3.990263129517162e-02;
-2.111642866032992e-01 5.207692211660448e-01;

1.015038232088004e-01 4.012594004625584e-01;
4.012594004625584e-01 -1.015038232088005e-01;
1.015038232088004e-01 4.012594004625584e-01;
-3.502539611690531e-01 2.205318463872341e-01;
-4.012594004625584e-01 1.015038232088005e-01;

4.556392325125223e-01 3.831283307238113e-01;
3.831283307238112e-01 -4.556392325125223e-01;
4.556392325125223e-01 3.831283307238113e-01;
-2.235764293618379e-01 5.517318263809199e-01;
-4.556392325125223e-01 -3.831283307238113e-01;

1.621255023896813e-01 2.567727536417863e+00;
2.567727536417863e+00 -1.621255023896818e-01;
1.621255023896813e-01 2.567727536417863e+00;
-2.391954470120722e+00 9.476619611829684e-01;
2.567727536417863e+00 -1.621255023896818e-01;

2.652731064747396e-01 1.568647045976589e+00;
1.568647045976589e+00 -2.652731064747399e-01;
2.652731064747396e-01 1.568647045976589e+00;
-1.136638050965892e+00 -1.113138498555457e+00;
2.652731064747396e-01 1.568647045976589e+00;

3.805249845027449e-01 3.657450364116930e-01;
3.657450364116930e-01 -3.805249845027450e-01;
3.805249845027449e-01 3.657450364116930e-01;
-5.228307177489510e-01 -7.222697604580819e-02;
-3.657450364116930e-01 3.805249845027449e-01;

4.853245026357283e-01 1.219733322315576e-02;
1.219733322315567e-02 -4.853245026357283e-01;
4.853245026357283e-01 1.219733322315576e-02;
-3.998051830047411e-01 2.753987353618735e-01;
-4.853245026357283e-01 -1.219733322315570e-02;

7.612874019798449e-01 -6.119266635026543e-01;
-6.119266635026545e-01 -7.612874019798448e-01;
7.612874019798449e-01 -6.119266635026543e-01;
-2.562129775138474e-01 9.425325777246119e-01;
-6.119266635026545e-01 -7.612874019798448e-01;

-1.073406876458886e+00 -7.334100424155388e-01;
-7.334100424155385e-01 1.073406876458886e+00;
-1.073406876458886e+00 -7.334100424155388e-01;
4.373167981191175e-01 1.224273919851284e+00;
-1.073406876458886e+00 -7.334100424155388e-01;

1.363494197237481e+00 5.645612902118915e-01;
5.645612902118913e-01 -1.363494197237481e+00;
1.363494197237481e+00 5.645612902118915e-01;
-7.712491768949876e-01 -1.258181458870222e+00;
-5.645612902118914e-01 1.363494197237481e+00;

4.807149102544257e-01 -3.651000067586315e-01;
-3.651000067586316e-01 -4.807149102544256e-01;
4.807149102544257e-01 -3.651000067586315e-01;
-6.035069314298639e-01 1.281497530948996e-02;
-4.807149102544256e-01 3.651000067586316e-01;

2.018123075339112e-02 -5.892310718694790e-01;
-5.892310718694790e-01 -2.018123075339101e-02;
2.018123075339112e-02 -5.892310718694790e-01;
-3.626682928842618e-01 4.648357209462199e-01;
-5.892310718694790e-01 -2.018123075339101e-02;

-5.354520949480247e-01 -1.602735228115910e-02;
-1.602735228115901e-02 5.354520949480247e-01;
-5.354520949480247e-01 -1.602735228115910e-02;
-1.807067148385618e-01 5.042924798344980e-01;
-5.354520949480247e-01 -1.602735228115910e-02;

-7.834486286231189e-01 8.256939855203090e-01;
8.256939855203091e-01 7.834486286231188e-01;
-7.834486286231189e-01 8.256939855203090e-01;
5.431827049305158e-01 1.000257397113476e+00;
-8.256939855203090e-01 -7.834486286231189e-01;

2.227984861712128e-01 -1.571314654834375e+00;
-1.571314654834375e+00 -2.227984861712125e-01;
2.227984861712128e-01 -1.571314654834375e+00;
-1.425560523082386e+00 -6.974568839480538e-01;
-2.227984861712126e-01 1.571314654834375e+00;

-3.770961012918440e-01 -4.234994173613357e-01;
-4.234994173613357e-01 3.770961012918441e-01;
-3.770961012918440e-01 -4.234994173613357e-01;
-5.193009843404155e-01 2.277711873305643e-01;
-4.234994173613357e-01 3.770961012918441e-01;

-2.030006847368676e-01 1.570907160776906e-01;
1.570907160776906e-01 2.030006847368676e-01;
-3.454420845353483e-02 -2.543491080066086e-01;
-2.030006847368676e-01 1.570907160776906e-01;
-2.030006847368676e-01 1.570907160776906e-01;

-1.423717552585286e-01 2.407539393638705e-01;
2.407539393638705e-01 1.423717552585285e-01;
-1.373131499210259e-01 -2.436745265172017e-01;
-1.423717552585286e-01 2.407539393638705e-01;
-2.407539393638705e-01 -1.423717552585286e-01;

-2.466401359467606e-01 3.975880397442381e-01;
3.975880397442382e-01 2.466401359467605e-01;
-2.210012746859870e-01 -4.123906431948612e-01;
-2.466401359467606e-01 3.975880397442381e-01;
2.466401359467606e-01 -3.975880397442382e-01;

-3.429269278920826e-01 1.612845515307281e-01;
1.612845515307282e-01 3.429269278920826e-01;
3.178694508245029e-02 -3.776257069616620e-01;
-3.429269278920826e-01 1.612845515307281e-01;
1.612845515307282e-01 3.429269278920826e-01;

-1.645657565732409e-01 2.474831317380586e-01;
2.474831317380587e-01 1.645657565732409e-01;
-1.320438008066692e-01 -2.662596916544619e-01;
-2.862240605859148e-01 -8.003484161982870e-02;
-1.645657565732409e-01 2.474831317380586e-01;

-4.785580547355886e-02 2.778828061701199e-01;
2.778828061701199e-01 4.785580547355881e-02;
-2.167256666814516e-01 -1.803857463437283e-01;
-2.790705107453069e-01 4.035693391298514e-02;
-2.778828061701199e-01 -4.785580547355885e-02;

1.826360741034274e-02 4.469228580022887e-01;
4.469228580022887e-01 -1.826360741034283e-02;
-3.961783522670988e-01 -2.076446810190417e-01;
-4.194051313159421e-01 1.554764811359916e-01;
-1.826360741034280e-02 -4.469228580022887e-01;

-3.126270643953913e-01 4.116892963592989e-01;
4.116892963592989e-01 3.126270643953913e-01;
-2.002198569155977e-01 -4.765876278566118e-01;
-4.881468637912048e-01 -1.701070177861739e-01;
4.116892963592989e-01 3.126270643953913e-01;

-2.517016671205891e-01 4.094532163346504e-01;
4.094532163346505e-01 2.517016671205891e-01;
-2.287460534467583e-01 -4.227066460686497e-01;
-3.703963585216462e-02 -4.792011383271256e-01;
-2.517016671205891e-01 4.094532163346504e-01;

2.809027278454040e-02 4.036164068962367e-01;
4.036164068962367e-01 -2.809027278454047e-02;
-3.635871981486078e-01 -1.774813136174716e-01;
-2.599652796162073e-01 -3.100214843119837e-01;
-4.036164068962367e-01 2.809027278454042e-02;

3.933350636577759e-01 5.478389025869969e-01;
5.478389025869967e-01 -3.933350636577760e-01;
-6.711099386506156e-01 6.671870603330500e-02;
-6.402263785554221e-01 -2.120144327450399e-01;
-3.933350636577760e-01 -5.478389025869969e-01;

-9.470885997535559e-01 1.221538898524415e+00;
1.221538898524415e+00 9.470885997535556e-01;
-5.843394179562275e-01 -1.430972236283419e+00;
4.820822272515599e-02 -1.544930439745775e+00;
1.221538898524415e+00 9.470885997535556e-01;

-4.735071895590226e-01 1.860279297765223e-01;
1.860279297765224e-01 4.735071895590225e-01;
7.564868177961523e-02 -5.030832199209484e-01;
4.924198369491086e-01 1.278207862596541e-01;
-4.735071895590226e-01 1.860279297765223e-01;

-2.453297752078629e-01 6.094957425972032e-01;
6.094957425972032e-01 2.453297752078628e-01;
-4.051739089837078e-01 -5.172096889333365e-01;
5.567285662030320e-01 -3.488911899449065e-01;
-6.094957425972032e-01 -2.453297752078629e-01;

3.258664933942330e+00 3.934656500265186e+00;
3.934656500265186e+00 -3.258664933942331e+00;
-5.036844951366389e+00 8.547583650830055e-01;
-3.235822468404693e-01 -5.098599166076318e+00;
-3.258664933942331e+00 -3.934656500265186e+00;

-7.167101955658909e-01 -3.421171217919827e-01;
-3.421171217919826e-01 7.167101955658910e-01;
6.546372163244172e-01 -4.496306756153833e-01;
3.787393295085226e-01 6.980502487176425e-01;
-3.421171217919826e-01 7.167101955658910e-01;

-2.895662600423626e-01 1.037850641593742e-01;
1.037850641593742e-01 2.895662600423626e-01;
5.490262792576537e-02 -3.026642693552239e-01;
9.224566212198136e-03 3.074652271000468e-01;
-2.895662600423626e-01 1.037850641593742e-01;

-2.793200788436099e-01 2.779106195328873e-01;
2.779106195328874e-01 2.793200788436098e-01;
-1.010176170751474e-01 -3.808535938320821e-01;
1.779940544215501e-01 3.515282854692236e-01;
-2.779106195328873e-01 -2.793200788436099e-01;

-7.359283028629473e-01 3.519112236503517e-01;
3.519112236503518e-01 7.359283028629472e-01;
6.320009187340175e-02 -8.132882174684565e-01;
1.072731101839044e-01 8.086559565830809e-01;
7.359283028629473e-01 -3.519112236503518e-01;

-4.204258742730445e-01 -2.918654288428822e-02;
-2.918654288428815e-02 4.204258742730445e-01;
2.354892247229597e-01 -3.495062160865949e-01;
-1.576767918235459e-01 3.908296295881677e-01;
-2.918654288428815e-02 4.204258742730445e-01;

-1.444343552276434e-01 2.763390424483749e-01;
2.763390424483749e-01 1.444343552276434e-01;
3.115338084315807e-01 -1.308570041782266e-02;
-1.444343552276434e-01 2.763390424483749e-01;
-1.444343552276434e-01 2.763390424483749e-01;

-1.787945522731373e-02 2.817144945783037e-01;
2.817144945783037e-01 1.787945522731368e-02;
2.529116365327613e-01 -1.253731848564718e-01;
-1.787945522731373e-02 2.817144945783037e-01;
-2.817144945783037e-01 -1.787945522731371e-02;

8.694185222795368e-02 4.217820822109293e-01;
4.217820822109293e-01 -8.694185222795377e-02;
3.218030719417844e-01 -2.861848937869454e-01;
8.694185222795368e-02 4.217820822109293e-01;
-8.694185222795374e-02 -4.217820822109293e-01;

-2.533468229620987e-01 5.055063192217362e-01;
5.055063192217362e-01 2.533468229620985e-01;
5.644547257006387e-01 -3.334837495761220e-02;
-2.533468229620987e-01 5.055063192217362e-01;
5.055063192217362e-01 2.533468229620985e-01;

-2.501417059372484e-02 3.047108335071529e-01;
3.047108335071529e-01 2.501417059372479e-02;
2.763944079223873e-01 -1.306925095648132e-01;
-2.975270276063605e-01 7.037093598098483e-02;
-2.501417059372484e-02 3.047108335071529e-01;

5.980607338337140e-02 2.379396885142642e-01;
2.379396885142642e-01 -5.980607338337144e-02;
1.761587781302234e-01 -1.707634231077282e-01;
-2.078129982044331e-01 1.304063631924706e-01;
-2.379396885142642e-01 5.980607338337141e-02;

1.671545002710316e-01 2.667529870197071e-01;
2.667529870197070e-01 -1.671545002710316e-01;
1.474376131589310e-01 -2.781365371014598e-01;
-2.020435852762884e-01 2.414045830001939e-01;
-1.671545002710316e-01 -2.667529870197071e-01;

1.019168379321224e-01 4.786390277269028e-01;
4.786390277269028e-01 -1.019168379321225e-01;
3.635551382881206e-01 -3.275820845860511e-01;
-4.237187313388644e-01 2.448362665742568e-01;
4.786390277269028e-01 -1.019168379321225e-01;

9.670822189056810e-02 4.263951500397731e-01;
4.263951500397731e-01 -9.670822189056819e-02;
3.209149210396366e-01 -2.969493519319411e-01;
-3.288673758476679e-01 -2.881172560985279e-01;
9.670822189056810e-02 4.263951500397731e-01;

1.514144880089749e-01 2.505193159695839e-01;
2.505193159695838e-01 -1.514144880089750e-01;
1.412488477638726e-01 -2.563884511015786e-01;
-2.697484533351621e-01 -1.136751810034895e-01;
-2.505193159695839e-01 1.514144880089749e-01;

2.790440906277829e-01 1.885607670846708e-01;
1.885607670846707e-01 -2.790440906277830e-01;
2.377636913851384e-02 -3.359396548019226e-01;
-3.365846495511048e-01 1.146913616650029e-02;
-2.790440906277829e-01 -1.885607670846707e-01;

5.043759032954975e-01 4.077332024710541e-01;
4.077332024710540e-01 -5.043759032954976e-01;
1.009193596585678e-01 -6.406689465461513e-01;
-6.477082406017391e-01 -3.339837240121592e-02;
4.077332024710540e-01 -5.043759032954976e-01;

-1.625704239727080e-01 8.174373279307399e-01;
8.174373279307399e-01 1.625704239727079e-01;
7.892067039760454e-01 -2.679285469009985e-01;
6.119998418077160e-01 -5.657641924623229e-01;
-1.625704239727080e-01 8.174373279307399e-01;

2.256579159943966e-01 4.108173481242081e-01;
4.108173481242081e-01 -2.256579159943967e-01;
2.429493017937212e-01 -4.008341618783064e-01;
5.891128965861129e-02 -4.649966113010934e-01;
-4.108173481242081e-01 2.256579159943966e-01;

5.165936906566720e-01 1.828073717464205e-01;
1.828073717464204e-01 -5.165936906566720e-01;
-9.998101739687053e-02 -5.387869454166480e-01;
-3.104815978052285e-01 -4.515404232352045e-01;
-5.165936906566720e-01 -1.828073717464204e-01;

2.106801366516767e+00 -3.872850402286307e-01;
-3.872850402286311e-01 -2.106801366516767e+00;
-1.388799366602057e+00 -1.630900984016974e+00;
-1.932078544364313e+00 -9.250265935360373e-01;
-3.872850402286311e-01 -2.106801366516767e+00;

-3.209955045724674e-01 3.407299920353534e-01;
3.407299920353534e-01 3.209955045724673e-01;
4.555785812201192e-01 1.076252654426838e-01;
2.248604131915651e-01 4.105762243572605e-01;
-3.209955045724674e-01 3.407299920353534e-01;

-3.996619285947885e-02 4.412073419036728e-01;
4.412073419036728e-01 3.996619285947877e-02;
4.020798628545265e-01 -1.859919326429797e-01;
4.072628847607062e-01 1.743506748417489e-01;
-4.412073419036728e-01 -3.996619285947883e-02;

4.033901936889352e-01 8.132025372211548e-01;
8.132025372211547e-01 -4.033901936889354e-01;
5.025589588110126e-01 -7.559474239827206e-01;
8.980559973060140e-01 -1.323534684472636e-01;
-4.033901936889353e-01 -8.132025372211548e-01;

-1.131945564290809e+00 4.308223169032357e-01;
4.308223169032359e-01 1.131945564290809e+00;
9.390758531008772e-01 7.648824559253341e-01;
5.994595578299859e-02 1.209675622489258e+00;
4.308223169032359e-01 1.131945564290809e+00;

