40                                               

4.471199089221815e-01 -2.657379732296686e-17
7.420449459054824e-01 -8.989915829436646e-17
-2.742806019982165e-02 -4.729003971897001e-18
2.249188617547254e+00 6.010343705563345e-16

3.690827488674988e-01 -1.726898944078069e-15
-8.979572096631604e-01 1.172209973554389e-15
-3.563424814687268e-02 -3.548968373326013e-16
-1.084738857028980e+00 1.799067378219541e-15

7.564394982382966e-01 -3.178286544729507e+00
7.564394982382971e-01 3.178286544729508e+00
1.043811753589581e-01 9.152178937919687e-01
1.043811753589584e-01 -9.152178937919687e-01

4.471199089220917e-01 3.385169741050183e-15
7.420449459055612e-01 -2.920852937237833e-15
2.249188617547320e+00 -2.572261099629261e-15
-2.742806019982865e-02 3.741448244263634e-16

2.848814041148059e-01 -9.009919713475585e-02
2.848814041148058e-01 9.009919713475592e-02
-2.364005302657753e-02 -9.148587568375600e-18
1.707718173472658e-01 2.824994452785978e-17

2.848814041148059e-01 -9.009919713475548e-02
2.848814041148058e-01 9.009919713475550e-02
1.707718173472658e-01 1.124454761907889e-17
-2.364005302657754e-02 1.165462533640071e-17

3.690827488674989e-01 -1.328724928091010e-15
-8.979572096631609e-01 7.734364503717244e-16
-1.084738857028980e+00 1.562116046970187e-15
-3.563424814687280e-02 -1.917520378002099e-16

9.646842457820068e-01 -1.514032055406921e+00
9.646842457819974e-01 1.514032055406922e+00
4.804475669317517e-01 7.831348138504790e-01
4.804475669317523e-01 -7.831348138504829e-01

1.229927700574702e+00 2.881067178278204e-14
-4.382688688595937e-01 -1.613668169055371e-13
8.736112575434715e+00 6.412609559142387e-12
-1.446504409370569e-01 -3.528325296311060e-14

7.420449459054649e-01 7.182317663672871e-14
4.471199089222007e-01 -8.171748998734787e-14
2.249188617547237e+00 6.181017791354607e-14
-2.742806019982335e-02 -8.214357904092836e-15

3.233739830682165e-01 -2.543477654959817e-16
-3.875321263986604e-01 4.249606655793672e-18
-8.559996252826055e-02 2.644571450543411e-02
-8.559996252826051e-02 -2.644571450543421e-02

3.233739830682167e-01 -6.977297325635601e-16
-3.875321263986602e-01 5.788538243641109e-17
-8.559996252826040e-02 -2.644571450543436e-02
-8.559996252826051e-02 2.644571450543395e-02

9.646842457820018e-01 1.514032055406926e+00
9.646842457820013e-01 -1.514032055406927e+00
4.804475669317481e-01 -7.831348138504828e-01
4.804475669317484e-01 7.831348138504830e-01

-4.382688688583473e-01 5.305363919208265e-13
1.229927700574478e+00 -9.513812804744780e-14
8.736112575385272e+00 -2.106004779543849e-11
-1.446504409369113e-01 5.370519105289078e-14

2.848814041148066e-01 9.009919713475527e-02
2.848814041148049e-01 -9.009919713475550e-02
1.707718173472657e-01 -7.398743353730698e-17
-2.364005302657752e-02 -4.832274763229845e-17

7.564394982383000e-01 3.178286544729509e+00
7.564394982382961e-01 -3.178286544729510e+00
1.043811753589584e-01 9.152178937919693e-01
1.043811753589585e-01 -9.152178937919697e-01

9.646842457820026e-01 1.514032055406927e+00
9.646842457820013e-01 -1.514032055406928e+00
4.804475669317487e-01 7.831348138504830e-01
4.804475669317480e-01 -7.831348138504834e-01

-2.162759445470417e-01 4.377578692569778e-16
-2.864360141077568e-01 -3.396933962622253e-16
-2.716501806902150e-01 2.049698221761947e-16
-1.916143553726947e-01 -1.245372242349216e-16

-2.162759445470329e-01 -1.362029468307936e-15
-2.864360141077635e-01 1.094873200155084e-15
-1.916143553726952e-01 6.923237057238289e-17
-2.716501806902122e-01 -3.811460847051285e-16

-2.891889124850328e-01 -1.220942907185112e-01
-2.891889124850319e-01 1.220942907185117e-01
-1.766240268475979e-01 -7.107258731892641e-18
-3.747276282713342e-01 4.792981664462508e-16

-2.891889124850333e-01 1.220942907185117e-01
-2.891889124850323e-01 -1.220942907185123e-01
-1.766240268475979e-01 2.213492467949271e-16
-3.747276282713353e-01 -9.473884661913126e-16

1.229927700574760e+00 -3.241096436970894e-17
-4.382688688599184e-01 -8.990547281723952e-17
-1.446504409371397e-01 1.387227879728340e-18
8.736112575447571e+00 2.770375283143241e-15

7.564394982382975e-01 3.178286544729509e+00
7.564394982382969e-01 -3.178286544729510e+00
1.043811753589583e-01 -9.152178937919694e-01
1.043811753589584e-01 9.152178937919696e-01

2.848814041148058e-01 9.009919713475599e-02
2.848814041148058e-01 -9.009919713475593e-02
-2.364005302657753e-02 5.287643546655686e-18
1.707718173472658e-01 1.139685445469588e-17

-8.979572096631625e-01 3.385031372702607e-17
3.690827488675018e-01 7.485529644379880e-18
-3.563424814687207e-02 -4.748381265471700e-18
-1.084738857028983e+00 -6.134653969964361e-19

-2.864360141077620e-01 1.333713332639362e-15
-2.162759445470349e-01 -1.730233771005957e-15
-1.916143553726951e-01 1.941616341835722e-16
-2.716501806902127e-01 -6.341704612926321e-16

-8.979572096631623e-01 -1.098199176344068e-15
3.690827488675015e-01 2.046783493535922e-15
-1.084738857028983e+00 -2.669387332818561e-15
-3.563424814687194e-02 5.160979103702510e-16

-2.864360141077570e-01 2.665667193591356e-15
-2.162759445470414e-01 -3.299273674531105e-15
-2.716501806902148e-01 -9.243172618259108e-16
-1.916143553726945e-01 2.428345162260228e-16

-6.286582912593677e-01 1.150027658534845e+00
-6.286582912593675e-01 -1.150027658534845e+00
-3.270103089530677e-01 6.018572840349279e-01
-3.270103089530675e-01 -6.018572840349278e-01

-4.382688688599186e-01 -4.244038821694673e-17
1.229927700574760e+00 -9.222043601809429e-17
-1.446504409371397e-01 2.538503768355399e-18
8.736112575447581e+00 1.318774085297980e-15

-6.286582912593678e-01 1.150027658534846e+00
-6.286582912593676e-01 -1.150027658534845e+00
-3.270103089530676e-01 -6.018572840349278e-01
-3.270103089530679e-01 6.018572840349281e-01

-2.891889124850329e-01 1.220942907185124e-01
-2.891889124850333e-01 -1.220942907185119e-01
-3.747276282713368e-01 7.625326245730437e-16
-1.766240268475975e-01 -6.226790299897445e-17

9.646842457820097e-01 -1.514032055406934e+00
9.646842457819981e-01 1.514032055406935e+00
4.804475669317463e-01 -7.831348138504863e-01
4.804475669317478e-01 7.831348138504836e-01

-3.875321263986603e-01 2.669919509226026e-17
3.233739830682162e-01 3.625311766062836e-16
-8.559996252826066e-02 2.644571450543434e-02
-8.559996252826062e-02 -2.644571450543407e-02

-3.875321263986602e-01 -6.534814128246180e-17
3.233739830682178e-01 -5.599343362941896e-17
-8.559996252826006e-02 -2.644571450543422e-02
-8.559996252826016e-02 2.644571450543416e-02

7.564394982382994e-01 -3.178286544729507e+00
7.564394982382959e-01 3.178286544729507e+00
1.043811753589584e-01 -9.152178937919689e-01
1.043811753589583e-01 9.152178937919695e-01

-6.286582912593680e-01 -1.150027658534846e+00
-6.286582912593672e-01 1.150027658534846e+00
-3.270103089530673e-01 6.018572840349278e-01
-3.270103089530676e-01 -6.018572840349280e-01

-6.286582912593676e-01 -1.150027658534846e+00
-6.286582912593678e-01 1.150027658534846e+00
-3.270103089530675e-01 -6.018572840349279e-01
-3.270103089530676e-01 6.018572840349281e-01

7.420449459054829e-01 -1.971850931939474e-16
4.471199089221805e-01 1.974390574903891e-16
-2.742806019982170e-02 7.610702998367117e-18
2.249188617547252e+00 -1.923415043789653e-16

-2.891889124850320e-01 -1.220942907185115e-01
-2.891889124850318e-01 1.220942907185117e-01
-3.747276282713324e-01 3.619715568573004e-16
-1.766240268475984e-01 -9.376746190912310e-18

