5
0
0
52
2.189254732520018e-01 2.126482667312961e-01
9.788593766118051e-02 9.507927365335686e-02
1.624525409566138e-01 1.577945715835192e-01
-6.004701059630346e-03 -5.832529461293721e-03
4.924046825295479e-01 4.782860610731836e-01
4.965068306494546e-16
9.784802339922271e+03
3.172303701528691e-16
9.765625000000001e-05
1.572010969917702e-14
0.000000000000000e+00
1
1
2
52
2.270226409646959e-03 -5.278176429106348e-01
8.379014038231806e-04 -1.948083865462210e-01
-2.038566172109579e-03 4.739576578390200e-01
-8.089781123113086e-05 1.880838486377499e-02
-2.462602800796498e-03 5.725443066906125e-01
1.631880660960960e-15
2.734606290394248e+02
5.338230113600051e-17
9.765625000000001e-05
7.113401109622254e-12
0.000000000000000e+00
1
1
8
52
1.748091663557508e-01 3.320582860031747e-02
2.377701963325823e-01 -5.304754209988538e-01
2.669491983861589e-02 5.807118216488760e-01
-1.214378226546677e-02 1.634545404657094e-01
4.863735476093262e-02 -1.565224136295709e-01
3.103167691559091e-17
1.978534549339884e+02
3.609541593563948e-16
2.441406250000000e-05
1.153386340093357e-12
0.000000000000000e+00
1
1
20
52
8.809900466866367e-02 4.320392415381563e-01
3.939081894357836e-02 1.931733463273103e-01
6.537342115369357e-02 3.205925356162606e-01
1.981512785180076e-01 9.717377444013980e-01
-2.416384803597254e-03 -1.184999832559683e-02
6.273010506051363e-16
8.314693303401758e+03
7.328156787726306e-14
3.814697265625000e-07
2.403606182300752e-13
0.000000000000000e+00
1
1
21
52
9.954390209355491e-01 3.052686160544194e-01
3.110865232117281e-01 -2.722904609133821e-03
2.560776087778456e-01 1.766536085566670e-01
-2.353223123964080e-02 -7.216566270876421e-03
1.699929306635467e-01 5.213127634269796e-02
1.256073966947020e-15
4.021771635043535e+02
2.503575830567805e-16
6.103515625000000e-06
9.060999702123791e-14
0.000000000000000e+00
1
1
27
52
1.166523912325157e+00 4.263765391705387e-01
3.707371539330486e-01 1.636387922152409e-02
2.939047862203261e-01 2.265696150995051e-01
1.992094084868096e-01 7.281309646839057e-02
-2.757668714413741e-02 -1.007956399528014e-02
3.202372833989377e-15
3.297168094134987e+02
4.677389631930639e-15
6.103515625000000e-06
3.645223341062713e-14
0.000000000000000e+00
1
1
29
52
2.070017565687020e-01 -4.378820955880966e-01
7.640077733477681e-02 -1.616147275195159e-01
-1.858787197238042e-01 3.931993847157449e-01
-2.245428488233242e-01 4.749877238816866e-01
-7.376351960407769e-03 1.560359925325887e-02
5.467214348906571e-16
2.828604548604920e+02
2.163632464926739e-15
2.441406250000000e-05
6.568927977615966e-14
0.000000000000000e+00
1
1
32
52
2.519899108991848e-01 1.384667188437289e-01
4.527337480768784e-01 -2.479441405068279e-01
3.344764620402957e-02 5.150974649741704e-01
1.262983149669199e-02 2.638680701337244e-01
2.295060476690332e-01 -1.308160737947403e-01
1.411327352790234e-15
7.826307271798368e+01
2.763522361043437e-16
3.906250000000000e-04
8.619552609930378e-12
0.000000000000000e+00
1
1
37
52
1.550056146028216e-02 1.774157023728760e-01
1.906456991445657e-02 2.182084868653175e-01
-6.793413537857848e-03 -7.775577919689322e-02
1.354146498983320e-01 1.549923548579364e+00
-2.242163049995506e-03 -2.566325957739472e-02
1.670153935939536e-15
1.123823052974010e+06
1.395553410163678e-12
3.725290298461914e-10
1.136767282049505e-12
0.000000000000000e+00
1
1
42
52
1.348655881527875e-01 5.381853000976251e-01
1.000763280653053e-01 3.993576818980684e-01
6.030108949165737e-02 2.406333623629064e-01
3.033381457720300e-01 1.210480251110831e+00
-3.699101470734819e-03 -1.476137880973877e-02
3.202372833989377e-15
9.248315695613946e+03
1.481972450199294e-13
3.814697265625000e-07
3.123118937088430e-13
0.000000000000000e+00
1
1
47
52
8.215989838268589e-01 -6.758088554488899e-01
2.656837358848904e-01 -2.185390013792803e-01
-3.183960012494012e-01 2.618976427911532e-01
-5.245659417739054e-02 7.957698486693152e-02
-8.820109028028164e-02 3.612144053845163e-02
3.202372833989377e-15
1.489910385153475e+02
2.029621477367958e-16
2.441406250000000e-05
4.968916704818047e-12
0.000000000000000e+00
1
1
58
52
7.736126669557611e-01 -6.819815879434497e-01
2.501662094655098e-01 -2.205351024724612e-01
-2.997997618343047e-01 2.642897749404600e-01
-8.425670567551599e-02 3.791885864482308e-02
-4.818572493008587e-02 7.883633810102231e-02
2.402421040812719e-15
1.865399155101603e+02
1.255249844026410e-16
2.441406250000000e-05
4.724523421244601e-12
0.000000000000000e+00
1
1
62
52
-5.180418714927385e-01 1.528505362135754e-01
-7.311674435979596e-01 -6.368794952384341e-01
-2.683262205709785e-01 9.317845037275694e-01
-1.291893805028907e-01 4.791332928262469e-01
-3.685945329520206e-01 -3.322599563701962e-01
4.847302891456678e-16
4.614640388285789e+01
6.906874494449046e-16
9.765625000000001e-05
1.159106867033638e-14
0.000000000000000e+00
1
1
63
52
8.339610832272179e-03 1.202779912969583e-01
-3.654991806242559e-03 -5.271409919426762e-02
1.025711837463397e-02 1.479332332655842e-01
7.285577906816527e-02 1.050762072311262e+00
-1.206328384136872e-03 -1.739826447611055e-02
6.335327934766281e-16
1.002572460249344e+06
2.455717750828970e-12
3.725290298461914e-10
3.963531361135195e-13
0.000000000000000e+00
1
1
67
52
1.558995438475978e+00 9.540518269131881e-01
3.581695058917904e-01 4.122558613927568e-01
5.300881131514376e-01 1.313273867058921e-01
2.662324842646401e-01 1.629251643254439e-01
-3.685473483376454e-02 -2.255383577833099e-02
5.515473566030869e-15
3.003474947179228e+02
1.126368676090430e-14
6.103515625000000e-06
3.248934472937142e-14
0.000000000000000e+00
1
1
70
52
-1.963033001019950e-01 5.742012745996068e-02
-3.309891883343219e-01 -5.804732849955775e-01
3.400604867097170e-02 6.673429898047614e-01
-7.304229730666020e-02 -1.736667124702288e-01
3.206155892368306e-02 1.856538732572927e-01
3.925231146709438e-17
1.054334270042104e+02
7.876705429017049e-16
2.441406250000000e-05
1.955645551789925e-12
0.000000000000000e+00
1
1
76
52
-2.733440572739136e-01 2.750940212911916e-01
-6.801918722159376e-01 -1.484727964192608e-01
1.528104607553824e-01 6.792305333161233e-01
-3.467631924077625e-01 -8.189699420351841e-02
8.410821790275411e-02 3.462335006171657e-01
1.227596976700142e-16
5.158379482060291e+01
3.581672207988370e-16
9.765625000000001e-05
3.187060483689991e-15
0.000000000000000e+00
1
1
84
52
1.024074051556840e+00 -5.109376773460159e-01
-2.214825827865713e-01 1.105035287726817e-01
-2.933316894791229e-01 1.463509517564676e-01
-2.781899011455760e-01 1.387963123724842e-01
-1.962272892429677e-01 9.790299368027859e-02
8.950904182623619e-16
2.036790152264916e+03
1.164610202962847e-14
3.814697265625000e-07
3.873791940285526e-12
0.000000000000000e+00
1
1
88
52
1.074943459289732e+00 -5.895425055249376e-01
-2.324844119925426e-01 1.275038622330288e-01
-3.079025198701612e-01 1.688662054296685e-01
-2.059745980138970e-01 1.129648071609646e-01
-2.920085849478177e-01 1.601493281504093e-01
6.661338147750939e-16
1.826140999283148e+03
4.018079569334683e-15
3.814697265625000e-07
2.847293139998768e-12
0.000000000000000e+00
1
1
95
52
9.435439261002952e-01 -4.704635952161213e-01
-3.303033608375956e-01 2.085152904537385e-02
-2.154215229040084e-01 2.512541818833237e-01
-1.666525277354265e-01 8.309517467226965e-02
-3.535719775973864e-01 1.762957072233426e-01
9.155133597044475e-16
3.336401277258578e+02
2.181251633324742e-15
1.525878906250000e-06
1.054950398290809e-13
0.000000000000000e+00
1
1
111
52
1.210450347699477e+00 -1.089386720514757e+00
-2.170409207089273e-01 4.628276376336429e-01
-4.830567186277563e-01 1.672494843289540e-01
-2.137946147097564e-01 1.924118693716153e-01
-4.535891879336391e-01 4.082233020487816e-01
1.065814103640150e-14
2.997391533450842e+02
2.962458429720952e-15
1.525878906250000e-06
4.556284415699343e-13
0.000000000000000e+00
1
1
116
52
8.197771669683181e-02 6.058588762353176e-02
1.008266645953035e-01 7.451626145209125e-02
-3.592828116843932e-02 -2.655290843763940e-02
-1.185811286721664e-02 -8.763775359311863e-03
7.161665617416705e-01 5.292851347625893e-01
2.618455766672135e-16
8.704292618067225e+05
2.560241779755148e-16
6.103515625000000e-06
1.477145632405345e-14
0.000000000000000e+00
1
1
117
52
-2.151064829893164e-01 -7.074006034210301e-03
-1.402318218643774e-01 -6.890210981440842e-01
-1.851982582561092e-01 6.783189829939787e-01
-2.892732442505825e-02 1.961309092381330e-01
-1.597881061845500e-02 -1.976076953668275e-01
2.113801663112788e-16
8.400382868789667e+01
4.463788450341118e-16
2.441406250000000e-05
7.317571673199780e-13
0.000000000000000e+00
1
1
121
52
1.310335915671492e+00 6.060443923838733e-01
3.186862223367465e-01 2.907109914370590e-01
4.278944487003625e-01 5.459056347938547e-02
-3.097641052910310e-02 -1.432692157241472e-02
2.237684456546143e-01 1.034953022805135e-01
2.843558383173338e-15
3.231189489027140e+02
1.958383508871854e-16
6.103515625000000e-06
9.108539261496616e-14
0.000000000000000e+00
1
1
122
52
2.877030203825821e+00 5.594417263084288e+00
-2.583450013944074e+00 -5.023547315250593e+00
1.061862216202863e+00 2.064802901770955e+00
-1.025208082091752e-01 -1.993528529898904e-01
-3.120826454935884e+00 -6.068481787701264e+00
1.818989403545856e-12
7.373978375392893e+04
6.830370741956898e-15
2.441406250000000e-05
8.696101340643935e-14
0.000000000000000e+00
1
1
129
52
1.208566945873950e+00 -4.699657801176497e-01
-3.461770987585250e-01 1.346151248239461e-01
-2.613839577672145e-01 1.016422929997267e-01
-2.315787762583838e-01 9.005219000446947e-02
-3.283074292228774e-01 1.276662890871756e-01
1.256073966947020e-15
2.028988900930570e+03
1.413273452507980e-14
3.814697265625000e-07
2.851871758449358e-12
0.000000000000000e+00
1
1
131
52
1.023301625301908e+00 1.829952933060602e-01
-9.188810720998799e-01 -1.643219429586029e-01
3.776829767870098e-01 6.754040588321748e-02
-1.110015035425892e+00 -1.985021053025020e-01
-3.646458404510565e-02 -6.520899691377234e-03
4.214554150926833e-15
1.389377813349026e+02
3.274512053601473e-15
2.441406250000000e-05
8.492749428968295e-14
0.000000000000000e+00
1
1
141
52
1.132015529185231e+00 -3.997419306459177e-01
-3.242500160878997e-01 1.145004852859591e-01
-2.448277278164560e-01 8.645456362550001e-02
-3.075122230472975e-01 1.085899676894178e-01
-2.169104258967076e-01 7.659629235615414e-02
1.256073966947020e-15
2.238061975037965e+03
9.693224051444967e-15
3.814697265625000e-07
3.879328713968265e-12
0.000000000000000e+00
1
1
167
52
-1.029434428218003e+00 -2.031891192207528e-02
6.705297993088141e-01 -1.171104412649526e+00
6.237951779053739e-01 1.196651717547889e+00
3.488647555624589e-01 -6.129281153941083e-01
3.244065852745285e-01 6.262171027245642e-01
2.733607174453285e-15
6.626981469291744e+01
8.705496830842396e-16
3.906250000000000e-04
7.112950419085337e-13
0.000000000000000e+00
1
1
174
52
5.862215921359887e-02 6.256866550533664e-02
-2.569226740867003e-02 -2.742189825709850e-02
7.210101748430917e-02 7.695493489301002e-02
-8.479721178934283e-03 -9.050585054195348e-03
5.121297823058113e-01 5.466069055501448e-01
1.211825722864170e-16
1.126985312472390e+06
1.311189000272488e-16
6.103515625000000e-06
3.119252546570427e-14
0.000000000000000e+00
1
1
177
52
-4.873523380160638e-01 -5.306029932481806e-01
9.165862059952221e-01 -2.269006970975894e-01
-3.038300298783492e-01 8.940366392426033e-01
-1.599780377935202e-01 4.668292032799302e-01
4.787165150407863e-01 -1.198039057729103e-01
1.195746792056363e-15
2.547342825352702e+01
3.615962699262686e-16
3.906250000000000e-04
9.043623323785952e-13
0.000000000000000e+00
1
1
178
52
1.128556885761458e+00 -7.363109170377315e-01
-2.364667793068323e-01 3.507233058515374e-01
-4.162654976348710e-01 7.514260084646129e-02
-4.229014451706767e-01 2.759160436118431e-01
-1.993302616897729e-01 1.300501991790514e-01
2.360366527284141e-15
2.037379530932341e+02
8.134902750133011e-15
1.525878906250000e-06
4.123963886863978e-13
0.000000000000000e+00
1
1
181
52
3.190739874950074e-01 3.817503780371861e-02
3.656038799264811e-01 -4.462613875625722e-01
2.500074180240744e-01 5.199151026653321e-01
1.831945220873372e-01 -2.315368437711110e-01
1.234021198390369e-01 2.682190518317582e-01
1.074638441507351e-15
4.878210844948877e+01
9.607911371420434e-17
3.906250000000000e-04
9.698371309497964e-12
0.000000000000000e+00
1
1
191
52
8.679634337127160e-01 6.208342359338290e-01
-3.363637151029715e-01 -2.405932115925243e-01
2.806767927172464e-01 2.007616396990353e-01
-9.071604236041445e-02 -3.018947416307414e-02
-5.787923244300357e-02 -7.609730050131981e-02
3.457769959779852e-15
1.895879378503452e+02
2.113873073966342e-16
2.441406250000000e-05
9.206250834813160e-12
0.000000000000000e+00
1
1
196
52
9.153986868805378e-01 6.007153265832718e-01
-3.547463996293562e-01 -2.327964878710810e-01
2.960161194719759e-01 1.942557078473578e-01
-6.247174726953263e-02 -7.562958177757165e-02
-9.424443932125245e-02 -2.721283711378760e-02
5.551115123125783e-16
2.416287724169182e+02
2.086920878425759e-16
6.103515625000000e-06
2.669157179762417e-15
0.000000000000000e+00
1
1
197
52
1.782249664268239e-01 -1.524816449650798e-02
8.635336812637093e-02 -5.779843266300361e-01
1.832794402285173e-01 5.549156988284490e-01
4.647938479255257e-03 -1.647062997265144e-01
3.255872446863028e-02 1.615230570620900e-01
5.721958498152797e-17
1.892609040585945e+02
1.596246383327301e-16
2.441406250000000e-05
1.398804867880589e-12
0.000000000000000e+00
1
1
207
52
3.660860016419727e-01 -1.831831457108170e-02
-2.512095686607026e-01 -4.094930669536938e-01
-2.090764318317306e-01 4.325249876277094e-01
-1.086888854444859e-01 2.263218043788327e-01
-1.307389075561834e-01 -2.143412489640550e-01
1.944128986425528e-16
4.218681029703536e+01
1.256396145947491e-16
3.906250000000000e-04
7.506321043904246e-13
0.000000000000000e+00
1
1
217
52
3.098075962550055e-01 -1.280450617642218e-01
-3.420184766485016e-01 -2.757907147845570e-01
-4.750775151318606e-02 4.367838942503489e-01
-1.783751308748557e-01 -1.445879032479943e-01
-2.424542465985741e-02 2.283320136628600e-01
1.118863022827952e-16
5.743047607423546e+01
3.529686272897977e-17
3.906250000000000e-04
2.324395895799029e-13
0.000000000000000e+00
1
1
230
52
2.676204421799715e-01 2.073116512688980e-01
1.985863965406384e-01 1.538345630514057e-01
1.196584277332225e-01 9.269316663385657e-02
-7.340309598815162e-03 -5.686156451127774e-03
6.019288523741544e-01 4.662830063189306e-01
4.577566798522237e-16
8.444380947730024e+03
3.031609857613639e-16
9.765625000000001e-05
7.952948400839995e-14
0.000000000000000e+00
1
1
238
52
8.430450953382029e-01 -3.475174506606979e-01
-2.862291909474183e-01 -2.432799332899789e-03
-2.013693976459715e-01 2.034291865851759e-01
-3.159122891018640e-01 1.302243900689834e-01
-1.489020195527509e-01 6.137993153550404e-02
9.930136612989092e-16
3.327404246147466e+02
2.741996822028103e-15
1.525878906250000e-06
3.032581863531173e-13
0.000000000000000e+00
1
1
-1

2 0
1 5
7988099084230797477331957734630822415345312391814284910390910439801077464432841474384912791556197272306391165328287224648724553069599144641483784849997494675853971160827728517948407881157313335421283168649371902279961145546411286387370086700044535583452551939708531992760706291995463203954064047458229327869989/10000000000000000000000000000000000000000000000000000000000000000000000000000000000000000000000000000000000000000000000000000000000000000000000000000000000000000000000000000000000000000000000000000000000000000000000000000000000000000000000000000000000000000000000000000000000000000000000000000000000000000000000 -9649761547103430263339761325207460240289858951462973160426352111666600801664551165573732338808807531139699827677136894838515639539895598215482108618330772886194156216673269819904450711254729322518352189913762769990275664259486422606266903316159248255690144601660066470288394285576710428011170589438419814116119/100000000000000000000000000000000000000000000000000000000000000000000000000000000000000000000000000000000000000000000000000000000000000000000000000000000000000000000000000000000000000000000000000000000000000000000000000000000000000000000000000000000000000000000000000000000000000000000000000000000000000000000000
-1007470926425623805975814539168093229839913054532682833870448338603556600868906293635988541733785125979586400436137101851248357481871698746764078803735337076724948000556541284721956569484320532167394422680299240771529909108879212801334404256844842300599891070596057895208031492669833566619142419985544967237/3125000000000000000000000000000000000000000000000000000000000000000000000000000000000000000000000000000000000000000000000000000000000000000000000000000000000000000000000000000000000000000000000000000000000000000000000000000000000000000000000000000000000000000000000000000000000000000000000000000000000000000 851522807621000536208355144955765699190063822224125934810488932820283790312014443981434357243517815492911739774689328703700143744230353756710189236997344670282023498450299824225105279048566707783569188568150016194327197290930299566729774093216174529391488719346541755267441080320164234546233184858258558171229/1250000000000000000000000000000000000000000000000000000000000000000000000000000000000000000000000000000000000000000000000000000000000000000000000000000000000000000000000000000000000000000000000000000000000000000000000000000000000000000000000000000000000000000000000000000000000000000000000000000000000000000000
-678613486199640640934803319634373818031691318990115227117328141491312717669341747993321705972150238658341038939613053126887842806983922597109909416004319373210635792936114165184336234679682254403997723708390301913630644741939840986033037617449810895084396524946330192069663439264219914266154154077715247459911/2500000000000000000000000000000000000000000000000000000000000000000000000000000000000000000000000000000000000000000000000000000000000000000000000000000000000000000000000000000000000000000000000000000000000000000000000000000000000000000000000000000000000000000000000000000000000000000000000000000000000000000000 -2314037209364258724880109077165626331954758843620070917254365943746414578415830247862317411420586725248940189226197150400986504924263726917120134806556096185964666174165807505493408844676280692468928229900038551000375526812918246328909485426242442178778828993650526507005228749933992773282468016424996225660119/2500000000000000000000000000000000000000000000000000000000000000000000000000000000000000000000000000000000000000000000000000000000000000000000000000000000000000000000000000000000000000000000000000000000000000000000000000000000000000000000000000000000000000000000000000000000000000000000000000000000000000000000
1024310329911078651903904194512972427221490204648620453084231367911981126065831094667251834253244338663259109075870310356585312802837830017165461581505274390681180930423136788347705724251884350176087655876153097091921205537486041544984110393215306898297623759478594482405844079042198551933801997045475071322923/100000000000000000000000000000000000000000000000000000000000000000000000000000000000000000000000000000000000000000000000000000000000000000000000000000000000000000000000000000000000000000000000000000000000000000000000000000000000000000000000000000000000000000000000000000000000000000000000000000000000000000000000 -7850419446756758988085272522001292466586330740003863326906235288126884539683033242266162177819174223345318697716533422526463066606403679788532344228860181936861377374098689700915470883102856767534046804003845551029104194879071097215321165105327871458796063394924603950054261414631082188588272620948375455807303/10000000000000000000000000000000000000000000000000000000000000000000000000000000000000000000000000000000000000000000000000000000000000000000000000000000000000000000000000000000000000000000000000000000000000000000000000000000000000000000000000000000000000000000000000000000000000000000000000000000000000000000000
8435704205664519667209452691809588640550444735690084841453684899218359268094605864520194119396765852093235007092923614009206980881581616642702383188757990542301797655943822800090833273495556713465639581254102758137424939106576208149776173323107714161767358189369722780160917005707389328421205457403847341702061/10000000000000000000000000000000000000000000000000000000000000000000000000000000000000000000000000000000000000000000000000000000000000000000000000000000000000000000000000000000000000000000000000000000000000000000000000000000000000000000000000000000000000000000000000000000000000000000000000000000000000000000000 -8117100774697809388776673564488141487939697123230573708184887195210322998679325090987675481201685616962307152524485452505861782288847606175815628153337614422445933296586936805145493211884526093670736604260297061345691984594561610052378366324832443738460476479074129039642910249854976270914339460383435807591409/10000000000000000000000000000000000000000000000000000000000000000000000000000000000000000000000000000000000000000000000000000000000000000000000000000000000000000000000000000000000000000000000000000000000000000000000000000000000000000000000000000000000000000000000000000000000000000000000000000000000000000000000

0
-9367563945854726190751627346697054658614922674015783295338497574132227207583046054368515859758443834478925183673167637264510090469738196089791902106879404929425088298774861401063294978176905250964040812751346209108781403319923094762340657522135614670008423385236773282441330386952741807899266873207144677917303/10000000000000000000000000000000000000000000000000000000000000000000000000000000000000000000000000000000000000000000000000000000000000000000000000000000000000000000000000000000000000000000000000000000000000000000000000000000000000000000000000000000000000000000000000000000000000000000000000000000000000000000000 37089970071590873315519996833807032767090106556005362163251926522078907836099236828709757446309354726234576362273951771230161473794207258083830682138393426100597080527249040101190967198675670442485595579847014238755205859202346710851682602309995210243785932401925522474960212918855076520792579194353401201533/78125000000000000000000000000000000000000000000000000000000000000000000000000000000000000000000000000000000000000000000000000000000000000000000000000000000000000000000000000000000000000000000000000000000000000000000000000000000000000000000000000000000000000000000000000000000000000000000000000000000000000000
5 5
1 0
0 0
0 0
0 0
0 0
0 0
1 0
0 0
0 0
0 0
0 0
0 0
1 0
0 0
0 0
0 0
0 0
0 0
1 0
0 0
0 0
0 0
0 0
0 0
1 0

5 0

4 0

