0
1.087656137165442e-01 1.202427854632967e-01
1.181377261536145e-01 1.303443784813197e-01
-5.224126682391332e-02 -5.571245875819122e-02
4.210883974293261e-02 4.685422688142702e-02
-7.130416026016529e-01 -8.348210616247477e-01

1
-6.306243211998108e-02 -1.019342527414649e-01
-5.767044000657082e-02 -9.438037271870633e-02
-1.097380604779409e-02 -1.523754845161041e-02
-3.328795367630412e-02 -5.326724096784040e-02
-3.760989060618157e-01 -6.517003653147124e-01

2
4.303382263279625e-01 -1.218215902127316e+00
4.632608456660015e-01 -1.315456402940065e+00
-2.845222524413326e-01 8.009687627907978e-01
1.492539453343573e-01 -4.255282479467897e-01
-2.139883408474085e-01 6.076408178744755e-01

3
-6.163417830552727e-02 -1.032153291634646e-01
-1.077073553237742e-02 -1.547199844737674e-02
-5.633437212936068e-02 -9.552627247287121e-02
-3.191014444077268e-02 -5.296984878827934e-02
-3.666518717793193e-01 -6.591860858507187e-01

4
-1.478577902104429e-02 -3.504403704131640e-02
6.696865933479762e-02 -7.833736646291964e-02
-8.014471696289195e-02 4.577654022861144e-02
2.698602355407243e-02 -1.060054635129877e-02
-5.100350545242621e-01 -7.130700644917228e-01

5
-6.565084967062924e-02 -2.302190617340819e-01
2.834520968745151e-02 -3.163322963257738e-01
-1.752893489817504e-01 1.249759065373915e-02
2.294898589055467e-01 -4.251296152503052e-01
-8.120569543807052e-02 -1.517324952288629e-01

6
-1.233212380611516e-01 1.719231189697996e-02
-2.031495967222870e-01 -3.621643911517760e-01
-5.322739734905367e-01 -2.841364592073539e-01
5.677632745328160e-02 -9.171689394485871e-02
-4.210610382964768e-02 -3.304971298898073e-02

7
-1.380010230248045e-01 8.251706079714936e-02
-3.643165145066995e-01 -3.220281447396914e-01
-5.947889587721307e-01 -4.744157994349334e-01
2.599256425580469e-02 -1.242234775091892e-01
1.114500930833326e-01 1.114496290161933e-01

8
-8.864101192250830e-02 -7.529190423537047e-02
-4.358506160317202e-01 -9.993991555527737e-03
-1.768027268184870e-01 -5.209309308368366e-01
1.153859066157865e-01 -5.162739421433451e-02
-4.764844595293442e-02 -2.742991509962257e-02

9
3.045501230316504e-01 -7.049528719436493e-02
4.293292189048368e-01 -6.395447436721035e-01
-1.477602974935229e+00 3.685251786249213e-01
-5.610993802877436e-02 3.172607593313990e-01
-2.163817860200682e-01 -2.138224910632887e-01

10
1.475364128574336e-01 -2.526427450679816e-01
2.122446250518001e-01 -4.297515839841485e-01
4.262443791833529e-02 2.536926077087354e-01
-3.299413029871422e-02 1.462423747817923e-01
-8.858977281950350e-01 -5.495702237584494e-01

11
7.449604725490258e-04 -1.210987675896962e-01
-2.354320643559358e-01 -3.033871239668707e-01
-5.141911520848433e-01 -2.516716799459262e-01
1.137322209578122e-01 3.931528553444816e-02
-8.578305255925349e-02 6.204176147291288e-02

12
-1.346689838939502e-01 -8.918520483929629e-02
-1.605563836379009e-01 -5.799192268880310e-01
-7.597974611996063e-01 -6.321618688926649e-02
-2.557609706947503e-02 1.736816407488503e-01
-5.346766547009928e-02 -5.431162932589077e-02

13
-1.187721918485243e-01 6.330091389390528e-02
-4.162228618408054e-01 -8.503993498525217e-02
-4.977604599485758e-01 -3.965300255621505e-01
9.689504902729730e-02 9.212665161720669e-02
1.748994914484694e-02 -1.156656783409338e-01

14
-1.918425875084268e-01 -9.628105365081512e-02
-3.568598245886314e-01 -9.799390014035162e-01
-1.017806034821555e+00 6.043751451412880e-01
3.136144899233293e-03 2.931277148398947e-01
2.543356476717281e-01 -1.368550063306065e-01

15
7.467036373641835e-02 2.160339346235391e-01
-2.362306988417524e-01 5.042314050670017e-01
-3.054930941285791e-01 -1.067190779559964e+00
1.740739678483308e-01 -1.568771643172416e-01
-2.150448309167935e-01 -5.005890523793264e-02

16
-1.304366788763993e-01 2.099844669183633e-02
-8.372539848932845e-01 2.408741812913321e-01
1.430481083476151e-01 -7.816296092667767e-01
6.101763870638382e-02 2.447672353876482e-01
-1.865206064421490e-01 -1.067280717823681e-01

17
6.490899866675993e-01 -1.402010987666755e+00
1.418870415468794e-01 -2.386562638250294e+00
1.313579092754596e+00 6.084644777645039e-01
-1.633662345749625e+00 -2.406113289031883e+00
1.307320582138208e-01 5.735011424492650e-01

18
-9.897591443614327e-03 -1.232519077180975e-01
-3.931170786670321e-01 -1.354224435844279e-01
-3.720736677556051e-01 -4.696932108357387e-01
-7.816426560385292e-02 7.467548430277862e-02
-3.960579014091793e-02 -3.448057823342351e-02

19
5.651199406721795e-03 -4.869283535624357e-01
-2.246733504174279e-01 -5.991304952989205e-01
3.461135015229364e-01 -7.665108640935314e-02
-6.584505406563401e-01 -7.204870958896080e-01
7.529925309026535e-02 -3.411221890450080e-01

20
4.164634809982757e-04 -1.335421517530788e-03
-5.785932620428024e-02 1.074082667798089e-02
5.822186956887920e-02 -1.189194371492124e-02
-8.285794015190336e-02 -4.990054304447866e-01
-1.214914294834320e-01 -7.311454412048888e-01

21
-5.998758197381508e-03 1.041745594172588e-02
-8.838235668446374e-01 3.903752762681186e-01
1.048359979998442e-01 -9.600524889370500e-01
-2.221949151698093e-01 -6.132550754471379e-02
1.355825062846999e-01 -1.471467092979417e-01

22
-1.372472264375664e-01 -1.432611521036231e-01
-5.193788851686152e-01 2.429646240762214e-01
-2.741046907428816e-01 -8.422126004409362e-01
-1.169675480096760e-01 -1.502173786915695e-02
2.020756250907499e-01 -1.056121428863874e-01

23
-1.762456587058565e-01 -6.462532221267435e-02
-1.186642520301193e+00 -2.339319224826147e-01
6.422716025635629e-01 -9.111526638236411e-01
-1.681341587291685e-01 -2.171491504835805e-01
-5.353142660688941e-02 3.341752573770926e-01

24
-1.305431116424250e+00 -2.514268139945692e-01
-1.428695567384785e+00 -1.415328331180189e-01
1.758120906363978e+00 3.527998840111948e-01
1.822071927770142e+00 5.583923113650154e-02
-2.978897275814336e-01 -2.441402929577437e-02

25
6.291862419517454e-02 2.483909240438954e-01
-1.897999765787781e-01 2.458697600102546e-01
-6.562955698731937e-01 -9.853827527934377e-01
-4.993087529536802e-02 3.780323811267371e-02
-1.851815906528879e-01 -6.027479804662580e-02

26
-8.194976239501582e-02 1.525138680735235e-01
-1.118907048132635e+00 4.304573919879746e-01
2.695654576521979e-01 -1.030466160658292e+00
-2.636743470143016e-01 -9.846728048999402e-02
1.878067011466816e-01 -2.065524503909726e-01

27
-5.092963237496014e-01 -6.170341496743378e-03
-1.179788284875259e+00 -1.191026030498101e+00
6.238092360826263e-01 -4.602755785754951e-02
2.463257070395547e-03 -4.090788287449528e-01
1.750115314083757e-02 3.848511155595042e-01

28
-6.774753747445784e-01 -5.026167722146443e-01
-7.335182440716336e-01 -5.718802165349377e-01
6.202913050311862e-01 2.017754924090543e-01
3.763484231551009e-01 2.015386900150531e-01
-1.971122226457389e-01 -2.002360404665705e-01

29
1.100499593323907e+00 -4.134568655980325e-01
9.654535579081756e-01 -2.655911459050794e+00
-3.665661570303034e+00 3.478783607508002e+00
-7.024699311967746e-02 1.124218738144082e+00
2.316471723242811e-01 -2.058751390851601e-01

30
1.192541979081361e-01 7.866933567203217e-02
1.663354646054893e-01 5.912928196815888e-02
-9.423764795776540e-02 1.941811153871964e-03
-6.023420965641838e-02 -2.267433768173299e-02
-6.432476241352567e-01 -8.721314666559101e-01

31
-1.197144830680151e-01 -7.928339037146777e-02
-6.923167762832430e-01 8.714962793992717e-02
4.470637585493220e-02 -7.891083167704805e-01
1.713254899307395e-01 -9.324145285848660e-02
2.671571371606205e-03 1.925848496399101e-01

32
9.932030819554970e-01 -1.102348042750818e+00
1.040071832020147e+00 -1.155360559536184e+00
-8.589771894505569e-01 9.603548514100438e-01
3.037120145330131e-01 -3.367150244071002e-01
-5.652595507681805e-01 6.323691556532949e-01

33
-6.263408087225422e-02 9.270480437847289e-02
-7.358871499957000e-01 1.822617228927307e-01
2.623545716282906e-01 -6.483203683445112e-01
1.529953109767336e-01 -1.171431202887450e-01
-1.685567769541357e-01 -9.634680373138763e-02

34
-1.890733572851897e-01 -1.320724679094618e-01
-3.811255810421402e-01 2.594665507303074e-01
-4.185926576036211e-01 -8.621549051971245e-01
-1.002464820599745e-01 3.369661624280954e-02
1.812938923584152e-01 -1.567108848085323e-01

35
-2.155770924088858e-01 1.466641912847906e-01
-4.137713196708635e-01 -1.076658091976098e-01
-7.164491416773924e-01 -8.814786199504554e-01
-6.174260223509342e-02 -3.525791671198229e-02
1.832032565985310e-01 1.493521650222155e-01

36
-2.653905181513545e-04 -9.197186610811957e-02
5.307016999609610e-02 -1.330094793588267e-01
-4.484435683701377e-02 4.246621564575432e-02
-1.368382699839507e-02 3.753799338431291e-02
-5.539113253389850e-01 -6.715750439680362e-01

37
-4.701859537478218e-01 -3.799247919627778e-01
-1.476482633027974e+00 4.332436970086645e-01
7.687224236591279e-01 -9.681620662124731e-01
-3.436441142051386e-01 3.723113381211165e-01
2.553197910516584e-01 -3.558826849876478e-01

38
3.272733350306553e-02 2.286371248037861e-02
9.875030557291263e-02 -5.397470101505034e-02
-7.314337478425728e-02 7.293874115008057e-02
1.601582640392065e-02 -2.543858715557282e-02
-5.692163900874074e-01 -7.759955587796703e-01

39
-4.847978770945066e-01 2.896094622526518e-01
2.770236624352297e-01 9.363442206174794e-01
-1.710348032168875e+00 -2.162360323656708e+00
8.757833351499977e-02 2.197426469451716e-01
3.354761402905422e-01 1.058659557044887e-01

40
-1.005437444012579e-03 -1.037082173728622e-03
5.894476526462172e-02 -1.157148152133051e-02
-5.981479194592858e-02 1.067995296687716e-02
-8.154972002815229e-02 -5.102608794189987e-01
-1.193791722680792e-01 -7.476821116757186e-01

41
-6.366005974080582e-02 -1.708376092718645e-01
-2.004875498096398e-01 -1.166122154173274e+00
-9.005401655578860e-01 6.080973678492403e-01
-2.150800986663013e-01 -1.624588259989800e-01
3.269017543112371e-01 -5.601891655404499e-02

42
2.641820537251767e-03 -1.674448424850904e-03
-1.711060249719177e-02 9.238588707792138e-02
1.938384403527280e-02 -9.384355466321720e-02
7.921250662842698e-01 1.768579879347973e-01
-7.916411072179899e-01 -1.771630207668812e-01

43
1.239479908687259e-02 -8.819492969823971e-03
5.196453869129888e-01 -1.116674685404862e+00
-1.226035931867302e+00 1.095094661191322e-01
-8.287180949090493e-02 -2.818301638904875e-01
-1.860672368113221e-01 1.754797189284840e-01

44
9.310877784465629e-01 1.521966211960142e-01
8.504815645798327e-01 1.367479831209604e-01
-1.180347181253275e+00 -1.937524022460808e-01
2.076600614279766e-01 3.334971034795196e-02
-8.860205397804025e-01 -1.447189836677831e-01

45
7.580624859876071e-02 -3.067814874388999e-01
5.413616549126771e-01 -1.114512136485158e-02
-1.415576287327531e+00 -6.145879587494515e-01
1.321321387666416e-01 9.706368711026125e-03
1.114492414635111e-01 1.639012795478370e-01

46
1.382807262712645e-02 3.910070579181792e-02
-8.151496452003978e-02 8.023050685756235e-02
9.318360558827234e-02 -4.938168677508127e-02
-2.981162191772313e-02 8.979891987284700e-03
-5.453894824863863e-01 -8.177034568128357e-01

47
-1.594131416480601e-01 -4.112851343038976e-01
6.359190006625871e-01 -9.061642060654380e-01
-8.450225309341594e-01 2.956375066711691e-01
3.342161184860943e-01 -1.560543748146877e-01
-3.040402556716334e-01 9.671991048097445e-02

48
-8.255367066770879e-02 -2.668718907069126e-02
-1.345924235566213e-01 9.544985719272354e-03
5.110286548726625e-02 -2.756766601693841e-02
3.724232851866635e-02 -1.625090846212046e-03
-4.089313558608381e-01 -7.146347817575149e-01

49
5.560718071303371e-02 -1.836955673498368e-01
-1.640472366297252e-01 -2.717718234227341e-01
-7.663579663423776e-01 -3.370046935413635e-01
-3.729496422560766e-02 -3.595502687257269e-02
1.449605307626117e-01 9.642748498102054e-02

50
-5.486568082389558e-03 -1.237236408950276e-02
-6.218169197148880e-01 1.767004157273455e-01
1.584443074490786e-01 -6.287964771973623e-01
1.257065942820784e-01 -9.086218137683394e-02
-1.587784776870866e-01 -7.025774355875589e-02

51
8.149808074224928e-02 -1.402693628519540e-01
-1.845301472118769e-01 -1.083670438708885e+00
-7.075453146278939e-01 7.282903703114599e-01
-5.656776398218769e-02 2.732551956456287e-01
-2.319699653802975e-01 -1.590045768517634e-01

52
-3.338519007785170e-01 -7.894024688962621e-01
-3.925624445015775e-01 -8.590667691350246e-01
5.480284497676286e-02 6.709274766613186e-01
1.096590167118401e-01 4.226903063101968e-01
-1.499971624580729e-01 -2.400557906008379e-01

53
-2.456715785543672e-01 6.622776997686858e-02
-4.089759968291105e-01 8.260340227138213e-02
2.058274240320902e-01 9.261801496791949e-02
1.308884102808751e-01 4.045770620494652e-03
-2.393502838566051e-01 -8.669534123386848e-01

54
3.466263685217733e-02 1.310419585454314e-01
1.689670611394970e-03 1.671008597059437e-01
2.981083733237616e-02 -8.361282481212913e-02
-2.464775706105912e-03 -6.110309719638887e-02
-5.516839133705977e-01 -8.803122856266099e-01

55
3.134388734124399e-01 2.616826039836777e-01
-4.253958932831170e-03 9.704053332438717e-01
-7.448425204033708e-01 -1.583205034922056e+00
1.073699844301244e-01 -3.734797490061458e-01
4.693526122721733e-02 9.340070558936532e-02

56
-2.247894756720228e-02 1.603877810315866e-03
-8.583132535509329e-02 -1.074043544792997e+00
-8.895921732665859e-01 6.138045698852531e-01
-5.936625331266372e-02 2.511209917495985e-01
-2.102781021908640e-01 -1.987149990850533e-01

57
1.478267821008970e-03 -4.169738512346799e-01
-9.294980024817066e-01 -1.011376987869981e+00
-5.892999058903932e-02 5.114653011447587e-01
-3.349013973467340e-01 -3.932573647639746e-03
3.164086373657677e-01 2.047300866895166e-02

58
1.629976886466331e-01 -9.880619383481182e-02
4.576850249123742e-01 -1.239832709396565e+00
-1.132283322032571e+00 3.161612117047899e-01
-1.225607155321582e-01 -2.851056304911446e-01
-2.179957137961042e-01 2.177218904990961e-01

59
1.931412934851962e-01 -3.071464666402148e-02
1.203997998548880e-01 -2.074408988924801e-01
-8.803030813040924e-01 -1.973840347817597e-01
1.233266524518619e-02 -4.618455636791369e-02
-9.848247039580492e-02 -1.117815940837507e-01

60
-2.013113613862010e-01 -3.487859186377998e-01
1.274890918377791e-01 -4.625725323340081e-01
-4.557923895684107e-01 -8.846353258671660e-02
-3.255298761447988e-01 -1.781617405293026e-01
1.539844088102702e-02 -4.172793198760380e-01

61
4.703393041166406e-02 -5.192341728061167e-01
3.792980744611086e-01 -6.973450098213915e-02
-1.979931458772603e-01 -6.474422311517903e-01
-6.077568896789087e-01 -8.228646897381559e-01
1.529141869895303e-01 -3.452462000098298e-01

62
-1.584715285545122e-01 -1.872567775113266e-01
4.181754762514883e-01 -6.056901642621105e-01
-9.845299448438788e-01 -4.953513680381291e-01
-2.984723142344432e-03 -1.532203223240522e-01
-1.594288933285834e-01 2.373691188300731e-01

63
5.689927903626200e-02 -4.138209077366201e-01
2.234213405483540e-01 -2.672474479415802e-01
-1.457400908151230e-01 -3.084414971086437e-01
1.092391184151435e-01 -7.292545751012983e-01
-2.139226556959923e-02 9.716872860979675e-02

64
-6.404795393902074e-01 -7.535065054608329e-01
6.940456788342303e-01 3.670540639950102e-01
-6.862080445521730e-01 -8.566053751129357e-01
3.782690067558648e-01 3.044395247803626e-01
-1.692081726102639e-01 -2.807393478648650e-01

65
-1.663374695560765e-01 7.272185867401491e-02
-6.069929973862149e-02 -4.817186236855173e-01
-8.677328028269079e-01 -2.148587009203800e-01
-7.964424507720767e-02 -6.599282587279098e-02
6.698919225694319e-02 -1.261370508674983e-01

66
1.156628632646686e-01 6.554640235436074e-02
-9.136416326378451e-02 1.222899488088006e-02
1.627557542073699e-01 4.122654182073497e-02
-5.484383171184211e-02 -1.684313808455738e-02
-6.389403085382181e-01 -8.138396173010772e-01

67
2.245409435060366e-01 -6.072238425220818e-01
1.248547409925683e+00 1.411605620258367e+00
-1.162276525071325e+00 -1.700707274098225e+00
4.010534946705164e-01 2.365411749034104e-01
-4.819161997157687e-01 -1.174377584643973e-01

68
-3.357863572145453e-01 1.385144706096987e-02
2.678541109899339e-01 -9.004787060296758e-01
-1.333200034226583e+00 2.871781537550753e-01
3.717178835117009e-02 3.981051822845489e-01
-1.487198373503739e-01 -2.612901525527223e-01

69
3.598052062020447e-02 1.169045967312772e-01
-1.823128828631362e-01 -7.984440019932546e-01
-5.404899660875292e-01 4.676813658587165e-01
1.907062505199890e-01 -1.187529438901772e-01
-1.843429267922031e-01 -1.218304132416860e-01

70
2.270014269365705e-02 1.950446694085683e-02
-7.789449412125291e-02 6.988292404094137e-02
9.608645371064288e-02 -5.377616838791317e-02
-9.003421770236220e-03 -7.727361787940231e-03
-5.394553196041555e-01 -7.738676262483908e-01

71
-4.217220101551774e-01 -2.708996725971802e-01
1.631938899637348e+00 -1.597719432005968e+00
-2.535938557129800e+00 3.817850074073952e-01
3.428469594096561e-01 2.683062885746197e-01
-3.386708393289752e-01 3.278209567499532e-01

72
-1.598420603231088e-02 2.088893082450095e-03
-5.587117696561905e-02 -7.915381201351702e-01
-6.583248762183157e-01 4.459658125142048e-01
1.863865675876253e-01 -5.055501992204661e-02
-1.573979328875284e-01 -1.245465277875017e-01

73
-2.010288026634553e-01 4.215489577990483e-02
1.193119378108891e-01 -1.941362988816001e-01
-8.671512020705492e-01 -4.597304051113107e-01
7.529692203495100e-02 -5.658555233518579e-02
-2.595553283829754e-02 -1.337474106906973e-01

74
1.323691212222788e-01 6.299218069006619e-01
-8.015554583024356e-01 -5.280753276141162e-01
2.562180300815156e-01 1.219485135952455e+00
1.146451329658784e+00 -5.621467405573575e-01
-1.758192017432096e-01 -2.638499108297452e-01

75
-1.041033045731250e-01 -1.935696193878669e-02
2.453149099457693e+00 -7.151575998389902e-01
-2.542217833378157e+00 6.978278887145379e-01
5.433150500084605e+00 2.148556555805888e+01
-1.828848723665522e+01 -7.067308431830123e-01

76
-1.125504770151400e-02 -4.210695580019539e-02
7.255414562293322e-02 -8.139839882329768e-02
-8.201635215210913e-02 4.208794702522660e-02
-2.905393554775594e-02 1.024491289923481e-02
-5.193219374197510e-01 -7.511798241010758e-01

77
-1.630457009896949e-01 1.146536966036739e-02
-1.888301651488242e-01 -2.258289416170518e-01
-6.524236520828325e-01 -4.163818134182632e-01
-2.725725137662691e-02 -3.626772838750408e-02
6.044228485702174e-02 -1.130226962569323e-01

78
-4.612139442378553e-01 -2.298860868991742e-01
4.447489828481952e-01 -1.840634590964553e+00
-2.528062770814670e+00 9.532156307882256e-01
-2.493188408657376e-01 5.749299231261864e-01
5.569499047848884e-01 1.016302152266896e-02

79
9.099739269747782e-01 -6.335158283889397e-01
5.905352005577915e-01 8.522226002124340e-01
9.550876910957193e-01 -1.422753549791184e+00
-1.221490933226505e-01 -2.105014582767113e+00
-1.965564272163524e-01 2.951798264735902e-01

80
-1.178019029534056e-02 -2.507133294196782e-02
-8.484841671136666e-02 4.876221366847597e-02
7.437140233178606e-02 -7.159941015362911e-02
4.811120783484611e-03 1.055957853750523e-02
-5.029992059888866e-01 -7.249147586642616e-01

81
-2.946384756911586e-02 -2.435470247221566e-02
-9.792793392153015e-02 4.060091793779795e-02
7.033570907032866e-02 -6.249647430163899e-02
-1.802020288300185e-02 2.306263038306283e-02
-4.875133371788314e-01 -7.497229883291697e-01

82
2.729839093551160e-02 -1.484491555911386e-01
-3.988329134847130e-01 -2.336968144244398e-01
-5.962056035001129e-01 -3.927387561819075e-01
-1.026622275749928e-01 6.312281736067984e-02
1.344014895522255e-01 6.262564767310000e-02

83
2.439204038969957e-03 1.221655694838675e-03
3.958440127873366e-02 5.841602137943215e-02
-3.748696023548081e-02 -5.734542431479549e-02
5.042476706954226e-01 -3.148813951996101e-01
-3.668610406566312e-01 -3.266429493643897e-01

84
1.475662937829808e-01 -1.969924645742811e-01
2.238105484141851e-03 2.085788602347466e-01
2.191516090532373e-01 -3.356086603527074e-01
-3.770710867126259e-02 1.044207134007310e-01
-7.323291156380066e-01 -5.919713198257784e-01

85
5.537560462606477e-02 1.244184655197177e-01
-4.728332266219387e-01 -8.659115874208902e-02
-4.491373481412502e-01 -5.040846786329233e-01
-8.104870610442672e-02 6.307269111510237e-02
-6.812865489125979e-02 -7.524599079335126e-02

86
1.209718197906078e-01 1.207503294953844e-01
-4.958821883790351e-01 2.457071408569392e-01
-4.694401521683003e-01 -7.376488326041126e-01
-1.386158594956854e-01 -5.743417010857660e-02
1.225536406091359e-01 -1.348824040798179e-01

87
-8.114744054963210e-02 2.381307942019522e-01
-4.742328381218370e-01 -5.200697443924696e-01
-8.964462478080398e-01 -2.776188258683152e-01
-1.469501847922421e-01 -8.512933320431702e-03
2.338244181024738e-01 4.630041506765533e-02

88
-1.125563051508135e-01 -1.158722868030548e-01
8.184079462683652e-02 -9.325667091363253e-01
-9.334714706934438e-01 2.053392595374635e-01
2.538457710588397e-01 -5.171387106099053e-02
-6.599915482722016e-02 2.516398238566268e-01

89
9.983114131203057e-03 1.699471198154497e-01
-4.631091986843985e-01 -3.103976726014592e-02
-3.155768205262801e-01 -7.692887904372776e-01
-7.055313641041003e-02 -1.090874189271048e-01
-1.008246011682541e-01 4.316396500219859e-02

90
2.596756777085764e-01 4.053657166162262e-02
7.906271658720410e-02 2.723164723239255e-01
-9.620943626580855e-01 -5.258660574219057e-01
8.533111736876959e-04 6.033495620865340e-02
-3.497210668985060e-02 -2.353123232034823e-01

91
-1.749845868438472e-01 2.083237500233717e-01
-4.309715243742845e-02 -3.210358201955511e-01
-1.141048501415873e+00 -5.851548733463766e-01
3.115766270561032e-02 -1.228311475296859e-01
1.941313889217280e-01 1.245025390409945e-01

92
-2.534700725187108e-03 1.647533857663270e-03
-2.010970813402619e-02 9.397116642546761e-02
1.793175372392044e-02 -9.257212760825487e-02
7.918370389738771e-01 1.844359977518208e-01
-7.923019039492168e-01 -1.841332896930847e-01

93
-1.110221485188845e+00 5.970313620366173e-01
-1.293610432651076e+00 5.531934072325762e-01
1.479665664181716e+00 -8.246315267403805e-01
1.733512018274026e+00 -5.872565441961769e-01
-2.772270903396407e-01 1.054164753071709e-01

94
9.737323394765716e-04 1.014465468519495e-03
6.002489206113448e-02 -1.087694039029256e-02
-5.919317455796201e-02 1.174921437617790e-02
-8.254549329898592e-02 -5.116974918684576e-01
-1.211082258186345e-01 -7.500672192487511e-01

95
-6.262428400384571e-03 1.274013332494759e-02
8.594606360735590e-03 -1.212926769335314e+00
-1.053053404384048e+00 5.987975380959832e-01
2.862490597257658e-01 -5.667122486343160e-02
-5.569769800066297e-02 2.594534100795099e-01

96
5.719496071128514e-03 1.330382319292085e-02
-6.287353836711771e-01 1.865675754468830e-01
1.535477597464000e-01 -6.399139123599881e-01
1.225102621549637e-01 -9.787127849165959e-02
-1.623582307885245e-01 -7.238329545158284e-02

97
-2.652310594511683e-01 1.972787263032181e-01
-1.078838831137318e+00 -1.392773625045678e-01
3.031887582528468e-01 -2.746573493378501e-01
1.609404747433710e-01 1.915774673920780e-01
-1.598135663936411e-01 -2.120741707787893e-01

98
-9.124233362844386e-02 5.762867787791517e-01
-1.826405169063173e-01 1.121904039132017e+00
-5.157072922601591e-01 -7.166201911295303e-01
1.161849086927315e+00 -9.523458450826593e-02
-9.948576948983134e-02 -3.356172691614594e-01

99
-1.308460278481786e-01 8.568966580142548e-02
-4.824973330783766e-01 -4.571215829728117e-02
-3.820585979165281e-01 -5.677230533864279e-01
1.204883389770585e-01 1.002852615392665e-01
-6.474892453143902e-02 -1.338536583800905e-02

100
-7.602075990193714e-02 5.189637447348111e-01
-2.173551453425145e-01 6.838675261636971e-01
-1.480858881755802e-02 -7.229256667453139e-01
6.176215731362193e-01 -7.561620711899851e-01
-2.212737039275158e-02 -3.449189712145204e-01

101
-7.735986617967919e-03 5.434971886470966e-02
-1.372058093178534e+00 5.301960498092804e-01
1.365178089683143e+00 -4.831951629694480e-01
4.000730415276610e+00 1.183388287409441e+01
-1.031622039017391e+01 4.139157349421685e-01

102
-5.019879272886983e-01 8.338268130412635e-01
-8.907013216366861e-01 1.507971843573109e+00
-2.143628035133054e-01 -1.262766123540555e+00
2.184394723170491e+00 5.998236871941227e-01
-3.990559295804634e-01 3.054175414381335e-01

103
-2.643266379002153e-03 1.160032921873657e-02
-6.718016461804297e-01 6.662610774478375e-01
-2.400561210500799e-01 -9.139474861786879e-01
1.337970466272951e-01 1.808601093252444e-01
1.089122811938989e-01 -1.822126361745295e-01

104
-1.673852268928108e-01 -3.174583949543930e-01
-3.999691989914174e-01 -9.740321199527337e-02
1.279985525079971e-01 -4.029015207197421e-01
-2.863757526669936e-01 -1.770696244672365e-01
2.026040999834804e-02 -3.623987879066654e-01

105
3.123014882842117e-01 -5.639358573212975e-01
1.663736448673699e+00 1.262591559095193e+00
-2.419622375234709e+00 -1.968197008013446e+00
3.006294258322909e-01 1.526331168941613e-01
6.596071018324039e-02 3.354346556597695e-01

106
1.180105950141930e+00 2.400556609577112e-01
-1.256576934352964e+00 3.027555227647439e-01
-2.796127388322225e-01 -4.811330906568569e-01
-7.226408063598492e-01 3.364353622974544e-01
-8.517941456821815e-02 -6.801129058658333e-02

107
5.880847059412456e-01 1.457947217727570e-01
-5.394196755234374e-01 2.738665085464506e-01
-3.589055472007883e-01 -4.930174589392392e-01
-3.386041544541278e-01 1.516109775339590e-01
-2.231150553748930e-01 -2.912332770911658e-01

108
-2.291380552017560e-02 1.876447819042743e-03
-1.263535316133346e+00 8.192688107481544e-02
5.590869577736447e-01 -1.133603317782104e+00
-2.447245634499838e-01 -1.744740639786164e-01
2.135228476275039e-02 2.930636269319874e-01

109
-4.681642631712114e-01 -9.317012770487711e-01
3.495803459108829e+00 -1.623036610340328e+00
-4.842978638405000e+00 1.350950595048060e+00
4.109386238907052e-01 2.884494904263240e-01
5.734124771838462e-01 -2.904990559946074e-01

110
5.663171729275587e-01 3.564856932837111e-01
-7.429047235683747e-01 -9.184142315664090e-02
-9.552822301563811e-03 -3.149887441512678e-01
-1.658439703301759e-02 -5.935888135790484e-02
-4.490287248474072e-01 4.379065182054442e-02

111
7.006684234848297e-01 2.817167287088202e-01
-2.723218788681150e-01 1.264159085299594e-01
-5.788556128903156e-01 -5.669633793355193e-01
-2.795645778042921e-01 -4.226016945403880e-01
-4.990612651972870e-02 -1.536412870350219e-02

112
1.023183575874691e-01 2.462307703357696e-01
-1.013269141377394e+00 7.352427526444321e-01
2.265466099434377e-01 -1.315075990615340e+00
1.565330005983396e-01 -2.857533726235627e-01
1.169965545889475e-01 1.574679255294752e-01

113
-1.130092637596747e-03 2.415898488230362e-03
-3.990992633348538e-02 -5.591510202743834e-02
3.893516571455927e-02 5.797456538579283e-02
4.954310446729321e-01 -3.232415909087826e-01
-3.712191887632627e-01 -3.173403948775015e-01

114
7.690402647123283e-03 1.518403891818450e-02
-7.612339138415919e-01 3.355514267222568e-01
9.120445661576268e-02 -8.288706229389869e-01
4.947234091764769e-02 1.879604139901542e-01
-1.976489523604295e-01 -8.103731487411719e-02

115
-1.802318633620211e-02 6.384174498992218e-03
-9.317947421053485e-01 3.024778720859162e-01
2.020115519740809e-01 -9.563366439521787e-01
1.848466676630883e-01 -1.500067464337524e-01
6.751890506012453e-02 2.466230950790705e-01

116
-2.171597722140776e-02 -1.844688415668325e-02
7.492921225886637e-02 -6.773926003370252e-02
-9.483097179384516e-02 5.131187088375968e-02
9.200721796298156e-03 7.566092946976502e-03
-5.166473458097438e-01 -7.552177712614486e-01

117
-8.274262356282559e-01 -2.200593007688121e-01
-6.305545004533188e-01 -1.898913013990301e+00
-5.146505689046418e-01 1.587663871916513e+00
-1.900466477653845e-01 5.871741211144690e-01
1.269152144069296e-01 -6.890362272376238e-01

118
1.267791760350245e-02 4.295112865846094e-02
-7.377672621270442e-02 8.589731613691966e-02
8.483588337390099e-02 -5.235301539882954e-02
2.943519514766094e-02 -1.230641357743028e-02
-5.391295364079003e-01 -7.738917857111269e-01

119
1.472478708397044e-01 1.760760857932165e-01
-6.138210582437613e-01 1.002157985404941e+00
-2.069501080531760e-01 -1.150405134231364e+00
1.496626838108147e-01 6.812343977865319e-02
2.943846310239661e-02 -2.647917732480995e-01

120
1.113786032737977e-01 1.135482532071264e-01
-5.329262420596465e-02 -5.240957504806484e-02
1.208435233078499e-01 1.229562278439827e-01
4.161000307637254e-02 4.286008071933441e-02
-7.336564818918008e-01 -7.916273360015179e-01

121
7.979945051567406e-01 -1.137914956596787e+00
-3.674932032918671e-01 1.000373520943324e+00
8.912957545288592e-01 -1.210645784878858e+00
2.970982056609867e-01 -3.371757608492406e-01
-3.180747626117120e-01 6.093218600935385e-01

122
6.953971402819832e-01 1.368898971570855e-02
-8.843821175853273e-01 -1.764755096351505e-02
6.210000651958593e-01 1.127832144093083e-02
1.609437307359636e-01 2.477243347060713e-03
-6.610296651380987e-01 -1.259430586486392e-02

123
4.877554137585261e-01 -6.032552297125666e-01
-4.866542222968265e-01 3.590218466902348e-01
5.096382851855501e-01 -6.654442266830467e-01
1.344158764910088e-01 -2.099794430398948e-01
-2.816981518083714e-01 2.658911412824921e-01

124
-1.090953336501042e-01 -2.376408421281144e-01
-9.458322553449187e-02 3.296836859118685e-01
-1.929082762716799e-01 -4.294845492191952e-01
5.964983317073402e-01 -9.061950956258899e-02
-1.038306513083740e-01 -7.897998950307461e-02

125
-3.021239103050177e-02 2.314793191915712e-01
-3.344332639350142e-01 -1.303452728229924e+00
-7.444021614620462e-01 8.727380340643595e-01
-7.248696121463918e-03 2.522406428028870e-01
-2.920200158685327e-01 -2.212258792856535e-01

126
-1.566890458826181e-01 -2.853348867929905e-01
-7.752165411845213e-01 8.952844651578349e-01
4.302339686386610e-01 -1.537110807971788e+00
2.476899295326077e-01 -1.500980218996582e-01
8.327781313740852e-02 1.982714421074940e-01

127
5.247701905769064e-02 -4.094062206268430e-01
-1.307229442446719e+00 3.340634308085770e-01
1.247909260956397e+00 -4.880032815272966e-01
2.896854905802935e-01 7.834238466284221e-02
-3.091564993554589e-01 1.909825055385441e-02

128
-2.033819111453158e+00 -3.752660919623882e+00
2.689604639895988e+00 4.944985401396246e+00
-2.007241448826128e+00 -3.621263083475537e+00
2.384959615314432e+00 4.236512447873751e+00
-5.197126497417925e-01 -9.293078443995679e-01

129
-1.208553321087526e-02 9.124046575063428e-03
5.392709856307077e-01 -1.132275308179731e+00
-1.249414000030979e+00 1.002491466716315e-01
-7.928369711645518e-02 -2.903971980116659e-01
-1.855468802453155e-01 1.748322467468200e-01

130
8.581474041794480e-02 1.919208744408624e-01
-5.225292626877008e-01 -1.334172131191787e+00
-8.404520929676784e-01 9.322524630095826e-01
-3.247966827627205e-01 -1.829881213675829e-01
3.082782751417483e-01 -2.226776431858308e-01

131
4.978464246696609e-03 -2.410722507498349e-01
1.876319854888749e-01 1.471344074225552e-01
-7.073533750017461e-01 -8.379108655956058e-01
4.277355052740627e-02 9.219794370645097e-02
-2.048983662222539e-01 2.189360575199686e-02

132
-1.799853400157320e+00 -4.509853733407022e-02
2.356604829681685e+00 5.053220406208989e-02
-2.096456562367629e+00 -7.818425601420563e-02
2.903181493254992e+00 1.514552518609572e-01
-5.585305140794711e-01 -2.114545950863894e-02

133
-2.664887853696231e-01 1.066197935427550e-02
1.638727636260156e-01 2.046537313990249e-01
-9.109899417008774e-01 -7.966650018527122e-01
1.021324381996269e-01 4.559558515619125e-02
1.988957229786652e-02 -2.266859952330572e-01

134
3.447376397068633e-02 1.309509638683473e-01
3.519388148491522e-02 -8.682938560622189e-02
-2.624980371346448e-03 1.710557018344730e-01
-2.356338981702134e-03 -5.852265197997338e-02
-5.977659435457955e-01 -8.779195100135099e-01

135
6.175016026557393e-03 -9.867776399729519e-03
-8.716605887389599e-01 3.861027799892300e-01
1.023637500510454e-01 -9.474233703955393e-01
-2.212400904303416e-01 -5.817441931081913e-02
1.323601446440696e-01 -1.410034618964071e-01

136
-3.095340363799105e-02 1.177512260439640e+00
-9.881485883011182e-01 -1.174440192910491e+00
-2.008395061574308e-02 2.122050957298480e+00
2.649692737531921e+00 -6.354573548610156e-01
-2.939193297983416e-01 5.242506071427153e-01

137
3.010339962656276e-01 1.427120051021059e+00
-4.748049576888175e+00 -9.897634876140441e-01
4.535433020262643e+00 1.527041634450868e+00
9.934217056778566e-01 -3.620863381573154e-01
-1.100755734026423e+00 1.365961460698593e-02

138
1.179885359617035e-01 -2.823207742560155e+00
9.488983946452347e+00 4.500008550963389e+00
-8.853936934712149e+00 -1.069746081392743e+01
-2.474517311188930e+00 -2.409712942779552e-01
4.378768246416904e-02 1.863192918781180e+00

139
2.643312115424203e-02 1.202301203414962e-02
-7.483337068539743e-02 6.721871527197501e-02
9.614758525212265e-02 -5.673768746196852e-02
7.811928626722139e-03 -2.088347728372401e-02
-5.339924458486793e-01 -7.493182122490326e-01

140
-7.426707846977243e-02 -2.801246202287647e-01
1.865242364344045e-01 -2.752475735694816e-01
-2.977804335923269e-01 -1.716765620564602e-01
7.378320299029978e-02 -2.581388242483117e-01
-2.138517034557005e-01 -2.050626224056340e-01

141
2.346440395117364e-01 2.507279362013279e-01
3.558430007960828e-01 -1.072858329275078e-01
-1.255162514567861e+00 -6.999512647615439e-01
6.629411479669838e-02 -4.145364797835043e-02
-2.808273627024657e-01 1.353999463755425e-01

142
9.165624294136689e-02 -7.440702829056436e-02
-6.513485646532537e-01 1.706631971340847e-01
1.999364217756280e-01 -5.377089833462592e-01
1.067389298026441e-01 -6.808762969336360e-02
-1.709105582594965e-01 -6.768047895587427e-02

143
2.340766922964067e-02 2.007840916952578e-02
-9.587460461497003e-01 -1.259538820249663e+00
-6.136430100232170e-01 1.456115779505103e+00
1.154124289434503e-01 3.538340089234754e-01
2.939657198411760e-01 -2.879749786145936e-01

144
1.796541116472677e-01 -4.382328022113392e-02
-5.696588217602652e-01 -3.677703573844434e-01
-3.797305207169255e-01 2.158626531610381e-01
4.924605712097862e-02 1.521888236121650e-01
-2.999938492883161e-02 -1.545635064452367e-01

145
-5.372465149866824e-03 -2.685864536800278e-02
-7.877466113564971e-02 5.070377494445432e-02
7.444406490768669e-02 -7.509510157733650e-02
2.105269505596741e-02 -2.942017608082968e-03
-5.025951901456088e-01 -7.066071314062771e-01

146
1.382280806989353e-01 2.284168878276749e-02
-2.707257989181215e-01 -5.087529436204672e-01
-7.184875310319285e-01 4.338855611654572e-02
-1.618161128317088e-02 1.412375396596151e-01
-1.114655069953835e-01 -4.242359999781863e-02

147
5.130879758774528e-01 -1.759985629752786e-02
-5.317278629577470e-01 -2.295495005913533e-01
-1.245676506416941e-01 2.120342896252885e-01
-3.229836863679143e-02 3.558657390873535e-02
-2.811739969905089e-01 -2.051304039981478e-01

148
7.709102068840985e-02 1.894387805149794e-01
-2.461363907357953e-01 -4.842202071950372e-02
-6.176214932743784e-01 -7.496413937228683e-01
-7.644857552468763e-02 -6.366321396878785e-02
-1.207512948989874e-01 4.543381169298225e-02

149
1.670355282874448e+00 3.675006818537876e-01
-3.463644232680916e-01 -5.568196300269030e-01
-1.802760047579927e+00 3.052549182696718e-01
-1.065446157801368e+00 4.277340677196827e-01
-1.089257920550195e-01 -2.605975900237235e-02

150
1.953111806322214e-01 1.298457837375394e-01
-8.230812201278157e-01 1.451079149999175e-01
-3.633150445043040e-01 -4.282569024470362e-01
-1.024933906803893e-01 1.708333481514232e-01
1.234353360798889e-01 -1.609336143538246e-01

151
-2.832021940810009e-01 3.168716411735307e-01
4.298883155549373e-01 7.173772026972398e-02
-1.730783672973760e+00 -1.126246115931398e+00
1.688147134281779e-01 -5.374838704195392e-02
2.081185630799116e-01 1.587080393195842e-01

152
1.614978860458655e-01 1.652175451467159e-01
-3.690188047833327e-01 -1.024881417442788e+00
-6.489756002665273e-01 5.099285880820977e-01
1.930142837651639e-01 -2.289648149496000e-01
-2.782123932204353e-02 2.133435007697834e-01

153
6.532531371207685e-02 5.616386526393975e-01
-2.169642792675510e-01 -7.506149769490490e-01
-3.718838912734304e-02 7.714396926546567e-01
4.363536398416431e-01 -9.629545239192414e-01
-1.287965868973919e-01 -3.762841242439585e-01

154
1.205932873050409e-01 -1.178632805018467e-01
-9.383829496057119e-01 3.303606861097707e-01
2.152912040048321e-01 -7.993029534744418e-01
-2.477525090258853e-01 -6.584361477727799e-02
1.317071288600774e-01 -1.131247104492763e-01

155
6.725504329700663e-03 2.452196217323056e-02
-1.198433086574127e-01 -1.393366811734314e+00
-1.145982792254809e+00 7.979664830395385e-01
-2.419392951143622e-01 -2.354113651336590e-01
3.205809363531721e-01 -4.936118292211490e-02

156
5.271158441835471e-01 3.968471847700426e-02
-1.382464197892745e-01 1.784451297961035e-01
-5.229167959321593e-01 -2.772920288359654e-01
-3.355549218507671e-02 1.708139699709722e-02
-2.705067677353751e-01 -2.357396524526398e-01

157
-3.978244445507780e-02 1.526939589596051e-01
-3.524963602372892e-01 -4.081426174335711e-01
-5.687612217165380e-01 -1.472094869658303e-01
1.517930902377100e-01 2.034412856099232e-02
-9.648109990748394e-02 6.269232036506154e-03

158
-5.081503516021744e-02 1.293579205098519e-01
-2.762727296704509e-01 -3.827000944453230e-01
-6.870567920464536e-01 -4.950419403116173e-02
1.350425225070884e-01 3.450007626639160e-02
-1.885094663097236e-02 -1.067870380986413e-01

159
2.238118363113823e-01 5.408898090130098e-02
-8.771400899066417e-01 -6.301217733974677e-01
-2.601714777759852e-01 7.891292393662063e-01
8.718683567866592e-02 1.977150803088839e-01
4.584315935297534e-02 -2.957978374117203e-01

160
1.700881491576493e-01 5.683791291988659e-03
-1.160421618419651e+00 -2.965786480408053e-02
4.780722214808673e-01 -9.005024729362004e-01
-2.358504684847002e-01 -1.886989537302435e-01
-7.355001859369283e-02 2.991527367997870e-01

161
1.815929673210414e-02 -4.683632289081441e-03
-9.125396869566399e-01 3.116758721499244e-01
1.841583475850088e-01 -9.445070650105387e-01
1.735077307733621e-01 -1.458688023951240e-01
6.052135830929677e-02 2.431265788282124e-01

162
6.613673177000047e-01 4.324170031913665e-01
-7.318022985604002e-03 -3.309108869014494e-01
-8.676019272391792e-01 -1.490323665251798e-01
-2.576746556870281e-02 -4.801973515749895e-02
-5.337532190893498e-01 3.089958412099263e-02

163
1.898368800821099e-01 7.304185459405463e-02
-1.878436758437361e-01 1.432320756317250e-01
-7.655453031348125e-01 -5.443737540755869e-01
-9.733163542750539e-02 1.675332052698856e-02
3.794328318355487e-02 -1.755059324986489e-01

164
-2.738179153031508e-02 -1.250633199789171e-02
7.341948810845421e-02 -6.071942778012580e-02
-9.848932745872190e-02 5.017124658709959e-02
1.119293194090506e-02 -1.918037740221088e-02
-4.901204170599456e-01 -7.586358932111033e-01

165
6.695634134167040e-02 -9.924919214065228e-02
-4.030343561493812e-01 -2.036885450663782e-02
-3.518167481633157e-01 -4.767865439189413e-01
9.003889052765852e-02 7.956604919049071e-02
-8.566979992403907e-02 3.777666094779825e-02

166
-5.454530153396430e-03 -1.485687299904690e-01
-2.227000760005277e-01 -1.551209264890282e-01
-4.191610394381081e-01 -5.665119728825820e-01
-3.470425461834876e-02 -2.209111897320916e-02
-9.725986762730116e-02 6.612670206811060e-02

167
1.759612392416442e-02 -2.329041858853758e-01
-4.727898137039396e-01 -6.075556893928271e-01
-5.667854461289026e-02 2.854393662946891e-01
1.760880888554824e-01 2.446819991343905e-02
-1.869850637558982e-01 -1.569538557759230e-02

168
1.950596955657020e-01 -4.662382417169548e-02
-7.753233393196913e-01 5.596373550733420e-01
-2.180216633600797e-01 -7.001272535730068e-01
3.647286268245505e-02 2.610313373799253e-01
8.207562596936772e-02 -1.707806381918374e-01

169
2.249406185635829e-02 -8.299398020517724e-04
-1.239365564037110e+00 1.074150860617677e-01
5.248341904676586e-01 -1.125682156689074e+00
-2.495333598661951e-01 -1.668945339984742e-01
1.602747720050368e-02 2.870488524073581e-01

170
3.117293325791954e-02 1.235675616580744e-02
-7.860430478215889e-02 6.962155499581955e-02
1.036146257450014e-01 -5.865526756157285e-02
-1.181922067287807e-02 2.185357985905666e-02
-5.686085392901792e-01 -7.702243387479724e-01

171
-2.213525827173152e+00 -1.802827752219399e+00
2.619597026872345e+00 2.935234077106295e+00
-3.356714197402866e+00 -1.939150615417893e+00
5.257479374486747e+00 8.411282305927632e-01
1.271128413771080e+00 1.567111595990488e+00

172
1.703964773633948e-01 7.147483020649558e-04
-1.119009863406334e-01 -1.745947998949645e-01
-7.607526002906635e-01 -2.730229432261449e-01
-7.239403658217186e-02 -3.939307600845613e-02
-2.763671734507311e-03 -1.071065889021615e-01

173
1.206877234019936e-01 -2.616010612047140e-01
1.592026161465410e-01 2.504312621230176e-01
-1.137514159024245e+00 -8.148188078289240e-01
1.134473395737891e-02 1.200087348677320e-01
1.551796663420935e-01 8.658933033454298e-02

174
2.035497865557516e-01 3.767023865398985e-02
-4.136696093611184e-01 -6.116892691819937e-01
-4.961971310431607e-01 4.366375905142677e-02
4.070958296442913e-02 -1.708523892259166e-01
-2.052816214202958e-02 1.786635945255337e-01

175
-8.101479867016552e-02 -2.362343976010513e-02
5.721107669343750e-02 -3.173701829131684e-02
-1.379437579292834e-01 1.656069025000376e-02
3.516168093709244e-02 -2.148124499693131e-04
-4.276143181371422e-01 -7.504905543166368e-01

176
1.037106359837941e-01 1.520919305257417e-01
-6.609440079978594e-01 -1.264892004802927e-01
-1.321351930581235e-01 -4.127150000735167e-01
1.372249745004678e-01 -7.960749592564910e-02
-1.256624441919167e-01 9.398043990622598e-02

177
3.794068409303886e-01 3.542723520057485e-01
-5.276210084805398e-01 -2.606617923142232e-02
-5.502894843560472e-02 -5.164018894908493e-01
-5.170918648019698e-02 -3.132064357376694e-01
-3.220995298959070e-01 -2.134728715195331e-02

178
7.682411388565581e-02 7.874773405992945e-02
-4.520327763021472e-01 3.755478171821587e-02
-2.757737099226901e-01 -4.933948317906934e-01
8.393141746287924e-02 -7.297734337915186e-02
-7.660162439805175e-02 -5.391039913726630e-02

179
-2.585533162155780e-02 -1.334297390399304e-02
7.857943836000905e-02 -6.408074868512367e-02
-1.021989556265337e-01 5.264548251440246e-02
-9.132353045447171e-03 2.070131367846515e-02
-5.199748845170945e-01 -7.805383116510505e-01

180
-7.132536497236630e-02 -2.549483043559471e-01
-2.770073902146255e-01 -1.549197792955007e-01
1.698962131705143e-01 -2.534463712971005e-01
6.650623931695984e-02 -2.315426552937419e-01
-2.063076206947266e-01 -1.850211948342271e-01

181
3.770853751961786e-02 -3.969348578068313e-01
-1.507483000557716e-01 -2.906424523735365e-01
2.027060660113569e-01 -2.614663554574352e-01
7.173082157354688e-02 -7.000441493096630e-01
-1.938283564607392e-03 9.398762411220951e-02

182
2.133778032533492e-03 2.374032451837372e-03
1.683872249924307e-02 -9.486692930575638e-02
-1.500473372158757e-02 9.692652652362220e-02
8.161951298838606e-01 1.596151334269218e-01
-8.158040251383366e-01 -1.591819542037662e-01

183
-1.071575646042710e-01 -2.140416940205811e-01
3.097873519877980e-01 -3.455654861239439e-01
-8.104704525661351e-01 -5.811518315335208e-01
4.859213515666997e-02 -9.328608322192453e-02
-1.853236513665393e-01 1.620016908845375e-01

184
-3.348616063474635e-02 -2.213802679946663e-02
-9.473293222846813e-02 3.825065115190631e-02
6.314484423820443e-02 -5.778444504242845e-02
1.755230385189172e-02 -2.229720074635802e-02
-4.545282297482861e-01 -7.188669877270041e-01

185
-6.774990116357429e-02 -2.771839300524187e-01
-2.608386573243792e-01 6.789744524538506e-02
5.693674474599919e-02 -4.404236384939945e-01
3.882246219225372e-01 -3.801208070485932e-01
-1.203749237887382e-02 8.912525023941847e-02

186
-1.387593869804210e-01 -1.543904737709821e-01
-6.789147566052718e-01 3.704808099205087e-01
1.334485658921994e-01 -1.078739087981101e+00
1.929160856509206e-01 -1.609491614391753e-01
6.837203149397024e-02 2.126626550122511e-01

187
-4.849167094335287e-02 -2.228825448128972e-01
-1.705773181044640e-01 -5.568066601480956e-03
5.084820210537422e-02 -2.953792714903719e-01
2.293052992261949e-01 -3.868354344184045e-01
-8.575617006846027e-02 -1.393199376641865e-01

188
-7.657168243819037e-03 -1.491632154429346e-02
-7.560748494054376e-01 3.204830499902044e-01
1.015355796820699e-01 -8.167704604221407e-01
4.842523582971297e-02 1.939630124490259e-01
-1.927422167756497e-01 -7.943114075987305e-02

189
-2.553275376190304e-03 -1.222347301601256e-03
3.685824923603993e-02 5.745960749205270e-02
-3.905180826284681e-02 -5.848881036683194e-02
5.035504868855752e-01 -3.105294564265829e-01
-3.634055300986537e-01 -3.264862298228696e-01

190
-9.033182959338132e-02 -3.353508332117323e-01
-2.508655183760546e-01 4.545123132694230e-01
-1.794915169716410e-01 -6.465757252392985e-01
6.897101621459210e-01 -1.133700006298789e-03
-2.239378720721242e-02 1.679370947588398e-01

191
2.355728149430382e-02 -1.833856947784441e-01
-1.657551520606385e-01 1.187402044916881e-01
-4.467490177322754e-01 -7.636319518763033e-01
-4.563902065829353e-02 7.118091801822658e-02
-1.218197595383594e-01 -1.346016777427131e-02

192
-3.752679463701342e-02 -1.640750486987589e-01
-3.971574107764995e-01 2.353883770061750e-01
-1.454278198703208e-02 -6.734073310912649e-01
1.964407696144344e-01 -3.516963418696057e-02
-1.451948932414808e-01 -3.516013813680263e-02

193
-1.640655199395962e-01 -1.679914823217074e-01
-6.249589069294690e-01 8.759286672533622e-01
-1.624609724403486e-02 -1.202804090106929e+00
1.550032118060644e-01 1.355352668697559e-01
1.203146396530869e-01 -1.878557427913039e-01

194
1.375772003866846e-02 2.816920254098871e-02
9.408441527744611e-02 -5.544942505807952e-02
-8.273330405824010e-02 7.818127957135147e-02
-5.436370999605477e-03 -1.117852313328754e-02
-5.582399664795508e-01 -8.076558034101317e-01

195
1.162947292897207e-01 -4.203742192929697e-02
-7.686065101420136e-01 3.052623680314625e-01
7.992896196960141e-02 -7.191567865331813e-01
1.898854898546304e-02 2.270581585736670e-01
-2.104643888618009e-01 -7.630101573369320e-02

196
-6.065511674804729e-02 -7.734327589679848e-01
-1.819656564701324e-01 6.010757783913876e-01
-9.688394570308437e-02 -8.549417778099223e-01
-4.397249590336842e-02 3.827289184005435e-01
-6.123411354731953e-02 -2.478190815005498e-01

197
-9.149958914151805e-01 -1.290683890616679e+00
-2.152012176912783e+00 3.954397238494282e+00
1.778337037434801e+00 -4.642078116248257e+00
-7.978306171767878e-01 8.002140344388902e-01
1.062235077617946e+00 -5.897679686044333e-01

198
4.238952045231177e-02 -1.378664723997084e-01
-3.768302143001329e-01 -1.701047067721164e-02
-2.224706471233250e-01 -6.745390639815184e-01
-5.815927317322068e-02 -5.600253252108700e-02
-9.414080003261147e-02 6.283862396244551e-02

199
-3.391238005620506e-03 -3.020233097019751e-02
-8.110595751686810e-02 4.754554272704332e-02
7.876116060826402e-02 -7.499562001338188e-02
-2.189675949731427e-02 4.653097038163590e-03
-5.027395824285872e-01 -7.361236141778353e-01

200
-1.552668644839166e-01 -3.496445699672815e-01
-3.103005497195324e-01 -6.752079101799973e-01
-1.972466140527626e-01 5.453018748762517e-01
7.532855439628682e-01 -1.275278198339367e-01
-3.566962836357099e-03 2.284136521966691e-01

201
6.548087473455351e-03 -1.331789739081851e-02
8.083791632775813e-03 -1.193151886865288e+00
-1.035566876162742e+00 5.893918538086519e-01
2.797639835323538e-01 -4.915192733034226e-02
-5.876758107268266e-02 2.599600744664808e-01

202
-1.480313899747088e-01 -2.228663330433039e-01
-2.659073267296503e-01 -4.003242981120635e-01
-3.764869955360658e-02 3.517258011768035e-01
5.945096076337466e-01 -1.810994513547645e-01
-1.126024699125679e-01 -7.692078550731224e-02

203
9.719174297974898e-04 -2.388640253515507e-03
-3.888554950990312e-02 -5.744105544662703e-02
3.971618510527446e-02 5.537154022872511e-02
4.913461178515495e-01 -3.236122383099579e-01
-3.711491643466602e-01 -3.141397361162497e-01

204
1.711143916092800e-01 1.578843723641639e-01
5.328030434984832e-02 -2.633337820505514e-01
-9.278076833132363e-01 -5.444815158898144e-01
-3.166747823511856e-02 -1.080478183946819e-01
-1.609589135902340e-01 1.278605698523491e-01

205
3.131062963978240e-01 -1.216277006141799e-01
4.481608289972666e-04 -1.711849564577000e+00
-1.128791485656002e+00 1.280398239830343e+00
2.384122220083964e-01 2.333064481786240e-02
-1.519615701449656e-01 3.568255444544401e-01

206
4.150738268204977e-02 2.399805728542349e-02
1.109337059202525e-01 -5.385240528812045e-02
-7.881250524101240e-02 7.409336511216165e-02
-2.035577696099003e-02 2.754438182369532e-02
-6.143204812782932e-01 -8.136337446153027e-01

207
-1.020208817955347e-01 -3.251690657280836e-01
-7.725502004576198e-01 -2.338302801308445e-01
6.323450739889119e-01 -2.194426299714874e-01
2.310662474140536e-01 -8.491950044251124e-02
-2.724781728708160e-01 6.275746763800293e-02

208
2.747951344766145e-01 -3.618813391860466e-01
-1.252757392069594e+00 -1.694077025694911e+00
-2.881096304393082e-01 2.242375583510275e+00
1.305049830123595e-01 5.346735541512849e-01
2.594270690540173e-01 -2.009570437255990e-01

209
-2.082126189177615e-02 -2.324593308902818e-02
-9.195516133934147e-01 -1.281354576519534e+00
-6.513618186527466e-01 1.432816010616707e+00
1.106334999806659e-01 3.670860599843537e-01
3.139026821392518e-01 -2.693449852605578e-01

210
1.582132469172349e-02 -2.652634643318335e-03
-6.921807264268787e-02 -7.852789111858171e-01
-6.461423892606704e-01 4.545416758191303e-01
1.770637059959156e-01 -5.083371849609219e-02
-1.617783099618594e-01 -1.201724441869865e-01

211
-4.283235985865829e-01 -6.038605436759787e-01
-2.276558969313420e+00 1.544957143123381e+00
2.556775654428725e+00 -2.497077408562108e+00
4.362578537713143e-02 3.579406643356543e-01
-3.749241762692891e-01 2.594106639977428e-01

212
1.930036871024465e-01 7.504085174818005e-02
6.356493582101855e-02 -6.758762342591050e-01
-1.042219104927384e+00 -2.016747378327923e-01
-1.311374531508711e-01 -1.287832667809462e-01
-9.135619014382558e-02 2.027888040154188e-01

213
-2.160128611409640e-01 2.113107468167448e-01
7.069103759077013e-01 -1.653932866111562e+00
-1.468308406626776e+00 2.959120065065813e-01
-1.055023107496796e-01 -4.505616934549014e-01
-2.130405569626229e-01 2.304568323919798e-01

214
6.379136826621346e-01 7.226567811998226e-02
-4.491718082822411e-01 -4.747153191606707e-01
-5.292456773512350e-01 3.621954610070069e-01
-3.379695882860946e-01 2.010490410138264e-01
-2.783337906869736e-01 -2.876828985485598e-01

215
1.292754725034741e-03 -5.006052290241061e-02
-1.188669916334691e+00 5.097528652469937e-01
1.189617540707363e+00 -5.524981888419455e-01
4.255364098361580e+00 1.027787702416749e+01
-9.130794602668088e+00 9.813922058870521e-01

216
-4.578493670608142e-03 -2.476689006079612e-02
-9.140116051834227e-02 -1.366570926931298e+00
-1.136608321024375e+00 7.600404603590358e-01
-2.301573050200625e-01 -2.294720727195668e-01
3.188591477198910e-01 -3.060864035473968e-02

217
4.569896902215000e-01 3.654564280624416e-01
-1.065409194380811e-01 -5.753602737528521e-01
-5.885949778482066e-01 1.421595363183548e-02
-8.032106501033326e-02 -3.492925978387341e-01
-3.539478669234219e-01 -2.981421138058047e-03

218
7.143095131717395e-01 2.064307239912684e-01
-6.020834237927750e-01 -5.347181427875419e-01
-2.930951449642446e-01 1.970518679137542e-01
-2.969107108222977e-01 -3.942734677599017e-01
-6.720312906331967e-02 1.782540314366642e-02

219
-4.034759854156377e+00 1.248833813870936e-01
1.404638511991671e+00 1.281759595544390e+01
-3.331304341387579e+00 -1.927898892309213e+01
-4.692272605393499e-02 2.102217681483667e+00
1.708434505951228e+00 1.352676051212708e+00

220
2.328255177738196e-02 -2.866984676764824e-03
-1.089113387910500e-01 -1.059686639274199e+00
-8.655359619769720e-01 6.270660567357665e-01
-6.228059411125076e-02 2.474691945066834e-01
-2.168102961302889e-01 -1.900804442664840e-01

221
1.155693029502536e-01 -9.729152130599149e-03
2.617526899182482e+00 -1.477695624839691e+00
-2.517948665274231e+00 1.468499231394059e+00
1.202286642745363e+01 2.226330378950857e+01
-2.044514736859747e+01 4.359287663430070e+00

222
-8.550757519605942e-02 -2.999542479677153e-01
4.549673628642353e-02 -4.839867770939537e-01
-2.830249339563857e-01 8.433148218933352e-02
4.087398001000447e-01 -4.230569838609643e-01
-4.301422090184465e-02 1.124752451396551e-01

223
-3.087289657726157e-02 -1.030207251088209e-01
-9.896581572198786e-02 -7.028092011461921e-01
-5.308518104706648e-01 3.659482677114990e-01
2.006936522195075e-01 -4.332896783702785e-02
-1.451105951746052e-01 -9.747528727034195e-02

224
1.791880255315176e-01 4.169270756453970e-02
-8.675946977648719e-01 1.050916856987397e-01
1.250948444714534e-01 -6.701223644219086e-01
1.364933002048616e-01 -1.100812283986562e-01
-7.339714930010996e-02 2.307791205996738e-01

225
9.108927640289848e-03 -1.286061974174157e-01
-2.198520882126803e-01 -3.351915806943092e-01
-5.614540318340722e-01 -6.796949383418215e-02
1.203144781520861e-01 4.711893407285891e-02
-3.447662755829144e-02 -4.136540538241931e-02

226
4.884318657634017e-03 3.187404859595471e-02
9.465389230552981e-02 -5.522272262439543e-02
-8.999473901858906e-02 8.108442767790747e-02
-2.462776068092380e-02 2.079179918361657e-03
-5.569381777175684e-01 -8.329254343033733e-01

227
7.896936755921270e-02 -9.841047146959424e-02
-4.268393992211721e-01 -4.363104587924372e-02
-3.571388918447014e-01 -3.096246906659720e-01
8.512852420394361e-02 8.823496284813420e-02
-4.096875516690481e-02 -6.452001148110677e-02

228
-1.981655288386212e-03 -2.327631062864880e-03
1.537179701835431e-02 -9.612944859551095e-02
-1.707697861242309e-02 9.414598949423834e-02
8.084815897920334e-01 1.607028956836231e-01
-8.088449861026207e-01 -1.611302698239248e-01

229
2.566246111037267e-03 -1.077784422101256e-02
-6.667420996424261e-01 6.579781694129138e-01
-2.355295328553874e-01 -9.054643461887235e-01
1.297999180649324e-01 1.844450370902143e-01
1.084279271123728e-01 -1.752218028660011e-01

230
-4.042300835727410e-04 1.295804021247722e-03
-5.847213360458739e-02 1.176721802722587e-02
5.812900090089698e-02 -1.065604061684140e-02
-8.213245289435187e-02 -5.004733608883333e-01
-1.203164248958316e-01 -7.336554664956102e-01

231
-1.302562835066631e+00 -1.193598235329600e-01
-1.775400606936919e+00 1.193189332893331e-01
1.742626716078965e+00 4.462883364497201e-01
2.206823906030720e+00 -1.015281797090683e+00
8.257753597857488e-01 2.559056305852058e-01

232
-2.570418766684471e-01 5.806709793781752e-02
2.040534808314440e-01 9.296299946858394e-02
-4.234837349222056e-01 6.955056669991741e-02
1.190181347773472e-01 9.160301220269843e-03
-2.416900373285567e-01 -9.680974590605939e-01

233
1.016336441948604e-01 -1.871107194194339e-01
-2.452995334983990e-01 5.801193982019580e-02
-7.273006266784244e-01 -6.897668840860249e-01
-8.066737956525517e-02 5.724448280024291e-02
1.460172987414639e-01 1.060520785951917e-01

234
4.832963161150043e-03 -8.346535601448464e-02
-4.826130319668240e-02 4.314120805734349e-02
6.051942605995458e-02 -1.239260668615872e-01
-1.193016829607877e-02 3.286099060736475e-02
-5.258322767040086e-01 -6.688704604417642e-01

235
1.478101493315067e-01 -4.205171938668104e-02
-1.467771968038855e-01 -3.992810616419528e-01
-7.468198387723616e-01 -7.045691538143525e-02
-1.147921735498499e-01 -2.968699070766103e-02
8.591248800534426e-03 -9.760211627681174e-02

236
-1.462976166779582e-01 -3.380962045827283e-02
-7.167112024375972e-01 4.847432320345244e-01
-2.540487023489193e-01 -8.493048379332599e-01
8.006676570757609e-02 2.263422388874821e-01
1.683116492125061e-01 -1.727123185445031e-01

237
1.171147221675360e-01 -1.205972142415707e-01
-4.427964092422183e-01 -1.381896622616561e-01
-4.226712387955142e-01 -4.682181320661223e-01
-4.846772203248443e-02 -8.383477259125131e-02
9.775589668605462e-02 1.257087822782224e-01

238
4.932509521510513e-03 3.446255653883751e-02
8.907953460673614e-02 -5.817596678852367e-02
-8.419358938466195e-02 8.597702847314191e-02
2.485377361602062e-02 -6.589406152560491e-03
-5.604243528822501e-01 -7.946804473266578e-01

239
1.132818240389166e-01 -4.408230762687372e-03
-2.238010770541830e-01 -3.274039638189544e-01
-5.346509423564502e-01 -1.711500895276681e-01
1.769294778193258e-02 -8.249991441658544e-02
-8.075668193287114e-02 -2.464359042621937e-02

