1.0605426697973064e+00 -4.9015545644873894e-59
-6.6964220838661614e-01 -2.7164463878095705e-58
3.3744207664706705e-01 -5.5466733120641895e-59
-4.8789275809961102e-01 -8.9619014323625901e-59
-6.6964220838661614e-01 -2.7164463878095705e-58
1.0605426697973064e+00 -4.9015545644873894e-59
3.3744207664706705e-01 -5.5466733120641895e-59
-4.8789275809961102e-01 -8.9619014323625901e-59
1.0605426697973064e+00 -4.9015545644873894e-59
-6.6964220838661614e-01 -2.7164463878095705e-58
-4.8789275809961102e-01 -8.9619014323625901e-59
3.3744207664706705e-01 -5.5466733120641895e-59
-6.6964220838661614e-01 -2.7164463878095705e-58
1.0605426697973064e+00 -4.9015545644873894e-59
-4.8789275809961102e-01 -8.9619014323625901e-59
3.3744207664706705e-01 -5.5466733120641895e-59
1.5264765180447208e+00 -7.5072935143946876e-02
-6.7323132409963848e-01 4.5356277463254674e-01
-4.4949931538376847e-01 1.1550470757252300e-01
-6.6399730655855960e-01 -4.2880839525298855e+00
-6.7323132409963848e-01 4.5356277463254674e-01
1.5264765180447208e+00 -7.5072935143946876e-02
-4.4949931538376847e-01 1.1550470757252300e-01
-6.6399730655855960e-01 -4.2880839525298855e+00
1.5264765180447208e+00 -7.5072935143946876e-02
-6.7323132409963848e-01 4.5356277463254674e-01
-6.6399730655855960e-01 -4.2880839525298855e+00
-4.4949931538376847e-01 1.1550470757252300e-01
-6.7323132409963848e-01 4.5356277463254674e-01
1.5264765180447208e+00 -7.5072935143946876e-02
-6.6399730655855960e-01 -4.2880839525298855e+00
-4.4949931538376847e-01 1.1550470757252300e-01
8.6675330632865644e-01 1.7964080439969093e-59
-1.2798454924953822e+00 -2.6152386007101284e-60
-9.4393440291103381e-01 -1.0870889002125783e-59
2.1219034324953290e-01 7.5413844257231345e-60
-1.2798454924953822e+00 -2.6152386007101284e-60
8.6675330632865644e-01 1.7964080439969093e-59
-9.4393440291103381e-01 -1.0870889002125783e-59
2.1219034324953290e-01 7.5413844257231345e-60
8.6675330632865644e-01 1.7964080439969093e-59
-1.2798454924953822e+00 -2.6152386007101284e-60
2.1219034324953290e-01 7.5413844257231345e-60
-9.4393440291103381e-01 -1.0870889002125783e-59
-1.2798454924953822e+00 -2.6152386007101284e-60
8.6675330632865644e-01 1.7964080439969093e-59
2.1219034324953290e-01 7.5413844257231345e-60
-9.4393440291103381e-01 -1.0870889002125783e-59
1.0364391790131953e+00 5.0373067425255999e-60
-8.2305765140386944e-01 4.6566984389821700e-59
3.0650813911084790e-01 9.0333637236685726e-60
-5.3803965789449859e-01 1.4154927529437447e-59
-8.2305765140386944e-01 4.6566984389821700e-59
1.0364391790131953e+00 5.0373067425255999e-60
3.0650813911084790e-01 9.0333637236685726e-60
-5.3803965789449859e-01 1.4154927529437447e-59
1.0364391790131953e+00 5.0373067425255999e-60
-8.2305765140386944e-01 4.6566984389821700e-59
-5.3803965789449859e-01 1.4154927529437447e-59
3.0650813911084790e-01 9.0333637236685726e-60
-8.2305765140386944e-01 4.6566984389821700e-59
1.0364391790131953e+00 5.0373067425255999e-60
-5.3803965789449859e-01 1.4154927529437447e-59
3.0650813911084790e-01 9.0333637236685726e-60
7.6205884633017706e-01 -2.3947683863690732e+00
7.6205884633017706e-01 2.3947683863690732e+00
6.3848724672650375e-02 -7.8531623204846057e-01
6.3848724672650375e-02 7.8531623204846057e-01
7.6205884633017706e-01 2.3947683863690732e+00
7.6205884633017706e-01 -2.3947683863690732e+00
6.3848724672650375e-02 -7.8531623204846057e-01
6.3848724672650375e-02 7.8531623204846057e-01
7.6205884633017706e-01 -2.3947683863690732e+00
7.6205884633017706e-01 2.3947683863690732e+00
6.3848724672650375e-02 7.8531623204846057e-01
6.3848724672650375e-02 -7.8531623204846057e-01
7.6205884633017706e-01 2.3947683863690732e+00
7.6205884633017706e-01 -2.3947683863690732e+00
6.3848724672650375e-02 7.8531623204846057e-01
6.3848724672650375e-02 -7.8531623204846057e-01
1.5264765180447208e+00 7.5072935143946876e-02
-6.7323132409963848e-01 -4.5356277463254674e-01
-4.4949931538376847e-01 -1.1550470757252300e-01
-6.6399730655855960e-01 4.2880839525298855e+00
-6.7323132409963848e-01 -4.5356277463254674e-01
1.5264765180447208e+00 7.5072935143946876e-02
-4.4949931538376847e-01 -1.1550470757252300e-01
-6.6399730655855960e-01 4.2880839525298855e+00
1.5264765180447208e+00 7.5072935143946876e-02
-6.7323132409963848e-01 -4.5356277463254674e-01
-6.6399730655855960e-01 4.2880839525298855e+00
-4.4949931538376847e-01 -1.1550470757252300e-01
-6.7323132409963848e-01 -4.5356277463254674e-01
1.5264765180447208e+00 7.5072935143946876e-02
-6.6399730655855960e-01 4.2880839525298855e+00
-4.4949931538376847e-01 -1.1550470757252300e-01
8.1617045151586842e-01 9.3999136321117938e-01
8.1617045151586842e-01 -9.3999136321117938e-01
7.6926041565647507e-01 -5.9422434024159498e-01
7.6926041565647507e-01 5.9422434024159498e-01
8.1617045151586842e-01 -9.3999136321117938e-01
8.1617045151586842e-01 9.3999136321117938e-01
7.6926041565647507e-01 -5.9422434024159498e-01
7.6926041565647507e-01 5.9422434024159498e-01
8.1617045151586842e-01 9.3999136321117938e-01
8.1617045151586842e-01 -9.3999136321117938e-01
7.6926041565647507e-01 5.9422434024159498e-01
7.6926041565647507e-01 -5.9422434024159498e-01
8.1617045151586842e-01 -9.3999136321117938e-01
8.1617045151586842e-01 9.3999136321117938e-01
7.6926041565647507e-01 5.9422434024159498e-01
7.6926041565647507e-01 -5.9422434024159498e-01
-1.0746480814510535e+00 4.1515417304551044e-01
-1.3975736236513681e-01 -3.4198936252124013e-01
-5.7959474697684665e-01 4.0390342702228099e-01
-2.6846818568605869e-02 -3.8191868302235615e-02
-1.3975736236513681e-01 -3.4198936252124013e-01
-1.0746480814510535e+00 4.1515417304551044e-01
-5.7959474697684665e-01 4.0390342702228099e-01
-2.6846818568605869e-02 -3.8191868302235615e-02
-1.0746480814510535e+00 4.1515417304551044e-01
-1.3975736236513681e-01 -3.4198936252124013e-01
-2.6846818568605869e-02 -3.8191868302235615e-02
-5.7959474697684665e-01 4.0390342702228099e-01
-1.3975736236513681e-01 -3.4198936252124013e-01
-1.0746480814510535e+00 4.1515417304551044e-01
-2.6846818568605869e-02 -3.8191868302235615e-02
-5.7959474697684665e-01 4.0390342702228099e-01
-7.6751954960974023e-01 6.4559791623273566e-01
-7.6751954960974023e-01 -6.4559791623273566e-01
-5.0676365330278317e-01 3.9806451095785406e-01
-5.0676365330278317e-01 -3.9806451095785406e-01
-7.6751954960974023e-01 -6.4559791623273566e-01
-7.6751954960974023e-01 6.4559791623273566e-01
-5.0676365330278317e-01 3.9806451095785406e-01
-5.0676365330278317e-01 -3.9806451095785406e-01
-7.6751954960974023e-01 6.4559791623273566e-01
-7.6751954960974023e-01 -6.4559791623273566e-01
-5.0676365330278317e-01 -3.9806451095785406e-01
-5.0676365330278317e-01 3.9806451095785406e-01
-7.6751954960974023e-01 -6.4559791623273566e-01
-7.6751954960974023e-01 6.4559791623273566e-01
-5.0676365330278317e-01 -3.9806451095785406e-01
-5.0676365330278317e-01 3.9806451095785406e-01
-1.3975736236513681e-01 3.4198936252124013e-01
-1.0746480814510535e+00 -4.1515417304551044e-01
-5.7959474697684665e-01 -4.0390342702228099e-01
-2.6846818568605869e-02 3.8191868302235615e-02
-1.0746480814510535e+00 -4.1515417304551044e-01
-1.3975736236513681e-01 3.4198936252124013e-01
-5.7959474697684665e-01 -4.0390342702228099e-01
-2.6846818568605869e-02 3.8191868302235615e-02
-1.3975736236513681e-01 3.4198936252124013e-01
-1.0746480814510535e+00 -4.1515417304551044e-01
-2.6846818568605869e-02 3.8191868302235615e-02
-5.7959474697684665e-01 -4.0390342702228099e-01
-1.0746480814510535e+00 -4.1515417304551044e-01
-1.3975736236513681e-01 3.4198936252124013e-01
-2.6846818568605869e-02 3.8191868302235615e-02
-5.7959474697684665e-01 -4.0390342702228099e-01
