40                                               

6.288652980311749e-01 -2.761708457750672e-01
6.288652980311833e-01 2.761708457750656e-01
3.139322770924223e+00 1.326775719642551e-14
3.352511639235975e-01 -3.891251263284459e-15

-4.472213805542092e-01 -6.727712817082312e-01
1.374446886456685e+00 5.172380790895621e-02
3.979303719959529e-01 2.320820722456691e+00
-4.416556546227937e-01 -9.237438922248761e-02

1.374446886456689e+00 -5.172380790895977e-02
-4.472213805542068e-01 6.727712817082382e-01
-4.416556546227926e-01 9.237438922248928e-02
3.979303719959621e-01 -2.320820722456674e+00

6.288652980311876e-01 2.761708457751164e-01
6.288652980311880e-01 -2.761708457751167e-01
3.352511639235962e-01 -9.460412439192652e-17
3.139322770924093e+00 -1.159680660845134e-16

1.171699767205642e+00 4.381221120409816e-02
-4.909250479612489e-01 7.925025033211347e-01
2.521890932157440e-01 1.202300572692514e-01
-4.266862379422002e-01 9.820162485531635e-02

1.374446886456689e+00 -5.172380790896092e-02
-4.472213805542050e-01 6.727712817082389e-01
3.979303719959733e-01 -2.320820722456673e+00
-4.416556546227920e-01 9.237438922248831e-02

1.374446886456687e+00 5.172380790895973e-02
-4.472213805542055e-01 -6.727712817082355e-01
3.979303719959686e-01 2.320820722456683e+00
-4.416556546227936e-01 -9.237438922248900e-02

1.374446886456688e+00 5.172380790895961e-02
-4.472213805542066e-01 -6.727712817082376e-01
-4.416556546227924e-01 -9.237438922248904e-02
3.979303719959675e-01 2.320820722456676e+00

1.171699767205641e+00 -4.381221120409796e-02
-4.909250479612486e-01 -7.925025033211346e-01
-4.266862379422001e-01 -9.820162485531631e-02
2.521890932157439e-01 -1.202300572692513e-01

-3.632969682860364e-01 -7.823814633231856e-01
-5.193578438439926e-01 6.013107873651085e-01
-6.111276550468852e-01 1.582601735271927e-02
-8.197490552713743e-02 -4.370963399796490e-01

6.288652980312001e-01 2.761708457751165e-01
6.288652980311759e-01 -2.761708457751207e-01
3.139322770924086e+00 3.220825747048056e-14
3.352511639236048e-01 -2.124493274974700e-15

-4.909250479612486e-01 -7.925025033211347e-01
1.171699767205641e+00 -4.381221120409789e-02
2.521890932157439e-01 -1.202300572692514e-01
-4.266862379422000e-01 -9.820162485531628e-02

-4.472213805542066e-01 6.727712817082374e-01
1.374446886456688e+00 -5.172380790895939e-02
-4.416556546227923e-01 9.237438922248895e-02
3.979303719959683e-01 -2.320820722456674e+00

-4.472213805542067e-01 6.727712817082261e-01
1.374446886456681e+00 -5.172380790895620e-02
3.979303719959556e-01 -2.320820722456709e+00
-4.416556546227911e-01 9.237438922248595e-02

1.171699767205642e+00 -4.381221120409784e-02
-4.909250479612488e-01 -7.925025033211349e-01
2.521890932157439e-01 -1.202300572692513e-01
-4.266862379422001e-01 -9.820162485531640e-02

1.171699767205642e+00 4.381221120409787e-02
-4.909250479612488e-01 7.925025033211347e-01
-4.266862379422001e-01 9.820162485531636e-02
2.521890932157439e-01 1.202300572692514e-01

-3.632969682860365e-01 7.823814633231859e-01
-5.193578438439929e-01 -6.013107873651088e-01
-8.197490552713754e-02 4.370963399796494e-01
-6.111276550468853e-01 -1.582601735271939e-02

-3.632969682860364e-01 7.823814633231856e-01
-5.193578438439925e-01 -6.013107873651087e-01
-6.111276550468850e-01 -1.582601735271926e-02
-8.197490552713749e-02 4.370963399796492e-01

9.466881183379504e-01 -1.841837647314066e-16
-7.101725676516446e-01 1.492508998490761e-16
1.689297328356303e-01 -6.087152431881784e-17
-2.038556604951262e+00 2.404575832161708e-16

3.324532915998238e-01 1.083738205923999e+00
-1.371428345373187e+00 -8.341976100491770e-01
5.201624362349325e-02 4.100076590998242e-01
-1.962435619805383e-01 -6.391109148272629e-01

3.324532915998235e-01 1.083738205923999e+00
-1.371428345373187e+00 -8.341976100491771e-01
-1.962435619805384e-01 -6.391109148272629e-01
5.201624362349331e-02 4.100076590998242e-01

-1.371428345373188e+00 8.341976100491773e-01
3.324532915998238e-01 -1.083738205923999e+00
5.201624362349337e-02 -4.100076590998243e-01
-1.962435619805383e-01 6.391109148272630e-01

-5.193578438439929e-01 6.013107873651089e-01
-3.632969682860367e-01 -7.823814633231859e-01
-6.111276550468853e-01 1.582601735271941e-02
-8.197490552713778e-02 -4.370963399796493e-01

-1.371428345373187e+00 -8.341976100491775e-01
3.324532915998234e-01 1.083738205923999e+00
5.201624362349324e-02 4.100076590998243e-01
-1.962435619805384e-01 -6.391109148272630e-01

3.324532915998235e-01 -1.083738205923999e+00
-1.371428345373187e+00 8.341976100491773e-01
5.201624362349332e-02 -4.100076590998243e-01
-1.962435619805382e-01 6.391109148272630e-01

-4.909250479612489e-01 7.925025033211345e-01
1.171699767205641e+00 4.381221120409826e-02
2.521890932157439e-01 1.202300572692514e-01
-4.266862379422001e-01 9.820162485531625e-02

-4.909250479612485e-01 7.925025033211346e-01
1.171699767205641e+00 4.381221120409783e-02
-4.266862379422000e-01 9.820162485531639e-02
2.521890932157439e-01 1.202300572692513e-01

-7.101725676516444e-01 -3.255798092343823e-16
9.466881183379519e-01 -4.230418597534945e-16
-2.038556604951269e+00 2.818501059193812e-15
1.689297328356299e-01 -4.143156664102464e-16

-1.371428345373187e+00 -8.341976100491774e-01
3.324532915998233e-01 1.083738205923999e+00
-1.962435619805383e-01 -6.391109148272629e-01
5.201624362349334e-02 4.100076590998242e-01

-1.371428345373197e+00 8.341976100491839e-01
3.324532915998296e-01 -1.083738205924007e+00
-1.962435619805365e-01 6.391109148272627e-01
5.201624362349298e-02 -4.100076590998254e-01

9.466881183379506e-01 -2.876590839893161e-15
-7.101725676516452e-01 -1.631819019306026e-15
-2.038556604951261e+00 2.020159879532067e-14
1.689297328356299e-01 -9.909272976829045e-16

-5.193578438439929e-01 6.013107873651088e-01
-3.632969682860364e-01 -7.823814633231858e-01
-8.197490552713760e-02 -4.370963399796493e-01
-6.111276550468853e-01 1.582601735271940e-02

-7.101725676516448e-01 3.019217911228804e-17
9.466881183379503e-01 5.552387552913122e-17
1.689297328356304e-01 2.326642199519250e-17
-2.038556604951261e+00 -2.935948292629968e-16

3.324532915998235e-01 -1.083738205923999e+00
-1.371428345373187e+00 8.341976100491776e-01
-1.962435619805382e-01 6.391109148272629e-01
5.201624362349333e-02 -4.100076590998240e-01

-5.193578438439928e-01 -6.013107873651089e-01
-3.632969682860366e-01 7.823814633231860e-01
-8.197490552713757e-02 4.370963399796493e-01
-6.111276550468850e-01 -1.582601735271922e-02

-4.909250479612487e-01 -7.925025033211347e-01
1.171699767205641e+00 -4.381221120409797e-02
-4.266862379422000e-01 -9.820162485531644e-02
2.521890932157439e-01 -1.202300572692514e-01

-5.193578438439928e-01 -6.013107873651087e-01
-3.632969682860365e-01 7.823814633231857e-01
-6.111276550468853e-01 -1.582601735271925e-02
-8.197490552713761e-02 4.370963399796492e-01

-3.632969682860366e-01 -7.823814633231857e-01
-5.193578438439929e-01 6.013107873651088e-01
-8.197490552713758e-02 -4.370963399796493e-01
-6.111276550468852e-01 1.582601735271933e-02

-4.472213805542067e-01 -6.727712817082381e-01
1.374446886456689e+00 5.172380790895963e-02
-4.416556546227924e-01 -9.237438922248917e-02
3.979303719959684e-01 2.320820722456674e+00

6.288652980311881e-01 -2.761708457751163e-01
6.288652980311871e-01 2.761708457751165e-01
3.352511639235962e-01 4.943858955441461e-17
3.139322770924092e+00 -5.919204210860314e-16

