40

1.390136629151811e-57
1.029799503653621e-60
1.349909981719501e3

1.024278315667532e-59
5.744157129625584e-63
1.783165558589614e3

3.741166532857176e-49
4.105612217862613e-58
9.112323167249418e8

1.347570093013048e-58
9.711966928103952e-62
1.387535710313762e3

1.596901447298048e-58
1.124447030104564e-61
1.420166005640613e3

1.776241364344286e-54
1.972560508688960e-58
9.004749697259448e3

6.322553961140523e-58
4.943113804450104e-61
1.279062997790696e3

8.397929455546042e-54
9.326110927993825e-58
9.004749697259448e3

2.951289327543242e-56
3.393156337594372e-60
8.697769963748861e3

2.072113370897314e-34
1.696101134523886e-43
1.221692108282788e9

5.878825659934852e-31
1.814778610009780e-40
3.239417539698229e9

5.348930871747576e-47
2.213448338478292e-56
2.416560069987843e9

1.428080914705552e-50
1.400101714339690e-54
1.019983691241359e4

6.495971188035982e-57
5.078695263060821e-60
1.279062997790696e3

2.129052278721583e-56
2.447813965643133e-60
8.697769963748861e3

1.773164428649607e-56
9.943913620965640e-60
1.783165558589614e3

7.499385079149989e-57
5.917088556461014e-60
1.267411330351179e3

6.983358817916805e-59
5.032921867169579e-62
1.387535710313762e3

7.380983990020723e-58
5.197268460662307e-61
1.420166005640613e3

4.398835000893480e-52
4.885016406655084e-56
9.004749697259448e3

1.401591389274654e-31
4.326677163713885e-41
3.239417539698229e9

3.051050590360426e-53
3.693455128122956e-57
8.260694890074364e3

1.132260718318001e-52
1.370660378315713e-56
8.260694890074364e3

9.357634458640974e-59
7.383265585962632e-62
1.267411330351179e3

6.197301549515412e-35
5.072719638196197e-44
1.221692108282788e9

1.688122793143265e-57
1.319812078106497e-60
1.279062997790696e3

5.545351478382616e-54
6.712935839145483e-58
8.260694890074364e3

1.133444252896711e-57
8.942986588124095e-61
1.267411330351179e3

1.469043047987098e-57
8.238399630985641e-61
1.783165558589614e3

7.092961671749367e-60
5.596416492334833e-63
1.267411330351179e3

7.531808515664886e-59
5.579489460527543e-62
1.349909981719501e3

1.526614276534228e-59
1.130900798725588e-62
1.349909981719501e3

1.227029579133429e-46
5.077587742892737e-56
2.416560069987843e9

7.808171171222376e-58
4.378825697709308e-61
1.783165558589614e3

2.048822958347569e-47
2.248409017923376e-56
9.112323167249418e8

1.185931548030429e-52
1.162696578596374e-56
1.019983691241359e4

4.225162383046031e-52
4.692148616115270e-56
9.004749697259448e3

5.154389428220129e-58
3.818320849553628e-61
1.349909981719501e3

1.805757079768489e-54
2.185962686914143e-58
8.260694890074364e3

3.377449406505859e-57
2.640565329729396e-60
1.279062997790696e3

