5
0
2
52
7.833499335124232e-01 -6.089447783992538e-01
1.107939572521279e+00 -8.612677280045172e-01
7.085273956500220e-02 -5.507807423935405e-02
2.187987205416060e-02 5.770024900901658e-02
-5.052058950962962e-02 -3.543610549155289e-02
3.046798702235919e-16
3.248752461320380e+01
3.353199138687297e-16
2.441406250000000e-05
7.466330697949126e-13
0.000000000000000e+00
1
1
17
52
7.780990291994123e-01 7.173467341631103e-01
1.731688474435396e+00 -1.426617751446449e+00
-1.281449160425084e+00 1.841703350292972e+00
3.902112100423581e-01 -4.793542507846365e-01
-4.461223003385453e-01 4.278085779044949e-01
2.473207129088435e-15
1.963056925188780e+02
8.701644370205809e-16
2.441406250000000e-05
4.424207410463071e-15
0.000000000000000e+00
1
1
18
52
-6.352210691768076e-02 -1.708617936303946e-02
-7.497907640202128e-02 -2.016787556401710e-02
3.492039546251962e-03 9.392889645082021e-04
-1.503079657273607e-03 -4.042984382491312e-04
1.353746745195402e+00 3.641308644014996e-01
2.237726045655905e-16
4.134945034892353e+07
2.213427723947782e-16
3.814697265625000e-07
6.163887843537306e-14
0.000000000000000e+00
1
1
22
52
-2.865717352573953e-02 -8.158517189438349e-01
-3.822205923370496e-02 -1.088158003418676e+00
4.150283958110556e-02 1.181559757904328e+00
-5.755579553099112e-03 -1.638577324346476e-01
1.833884001790741e-02 5.220952491566332e-01
1.111398761424047e-15
2.967648378987021e+01
5.007815594131911e-16
3.906250000000000e-04
6.334912558266469e-13
0.000000000000000e+00
1
1
28
52
-1.240388129376566e-01 -1.359148062755837e+00
-1.654391648612251e-01 -1.812790005803209e+00
1.796395918305926e-01 1.968390356601650e+00
7.937726113957842e-02 8.697717121732452e-01
-2.491227039168505e-02 -2.729747507236021e-01
3.552713678800501e-15
1.296385858145749e+02
1.391763162295993e-15
3.906250000000000e-04
1.592522548401845e-12
0.000000000000000e+00
1
1
30
52
-5.086791015735398e-01 -3.169855325688838e-01
-3.580646753641197e-01 -2.231295161591985e-01
7.580124457076126e-01 4.723586600141320e-01
4.000010128131004e-01 1.230066130951065e-01
2.866601240881596e-01 3.048891772011527e-01
4.440892098500626e-16
3.115523489412572e+02
1.586942734895013e-15
2.441406250000000e-05
2.453604982557376e-12
0.000000000000000e+00
1
1
31
52
-4.710657085025970e-01 -3.233801100757133e-01
-5.328100126021913e-02 -3.123798691599115e-02
6.793777830885273e-01 5.201601972290893e-01
2.989359565963906e-01 7.488193860705260e-02
6.027740412795930e-02 4.295178996923558e-02
1.521818240830899e-16
2.726970971323010e+01
1.802145496447247e-16
9.765625000000001e-05
3.035683608128685e-14
0.000000000000000e+00
1
1
34
52
-5.444015159625326e-01 -3.938895550658310e-01
-3.832100659882887e-01 -2.772630824181291e-01
8.112445022513521e-01 5.869578365821054e-01
2.970219542112972e-01 3.631816131020100e-01
4.378605340317535e-01 1.685261941548077e-01
1.093442869781314e-15
2.221518209363075e+02
9.730400541010493e-16
2.441406250000000e-05
3.127898011668447e-12
0.000000000000000e+00
1
1
40
52
-3.351492057714838e-01 -5.756945129636155e-01
-4.284925900282653e-01 -7.360328733496562e-01
3.897312356110980e-01 6.694514861086068e-01
-5.966115277828178e-02 -1.024815148001856e-01
5.604200004066517e-01 9.626480195485151e-01
9.329043030192044e-16
1.472328447282176e+02
2.403337065556023e-16
9.765625000000001e-05
5.370221185452504e-14
0.000000000000000e+00
1
1
48
64
-0.497026615146399413500e-1 0.279756790686585638488e-1
-0.586671292235229490106e-1 0.330214263989334672782e-1
0.273233474116464191716e-2 -0.153792407685104508277e-2
0.105923464314841314995e1 -0.596201642569988322787e0
-0.117607968406753958615e-2 0.661969134005714102633e-3
9.04057293448017e-17
9.919805780203982e+07
2.70917859930046e-15
1.45519152283669e-12
8.56468849486830e-14
2.235174179077147e-09
1
1
50
64
-0.330614651847415817713e-1 0.188088560581384853498e-1
-0.381494574230973001868e-1 0.217034438539726391908e-1
0.548919881368206060272e-4 -0.312283650413609943913e-4
0.103869622322710960583e1 -0.590920203979115546780e0
0.615689365988409065833e-3 -0.350269190936066936158e-3
4.67177501116908e-17
2.625166203778270e+08
1.64419310805933e-14
1.45519152283669e-12
2.02207507429510e-12
2.980232238769530e-09
1
1
54
96
-0.428620099644222189171298960544e-1 -0.106672302074850969018005840465e-1
-0.494582564647127833964868553614e-1 -0.123088629723116430677503864124e-1
0.711638437494445188341357345821e-4 0.177108144101270062092596846304e-4
0.798200672368399237582854993625e-3 0.198651214233549751092013388127e-3
0.134660117515004414626370824197e1 0.335133717362274179325112989825e0
1.07309732111920e-16
1.128081750376965e+08
2.22251297189813e-29
3.81469726562500e-7
8.05384278346857e-13
9.765625000000001e-05
1
1
55
52
-1.160953165702531e+00 -3.007816436600193e-01
-1.484293622979896e+00 -3.845532178068671e-01
1.350024717243004e+00 3.497666102562239e-01
1.941288722727058e+00 5.029522551731515e-01
-2.066655775834809e-01 -5.354325561952426e-02
1.913194867290181e-14
1.053375878274562e+03
6.503509447227139e-14
6.103515625000000e-06
4.651847721645321e-13
0.000000000000000e+00
1
1
91
52
-4.414695784553081e-01 -8.748678641702878e-02
6.669977201336943e-01 9.657988544164559e-02
-4.692504012670498e-02 -1.283342683219528e-02
2.067097399617235e-01 1.272448104308584e-01
5.737624018849223e-02 1.032956241380652e-02
3.002224531865041e-16
4.025086572549419e+01
2.269924958574335e-16
9.765625000000001e-05
5.911622773939935e-13
0.000000000000000e+00
1
1
96
52
-4.173503037201012e-01 -1.361542453337611e-01
4.853195136688028e-01 1.583281754926903e-01
-5.335877558726569e-01 -1.740749619027476e-01
-7.429407500754953e-02 -2.423732204159780e-02
6.978726291239092e-01 2.276704253249527e-01
4.577566798522237e-16
2.128076358454023e+02
2.429274996075529e-16
9.765625000000001e-05
7.486857516570210e-15
0.000000000000000e+00
1
1
107
52
-2.330803593140966e-01 -4.207138559560752e-01
8.161467785375220e-01 -6.112354205262676e-01
-9.510164251361438e-01 3.677935053047657e-01
2.536230825655947e-01 -1.207553670073257e-01
-2.368748583334083e-01 1.509861853305661e-01
9.883479487474066e-16
2.590465497077336e+01
1.091682644860893e-16
9.765625000000001e-05
4.479805584383855e-12
0.000000000000000e+00
1
1
118
52
-4.046923882498493e-01 -1.168165201576981e-01
6.142739129612632e-01 1.432955962944621e-01
-4.273381981051419e-02 -1.571244276386475e-02
5.267950517535572e-02 1.421168680635423e-02
1.826033471919282e-01 1.351548138484476e-01
1.755416734288351e-16
3.858078331935241e+01
1.145020843487132e-16
9.765625000000001e-05
8.133999669777598e-13
0.000000000000000e+00
1
1
122
52
-5.452465423649427e-01 -1.820370227456344e-01
7.896549797417843e-01 2.636356773304336e-01
-7.272331174087011e-01 -2.427953985015826e-01
-1.095087011220750e-01 -3.656077823169659e-02
3.489244709275595e-01 1.164925715535037e-01
1.694355134956135e-16
3.243695142685287e+01
2.260257884107704e-16
3.906250000000000e-04
3.956347014156661e-14
0.000000000000000e+00
1
1
128
52
-5.968024156104678e-01 -2.010473783015435e-02
8.643209315269793e-01 2.911674831558763e-02
-7.959967601059093e-01 -2.681508277611747e-02
3.819170795874465e-01 1.286580375199993e-02
-1.198633137159371e-01 -4.037886634971909e-03
2.918462810976448e-16
3.273442670387643e+01
3.851591912293120e-16
3.906250000000000e-04
3.272129708267112e-13
0.000000000000000e+00
1
1
130
52
-3.663698637643763e-01 -4.797494311838833e-02
5.459491369048327e-01 7.149026538216399e-02
-2.578916765524370e-01 -3.377007700957104e-02
2.558565429961828e-01 -3.311887705232463e-02
2.387026916973544e-01 9.787980173458881e-02
3.925231146709438e-16
6.117529938289171e+02
2.025564217562892e-15
9.765625000000001e-05
1.890155577038818e-12
0.000000000000000e+00
1
1
131
64
-0.322405830942914417461e-1 0.182046262014596348519e-1
0.535290766721589023902e-4 -0.302251615254675911990e-4
-0.372022457316612049197e-1 0.210062260790699415473e-1
0.101290646701668349489e1 -0.571937038333268888313e0
0.600402433875386372933e-3 -0.339016879663505384336e-3
1.19918622160338e-16
2.171544385836059e+08
2.68232631612141e-14
1.45519152283669e-12
1.95341377156128e-12
1.862645149230955e-09
1
1
134
52
-3.989185751865510e-01 -6.813029960923059e-02
5.954371494831339e-01 1.016932123899749e-01
-1.979676437447916e-01 -3.381039570533605e-02
2.287885205331560e-01 1.194816192774633e-01
2.554752679931115e-01 -3.677542544638690e-02
8.777083671441753e-17
4.540317402906079e+02
4.065478461258364e-16
9.765625000000001e-05
3.925064862643596e-12
0.000000000000000e+00
1
1
141
52
-4.852025768354885e-01 -2.904865303119487e-01
-2.407870098054571e-01 -1.441570724515991e-01
7.242270910490674e-01 4.335884120996530e-01
3.513957763042055e-01 8.128950488915576e-02
2.376117371994741e-01 2.713441312330291e-01
2.950458159105176e-16
2.975325779891226e+02
2.529022717722114e-15
2.441406250000000e-05
2.450185570340125e-12
0.000000000000000e+00
1
1
162
52
-4.127997131335213e-01 -3.771383338876593e-01
-4.741290261243775e-02 -3.748298824646593e-02
5.880708342207042e-01 5.960335664929576e-01
5.260902345362596e-02 4.978221535356087e-02
2.795920899423676e-01 1.130138101818434e-01
3.376611507232130e-16
3.178991633131672e+01
3.610152535530829e-16
9.765625000000001e-05
6.474151628354972e-15
0.000000000000000e+00
1
1
169
64
-0.477454519789187978407e-1 0.265674401111370465930e-1
0.262473986702233040825e-2 -0.146050809729884956854e-2
-0.563569136082917545758e-1 0.313591947521597078408e-1
0.101752371498164875124e1 -0.566190060811989971895e0
-0.112976758925610272403e-2 0.628646950086514388879e-3
9.53679790261266e-17
8.168010462028782e+07
1.93793189799085e-14
1.45519152283669e-12
7.13440186471274e-14
2.980232238769530e-09
1
1
170
52
-4.021751845171002e-01 -9.611149363136519e-02
5.939877636050429e-01 1.749388819988460e-01
-4.410261065257462e-02 -7.264703449966965e-03
2.213730077861057e-01 -2.704673388617670e-02
5.187046574576323e-02 1.336038340943793e-02
1.570092458683775e-16
4.039861588544617e+01
1.711427312216442e-16
9.765625000000001e-05
5.500393721021978e-13
0.000000000000000e+00
1
1
171
52
-3.656974118052118e-01 -5.856699360525658e-02
5.458503012972663e-01 8.741875133240626e-02
-1.814812832538339e-01 -2.906450199724859e-02
2.334380134430492e-01 -3.607368071605677e-02
2.104972282594102e-01 1.071705811113621e-01
5.551115123125783e-17
5.348248905931399e+02
8.853392180476182e-16
9.765625000000001e-05
1.890252156122193e-12
0.000000000000000e+00
1
1
174
52
-3.998298721129648e-01 -1.394987740721556e-01
5.871138451343487e-01 2.396417550778406e-01
-4.418395480960832e-02 -1.196075706470626e-02
5.146828574207624e-02 1.897445006187388e-02
2.283466364800153e-01 -4.673498818693746e-03
1.942890293094024e-16
3.946434512183348e+01
7.778041913850394e-17
9.765625000000001e-05
7.840476262752799e-13
0.000000000000000e+00
1
1
177
52
-9.772691671840780e-02 -5.423031418592782e-01
1.110668589262348e+00 -3.621448668782685e-01
-1.167217303876362e+00 4.834651292378370e-02
-3.126165278805251e-01 7.645234197512858e-02
3.196387940188505e-01 -3.748460291549091e-02
5.117875266520903e-16
3.027778333566173e+01
2.116671202576823e-16
9.765625000000001e-05
1.268051547099294e-12
0.000000000000000e+00
1
1
179
52
-4.774612345392555e-01 -3.590482321419650e-01
-4.871378639277389e-02 -4.239024568606465e-02
7.418938191295336e-01 4.999021637351493e-01
6.265379523504715e-02 4.541971860709379e-02
1.738350623929797e-01 2.712870055973112e-01
3.330669073875470e-16
2.652456486530032e+01
1.591447018712378e-16
9.765625000000001e-05
7.213716953181593e-15
0.000000000000000e+00
1
1
192
52
3.442454999816856e-01 -3.318255036141157e+00
3.113645091825301e-02 -3.001308225453978e-01
4.868873995838974e-01 -4.693210414628205e+00
1.909687653431754e-01 8.112528668186235e-02
-2.035550153426920e-01 4.019623371346531e-02
1.136868377216160e-13
2.597074160010398e+03
2.606095496688676e-15
9.765625000000001e-05
2.656340545383475e-14
0.000000000000000e+00
1
1
196
52
1.038841948968582e+00 -3.036515273919295e+00
9.396158078349151e-02 -2.746479149152092e-01
1.469297507560420e+00 -4.294728690989445e+00
-1.995041605084168e-01 -6.246235303667741e-03
1.615221840398809e-01 1.172668306838032e-01
2.759248877587709e-13
2.224285960372312e+03
2.486264197779359e-15
9.765625000000001e-05
2.538796296224143e-14
0.000000000000000e+00
1
1
198
96
-0.419701624149145560623341709112e-1 -0.961876127350123966736238820947e-2
0.696831082516419261459825473172e-4 0.159700402500698878671735934297e-4
-0.484291580890745740940808219202e-1 -0.110990399734532064592659299943e-1
0.781592181206691665121388868954e-3 0.179126030772532368619508535656e-3
0.131858188815863763910035955048e1 0.302193836573135771155152988253e0
9.51591035619330e-17
9.219044317329217e+07
1.04549902648629e-29
3.81469726562500e-7
9.23910221836893e-13
9.765625000000001e-05
1
1
207
52
2.431323781603703e-02 1.645023495631635e+00
3.461906246489473e+00 4.248757273727556e-01
-3.447837631692555e+00 5.270008621226617e-01
-9.598158403622706e-01 -4.492936566426634e-02
9.580687881440925e-01 -7.327545628268195e-02
2.310224461364287e-14
1.376876715367644e+03
1.937288161375685e-15
9.765625000000001e-05
6.396708843573304e-12
0.000000000000000e+00
1
1
214
52
-6.150302210797007e-02 -1.458173145005766e-02
3.381043164915261e-03 8.016104211155221e-04
-7.259582556927348e-02 -1.721172060436354e-02
-1.455303450673299e-03 -3.450374204182428e-04
1.310717166643139e+00 3.107575054997826e-01
1.110223024625157e-16
3.450427050924069e+07
1.495294005117542e-16
3.814697265625000e-07
4.563579009943327e-14
0.000000000000000e+00
1
1
221
52
-4.379795363573677e-01 7.539496978394537e-02
5.093084003705435e-01 -8.767371137019367e-02
-5.599624963488885e-01 9.639344304414940e-02
7.323678162342402e-01 -1.260717563084033e-01
-7.796636119792753e-02 1.342133811906120e-02
2.387624894196368e-16
2.949310275491034e+02
4.870122847014918e-15
6.103515625000000e-06
1.109072827572446e-13
0.000000000000000e+00
1
1
223
52
-3.967815515613922e-01 -5.476587102964915e-02
5.912673695072777e-01 8.160982378099624e-02
-2.792987897690574e-01 -3.855028400145342e-02
2.580148402364321e-01 1.079002861656760e-01
2.775968459008296e-01 -3.397235174046018e-02
5.003707553108401e-16
4.969612157447052e+02
7.394977322085926e-16
9.765625000000001e-05
3.930846457344356e-12
0.000000000000000e+00
1
1
228
52
7.675185258228014e-01 -5.454815294491286e-01
1.085548247370587e+00 -7.715077856026098e-01
6.942081424275107e-02 -4.933792560660918e-02
-4.645844674668739e-02 -3.565513492430231e-02
1.839655473711802e-02 5.559894508342048e-02
6.280369834735101e-16
3.094298212260003e+01
1.804453592521613e-16
2.441406250000000e-05
7.467702335476756e-13
0.000000000000000e+00
1
1
234
52
-5.228628600875310e-01 -3.646130280181160e-01
-2.594763313911488e-01 -1.809431461085628e-01
7.804398951227736e-01 5.442317193828190e-01
2.459526924610821e-01 3.237125414458910e-01
3.887721994225770e-01 1.189063218434802e-01
1.122643556792185e-15
2.478956887923130e+02
1.878379971340370e-15
2.441406250000000e-05
3.127237197298517e-12
0.000000000000000e+00
1
1
235
52
-5.787095834202041e-01 -3.648711169163308e-01
-5.958546172987743e-02 -4.379798581370043e-02
8.937606145454234e-01 5.007540161144417e-01
2.239208906509825e-01 2.932706852700080e-01
7.578037846281520e-02 4.594420274491742e-02
5.236911533344270e-16
2.829408034797681e+01
4.406432902485039e-16
9.765625000000001e-05
2.413149080278796e-14
0.000000000000000e+00
1
1
-1

2 0
1 5
-116385375235021477373327173703851179232722151669707034350807989348557449440147671962223024090843325389797039852698330834867691891184844410787858383602078733411815818602237431732507110702418121421529317883167744538537439528126844752558799493722520045577454115108220750817407399580474533624701554427591588142063/250000000000000000000000000000000000000000000000000000000000000000000000000000000000000000000000000000000000000000000000000000000000000000000000000000000000000000000000000000000000000000000000000000000000000000000000000000000000000000000000000000000000000000000000000000000000000000000000000000000000000000000 856313237455834706399928327836303450303541500034262763750802480334859377969275827867704912720429914512429594842409672461795948914471425838561619644128016768699359522282609494832080518418517399190418800314013219502671722396696971484466019250140928859532494901743016543624981254551094823053603573719508611298143/1250000000000000000000000000000000000000000000000000000000000000000000000000000000000000000000000000000000000000000000000000000000000000000000000000000000000000000000000000000000000000000000000000000000000000000000000000000000000000000000000000000000000000000000000000000000000000000000000000000000000000000000
1142361131381088009764488656970048731858327873181226261501133240657496227037742975352474660679328633679236238992042692422164681931126897724546695579411548822195689056191830596052430050354847271310996694481425562532252080949700329214675560859194810071078881744050429267497573112877525392956127951089625431278271/1250000000000000000000000000000000000000000000000000000000000000000000000000000000000000000000000000000000000000000000000000000000000000000000000000000000000000000000000000000000000000000000000000000000000000000000000000000000000000000000000000000000000000000000000000000000000000000000000000000000000000000000 -683223542944015192475709482450115712250931005114422758981669621059580462495662871223442860601636673237866685153711184758280173102413202872293214162272194667428100823327571118597202101636925034861196175742259332025505300404084210552265439098699486836497121022731040450173065347281185178793285679920627708525821/25000000000000000000000000000000000000000000000000000000000000000000000000000000000000000000000000000000000000000000000000000000000000000000000000000000000000000000000000000000000000000000000000000000000000000000000000000000000000000000000000000000000000000000000000000000000000000000000000000000000000000000000
420267253657580548856791958170133173570276374079976011871448665660648912786358527955389667562110204821319264364223114195529328489743007150406933023333813034337699679118117434434730602567177701091776534859015021518162173188377784942945005021864314184347653573570549573463220383965828510847631495217878510458921/1250000000000000000000000000000000000000000000000000000000000000000000000000000000000000000000000000000000000000000000000000000000000000000000000000000000000000000000000000000000000000000000000000000000000000000000000000000000000000000000000000000000000000000000000000000000000000000000000000000000000000000000 -673363434596309199166910899635519818007965881153294719528562500824837899838932743127510888724679975833304911610818285440198657327449486631817965582080737007161436940575355744046319893758850984581006789862579779343383409516644638266244226728365701572583335163341042792794634678192221158175451331573442293650859/2500000000000000000000000000000000000000000000000000000000000000000000000000000000000000000000000000000000000000000000000000000000000000000000000000000000000000000000000000000000000000000000000000000000000000000000000000000000000000000000000000000000000000000000000000000000000000000000000000000000000000000000
3728218180819228581239563084943568695149417816780013124811089697707745534499231138565094382340005201018423249680338441647666420515658038677957089347261384291438823532338895960221511025719990602933568082042660698217031829746386579794049486677785332177917198065010141069137981037223144247904908180490231430913247/5000000000000000000000000000000000000000000000000000000000000000000000000000000000000000000000000000000000000000000000000000000000000000000000000000000000000000000000000000000000000000000000000000000000000000000000000000000000000000000000000000000000000000000000000000000000000000000000000000000000000000000000 2173469805043386725597818561005519003971711720421055717868327751439745109604922972243842847196083217811456922146963721968067518659603295199396941092195054325478776859751241716807218556966815591381508207279144503506195890411041086328724273104776151487385131986471906175439343868685070039322838822034752597259087/5000000000000000000000000000000000000000000000000000000000000000000000000000000000000000000000000000000000000000000000000000000000000000000000000000000000000000000000000000000000000000000000000000000000000000000000000000000000000000000000000000000000000000000000000000000000000000000000000000000000000000000000
7175848712217744047322631134720071156094769589104948322537723052443897550694648939772081099303467334569512631920293875383466355157303127092965686127460160291956572918573825036283029831229298119909844142279383949891413041428982795591617025336035579368602550036979124378493303302157130961378389212886345614480039/10000000000000000000000000000000000000000000000000000000000000000000000000000000000000000000000000000000000000000000000000000000000000000000000000000000000000000000000000000000000000000000000000000000000000000000000000000000000000000000000000000000000000000000000000000000000000000000000000000000000000000000000 -383697255496385876970422064530436135615696706184781075762608600084989263020914932108178698912062278113846621705195473459944727272339720386828545369639852311790936425528073529944892173123032601199499721386592115541654345543581076472143091779068616015655513461853521996022929054208993990104798177893433288575609/2500000000000000000000000000000000000000000000000000000000000000000000000000000000000000000000000000000000000000000000000000000000000000000000000000000000000000000000000000000000000000000000000000000000000000000000000000000000000000000000000000000000000000000000000000000000000000000000000000000000000000000000

0
-7340664801304888760464723087708948620342804956755411303576097462765574439413228615753341958561998904854230817284800883837611611857291937183357892322876721555052053557231084805314913064089358997810314653781371772356377340244661475034646758204451211044108393610245042529625900384460769169852045817189745284841317/10000000000000000000000000000000000000000000000000000000000000000000000000000000000000000000000000000000000000000000000000000000000000000000000000000000000000000000000000000000000000000000000000000000000000000000000000000000000000000000000000000000000000000000000000000000000000000000000000000000000000000000000 -347547474257203658161694487799861520988499465062196778461594904767292479675923763872395156309286379720279970942619934853262188565220053271521929387169278347861442495168058041339595917368109981364507198532523908208219452220845844543707462973668971629519870130126213515096208626997707816558127515470387690749611/625000000000000000000000000000000000000000000000000000000000000000000000000000000000000000000000000000000000000000000000000000000000000000000000000000000000000000000000000000000000000000000000000000000000000000000000000000000000000000000000000000000000000000000000000000000000000000000000000000000000000000000
5 5
1 0
0 0
0 0
0 0
0 0
0 0
1 0
0 0
0 0
0 0
0 0
0 0
1 0
0 0
0 0
0 0
0 0
0 0
1 0
0 0
0 0
0 0
0 0
0 0
1 0

5 0

4 0

