1.4143609709053591e+00 1.7753637869353497e-62
9.0448389070908727e-02 -2.8163421281160827e-62
-1.8280921609993870e-02 5.9447477121087153e-02
-1.8280921609993870e-02 -5.9447477121087153e-02
9.0448389070908727e-02 -2.8163421281160827e-62
1.4143609709053591e+00 1.7753637869353497e-62
-1.8280921609993870e-02 5.9447477121087153e-02
-1.8280921609993870e-02 -5.9447477121087153e-02
1.4143609709053591e+00 1.7753637869353497e-62
9.0448389070908727e-02 -2.8163421281160827e-62
-1.8280921609993870e-02 -5.9447477121087153e-02
-1.8280921609993870e-02 5.9447477121087153e-02
9.0448389070908727e-02 -2.8163421281160827e-62
1.4143609709053591e+00 1.7753637869353497e-62
-1.8280921609993870e-02 -5.9447477121087153e-02
-1.8280921609993870e-02 5.9447477121087153e-02
2.8932005896059515e-01 -2.1001961055665395e+00
2.8932005896059515e-01 2.1001961055665395e+00
-3.5928004147308998e-02 -5.8293532998139908e-01
-3.5928004147308998e-02 5.8293532998139908e-01
2.8932005896059515e-01 2.1001961055665395e+00
2.8932005896059515e-01 -2.1001961055665395e+00
-3.5928004147308998e-02 -5.8293532998139908e-01
-3.5928004147308998e-02 5.8293532998139908e-01
2.8932005896059515e-01 -2.1001961055665395e+00
2.8932005896059515e-01 2.1001961055665395e+00
-3.5928004147308998e-02 5.8293532998139908e-01
-3.5928004147308998e-02 -5.8293532998139908e-01
2.8932005896059515e-01 2.1001961055665395e+00
2.8932005896059515e-01 -2.1001961055665395e+00
-3.5928004147308998e-02 5.8293532998139908e-01
-3.5928004147308998e-02 -5.8293532998139908e-01
1.1803619250096313e+00 -6.9845821695934525e-60
-5.4973610223246136e-02 -1.7495015883860171e-59
2.3662307977622060e-02 3.0658789882569582e-60
-2.1311427011540065e+01 6.4372144875060979e-59
-5.4973610223246136e-02 -1.7495015883860171e-59
1.1803619250096313e+00 -6.9845821695934525e-60
2.3662307977622060e-02 3.0658789882569582e-60
-2.1311427011540065e+01 6.4372144875060979e-59
1.1803619250096313e+00 -6.9845821695934525e-60
-5.4973610223246136e-02 -1.7495015883860171e-59
-2.1311427011540065e+01 6.4372144875060979e-59
2.3662307977622060e-02 3.0658789882569582e-60
-5.4973610223246136e-02 -1.7495015883860171e-59
1.1803619250096313e+00 -6.9845821695934525e-60
-2.1311427011540065e+01 6.4372144875060979e-59
2.3662307977622060e-02 3.0658789882569582e-60
1.3337693335099623e+00 -1.2768065558170097e-62
-1.4482530715678614e+00 2.5345811732864055e-62
2.0084254115045622e-01 -4.3249450215299893e-63
-6.3993889702471241e-01 2.1056298788357677e-62
-1.4482530715678614e+00 2.5345811732864055e-62
1.3337693335099623e+00 -1.2768065558170097e-62
2.0084254115045622e-01 -4.3249450215299893e-63
-6.3993889702471241e-01 2.1056298788357677e-62
1.3337693335099623e+00 -1.2768065558170097e-62
-1.4482530715678614e+00 2.5345811732864055e-62
-6.3993889702471241e-01 2.1056298788357677e-62
2.0084254115045622e-01 -4.3249450215299893e-63
-1.4482530715678614e+00 2.5345811732864055e-62
1.3337693335099623e+00 -1.2768065558170097e-62
-6.3993889702471241e-01 2.1056298788357677e-62
2.0084254115045622e-01 -4.3249450215299893e-63
7.0391072536003330e-01 4.3189547745727065e-59
-1.4901584188593342e+00 -6.4579846472960240e-60
-6.7494529928313718e-01 1.7877927709573019e-01
-6.7494529928313718e-01 -1.7877927709573019e-01
-1.4901584188593342e+00 -6.4579846472960240e-60
7.0391072536003330e-01 4.3189547745727065e-59
-6.7494529928313718e-01 1.7877927709573019e-01
-6.7494529928313718e-01 -1.7877927709573019e-01
7.0391072536003330e-01 4.3189547745727065e-59
-1.4901584188593342e+00 -6.4579846472960240e-60
-6.7494529928313718e-01 -1.7877927709573019e-01
-6.7494529928313718e-01 1.7877927709573019e-01
-1.4901584188593342e+00 -6.4579846472960240e-60
7.0391072536003330e-01 4.3189547745727065e-59
-6.7494529928313718e-01 -1.7877927709573019e-01
-6.7494529928313718e-01 1.7877927709573019e-01
1.0781933138691618e-01 -7.7030449695311125e-03
-1.4954809842295600e+00 -7.7592979648181432e-02
-5.0549810797228234e-01 1.8805464629060459e-01
-1.2951691937697260e-01 -2.2684612892747537e-03
-1.4954809842295600e+00 -7.7592979648181432e-02
1.0781933138691618e-01 -7.7030449695311125e-03
-5.0549810797228234e-01 1.8805464629060459e-01
-1.2951691937697260e-01 -2.2684612892747537e-03
1.0781933138691618e-01 -7.7030449695311125e-03
-1.4954809842295600e+00 -7.7592979648181432e-02
-1.2951691937697260e-01 -2.2684612892747537e-03
-5.0549810797228234e-01 1.8805464629060459e-01
-1.4954809842295600e+00 -7.7592979648181432e-02
1.0781933138691618e-01 -7.7030449695311125e-03
-1.2951691937697260e-01 -2.2684612892747537e-03
-5.0549810797228234e-01 1.8805464629060459e-01
1.2785129209598256e+00 -4.4778443395652673e-61
-1.1628588965740532e+00 9.7842392330274415e-61
1.7801370777814349e-01 -1.4360151336993232e-61
-1.6721507637668858e+00 -6.9058636456432528e-61
-1.1628588965740532e+00 9.7842392330274415e-61
1.2785129209598256e+00 -4.4778443395652673e-61
1.7801370777814349e-01 -1.4360151336993232e-61
-1.6721507637668858e+00 -6.9058636456432528e-61
1.2785129209598256e+00 -4.4778443395652673e-61
-1.1628588965740532e+00 9.7842392330274415e-61
-1.6721507637668858e+00 -6.9058636456432528e-61
1.7801370777814349e-01 -1.4360151336993232e-61
-1.1628588965740532e+00 9.7842392330274415e-61
1.2785129209598256e+00 -4.4778443395652673e-61
-1.6721507637668858e+00 -6.9058636456432528e-61
1.7801370777814349e-01 -1.4360151336993232e-61
1.1538949411323873e+00 -9.2809959205756134e-44
-1.6603011339998478e-03 1.8117528785156419e-43
-3.1417126174619245e+01 -4.8465797226498906e-41
-1.8622567467810106e-02 -1.3531255248112063e-43
-1.6603011339998478e-03 1.8117528785156419e-43
1.1538949411323873e+00 -9.2809959205756134e-44
-3.1417126174619245e+01 -4.8465797226498906e-41
-1.8622567467810106e-02 -1.3531255248112063e-43
1.1538949411323873e+00 -9.2809959205756134e-44
-1.6603011339998478e-03 1.8117528785156419e-43
-1.8622567467810106e-02 -1.3531255248112063e-43
-3.1417126174619245e+01 -4.8465797226498906e-41
-1.6603011339998478e-03 1.8117528785156419e-43
1.1538949411323873e+00 -9.2809959205756134e-44
-1.8622567467810106e-02 -1.3531255248112063e-43
-3.1417126174619245e+01 -4.8465797226498906e-41
-1.4954809842295600e+00 7.7592979648181432e-02
1.0781933138691618e-01 7.7030449695311125e-03
-5.0549810797228234e-01 -1.8805464629060459e-01
-1.2951691937697260e-01 2.2684612892747537e-03
1.0781933138691618e-01 7.7030449695311125e-03
-1.4954809842295600e+00 7.7592979648181432e-02
-5.0549810797228234e-01 -1.8805464629060459e-01
-1.2951691937697260e-01 2.2684612892747537e-03
-1.4954809842295600e+00 7.7592979648181432e-02
1.0781933138691618e-01 7.7030449695311125e-03
-1.2951691937697260e-01 2.2684612892747537e-03
-5.0549810797228234e-01 -1.8805464629060459e-01
1.0781933138691618e-01 7.7030449695311125e-03
-1.4954809842295600e+00 7.7592979648181432e-02
-1.2951691937697260e-01 2.2684612892747537e-03
-5.0549810797228234e-01 -1.8805464629060459e-01
-1.4926282868745397e+00 1.0439310167912076e-59
4.9626078116872024e-01 -3.1410042288079833e-57
-6.0697071864829155e-01 -1.9585080069382318e-01
-6.0697071864829155e-01 1.9585080069382318e-01
4.9626078116872024e-01 -3.1410042288079833e-57
-1.4926282868745397e+00 1.0439310167912076e-59
-6.0697071864829155e-01 -1.9585080069382318e-01
-6.0697071864829155e-01 1.9585080069382318e-01
-1.4926282868745397e+00 1.0439310167912076e-59
4.9626078116872024e-01 -3.1410042288079833e-57
-6.0697071864829155e-01 1.9585080069382318e-01
-6.0697071864829155e-01 -1.9585080069382318e-01
4.9626078116872024e-01 -3.1410042288079833e-57
-1.4926282868745397e+00 1.0439310167912076e-59
-6.0697071864829155e-01 1.9585080069382318e-01
-6.0697071864829155e-01 -1.9585080069382318e-01
