40

2
1.060690105852998e+00 -6.492603541759991e-01
4.754013855197789e-01 8.164677994880115e-01
1.405767014817491e+00 -4.462303723634166e-01
-2.169794528550164e-02 3.377825752843064e-01

4
1.060690105852995e+00 -6.492603541759993e-01
4.754013855197811e-01 8.164677994880106e-01
-2.169794528550105e-02 3.377825752843057e-01
1.405767014817493e+00 -4.462303723634131e-01

11
5.101865307611149e-01 -2.176641909755036e+00
5.101865307611146e-01 2.176641909755036e+00
-4.686165774494173e-02 6.804553443249544e-01
-4.686165774494173e-02 -6.804553443249544e-01

20
4.754013855197797e-01 -8.164677994880102e-01
1.060690105852996e+00 6.492603541759983e-01
1.405767014817493e+00 4.462303723634145e-01
-2.169794528550223e-02 -3.377825752843068e-01

25
7.209764498075533e-01 7.647603686385818e-01
-1.481980776163953e+00 -2.824365422822835e-01
9.851351894469049e-02 1.509099661517742e-01
-6.969975371304260e-01 -8.055360531017564e-01

27
6.265801486300741e-01 8.213563653110705e-01
-1.333376154222604e+00 1.486853437830125e-01
-4.995576979322344e-01 3.441039203228588e-01
7.805662153110393e-02 1.441752939518302e-01

30
1.297864147685813e+00 2.800321670296549e-16
-1.006174255237134e+00 -1.801198389196479e-16
-5.468830473171516e-01 1.307946237713781e-16
-3.360352212631952e+00 -1.084567466750206e-15

38
6.587346721796445e-01 9.435597895019976e-01
6.587346721796452e-01 -9.435597895019975e-01
3.150496953226857e-02 -3.514992501431896e-01
3.150496953226821e-02 3.514992501431896e-01

46
6.587346721796445e-01 9.435597895019971e-01
6.587346721796452e-01 -9.435597895019974e-01
3.150496953226836e-02 3.514992501431896e-01
3.150496953226840e-02 -3.514992501431896e-01

55
7.209764498075532e-01 7.647603686385813e-01
-1.481980776163952e+00 -2.824365422822833e-01
-6.969975371304260e-01 -8.055360531017561e-01
9.851351894469018e-02 1.509099661517739e-01

61
4.754013855197810e-01 8.164677994880100e-01
1.060690105852995e+00 -6.492603541759988e-01
1.405767014817493e+00 -4.462303723634120e-01
-2.169794528550071e-02 3.377825752843062e-01

63
1.060690105852996e+00 6.492603541759980e-01
4.754013855197793e-01 -8.164677994880096e-01
1.405767014817493e+00 4.462303723634155e-01
-2.169794528550227e-02 -3.377825752843054e-01

82
6.265801486300739e-01 8.213563653110706e-01
-1.333376154222604e+00 1.486853437830123e-01
7.805662153110392e-02 1.441752939518301e-01
-4.995576979322346e-01 3.441039203228591e-01

98
-1.333376154222604e+00 1.486853437830122e-01
6.265801486300737e-01 8.213563653110704e-01
7.805662153110385e-02 1.441752939518300e-01
-4.995576979322344e-01 3.441039203228589e-01

104
-1.481980776163953e+00 2.824365422822829e-01
7.209764498075536e-01 -7.647603686385812e-01
-6.969975371304263e-01 8.055360531017562e-01
9.851351894469028e-02 -1.509099661517739e-01

106
5.101865307611149e-01 2.176641909755035e+00
5.101865307611136e-01 -2.176641909755036e+00
-4.686165774494157e-02 6.804553443249546e-01
-4.686165774494183e-02 -6.804553443249542e-01

113
5.101865307611149e-01 2.176641909755036e+00
5.101865307611140e-01 -2.176641909755036e+00
-4.686165774494201e-02 -6.804553443249546e-01
-4.686165774494176e-02 6.804553443249546e-01

114
1.297864147685808e+00 -7.575747516406510e-15
-1.006174255237142e+00 -1.193920114029736e-14
-3.360352212631848e+00 1.514391923305788e-13
-5.468830473171616e-01 -7.138527245091709e-15

122
-1.481980776163953e+00 -2.824365422822836e-01
7.209764498075536e-01 7.647603686385820e-01
9.851351894469040e-02 1.509099661517742e-01
-6.969975371304263e-01 -8.055360531017564e-01

130
-1.333376154222604e+00 1.486853437830122e-01
6.265801486300735e-01 8.213563653110706e-01
-4.995576979322343e-01 3.441039203228588e-01
7.805662153110397e-02 1.441752939518301e-01

133
-1.481980776163953e+00 -2.824365422822835e-01
7.209764498075532e-01 7.647603686385817e-01
-6.969975371304263e-01 -8.055360531017565e-01
9.851351894469028e-02 1.509099661517744e-01

134
-1.006174255237150e+00 -6.307571495669668e-16
1.297864147685803e+00 -9.208433241712196e-16
-3.360352212631750e+00 1.425525250271695e-14
-5.468830473171666e-01 -1.036362497796670e-15

141
-5.592164431555153e-01 -4.008023149554445e-01
-5.592164431555157e-01 4.008023149554447e-01
-5.419559039783345e-01 5.467458415429637e-01
-5.419559039783346e-01 -5.467458415429637e-01

150
-1.006174255237133e+00 -9.473271927161053e-17
1.297864147685814e+00 -5.812148168950929e-17
-5.468830473171514e-01 -5.852667816370871e-17
-3.360352212631957e+00 2.645616364884144e-15

153
-5.592164431555156e-01 -4.008023149554443e-01
-5.592164431555154e-01 4.008023149554444e-01
-5.419559039783346e-01 -5.467458415429636e-01
-5.419559039783345e-01 5.467458415429637e-01

161
-1.481980776163952e+00 2.824365422822837e-01
7.209764498075530e-01 -7.647603686385819e-01
9.851351894469042e-02 -1.509099661517742e-01
-6.969975371304257e-01 8.055360531017562e-01

162
-1.333376154222603e+00 -1.486853437830123e-01
6.265801486300736e-01 -8.213563653110701e-01
7.805662153110390e-02 -1.441752939518300e-01
-4.995576979322341e-01 -3.441039203228587e-01

170
-5.592164431555160e-01 4.008023149554444e-01
-5.592164431555150e-01 -4.008023149554445e-01
-5.419559039783345e-01 5.467458415429635e-01
-5.419559039783342e-01 -5.467458415429637e-01

174
-5.592164431555153e-01 4.008023149554445e-01
-5.592164431555157e-01 -4.008023149554445e-01
-5.419559039783346e-01 -5.467458415429635e-01
-5.419559039783342e-01 5.467458415429637e-01

176
-1.333376154222604e+00 -1.486853437830122e-01
6.265801486300739e-01 -8.213563653110705e-01
-4.995576979322346e-01 -3.441039203228589e-01
7.805662153110404e-02 -1.441752939518301e-01

184
4.754013855197808e-01 8.164677994880107e-01
1.060690105852996e+00 -6.492603541759995e-01
-2.169794528550108e-02 3.377825752843057e-01
1.405767014817492e+00 -4.462303723634132e-01

186
6.587346721796469e-01 -9.435597895019967e-01
6.587346721796432e-01 9.435597895019967e-01
3.150496953226756e-02 3.514992501431892e-01
3.150496953226945e-02 -3.514992501431894e-01

192
4.754013855197806e-01 -8.164677994880102e-01
1.060690105852995e+00 6.492603541759994e-01
-2.169794528550113e-02 -3.377825752843056e-01
1.405767014817492e+00 4.462303723634130e-01

194
6.587346721796448e-01 -9.435597895019967e-01
6.587346721796444e-01 9.435597895019967e-01
3.150496953226853e-02 -3.514992501431892e-01
3.150496953226839e-02 3.514992501431894e-01

198
5.101865307611141e-01 -2.176641909755036e+00
5.101865307611144e-01 2.176641909755037e+00
-4.686165774494178e-02 -6.804553443249544e-01
-4.686165774494181e-02 6.804553443249545e-01

205
7.209764498075534e-01 -7.647603686385819e-01
-1.481980776163953e+00 2.824365422822834e-01
9.851351894469042e-02 -1.509099661517742e-01
-6.969975371304260e-01 8.055360531017564e-01

223
6.265801486300738e-01 -8.213563653110704e-01
-1.333376154222604e+00 -1.486853437830123e-01
7.805662153110397e-02 -1.441752939518301e-01
-4.995576979322344e-01 -3.441039203228588e-01

230
7.209764498075535e-01 -7.647603686385820e-01
-1.481980776163953e+00 2.824365422822833e-01
-6.969975371304260e-01 8.055360531017567e-01
9.851351894469056e-02 -1.509099661517743e-01

231
1.060690105852996e+00 6.492603541759995e-01
4.754013855197808e-01 -8.164677994880108e-01
-2.169794528550117e-02 -3.377825752843059e-01
1.405767014817493e+00 4.462303723634137e-01

232
6.265801486300737e-01 -8.213563653110706e-01
-1.333376154222604e+00 -1.486853437830122e-01
-4.995576979322343e-01 -3.441039203228587e-01
7.805662153110389e-02 -1.441752939518302e-01

