1.0606901058529958e+00 -6.4926035417599925e-01
4.7540138551978073e-01 8.1646779948801063e-01
1.4057670148174921e+00 -4.4623037236341329e-01
-2.1697945285501109e-02 3.3778257528430566e-01
4.7540138551978073e-01 8.1646779948801063e-01
1.0606901058529958e+00 -6.4926035417599925e-01
1.4057670148174921e+00 -4.4623037236341329e-01
-2.1697945285501109e-02 3.3778257528430566e-01
1.0606901058529958e+00 -6.4926035417599925e-01
4.7540138551978073e-01 8.1646779948801063e-01
-2.1697945285501109e-02 3.3778257528430566e-01
1.4057670148174921e+00 -4.4623037236341329e-01
4.7540138551978073e-01 8.1646779948801063e-01
1.0606901058529958e+00 -6.4926035417599925e-01
-2.1697945285501109e-02 3.3778257528430566e-01
1.4057670148174921e+00 -4.4623037236341329e-01
5.1018653076111442e-01 -2.1766419097550358e+00
5.1018653076111442e-01 2.1766419097550358e+00
-4.6861657744941818e-02 6.8045534432495436e-01
-4.6861657744941818e-02 -6.8045534432495436e-01
5.1018653076111442e-01 2.1766419097550358e+00
5.1018653076111442e-01 -2.1766419097550358e+00
-4.6861657744941818e-02 6.8045534432495436e-01
-4.6861657744941818e-02 -6.8045534432495436e-01
5.1018653076111442e-01 -2.1766419097550358e+00
5.1018653076111442e-01 2.1766419097550358e+00
-4.6861657744941818e-02 -6.8045534432495436e-01
-4.6861657744941818e-02 6.8045534432495436e-01
5.1018653076111442e-01 2.1766419097550358e+00
5.1018653076111442e-01 -2.1766419097550358e+00
-4.6861657744941818e-02 -6.8045534432495436e-01
-4.6861657744941818e-02 6.8045534432495436e-01
4.7540138551978073e-01 -8.1646779948801063e-01
1.0606901058529958e+00 6.4926035417599925e-01
1.4057670148174921e+00 4.4623037236341329e-01
-2.1697945285501109e-02 -3.3778257528430566e-01
1.0606901058529958e+00 6.4926035417599925e-01
4.7540138551978073e-01 -8.1646779948801063e-01
1.4057670148174921e+00 4.4623037236341329e-01
-2.1697945285501109e-02 -3.3778257528430566e-01
4.7540138551978073e-01 -8.1646779948801063e-01
1.0606901058529958e+00 6.4926035417599925e-01
-2.1697945285501109e-02 -3.3778257528430566e-01
1.4057670148174921e+00 4.4623037236341329e-01
1.0606901058529958e+00 6.4926035417599925e-01
4.7540138551978073e-01 -8.1646779948801063e-01
-2.1697945285501109e-02 -3.3778257528430566e-01
1.4057670148174921e+00 4.4623037236341329e-01
7.2097644980755327e-01 7.6476036863858199e-01
-1.4819807761639530e+00 -2.8243654228228354e-01
9.8513518944690404e-02 1.5090996615177418e-01
-6.9699753713042611e-01 -8.0553605310175647e-01
-1.4819807761639530e+00 -2.8243654228228354e-01
7.2097644980755327e-01 7.6476036863858199e-01
9.8513518944690404e-02 1.5090996615177418e-01
-6.9699753713042611e-01 -8.0553605310175647e-01
7.2097644980755327e-01 7.6476036863858199e-01
-1.4819807761639530e+00 -2.8243654228228354e-01
-6.9699753713042611e-01 -8.0553605310175647e-01
9.8513518944690404e-02 1.5090996615177418e-01
-1.4819807761639530e+00 -2.8243654228228354e-01
7.2097644980755327e-01 7.6476036863858199e-01
-6.9699753713042611e-01 -8.0553605310175647e-01
9.8513518944690404e-02 1.5090996615177418e-01
6.2658014863007383e-01 8.2135636531107059e-01
-1.3333761542226039e+00 1.4868534378301224e-01
-4.9955769793223431e-01 3.4410392032285886e-01
7.8056621531103890e-02 1.4417529395183007e-01
-1.3333761542226039e+00 1.4868534378301224e-01
6.2658014863007383e-01 8.2135636531107059e-01
-4.9955769793223431e-01 3.4410392032285886e-01
7.8056621531103890e-02 1.4417529395183007e-01
6.2658014863007383e-01 8.2135636531107059e-01
-1.3333761542226039e+00 1.4868534378301224e-01
7.8056621531103890e-02 1.4417529395183007e-01
-4.9955769793223431e-01 3.4410392032285886e-01
-1.3333761542226039e+00 1.4868534378301224e-01
6.2658014863007383e-01 8.2135636531107059e-01
7.8056621531103890e-02 1.4417529395183007e-01
-4.9955769793223431e-01 3.4410392032285886e-01
1.2978641476858135e+00 5.7299760114241207e-60
-1.0061742552371333e+00 9.4922376684848101e-61
-5.4688304731715154e-01 2.0940016531528593e-60
-3.3603522126319558e+00 -1.0233920741416602e-59
-1.0061742552371333e+00 9.4922376684848101e-61
1.2978641476858135e+00 5.7299760114241207e-60
-5.4688304731715154e-01 2.0940016531528593e-60
-3.3603522126319558e+00 -1.0233920741416602e-59
1.2978641476858135e+00 5.7299760114241207e-60
-1.0061742552371333e+00 9.4922376684848101e-61
-3.3603522126319558e+00 -1.0233920741416602e-59
-5.4688304731715154e-01 2.0940016531528593e-60
-1.0061742552371333e+00 9.4922376684848101e-61
1.2978641476858135e+00 5.7299760114241207e-60
-3.3603522126319558e+00 -1.0233920741416602e-59
-5.4688304731715154e-01 2.0940016531528593e-60
6.5873467217964488e-01 9.4355978950199748e-01
6.5873467217964488e-01 -9.4355978950199748e-01
3.1504969532268404e-02 -3.5149925014318950e-01
3.1504969532268404e-02 3.5149925014318950e-01
6.5873467217964488e-01 -9.4355978950199748e-01
6.5873467217964488e-01 9.4355978950199748e-01
3.1504969532268404e-02 -3.5149925014318950e-01
3.1504969532268404e-02 3.5149925014318950e-01
6.5873467217964488e-01 9.4355978950199748e-01
6.5873467217964488e-01 -9.4355978950199748e-01
3.1504969532268404e-02 3.5149925014318950e-01
3.1504969532268404e-02 -3.5149925014318950e-01
6.5873467217964488e-01 -9.4355978950199748e-01
6.5873467217964488e-01 9.4355978950199748e-01
3.1504969532268404e-02 3.5149925014318950e-01
3.1504969532268404e-02 -3.5149925014318950e-01
-1.4819807761639530e+00 2.8243654228228354e-01
7.2097644980755327e-01 -7.6476036863858199e-01
-6.9699753713042611e-01 8.0553605310175647e-01
9.8513518944690404e-02 -1.5090996615177418e-01
7.2097644980755327e-01 -7.6476036863858199e-01
-1.4819807761639530e+00 2.8243654228228354e-01
-6.9699753713042611e-01 8.0553605310175647e-01
9.8513518944690404e-02 -1.5090996615177418e-01
-1.4819807761639530e+00 2.8243654228228354e-01
7.2097644980755327e-01 -7.6476036863858199e-01
9.8513518944690404e-02 -1.5090996615177418e-01
-6.9699753713042611e-01 8.0553605310175647e-01
7.2097644980755327e-01 -7.6476036863858199e-01
-1.4819807761639530e+00 2.8243654228228354e-01
9.8513518944690404e-02 -1.5090996615177418e-01
-6.9699753713042611e-01 8.0553605310175647e-01
-5.5921644315551555e-01 -4.0080231495544483e-01
-5.5921644315551555e-01 4.0080231495544483e-01
-5.4195590397833449e-01 5.4674584154296368e-01
-5.4195590397833449e-01 -5.4674584154296368e-01
-5.5921644315551555e-01 4.0080231495544483e-01
-5.5921644315551555e-01 -4.0080231495544483e-01
-5.4195590397833449e-01 5.4674584154296368e-01
-5.4195590397833449e-01 -5.4674584154296368e-01
-5.5921644315551555e-01 -4.0080231495544483e-01
-5.5921644315551555e-01 4.0080231495544483e-01
-5.4195590397833449e-01 -5.4674584154296368e-01
-5.4195590397833449e-01 5.4674584154296368e-01
-5.5921644315551555e-01 4.0080231495544483e-01
-5.5921644315551555e-01 -4.0080231495544483e-01
-5.4195590397833449e-01 -5.4674584154296368e-01
-5.4195590397833449e-01 5.4674584154296368e-01
-1.3333761542226039e+00 -1.4868534378301224e-01
6.2658014863007383e-01 -8.2135636531107059e-01
7.8056621531103890e-02 -1.4417529395183007e-01
-4.9955769793223431e-01 -3.4410392032285886e-01
6.2658014863007383e-01 -8.2135636531107059e-01
-1.3333761542226039e+00 -1.4868534378301224e-01
7.8056621531103890e-02 -1.4417529395183007e-01
-4.9955769793223431e-01 -3.4410392032285886e-01
-1.3333761542226039e+00 -1.4868534378301224e-01
6.2658014863007383e-01 -8.2135636531107059e-01
-4.9955769793223431e-01 -3.4410392032285886e-01
7.8056621531103890e-02 -1.4417529395183007e-01
6.2658014863007383e-01 -8.2135636531107059e-01
-1.3333761542226039e+00 -1.4868534378301224e-01
-4.9955769793223431e-01 -3.4410392032285886e-01
7.8056621531103890e-02 -1.4417529395183007e-01
