4 4

13
1 1 0 0 1 0
1 0 3 0 -3838718318169019/500000000000000 0
1 0 2 0 -161017210921817/100000000000000 0
1 0 1 0 -811854829360973/200000000000000 0
1 0 0 0 -285856877848783/500000000000000 0
0 1 3 0 -3838718318169019/500000000000000 0
0 1 2 0 -161017210921817/100000000000000 0
0 1 1 0 -811854829360973/200000000000000 0
0 1 0 0 -285856877848783/500000000000000 0
0 0 3 0 6029449603143743/1000000000000000 0
0 0 2 0 665949681619589/50000000000000 0
0 0 1 0 1803589920006153/1000000000000000 0
0 0 0 0 4401424105512999/10000000000000000 0

18
1 0 2 0 -3838718318169019/500000000000000 0
1 0 1 1 -3838718318169019/500000000000000 0
1 0 1 0 -161017210921817/100000000000000 0
1 0 0 2 -3838718318169019/500000000000000 0
1 0 0 1 -161017210921817/100000000000000 0
1 0 0 0 -811854829360973/200000000000000 0
0 1 2 0 -3838718318169019/500000000000000 0
0 1 1 1 -3838718318169019/500000000000000 0
0 1 1 0 -161017210921817/100000000000000 0
0 1 0 2 -3838718318169019/500000000000000 0
0 1 0 1 -161017210921817/100000000000000 0
0 1 0 0 -811854829360973/200000000000000 0
0 0 2 0 6029449603143743/1000000000000000 0
0 0 1 1 6029449603143743/1000000000000000 0
0 0 1 0 665949681619589/50000000000000 0
0 0 0 2 6029449603143743/1000000000000000 0
0 0 0 1 665949681619589/50000000000000 0
0 0 0 0 1803589920006153/1000000000000000 0

18
2 1 0 0 1 0
2 0 3 0 -3838718318169019/500000000000000 0
2 0 2 0 -161017210921817/100000000000000 0
2 0 1 0 -811854829360973/200000000000000 0
2 0 0 0 -285856877848783/500000000000000 0
1 2 0 0 1 0
1 1 3 0 -3838718318169019/500000000000000 0
1 1 2 0 -161017210921817/100000000000000 0
1 1 1 0 -811854829360973/200000000000000 0
1 1 0 0 -285856877848783/500000000000000 0
0 2 3 0 -3838718318169019/500000000000000 0
0 2 2 0 -161017210921817/100000000000000 0
0 2 1 0 -811854829360973/200000000000000 0
0 2 0 0 -285856877848783/500000000000000 0
0 0 3 0 1109016373166803/100000000000000 0
0 0 2 0 437316400789813/100000000000000 0
0 0 1 0 553740366988787/200000000000000 0
0 0 0 0 517588231848541/2500000000000000 0

24
2 0 2 0 -3838718318169019/500000000000000 0
2 0 1 1 -3838718318169019/500000000000000 0
2 0 1 0 -161017210921817/100000000000000 0
2 0 0 2 -3838718318169019/500000000000000 0
2 0 0 1 -161017210921817/100000000000000 0
2 0 0 0 -811854829360973/200000000000000 0
1 1 2 0 -3838718318169019/500000000000000 0
1 1 1 1 -3838718318169019/500000000000000 0
1 1 1 0 -161017210921817/100000000000000 0
1 1 0 2 -3838718318169019/500000000000000 0
1 1 0 1 -161017210921817/100000000000000 0
1 1 0 0 -811854829360973/200000000000000 0
0 2 2 0 -3838718318169019/500000000000000 0
0 2 1 1 -3838718318169019/500000000000000 0
0 2 1 0 -161017210921817/100000000000000 0
0 2 0 2 -3838718318169019/500000000000000 0
0 2 0 1 -161017210921817/100000000000000 0
0 2 0 0 -811854829360973/200000000000000 0
0 0 2 0 1109016373166803/100000000000000 0
0 0 1 1 1109016373166803/100000000000000 0
0 0 1 0 437316400789813/100000000000000 0
0 0 0 2 1109016373166803/100000000000000 0
0 0 0 1 437316400789813/100000000000000 0
0 0 0 0 553740366988787/200000000000000 0

