7.7555232694171194e-01 -5.9003768356454656e-01
7.7555232694171194e-01 5.9003768356454656e-01
1.3055109753019893e+00 1.8591578631534303e-57
3.4547602585036746e-01 4.2366531908518544e-58
7.7555232694171194e-01 5.9003768356454656e-01
7.7555232694171194e-01 -5.9003768356454656e-01
1.3055109753019893e+00 1.8591578631534303e-57
3.4547602585036746e-01 4.2366531908518544e-58
7.7555232694171194e-01 -5.9003768356454656e-01
7.7555232694171194e-01 5.9003768356454656e-01
3.4547602585036746e-01 4.2366531908518544e-58
1.3055109753019893e+00 1.8591578631534303e-57
7.7555232694171194e-01 5.9003768356454656e-01
7.7555232694171194e-01 -5.9003768356454656e-01
3.4547602585036746e-01 4.2366531908518544e-58
1.3055109753019893e+00 1.8591578631534303e-57
7.1246727851222580e-01 2.3748261681837887e-01
7.1246727851222580e-01 -2.3748261681837887e-01
5.6104618296641720e-02 -2.2935427431774787e-63
1.8087756161945641e+00 1.7782714543591338e-62
7.1246727851222580e-01 -2.3748261681837887e-01
7.1246727851222580e-01 2.3748261681837887e-01
5.6104618296641720e-02 -2.2935427431774787e-63
1.8087756161945641e+00 1.7782714543591338e-62
7.1246727851222580e-01 2.3748261681837887e-01
7.1246727851222580e-01 -2.3748261681837887e-01
1.8087756161945641e+00 1.7782714543591338e-62
5.6104618296641720e-02 -2.2935427431774787e-63
7.1246727851222580e-01 -2.3748261681837887e-01
7.1246727851222580e-01 2.3748261681837887e-01
1.8087756161945641e+00 1.7782714543591338e-62
5.6104618296641720e-02 -2.2935427431774787e-63
2.0176934728708198e-01 -3.1400984678853655e-01
-1.0055132013254338e+00 1.3118189640738090e-01
-1.0918051583013683e-01 -2.1374487248717433e-01
-7.2054518392227163e-01 1.4613998433871525e-01
-1.0055132013254338e+00 1.3118189640738090e-01
2.0176934728708198e-01 -3.1400984678853655e-01
-1.0918051583013683e-01 -2.1374487248717433e-01
-7.2054518392227163e-01 1.4613998433871525e-01
2.0176934728708198e-01 -3.1400984678853655e-01
-1.0055132013254338e+00 1.3118189640738090e-01
-7.2054518392227163e-01 1.4613998433871525e-01
-1.0918051583013683e-01 -2.1374487248717433e-01
-1.0055132013254338e+00 1.3118189640738090e-01
2.0176934728708198e-01 -3.1400984678853655e-01
-7.2054518392227163e-01 1.4613998433871525e-01
-1.0918051583013683e-01 -2.1374487248717433e-01
5.5406182387748726e-01 -1.2330988267102469e-01
5.5406182387748726e-01 1.2330988267102469e-01
1.7743920187554377e-01 3.9230206366089045e-60
6.6410659866600635e-02 -3.8305124553213965e-60
5.5406182387748726e-01 1.2330988267102469e-01
5.5406182387748726e-01 -1.2330988267102469e-01
1.7743920187554377e-01 3.9230206366089045e-60
6.6410659866600635e-02 -3.8305124553213965e-60
5.5406182387748726e-01 -1.2330988267102469e-01
5.5406182387748726e-01 1.2330988267102469e-01
6.6410659866600635e-02 -3.8305124553213965e-60
1.7743920187554377e-01 3.9230206366089045e-60
5.5406182387748726e-01 1.2330988267102469e-01
5.5406182387748726e-01 -1.2330988267102469e-01
6.6410659866600635e-02 -3.8305124553213965e-60
1.7743920187554377e-01 3.9230206366089045e-60
1.2997624023633658e+00 1.5221618521407915e-60
-9.3693213155575927e-01 -1.8487139109378414e-61
-3.0398014394562983e-01 -1.3426023043441542e-61
-3.8793664089911966e+00 -4.4847558218924867e-60
-9.3693213155575927e-01 -1.8487139109378414e-61
1.2997624023633658e+00 1.5221618521407915e-60
-3.0398014394562983e-01 -1.3426023043441542e-61
-3.8793664089911966e+00 -4.4847558218924867e-60
1.2997624023633658e+00 1.5221618521407915e-60
-9.3693213155575927e-01 -1.8487139109378414e-61
-3.8793664089911966e+00 -4.4847558218924867e-60
-3.0398014394562983e-01 -1.3426023043441542e-61
-9.3693213155575927e-01 -1.8487139109378414e-61
1.2997624023633658e+00 1.5221618521407915e-60
-3.8793664089911966e+00 -4.4847558218924867e-60
-3.0398014394562983e-01 -1.3426023043441542e-61
3.6023394461089714e-01 3.1335153004119177e-59
-8.2554983191942721e-01 -2.6635513920599056e-60
-1.4914759897456589e-01 1.1933127679323072e-01
-1.4914759897456589e-01 -1.1933127679323072e-01
-8.2554983191942721e-01 -2.6635513920599056e-60
3.6023394461089714e-01 3.1335153004119177e-59
-1.4914759897456589e-01 1.1933127679323072e-01
-1.4914759897456589e-01 -1.1933127679323072e-01
3.6023394461089714e-01 3.1335153004119177e-59
-8.2554983191942721e-01 -2.6635513920599056e-60
-1.4914759897456589e-01 -1.1933127679323072e-01
-1.4914759897456589e-01 1.1933127679323072e-01
-8.2554983191942721e-01 -2.6635513920599056e-60
3.6023394461089714e-01 3.1335153004119177e-59
-1.4914759897456589e-01 -1.1933127679323072e-01
-1.4914759897456589e-01 1.1933127679323072e-01
5.3147914840163790e-01 2.3853671104379868e+00
5.3147914840163790e-01 -2.3853671104379868e+00
6.2619517566933791e-02 7.1270581005617883e-01
6.2619517566933791e-02 -7.1270581005617883e-01
5.3147914840163790e-01 -2.3853671104379868e+00
5.3147914840163790e-01 2.3853671104379868e+00
6.2619517566933791e-02 7.1270581005617883e-01
6.2619517566933791e-02 -7.1270581005617883e-01
5.3147914840163790e-01 2.3853671104379868e+00
5.3147914840163790e-01 -2.3853671104379868e+00
6.2619517566933791e-02 -7.1270581005617883e-01
6.2619517566933791e-02 7.1270581005617883e-01
5.3147914840163790e-01 -2.3853671104379868e+00
5.3147914840163790e-01 2.3853671104379868e+00
6.2619517566933791e-02 -7.1270581005617883e-01
6.2619517566933791e-02 7.1270581005617883e-01
-8.4359795392460568e-01 6.2739431464315023e-59
5.8236757090490965e-01 3.2486060002127190e-58
-1.9333731211660043e-01 -7.9610724653177528e-58
-4.2896558397952228e-02 9.3641433440217453e-58
5.8236757090490965e-01 3.2486060002127190e-58
-8.4359795392460568e-01 6.2739431464315023e-59
-1.9333731211660043e-01 -7.9610724653177528e-58
-4.2896558397952228e-02 9.3641433440217453e-58
-8.4359795392460568e-01 6.2739431464315023e-59
5.8236757090490965e-01 3.2486060002127190e-58
-4.2896558397952228e-02 9.3641433440217453e-58
-1.9333731211660043e-01 -7.9610724653177528e-58
5.8236757090490965e-01 3.2486060002127190e-58
-8.4359795392460568e-01 6.2739431464315023e-59
-4.2896558397952228e-02 9.3641433440217453e-58
-1.9333731211660043e-01 -7.9610724653177528e-58
6.5325573470265563e-01 9.6944797250001143e-62
-1.1373864582207904e+00 -4.6805930707722551e-61
6.7481814214249390e-03 5.9580642082908865e-62
-1.0893038365691969e+00 -5.6678493228309687e-62
-1.1373864582207904e+00 -4.6805930707722551e-61
6.5325573470265563e-01 9.6944797250001143e-62
6.7481814214249390e-03 5.9580642082908865e-62
-1.0893038365691969e+00 -5.6678493228309687e-62
6.5325573470265563e-01 9.6944797250001143e-62
-1.1373864582207904e+00 -4.6805930707722551e-61
-1.0893038365691969e+00 -5.6678493228309687e-62
6.7481814214249390e-03 5.9580642082908865e-62
-1.1373864582207904e+00 -4.6805930707722551e-61
6.5325573470265563e-01 9.6944797250001143e-62
-1.0893038365691969e+00 -5.6678493228309687e-62
6.7481814214249390e-03 5.9580642082908865e-62
2.0176934728708198e-01 3.1400984678853655e-01
-1.0055132013254338e+00 -1.3118189640738090e-01
-1.0918051583013683e-01 2.1374487248717433e-01
-7.2054518392227163e-01 -1.4613998433871525e-01
-1.0055132013254338e+00 -1.3118189640738090e-01
2.0176934728708198e-01 3.1400984678853655e-01
-1.0918051583013683e-01 2.1374487248717433e-01
-7.2054518392227163e-01 -1.4613998433871525e-01
2.0176934728708198e-01 3.1400984678853655e-01
-1.0055132013254338e+00 -1.3118189640738090e-01
-7.2054518392227163e-01 -1.4613998433871525e-01
-1.0918051583013683e-01 2.1374487248717433e-01
-1.0055132013254338e+00 -1.3118189640738090e-01
2.0176934728708198e-01 3.1400984678853655e-01
-7.2054518392227163e-01 -1.4613998433871525e-01
-1.0918051583013683e-01 2.1374487248717433e-01
