240

3.708429913819082e-01 -6.756024039146622e-01;
3.708429913819082e-01 -6.756024039146622e-01;
3.708429913819082e-01 -6.756024039146622e-01;
3.708429913819082e-01 -6.756024039146622e-01;
3.708429913819082e-01 -6.756024039146622e-01;

-4.802798543350437e-01 -1.281954864925405e+00;
-4.802798543350437e-01 -1.281954864925405e+00;
-4.802798543350437e-01 -1.281954864925405e+00;
-4.802798543350437e-01 -1.281954864925405e+00;
1.281954864925405e+00 -4.802798543350438e-01;

2.543445574869503e+00 2.536426432141329e+00;
2.543445574869503e+00 2.536426432141329e+00;
2.543445574869503e+00 2.536426432141329e+00;
2.543445574869503e+00 2.536426432141329e+00;
-2.543445574869503e+00 -2.536426432141328e+00;

8.779988373180644e-01 -2.092191221895354e-01;
8.779988373180644e-01 -2.092191221895354e-01;
8.779988373180644e-01 -2.092191221895354e-01;
8.779988373180644e-01 -2.092191221895354e-01;
-2.092191221895355e-01 -8.779988373180644e-01;

9.873323222921223e-01 -2.149935577675923e+00;
9.873323222921223e-01 -2.149935577675923e+00;
9.873323222921223e-01 -2.149935577675923e+00;
2.349812707447420e+00 2.746422085515695e-01;
9.873323222921223e-01 -2.149935577675923e+00;

-1.406385140576142e+00 1.383622279956384e-01;
-1.406385140576142e+00 1.383622279956384e-01;
-1.406385140576142e+00 1.383622279956384e-01;
-5.661872076187949e-01 -1.294795472535382e+00;
-1.383622279956385e-01 -1.406385140576142e+00;

-2.598554527625124e-01 9.841144682839300e-01;
-2.598554527625124e-01 9.841144682839300e-01;
-2.598554527625124e-01 9.841144682839300e-01;
-1.016248228826385e+00 5.697087346538475e-02;
2.598554527625123e-01 -9.841144682839300e-01;

9.792111743509454e-01 7.719655798447634e-01;
9.792111743509454e-01 7.719655798447634e-01;
9.792111743509454e-01 7.719655798447634e-01;
-4.315900011106371e-01 1.169835651440039e+00;
7.719655798447632e-01 -9.792111743509455e-01;

1.170333831765852e+00 4.261319142927921e-01;
1.170333831765852e+00 4.261319142927921e-01;
1.170333831765852e+00 4.261319142927921e-01;
-1.197294013742988e+00 3.431570060625109e-01;
1.170333831765852e+00 4.261319142927921e-01;

-2.310987858857095e-01 1.333381946831649e+00;
-2.310987858857095e-01 1.333381946831649e+00;
-2.310987858857095e-01 1.333381946831649e+00;
-5.967793988597138e-01 -1.214565113145873e+00;
-1.333381946831649e+00 -2.310987858857094e-01;

1.214100021061981e-01 5.969139646572726e-01;
1.214100021061981e-01 5.969139646572726e-01;
1.214100021061981e-01 5.969139646572726e-01;
-4.490799803039879e-01 -4.115505328686389e-01;
-1.214100021061982e-01 -5.969139646572726e-01;

4.323504653239152e-01 4.135540485621309e-01;
4.323504653239152e-01 4.135540485621309e-01;
4.323504653239152e-01 4.135540485621309e-01;
-5.928598447436296e-01 -8.044302604014041e-02;
4.135540485621308e-01 -4.323504653239153e-01;

6.398338203099631e-01 -2.931537343061741e-02;
6.398338203099631e-01 -2.931537343061741e-02;
6.398338203099631e-01 -2.931537343061741e-02;
-5.348675783745700e-01 -3.523682481943312e-01;
6.398338203099631e-01 -2.931537343061741e-02;

1.118756381980719e+00 6.293093179802745e-01;
1.118756381980719e+00 6.293093179802745e-01;
1.118756381980719e+00 6.293093179802745e-01;
-5.351941893487923e-01 -1.166710435200901e+00;
-6.293093179802743e-01 1.118756381980719e+00;

3.936838139062832e-01 4.389371454552989e-01;
3.936838139062832e-01 4.389371454552989e-01;
3.936838139062832e-01 4.389371454552989e-01;
-6.049611507854654e-02 -5.865091500161327e-01;
-3.936838139062832e-01 -4.389371454552989e-01;

4.276623364655115e-01 1.719056633164715e-01;
4.276623364655115e-01 1.719056633164715e-01;
4.276623364655115e-01 1.719056633164715e-01;
-2.449424843717185e-01 -3.904482173876926e-01;
1.719056633164714e-01 -4.276623364655116e-01;

4.803217343443765e-01 -3.065946484459965e-01;
4.803217343443765e-01 -3.065946484459965e-01;
4.803217343443765e-01 -3.065946484459965e-01;
-1.431612595857257e-01 -5.515560721206344e-01;
4.803217343443765e-01 -3.065946484459965e-01;

9.989680934633310e-01 -8.190743687531250e-01;
9.989680934633310e-01 -8.190743687531250e-01;
9.989680934633310e-01 -8.190743687531250e-01;
-4.702878980144892e-01 -1.203183014460895e+00;
8.190743687531251e-01 9.989680934633310e-01;

8.358019628935194e-01 3.097034375600467e-01;
8.358019628935194e-01 3.097034375600467e-01;
8.358019628935194e-01 3.097034375600467e-01;
5.528224828765281e-01 -6.991912777197671e-01;
-8.358019628935194e-01 -3.097034375600466e-01;

5.168678006950400e-01 -1.700497417359163e-02;
5.168678006950400e-01 -1.700497417359163e-02;
5.168678006950400e-01 -1.700497417359163e-02;
1.435482427627454e-01 -4.968253159227094e-01;
-1.700497417359172e-02 -5.168678006950400e-01;

-6.939143527311441e-02 -5.605218619902136e-01;
-6.939143527311441e-02 -5.605218619902136e-01;
5.201218894966373e-01 2.201661852435260e-01;
-6.939143527311441e-02 -5.605218619902136e-01;
-6.939143527311441e-02 -5.605218619902136e-01;

-3.779405590656340e-01 -4.486868358265982e-01;
-3.779405590656340e-01 -4.486868358265982e-01;
5.775444777023088e-01 -1.029627073580332e-01;
-3.779405590656340e-01 -4.486868358265982e-01;
4.486868358265982e-01 -3.779405590656340e-01;

-1.084141599219937e+00 -7.114185510863755e-01;
-1.084141599219937e+00 -7.114185510863755e-01;
1.158177337574287e+00 -5.831848906807653e-01;
-1.084141599219937e+00 -7.114185510863755e-01;
1.084141599219937e+00 7.114185510863754e-01;

2.862979525008993e-01 -1.063864048039195e+00;
2.862979525008993e-01 -1.063864048039195e+00;
7.781843155244413e-01 7.798733239368465e-01;
2.862979525008993e-01 -1.063864048039195e+00;
-1.063864048039195e+00 -2.862979525008991e-01;

-4.588044671592378e-01 -6.920499249773955e-01;
-4.588044671592378e-01 -6.920499249773955e-01;
8.287350492971582e-01 -5.131136144098557e-02;
5.164002133039771e-01 -6.502041659710416e-01;
-4.588044671592378e-01 -6.920499249773955e-01;

-5.740399443314879e-01 -2.043494774096818e-01;
-5.740399443314879e-01 -2.043494774096818e-01;
4.639918108526025e-01 -3.949584358732326e-01;
1.695980384350854e-02 -6.090918909813998e-01;
2.043494774096817e-01 -5.740399443314879e-01;

-8.385670432444291e-01 2.534320485307149e-01;
-8.385670432444291e-01 2.534320485307149e-01;
1.998049294614845e-01 -8.529363864914369e-01;
-5.001596684784461e-01 -7.192098409127268e-01;
8.385670432444291e-01 -2.534320485307150e-01;

-3.526030069756907e+00 -2.047754685391280e+00;
-3.526030069756907e+00 -2.047754685391280e+00;
3.536422613145913e+00 -2.029754272221659e+00;
8.579272230833432e-01 -3.986244872591791e+00;
-2.047754685391280e+00 3.526030069756908e+00;

-6.904257340177874e-01 -2.723748843902186e+00;
-6.904257340177874e-01 -2.723748843902186e+00;
2.704048559356683e+00 7.639481968651706e-01;
2.159545553568566e+00 1.797737038867123e+00;
-6.904257340177874e-01 -2.723748843902186e+00;

-1.020180510916472e+00 1.142633921090998e-01;
-1.020180510916472e+00 1.142633921090998e-01;
4.111352551691729e-01 -9.406339349540024e-01;
7.581810339029013e-01 -6.920880850440927e-01;
-1.142633921090998e-01 -1.020180510916472e+00;

-4.140165001990903e-01 7.956243225163422e-01;
-4.140165001990903e-01 7.956243225163422e-01;
-4.820226250683907e-01 -7.563609680165082e-01;
-1.327098585275935e-01 -8.870263910765440e-01;
4.140165001990901e-01 -7.956243225163422e-01;

8.695669604251310e-01 1.272791941780907e+00;
8.695669604251310e-01 1.272791941780907e+00;
-1.537053635526955e+00 1.166711071293281e-01;
-1.451622781346416e+00 -5.185916759855573e-01;
1.272791941780906e+00 -8.695669604251313e-01;

7.229347700489182e-01 -6.961240334259623e-01;
7.229347700489182e-01 -6.961240334259623e-01;
2.413937121073121e-01 9.741418928544057e-01;
-9.940379554082527e-01 1.382457770302332e-01;
7.229347700489182e-01 -6.961240334259623e-01;

-1.961337539245918e+00 -2.862666212109637e+00;
-1.961337539245918e+00 -2.862666212109637e+00;
3.459810431865276e+00 -2.672350283282056e-01;
-9.587758075851315e-02 3.468790895156014e+00;
2.862666212109637e+00 -1.961337539245918e+00;

5.837044279240468e-01 1.291679221019201e+00;
5.837044279240468e-01 1.291679221019201e+00;
-1.410479232905146e+00 -1.403367476259127e-01;
2.870031949252555e-01 -1.388083295517097e+00;
-5.837044279240469e-01 -1.291679221019201e+00;

8.320755023781552e-01 1.346331731346059e-01;
8.320755023781552e-01 1.346331731346059e-01;
-5.326334993157548e-01 6.532819363588787e-01;
-5.940278283891390e-01 -5.980022341642510e-01;
1.346331731346058e-01 -8.320755023781552e-01;

2.234793516380831e-01 -5.483545373346828e-01;
2.234793516380831e-01 -5.483545373346828e-01;
3.631492837932562e-01 4.677160644071967e-01;
-4.524572384241018e-01 -3.819923646118434e-01;
2.234793516380831e-01 -5.483545373346828e-01;

-1.882405912783679e-01 -8.592700673602615e-01;
-1.882405912783679e-01 -8.592700673602615e-01;
8.382700026847362e-01 2.666138996096605e-01;
-8.753839385565564e-01 -8.650161260548193e-02;
8.592700673602615e-01 -1.882405912783680e-01;

2.166552886786242e+00 -2.369951930603768e+00;
2.166552886786242e+00 -2.369951930603768e+00;
9.691621342577175e-01 3.061265803901280e+00;
-1.584456565677944e+00 -2.792869663284412e+00;
-2.166552886786242e+00 2.369951930603769e+00;

6.584342707263311e-01 -4.124477208978278e-01;
6.584342707263311e-01 -4.124477208978278e-01;
2.797306866734737e-02 7.764446656201971e-01;
-1.887937132576528e-01 -7.536615587749683e-01;
-4.124477208978279e-01 -6.584342707263310e-01;

-5.316091636098260e-01 -1.145715192939320e+00;
-5.316091636098260e-01 -1.145715192939320e+00;
-7.264138807823272e-01 1.033244637040368e+00;
-5.316091636098260e-01 -1.145715192939320e+00;
-5.316091636098260e-01 -1.145715192939320e+00;

-7.863917010348702e-01 -1.715425477226752e-01;
-7.863917010348702e-01 -1.715425477226752e-01;
2.446356463596944e-01 7.668064642827924e-01;
-7.863917010348702e-01 -1.715425477226752e-01;
1.715425477226751e-01 -7.863917010348702e-01;

-7.941673370188721e-01 6.431278384494855e-01;
-7.941673370188721e-01 6.431278384494855e-01;
9.540487144876652e-01 3.662051694894378e-01;
-7.941673370188721e-01 6.431278384494855e-01;
7.941673370188720e-01 -6.431278384494856e-01;

2.943423199896086e+00 3.978912749650818e+00;
2.943423199896086e+00 3.978912749650818e+00;
1.974127920691355e+00 -4.538535640023902e+00;
2.943423199896086e+00 3.978912749650818e+00;
3.978912749650817e+00 -2.943423199896087e+00;

-1.277511300595389e+00 5.745656043202653e-02;
-1.277511300595389e+00 5.745656043202653e-02;
6.885144912459058e-01 1.077628959721291e+00;
-4.494171385928022e-01 -1.197230393460114e+00;
-1.277511300595389e+00 5.745656043202653e-02;

-5.538818422892436e-01 1.628284296983265e-01;
-5.538818422892436e-01 1.628284296983265e-01;
4.179544777217014e-01 3.982615312682475e-01;
-3.260179412457815e-01 -4.764561834225804e-01;
-1.628284296983266e-01 -5.538818422892436e-01;

-3.623563089928437e-01 4.105580309849079e-01;
-3.623563089928437e-01 4.105580309849079e-01;
5.367318390570709e-01 1.085307533169120e-01;
-5.024381481832725e-01 -2.177519201368514e-01;
3.623563089928437e-01 -4.105580309849080e-01;

-3.464753341798412e-01 9.679673908044674e-01;
-3.464753341798412e-01 9.679673908044674e-01;
1.011522017561529e+00 -1.839272542177889e-01;
-1.027658460979116e+00 -3.039925054792217e-02;
9.679673908044675e-01 3.464753341798410e-01;

-3.885636318806010e-01 1.327266449016826e+00;
-3.885636318806010e-01 1.327266449016826e+00;
1.343728278379635e+00 -3.271272483130683e-01;
-4.657930630072328e-01 -1.302173085714921e+00;
-3.885636318806010e-01 1.327266449016826e+00;

-4.350779361189330e-01 4.605968896086965e-01;
-4.350779361189330e-01 4.605968896086965e-01;
6.164275753646945e-01 1.464901005007506e-01;
8.125338523401843e-02 -6.283631056982326e-01;
-4.605968896086965e-01 -4.350779361189330e-01;

-1.397716198240375e-01 4.496534909440748e-01;
-1.397716198240375e-01 4.496534909440748e-01;
4.592971559699435e-01 -1.037809719763205e-01;
-1.512220748497938e-01 -4.459330125753775e-01;
1.397716198240374e-01 -4.496534909440748e-01;

9.844661862647848e-02 6.194434271239371e-01;
9.844661862647848e-02 6.194434271239371e-01;
4.872304347833847e-01 -3.949789862091774e-01;
-4.437446986005280e-01 -4.432747890304187e-01;
6.194434271239371e-01 -9.844661862647859e-02;

1.245393869661591e+00 7.194616285534988e-01;
1.245393869661591e+00 7.194616285534988e-01;
3.751125446572766e-04 -1.438273543121093e+00;
-5.846558703925337e-01 -1.314080834182994e+00;
1.245393869661591e+00 7.194616285534988e-01;

-3.871839386846341e-01 1.113499380690314e+00;
-3.871839386846341e-01 1.113499380690314e+00;
1.157910720118368e+00 -2.214385635069480e-01;
9.677369007514653e-01 -6.732589131211021e-01;
-1.113499380690314e+00 -3.871839386846340e-01;

6.114197551398572e-02 5.882361697959387e-01;
6.114197551398572e-02 5.882361697959387e-01;
4.788564787111464e-01 -3.470685889306473e-01;
2.962916482105925e-01 -5.118314095740899e-01;
-6.114197551398579e-02 -5.882361697959387e-01;

4.023817914620548e-01 4.683314935078328e-01;
4.023817914620548e-01 4.683314935078328e-01;
2.043960750390624e-01 -5.826386001803482e-01;
-5.025536245182625e-02 -6.154022200612582e-01;
4.683314935078327e-01 -4.023817914620549e-01;

9.524363499272739e-01 -9.584919678191133e-01;
9.524363499272739e-01 -9.584919678191133e-01;
-1.306296568418326e+00 -3.455880906151869e-01;
-6.172610136229608e-01 -1.202011103982696e+00;
9.524363499272739e-01 -9.584919678191133e-01;

-2.679169714793391e+00 -5.340367871961865e-01;
-2.679169714793391e+00 -5.340367871961865e-01;
8.770954331293751e-01 2.587247427659078e+00;
-1.335808139090100e+00 2.383015372649864e+00;
5.340367871961864e-01 -2.679169714793391e+00;

1.422968368889838e-01 1.219377769304979e+00;
1.422968368889838e-01 1.219377769304979e+00;
9.848637065836203e-01 -7.329215602765208e-01;
1.203669314167445e+00 2.414761193067957e-01;
-1.422968368889840e-01 -1.219377769304979e+00;

9.051546820578404e-01 3.301760464741187e-01;
9.051546820578404e-01 3.301760464741187e-01;
-1.666364970612225e-01 -9.489749722535757e-01;
5.937242598177068e-01 -7.588232491301421e-01;
3.301760464741185e-01 -9.051546820578406e-01;

-6.054095573273530e-01 -8.372566007617837e-01;
8.372566007617837e-01 -6.054095573273530e-01;
-6.054095573273530e-01 -8.372566007617837e-01;
-6.054095573273530e-01 -8.372566007617837e-01;
-6.054095573273530e-01 -8.372566007617837e-01;

-6.564360421977069e-01 -1.500357645349872e-01;
1.500357645349872e-01 -6.564360421977069e-01;
-6.564360421977069e-01 -1.500357645349872e-01;
-6.564360421977069e-01 -1.500357645349872e-01;
1.500357645349872e-01 -6.564360421977069e-01;

-7.702576959631957e-01 4.258422310911530e-01;
-4.258422310911531e-01 -7.702576959631957e-01;
-7.702576959631957e-01 4.258422310911530e-01;
-7.702576959631957e-01 4.258422310911530e-01;
7.702576959631957e-01 -4.258422310911532e-01;

-5.119949311126310e+00 4.337076342240720e+00;
-4.337076342240720e+00 -5.119949311126310e+00;
-5.119949311126310e+00 4.337076342240720e+00;
-5.119949311126310e+00 4.337076342240720e+00;
4.337076342240721e+00 5.119949311126309e+00;

-9.842380428221094e-01 -3.003152766021063e-02;
3.003152766021057e-02 -9.842380428221094e-01;
-9.842380428221094e-01 -3.003152766021063e-02;
-2.755846016668276e-01 -9.453462566256019e-01;
-9.842380428221094e-01 -3.003152766021063e-02;

-5.025552413754172e-01 1.119874795324770e-01;
-1.119874795324770e-01 -5.025552413754172e-01;
-5.025552413754172e-01 1.119874795324770e-01;
-2.618045323500400e-01 -4.433524027756223e-01;
-1.119874795324770e-01 -5.025552413754172e-01;

-3.817435188558760e-01 3.448906429295292e-01;
-3.448906429295292e-01 -3.817435188558760e-01;
-3.817435188558760e-01 3.448906429295292e-01;
-4.459757281863126e-01 -2.564825912951963e-01;
3.817435188558759e-01 -3.448906429295293e-01;

-5.414250867125251e-01 8.190360074001137e-01;
-8.190360074001137e-01 -5.414250867125251e-01;
-5.414250867125251e-01 8.190360074001137e-01;
-9.462590848933436e-01 -2.618298115119752e-01;
8.190360074001138e-01 5.414250867125250e-01;

-7.468257952161395e-01 1.072891244903503e+00;
-1.072891244903503e+00 -7.468257952161393e-01;
-7.468257952161395e-01 1.072891244903503e+00;
-2.643489090055023e-02 -1.306960438702673e+00;
-7.468257952161395e-01 1.072891244903503e+00;

-4.535322566470888e-01 3.721592586028592e-01;
-3.721592586028593e-01 -4.535322566470888e-01;
-4.535322566470888e-01 3.721592586028592e-01;
1.481655794138536e-01 -5.676627367197777e-01;
-3.721592586028593e-01 -4.535322566470888e-01;

-1.880501902615966e-01 4.268744450670184e-01;
-4.268744450670184e-01 -1.880501902615966e-01;
-1.880501902615966e-01 4.268744450670184e-01;
-9.877470367385310e-02 -4.558818090501530e-01;
1.880501902615965e-01 -4.268744450670184e-01;

7.191786888781128e-03 6.628431157050733e-01;
-6.628431157050733e-01 7.191786888781169e-03;
7.191786888781128e-03 6.628431157050733e-01;
-3.954276858079824e-01 -5.320241189389879e-01;
6.628431157050733e-01 -7.191786888781249e-03;

1.713242987583455e+00 1.310848900618610e+00;
-1.310848900618610e+00 1.713242987583455e+00;
1.713242987583455e+00 1.310848900618610e+00;
-6.155450406813017e-01 -2.067517999353223e+00;
1.713242987583455e+00 1.310848900618610e+00;

-6.382053640069507e-01 9.154498728356059e-01;
-9.154498728356059e-01 -6.382053640069506e-01;
-6.382053640069507e-01 9.154498728356059e-01;
1.054406919848661e+00 -3.654868037251546e-01;
-9.154498728356059e-01 -6.382053640069506e-01;

-2.259581438609001e-02 6.180928009134697e-01;
-6.180928009134697e-01 -2.259581438608997e-02;
-2.259581438609001e-02 6.180928009134697e-01;
3.815862307651738e-01 -4.867660935801262e-01;
2.259581438608993e-02 -6.180928009134697e-01;

4.055198729363740e-01 5.737155165295118e-01;
-5.737155165295118e-01 4.055198729363740e-01;
4.055198729363740e-01 5.737155165295118e-01;
9.149050865109722e-03 -7.025042036324943e-01;
5.737155165295117e-01 -4.055198729363741e-01;

6.658645468772684e-01 -1.367678462425093e+00;
1.367678462425093e+00 6.658645468772683e-01;
6.658645468772684e-01 -1.367678462425093e+00;
-1.094976052949072e+00 -1.055910704007497e+00;
6.658645468772684e-01 -1.367678462425093e+00;

-1.600436200145422e+00 -3.716216020382248e-01;
3.716216020382247e-01 -1.600436200145422e+00;
-1.600436200145422e+00 -3.716216020382248e-01;
-8.479951304722978e-01 1.407267886556304e+00;
3.716216020382247e-01 -1.600436200145422e+00;

-2.440500380284953e-01 1.300146484098597e+00;
-1.300146484098597e+00 -2.440500380284952e-01;
-2.440500380284953e-01 1.300146484098597e+00;
1.161097176611547e+00 6.338727377323838e-01;
2.440500380284951e-01 -1.300146484098597e+00;

1.170555315225927e+00 4.573191931847596e-01;
-4.573191931847595e-01 1.170555315225927e+00;
1.170555315225927e+00 4.573191931847596e-01;
7.966578839659426e-01 -9.719448576816155e-01;
4.573191931847593e-01 -1.170555315225927e+00;

-3.561294412183482e-01 -3.548594091862967e-01;
3.548594091862967e-01 -3.561294412183482e-01;
4.853819837364439e-01 -1.309874385374983e-01;
-3.561294412183482e-01 -3.548594091862967e-01;
-3.561294412183482e-01 -3.548594091862967e-01;

-3.725403966205089e-01 -1.546655466195463e-01;
1.546655466195463e-01 -3.725403966205089e-01;
3.202144907729879e-01 -2.452966740995180e-01;
-3.725403966205089e-01 -1.546655466195463e-01;
1.546655466195463e-01 -3.725403966205089e-01;

-5.438061677196007e-01 -2.071408681127991e-02;
2.071408681127987e-02 -5.438061677196007e-01;
2.898420092545648e-01 -4.605929125741954e-01;
-5.438061677196007e-01 -2.071408681127991e-02;
5.438061677196007e-01 2.071408681127984e-02;

-8.050136735255302e-01 -4.408767707202788e-01;
4.408767707202788e-01 -8.050136735255302e-01;
7.843173201449738e-01 -4.767239063068023e-01;
-8.050136735255302e-01 -4.408767707202788e-01;
-4.408767707202786e-01 8.050136735255303e-01;

-4.796331002671849e-01 -1.680558157459945e-01;
1.680558157459945e-01 -4.796331002671849e-01;
3.853571558233405e-01 -3.313465414542738e-01;
1.161579961922241e-02 -5.080902885090102e-01;
-4.796331002671849e-01 -1.680558157459945e-01;

-3.633996393987730e-01 -2.618308665747042e-02;
2.618308665747040e-02 -3.633996393987730e-01;
2.043750378942452e-01 -3.016217761167066e-01;
-8.739506914164065e-02 -3.537046138118623e-01;
2.618308665747040e-02 -3.633996393987730e-01;

-4.018268304501799e-01 1.202194352824623e-01;
-1.202194352824623e-01 -4.018268304501799e-01;
9.680033024185826e-02 -4.081019607332694e-01;
-2.385067967156355e-01 -3.450101769654314e-01;
4.018268304501799e-01 -1.202194352824624e-01;

-6.938502784675665e-01 1.136930193036224e-01;
-1.136930193036225e-01 -6.938502784675665e-01;
2.484640962838915e-01 -6.577384772276307e-01;
-3.225400144642485e-01 -6.247577535631677e-01;
1.136930193036225e-01 6.938502784675665e-01;

-7.818795302462855e-01 4.996186569782390e-03;
-4.996186569782438e-03 -7.818795302462855e-01;
3.866129406316644e-01 -6.796256291772178e-01;
6.296171427397258e-01 -4.636192567901552e-01;
-7.818795302462855e-01 4.996186569782390e-03;

-4.428302461421770e-01 9.464915084090235e-02;
-9.464915084090238e-02 -4.428302461421770e-01;
1.394465539962417e-01 -4.308268181436923e-01;
3.026238197459740e-01 -3.368618594848654e-01;
-9.464915084090238e-02 -4.428302461421770e-01;

-3.620512597336461e-01 2.848215462933652e-01;
-2.848215462933652e-01 -3.620512597336461e-01;
-6.563706476839684e-02 -4.559563615481781e-01;
1.254917175129998e-01 -4.432338623608322e-01;
3.620512597336460e-01 -2.848215462933653e-01;

-5.610242546213960e-01 6.040340352282613e-01;
-6.040340352282613e-01 -5.610242546213960e-01;
-2.425966919474009e-01 -7.878782742554887e-01;
9.883585845536277e-02 -8.184355827253730e-01;
6.040340352282614e-01 5.610242546213959e-01;

-1.398871185574464e+00 -9.980479545526425e-01;
9.980479545526424e-01 -1.398871185574464e+00;
1.563770475624917e+00 -7.124340060532205e-01;
5.450726933044604e-01 1.629673609171800e+00;
-1.398871185574464e+00 -9.980479545526425e-01;

-7.330376826250666e-01 6.246957107871830e-02;
-6.246957107871835e-02 -7.330376826250666e-01;
3.124186057948454e-01 -6.660640406239416e-01;
6.297586353580150e-01 3.803297945876677e-01;
-6.246957107871835e-02 -7.330376826250666e-01;

-4.994676018406095e-01 5.521885135224419e-01;
-5.521885135224419e-01 -4.994676018406094e-01;
-2.284754794680972e-01 -7.086458883224799e-01;
7.286460427625471e-01 -1.531502011784969e-01;
4.994676018406094e-01 -5.521885135224420e-01;

-6.890716608141922e-02 1.840246937348775e+00;
-1.840246937348775e+00 -6.890716608141911e-02;
-1.559247013939840e+00 -9.797988250036895e-01;
1.137417078744086e+00 -1.448288430161682e+00;
1.840246937348775e+00 6.890716608141889e-02;

-3.125420504005255e-01 -6.829010108104135e-01;
6.829010108104135e-01 -3.125420504005256e-01;
7.476806488321525e-01 7.078115000747510e-02;
-7.460582613463447e-01 8.621713583342083e-02;
-3.125420504005255e-01 -6.829010108104135e-01;

-5.451048093241000e-01 -2.877360170237686e-01;
2.877360170237685e-01 -5.451048093241000e-01;
5.217391049883852e-01 -3.282066040878590e-01;
-4.420998637599304e-01 4.295101618174089e-01;
2.877360170237685e-01 -5.451048093241000e-01;

-1.003176717474618e+00 1.260349766283867e-01;
-1.260349766283867e-01 -1.003176717474618e+00;
3.924388672117479e-01 -9.317940101322971e-01;
-1.901322682573975e-01 9.930247038136385e-01;
1.003176717474618e+00 -1.260349766283868e-01;

-8.455137730748987e-01 -2.771328475369532e+00;
2.771328475369532e+00 -8.455137730748989e-01;
2.822797748438661e+00 6.534278309522720e-01;
-2.896968130152733e+00 -5.225621238421346e-02;
-2.771328475369532e+00 8.455137730748993e-01;

-6.203043256478875e-01 -1.485134903956367e-01;
1.485134903956366e-01 -6.203043256478875e-01;
1.815357073366265e-01 6.114560492862640e-01;
-6.203043256478875e-01 -1.485134903956367e-01;
-6.203043256478875e-01 -1.485134903956367e-01;

-4.151812334021687e-01 1.525082444265204e-02;
-1.525082444265207e-02 -4.151812334021687e-01;
2.207982180970779e-01 3.519320830795083e-01;
-4.151812334021687e-01 1.525082444265204e-02;
-1.525082444265207e-02 -4.151812334021687e-01;

-4.110214125646032e-01 2.040398295403081e-01;
-2.040398295403082e-01 -4.110214125646032e-01;
3.822143820480551e-01 2.539350700101566e-01;
-4.110214125646032e-01 2.040398295403081e-01;
4.110214125646032e-01 -2.040398295403082e-01;

-7.578971356830380e-01 3.647478725360278e-01;
-3.647478725360279e-01 -7.578971356830380e-01;
6.948294914340477e-01 4.739842366889581e-01;
-7.578971356830380e-01 3.647478725360278e-01;
3.647478725360280e-01 7.578971356830378e-01;

-4.880216633017031e-01 9.605788223004297e-02;
-9.605788223004300e-02 -4.880216633017031e-01;
3.271993978958028e-01 3.746102169013891e-01;
-2.421634624197497e-01 -4.344526649235336e-01;
-4.880216633017031e-01 9.605788223004297e-02;

-3.224165022803920e-01 9.510866672507515e-02;
-9.510866672507516e-02 -3.224165022803920e-01;
2.435747726441790e-01 2.316665482116052e-01;
-1.900858957165969e-01 -2.772461211244668e-01;
-9.510866672507516e-02 -3.224165022803920e-01;

-2.750327303302510e-01 1.973809040390970e-01;
-1.973809040390970e-01 -2.750327303302510e-01;
3.084532422849220e-01 1.394948793186436e-01;
-2.727101826600012e-01 -2.005776166618612e-01;
2.750327303302510e-01 -1.973809040390970e-01;

-3.877358983995117e-01 3.238431037211175e-01;
-3.238431037211175e-01 -3.877358983995117e-01;
4.743243038626426e-01 1.738675861126002e-01;
-4.278100759859033e-01 -2.686857302134571e-01;
3.238431037211176e-01 3.877358983995117e-01;

-4.585470233613084e-01 3.442810732323621e-01;
-3.442810732323621e-01 -4.585470233613084e-01;
5.274296671420506e-01 2.249728344444482e-01;
1.686089971299371e-01 -5.480564169010160e-01;
-4.585470233613084e-01 3.442810732323621e-01;

-3.062956228781833e-01 2.019978371397431e-01;
-2.019978371397431e-01 -3.062956228781833e-01;
3.280830699116210e-01 1.642608719106131e-01;
1.290670145453924e-01 -3.434557330425683e-01;
-2.019978371397431e-01 -3.062956228781833e-01;

-2.026773861538967e-01 2.648954810041957e-01;
-2.648954810041957e-01 -2.026773861538967e-01;
3.307449089742801e-01 4.307602467980497e-02;
8.267792640808852e-03 -3.334357244199676e-01;
2.026773861538967e-01 -2.648954810041957e-01;

-2.045235754876127e-01 4.188850407597526e-01;
-4.188850407597526e-01 -2.045235754876127e-01;
4.650268743070321e-01 -3.231990833477959e-02;
-8.075140104470800e-02 -4.591010580818275e-01;
4.188850407597526e-01 2.045235754876127e-01;

-7.027495681261967e-01 8.356960513014078e-01;
-8.356960513014078e-01 -7.027495681261967e-01;
1.075108794332461e+00 1.907509528451250e-01;
1.059746157757770e+00 -2.630264754353938e-01;
-7.027495681261967e-01 8.356960513014078e-01;

-4.207875397018241e-01 3.304173523486463e-01;
-3.304173523486463e-01 -4.207875397018241e-01;
4.965435908360337e-01 1.992040228034093e-01;
5.346387174520587e-01 -1.998054310126411e-02;
-3.304173523486463e-01 -4.207875397018241e-01;

-1.964667478202462e-01 3.932530614922589e-01;
-3.932530614922589e-01 -1.964667478202462e-01;
4.388005152784233e-01 -2.648133613488544e-02;
3.900932877801712e-01 -2.026681529026085e-01;
1.964667478202462e-01 -3.932530614922589e-01;

-5.398343820123842e-02 6.276390691986665e-01;
-6.276390691986665e-01 -5.398343820123837e-02;
5.705430974342834e-01 -2.670685057334338e-01;
4.125905075571428e-01 -4.760400044726648e-01;
6.276390691986665e-01 5.398343820123830e-02;

-1.400758073330051e+00 -3.592953018596156e-01;
3.592953018596154e-01 -1.400758073330051e+00;
3.892201777942008e-01 1.392739726989777e+00;
-7.745681877747158e-01 1.221171739119892e+00;
-1.400758073330051e+00 -3.592953018596156e-01;

-6.243755459950435e-01 1.133976820062138e-01;
-1.133976820062138e-01 -6.243755459950435e-01;
4.103930463451727e-01 4.840262433303798e-01;
-8.509505017982964e-02 6.288582424965768e-01;
-1.133976820062138e-01 -6.243755459950435e-01;

-4.294960580819725e-01 4.550076001986368e-01;
-4.550076001986368e-01 -4.294960580819724e-01;
6.087961697279991e-01 1.444506970249462e-01;
3.000163621683547e-01 5.490801057930821e-01;
4.294960580819724e-01 -4.550076001986368e-01;

-3.940318480207505e-01 1.290488895770186e+00;
-1.290488895770186e+00 -3.940318480207504e-01;
1.314612091049085e+00 -3.040028575989948e-01;
1.105565336165395e+00 7.735295565331038e-01;
1.290488895770186e+00 3.940318480207503e-01;

-1.011341082950199e+00 1.924506777829727e+00;
1.011341082950199e+00 -1.924506777829727e+00;
-1.011341082950199e+00 1.924506777829727e+00;
-1.011341082950199e+00 1.924506777829727e+00;
-1.011341082950199e+00 1.924506777829727e+00;

-5.645949885723615e-01 4.438838563745577e-01;
5.645949885723615e-01 -4.438838563745578e-01;
-5.645949885723615e-01 4.438838563745577e-01;
-5.645949885723615e-01 4.438838563745577e-01;
-4.438838563745578e-01 -5.645949885723615e-01;

-1.862366051043634e-01 5.057343232789208e-01;
1.862366051043634e-01 -5.057343232789208e-01;
-1.862366051043634e-01 5.057343232789208e-01;
-1.862366051043634e-01 5.057343232789208e-01;
1.862366051043634e-01 -5.057343232789208e-01;

1.395487983425364e-01 7.505730479113448e-01;
-1.395487983425365e-01 -7.505730479113448e-01;
1.395487983425364e-01 7.505730479113448e-01;
1.395487983425364e-01 7.505730479113448e-01;
7.505730479113448e-01 -1.395487983425366e-01;

-3.708455271227084e-01 6.501762672291781e-01;
3.708455271227084e-01 -6.501762672291781e-01;
-3.708455271227084e-01 6.501762672291781e-01;
-7.329519458576214e-01 -1.517795391958796e-01;
-3.708455271227084e-01 6.501762672291781e-01;

-3.094917484418072e-01 3.238073047122084e-01;
3.094917484418071e-01 -3.238073047122084e-01;
-3.094917484418072e-01 3.238073047122084e-01;
-4.035972570578507e-01 -1.942821840363417e-01;
-3.238073047122084e-01 -3.094917484418072e-01;

-1.470048791474873e-01 3.366925172413783e-01;
1.470048791474873e-01 -3.366925172413783e-01;
-1.470048791474873e-01 3.366925172413783e-01;
-3.656406184228401e-01 -3.576623853393343e-02;
1.470048791474873e-01 -3.366925172413783e-01;

-4.953331211346400e-02 4.848648180467750e-01;
4.953331211346394e-02 -4.848648180467750e-01;
-4.953331211346400e-02 4.848648180467750e-01;
-4.764404799563882e-01 1.027224894917786e-01;
4.848648180467750e-01 4.953331211346391e-02;

-2.529076078710686e-02 5.484904475005404e-01;
2.529076078710680e-02 -5.484904475005404e-01;
-2.529076078710686e-02 5.484904475005404e-01;
-3.019339407866757e-01 -4.586036294901752e-01;
-2.529076078710686e-02 5.484904475005404e-01;

-1.582330067861843e-01 3.728490463852487e-01;
1.582330067861842e-01 -3.728490463852487e-01;
-1.582330067861843e-01 3.728490463852487e-01;
-9.114197923549203e-02 -3.946482426769732e-01;
-3.728490463852487e-01 -1.582330067861843e-01;

-5.008549075773504e-02 3.090049760237299e-01;
5.008549075773500e-02 -3.090049760237299e-01;
-5.008549075773504e-02 3.090049760237299e-01;
-1.411085545971207e-01 -2.794297897708483e-01;
5.008549075773500e-02 -3.090049760237299e-01;

4.975781227286671e-02 3.635678388230061e-01;
-4.975781227286675e-02 -3.635678388230061e-01;
4.975781227286671e-02 3.635678388230061e-01;
-2.539547295996774e-01 -2.648856519756552e-01;
3.635678388230061e-01 -4.975781227286678e-02;

2.680954076570294e-01 5.475442074088839e-01;
-2.680954076570294e-01 -5.475442074088839e-01;
2.680954076570294e-01 5.475442074088839e-01;
1.049446691846968e-01 -6.005550957934885e-01;
2.680954076570294e-01 5.475442074088839e-01;

-4.263319487592558e-02 5.155333075120472e-01;
4.263319487592552e-02 -5.155333075120472e-01;
-4.263319487592558e-02 5.155333075120472e-01;
3.375138544002645e-01 -3.920160437373919e-01;
-5.155333075120472e-01 -4.263319487592555e-02;

3.691323978422074e-02 3.523607884995594e-01;
-3.691323978422079e-02 -3.523607884995594e-01;
3.691323978422074e-02 3.523607884995594e-01;
1.772490366633162e-01 -3.067629240070008e-01;
-3.691323978422079e-02 -3.523607884995594e-01;

1.697491197046898e-01 3.401297666261908e-01;
-1.697491197046899e-01 -3.401297666261908e-01;
1.697491197046898e-01 3.401297666261908e-01;
6.259333806727417e-02 -3.749467906454195e-01;
3.401297666261907e-01 -1.697491197046899e-01;

8.309981244516599e-01 7.784786689214701e-01;
-8.309981244516600e-01 -7.784786689214700e-01;
8.309981244516599e-01 7.784786689214701e-01;
9.971697536238119e-01 -5.497630428336798e-01;
8.309981244516599e-01 7.784786689214701e-01;

-2.052412463364168e-01 9.022514232769201e-01;
2.052412463364167e-01 -9.022514232769201e-01;
-2.052412463364168e-01 9.022514232769201e-01;
7.946690623794440e-01 4.740070477323401e-01;
-9.022514232769201e-01 -2.052412463364167e-01;

5.641547460923081e-02 5.107142871683340e-01;
-5.641547460923087e-02 -5.107142871683340e-01;
5.641547460923081e-02 5.107142871683340e-01;
5.031514911764591e-01 1.041650892581095e-01;
-5.641547460923087e-02 -5.107142871683340e-01;

3.227124786997362e-01 4.367560998483168e-01;
-3.227124786997362e-01 -4.367560998483168e-01;
3.227124786997362e-01 4.367560998483168e-01;
5.151033750074802e-01 -1.719527485070939e-01;
4.367560998483168e-01 -3.227124786997362e-01;

-9.102317306920115e-01 -1.831953143878316e-01;
9.102317306920115e-01 1.831953143878315e-01;
6.137676614601446e-01 -6.966861449160420e-01;
-9.102317306920115e-01 -1.831953143878316e-01;
-9.102317306920115e-01 -1.831953143878316e-01;

-5.085307666290694e-01 6.326144664429822e-02;
5.085307666290694e-01 -6.326144664429828e-02;
1.994793634404185e-01 -4.720312858288991e-01;
-5.085307666290694e-01 6.326144664429822e-02;
-6.326144664429825e-02 -5.085307666290694e-01;

-4.289642685926358e-01 3.243896448748951e-01;
4.289642685926357e-01 -3.243896448748951e-01;
-6.644753888995393e-02 -5.336887763544813e-01;
-4.289642685926358e-01 3.243896448748951e-01;
4.289642685926357e-01 -3.243896448748951e-01;

-7.443738579596252e-01 8.255212155465247e-01;
7.443738579596251e-01 -8.255212155465248e-01;
-3.427354150464873e-01 -1.057407278679327e+00;
-7.443738579596252e-01 8.255212155465247e-01;
8.255212155465248e-01 7.443738579596251e-01;

-5.888222759718007e-01 2.117631092122042e-01;
5.888222759718007e-01 -2.117631092122043e-01;
1.110189058237529e-01 -6.158166039118530e-01;
-3.833547748690108e-01 -4.945648629744752e-01;
-5.888222759718007e-01 2.117631092122042e-01;

-3.572714568865498e-01 1.489701435925892e-01;
3.572714568865498e-01 -1.489701435925893e-01;
4.962379968667694e-02 -3.838912295071235e-01;
-2.520819775801969e-01 -2.937510411336299e-01;
-1.489701435925892e-01 -3.572714568865498e-01;

-2.665708498088777e-01 2.588163526836009e-01;
2.665708498088777e-01 -2.588163526836010e-01;
-9.085611143439237e-02 -3.602653041846947e-01;
-3.285239015393983e-01 -1.735452923636971e-01;
2.665708498088777e-01 -2.588163526836010e-01;

-3.362493706300160e-01 4.550291418762273e-01;
3.362493706300159e-01 -4.550291418762273e-01;
-2.259421110120385e-01 -5.187150679102365e-01;
-5.366652003581331e-01 -1.791804172622176e-01;
4.550291418762273e-01 3.362493706300159e-01;

-4.031755738323388e-01 5.224485223242586e-01;
4.031755738323388e-01 -5.224485223242586e-01;
-2.508659055862801e-01 -6.103845502863032e-01;
1.908835444303918e-02 -6.596503896296083e-01;
-4.031755738323388e-01 5.224485223242586e-01;

-3.012854654463308e-01 2.757081130541222e-01;
3.012854654463307e-01 -2.757081130541222e-01;
-8.812749721117653e-02 -3.987749233946022e-01;
8.168789891364862e-02 -4.001437022672609e-01;
-2.757081130541222e-01 -3.012854654463308e-01;

-1.639973904222081e-01 3.071080658030104e-01;
1.639973904222081e-01 -3.071080658030104e-01;
-1.839646914814060e-01 -2.955799391614921e-01;
-4.783691605436636e-02 -3.448508918488798e-01;
1.639973904222081e-01 -3.071080658030104e-01;

-1.038018361782912e-01 4.571358879637846e-01;
1.038018361782911e-01 -4.571358879637846e-01;
-3.439903738690489e-01 -3.184629710717630e-01;
-1.847202837231751e-01 -4.308438905678626e-01;
4.571358879637846e-01 1.038018361782911e-01;

-1.622848730339118e-01 1.148737364825071e+00;
1.622848730339117e-01 -1.148737364825071e+00;
-9.136933036979481e-01 -7.149115051098349e-01;
8.065021020159101e-01 -8.339593951774864e-01;
-1.622848730339118e-01 1.148737364825071e+00;

-3.693974733592760e-01 4.821815820581922e-01;
3.693974733592759e-01 -4.821815820581923e-01;
-2.328827626197275e-01 -5.609983870520144e-01;
5.822680564876794e-01 -1.729667071849916e-01;
-4.821815820581922e-01 -3.693974733592759e-01;

-1.077219159974840e-01 4.301631422119144e-01;
1.077219159974839e-01 -4.301631422119144e-01;
-3.186712509285141e-01 -3.083714869041115e-01;
3.399924117805481e-01 -2.846919388311563e-01;
1.077219159974839e-01 -4.301631422119144e-01;

1.067464135745558e-01 5.561748422560727e-01;
-1.067464135745559e-01 -5.561748422560727e-01;
-5.350347491268398e-01 -1.856423152095908e-01;
2.405517073038198e-01 -5.126988668632054e-01;
5.561748422560727e-01 -1.067464135745559e-01;

-4.930556062306090e+00 -4.727119998123070e-01;
4.930556062306090e+00 4.727119998123064e-01;
2.874658631664247e+00 -4.033630804834291e+00;
-1.973201442723411e+00 4.543161430627811e+00;
-4.930556062306090e+00 -4.727119998123070e-01;

-7.962718089667912e-01 3.196094972108672e-01;
7.962718089667912e-01 -3.196094972108673e-01;
1.213459606080127e-01 -8.493963634880642e-01;
5.790517387979304e-02 8.560642588617867e-01;
-3.196094972108672e-01 -7.962718089667912e-01;

-2.958676460194128e-01 6.192269676955392e-01;
2.958676460194127e-01 -6.192269676955392e-01;
-3.883324617230366e-01 -5.658423814584828e-01;
4.974917119868214e-01 4.727385091008584e-01;
2.958676460194127e-01 -6.192269676955392e-01;

3.133221004877744e-01 1.069130140915387e+00;
-3.133221004877745e-01 -1.069130140915387e+00;
-1.082554912228249e+00 -2.632201718681799e-01;
1.113625041049112e+00 3.239235737315379e-02;
1.069130140915387e+00 -3.133221004877746e-01;

-5.699543080932850e-01 4.020470401659240e-01;
5.699543080932850e-01 -4.020470401659241e-01;
6.331601043466754e-01 2.925713897222051e-01;
-5.699543080932850e-01 4.020470401659240e-01;
-5.699543080932850e-01 4.020470401659240e-01;

-3.508349603729906e-01 2.187941519334331e-01;
3.508349603729906e-01 -2.187941519334332e-01;
3.648987739603207e-01 1.944349122520000e-01;
-3.508349603729906e-01 2.187941519334331e-01;
-2.187941519334332e-01 -3.508349603729906e-01;

-2.213257275123815e-01 2.990786909245677e-01;
2.213257275123815e-01 -2.990786909245677e-01;
3.696726078274608e-01 4.213435707451080e-02;
-2.213257275123815e-01 2.990786909245677e-01;
2.213257275123815e-01 -2.990786909245677e-01;

-2.093897132254267e-01 4.977138503176795e-01;
2.093897132254266e-01 -4.977138503176795e-01;
5.357276948031893e-01 -6.752011421448206e-02;
-2.093897132254267e-01 4.977138503176795e-01;
4.977138503176795e-01 2.093897132254266e-01;

-3.164073386794307e-01 3.086388199859877e-01;
3.164073386794306e-01 -3.086388199859878e-01;
4.254927280416331e-01 1.196973832472195e-01;
-3.913082057262143e-01 -2.055466207551797e-01;
-3.164073386794307e-01 3.086388199859877e-01;

-2.407585993596092e-01 1.957885270547863e-01;
2.407585993596092e-01 -1.957885270547863e-01;
2.899371378787864e-01 1.106087996975882e-01;
-2.606044532153131e-01 -1.684730526114824e-01;
-1.957885270547863e-01 -2.407585993596092e-01;

-1.614239900822735e-01 2.298064869722702e-01;
1.614239900822735e-01 -2.298064869722702e-01;
2.797302507135804e-01 2.489403270536092e-02;
-2.684417131571104e-01 -8.250922776207402e-02;
1.614239900822735e-01 -2.298064869722702e-01;

-1.573001737526290e-01 3.318874888908881e-01;
1.573001737526289e-01 -3.318874888908881e-01;
3.660730834540493e-01 -2.971779795596139e-02;
-3.642521858942089e-01 -4.704248097408662e-02;
3.318874888908882e-01 1.573001737526289e-01;

-1.708499659355757e-01 3.672264666735277e-01;
1.708499659355756e-01 -3.672264666735277e-01;
4.034524320490624e-01 -3.565282260084954e-02;
-7.762977543191142e-02 -3.975155426547520e-01;
-1.708499659355757e-01 3.672264666735277e-01;

-1.756758802295815e-01 2.460392925137794e-01;
1.756758802295815e-01 -2.460392925137794e-01;
3.009142177608742e-01 2.912012885412019e-02;
-2.493495016564146e-03 -3.023096605100832e-01;
-2.460392925137794e-01 -1.756758802295815e-01;

-9.843498950054864e-02 2.394410015255103e-01;
9.843498950054862e-02 -2.394410015255103e-01;
2.565794847789547e-01 -3.447329923402564e-02;
-6.110431014377116e-02 -2.515704745222824e-01;
9.843498950054862e-02 -2.394410015255103e-01;

-5.836876979607941e-02 3.095903739328950e-01;
5.836876979607938e-02 -3.095903739328950e-01;
2.972975134910503e-01 -1.042463495353970e-01;
-1.347513293436804e-01 -2.847721758871966e-01;
3.095903739328950e-01 5.836876979607936e-02;

-6.496628438969601e-02 5.203136448989736e-01;
6.496628438969594e-02 -5.203136448989736e-01;
4.830879766130345e-01 -2.038943697785259e-01;
3.583915151708194e-01 -3.827563572679393e-01;
-6.496628438969601e-02 5.203136448989736e-01;

-1.654601646601395e-01 3.475099848884853e-01;
1.654601646601395e-01 -3.475099848884853e-01;
3.836825573122444e-01 -3.046228653420581e-02;
3.381213292439618e-01 -1.838864388606516e-01;
-3.475099848884853e-01 -1.654601646601395e-01;

-6.115213282584205e-02 2.973626873082979e-01;
6.115213282584202e-02 -2.973626873082979e-01;
2.880997077595154e-01 -9.572204313136962e-02;
2.242585168802560e-01 -2.046271457041561e-01;
6.115213282584202e-02 -2.973626873082979e-01;

2.806232539093333e-02 3.584174105078019e-01;
-2.806232539093338e-02 -3.584174105078019e-01;
2.963674199629253e-01 -2.035113919317144e-01;
1.879695699183986e-01 -3.064603971904968e-01;
3.584174105078019e-01 -2.806232539093340e-02;

-2.777927355825294e-01 8.944432430255582e-01;
2.777927355825293e-01 -8.944432430255582e-01;
9.135069384947364e-01 -2.066460555115358e-01;
7.648233985267192e-01 5.405947539539596e-01;
-2.777927355825294e-01 8.944432430255582e-01;

-3.322664451095975e-01 4.087903605118366e-01;
3.322664451095974e-01 -4.087903605118367e-01;
5.201560595802484e-01 8.335600203414058e-02;
2.861067579640111e-01 4.423273363025275e-01;
-4.087903605118366e-01 -3.322664451095975e-01;

-1.220870701426170e-01 3.862776492559070e-01;
1.220870701426170e-01 -3.862776492559070e-01;
3.955697922410590e-01 -8.740832041083471e-02;
3.296448959564893e-01 2.354780617817998e-01;
1.220870701426170e-01 -3.862776492559070e-01;

3.766616986037249e-02 5.235257780682357e-01;
-3.766616986037255e-02 -5.235257780682357e-01;
4.345535384129199e-01 -2.943827489964604e-01;
5.095420892801545e-01 1.259557061268645e-01;
5.235257780682357e-01 -3.766616986037259e-02;

1.019901831631551e+00 5.636664718306883e-02;
5.636664718306864e-02 -1.019901831631551e+00;
1.019901831631551e+00 5.636664718306883e-02;
1.019901831631551e+00 5.636664718306883e-02;
1.019901831631551e+00 5.636664718306883e-02;

3.629995670934636e-01 1.901432269784402e+00;
1.901432269784402e+00 -3.629995670934640e-01;
3.629995670934636e-01 1.901432269784402e+00;
3.629995670934636e-01 1.901432269784402e+00;
-1.901432269784402e+00 3.629995670934638e-01;

2.468153825650122e-01 6.225863338338766e-01;
6.225863338338766e-01 -2.468153825650123e-01;
2.468153825650122e-01 6.225863338338766e-01;
2.468153825650122e-01 6.225863338338766e-01;
-2.468153825650123e-01 -6.225863338338766e-01;

4.898577179852617e-01 3.199703567058035e-01;
3.199703567058034e-01 -4.898577179852618e-01;
4.898577179852617e-01 3.199703567058035e-01;
4.898577179852617e-01 3.199703567058035e-01;
3.199703567058034e-01 -4.898577179852618e-01;

5.680398588726651e-01 8.660344095583971e-01;
8.660344095583969e-01 -5.680398588726652e-01;
5.680398588726651e-01 8.660344095583971e-01;
-6.481136986723390e-01 8.078573595632457e-01;
5.680398588726651e-01 8.660344095583971e-01;

-2.049788816707167e-01 7.360958371721225e-01;
7.360958371721225e-01 2.049788816707166e-01;
-2.049788816707167e-01 7.360958371721225e-01;
-7.634107004845063e-01 3.251962205901168e-02;
-7.360958371721225e-01 -2.049788816707167e-01;

2.226353186505329e-02 4.659239882759464e-01;
4.659239882759464e-01 -2.226353186505338e-02;
2.226353186505329e-02 4.659239882759464e-01;
-4.362402354469559e-01 1.651523075202250e-01;
-2.226353186505334e-02 -4.659239882759464e-01;

2.576224620102043e-01 4.424039430234529e-01;
4.424039430234528e-01 -2.576224620102044e-01;
2.576224620102043e-01 4.424039430234529e-01;
-3.411414339532572e-01 3.817238580115384e-01;
4.424039430234528e-01 -2.576224620102044e-01;

3.280370924893442e-01 4.342411678340370e-01;
4.342411678340370e-01 -3.280370924893442e-01;
3.280370924893442e-01 4.342411678340370e-01;
-5.206281370003335e-01 -1.584931192648212e-01;
3.280370924893442e-01 4.342411678340370e-01;

6.074360592122837e-02 5.137674091241231e-01;
5.137674091241231e-01 -6.074360592122847e-02;
6.074360592122837e-02 5.137674091241231e-01;
-3.511275156815614e-01 -3.799423694058382e-01;
-5.137674091241231e-01 6.074360592122841e-02;

8.193106003062291e-02 3.372105687739291e-01;
3.372105687739291e-01 -8.193106003062296e-02;
8.193106003062291e-02 3.372105687739291e-01;
-2.644910191744002e-01 -2.246512120302611e-01;
-8.193106003062295e-02 -3.372105687739291e-01;

1.964951474914397e-01 2.954124952975675e-01;
2.954124952975675e-01 -1.964951474914398e-01;
1.964951474914397e-01 2.954124952975675e-01;
-3.326070217116163e-01 -1.234967792039387e-01;
2.954124952975675e-01 -1.964951474914398e-01;

3.893179070938271e-01 2.279622409604467e-01;
2.279622409604466e-01 -3.893179070938272e-01;
3.893179070938271e-01 2.279622409604467e-01;
-1.809719597372994e-01 -4.132606512559209e-01;
3.893179070938271e-01 2.279622409604467e-01;

2.914877775382765e-01 4.443457968762454e-01;
4.443457968762453e-01 -2.914877775382765e-01;
2.914877775382765e-01 4.443457968762454e-01;
2.536134064095407e-02 -5.308155179124691e-01;
-4.443457968762454e-01 2.914877775382765e-01;

1.805220266629882e-01 2.982117341298989e-01;
2.982117341298989e-01 -1.805220266629882e-01;
1.805220266629882e-01 2.982117341298989e-01;
2.923907195275373e-02 -3.473665458195648e-01;
-1.805220266629882e-01 -2.982117341298989e-01;

2.464416557190429e-01 2.083701966902133e-01;
2.083701966902132e-01 -2.464416557190429e-01;
2.464416557190429e-01 2.083701966902133e-01;
-7.689855896681641e-02 -3.134298010258253e-01;
2.083701966902132e-01 -2.464416557190429e-01;

5.359779599262040e-01 7.232397272432767e-02;
7.232397272432757e-02 -5.359779599262040e-01;
5.359779599262040e-01 7.232397272432767e-02;
2.344104837714362e-01 -4.873959947058716e-01;
5.359779599262040e-01 7.232397272432767e-02;

6.814002227899598e-01 5.016320777108368e-01;
5.016320777108367e-01 -6.814002227899599e-01;
6.814002227899598e-01 5.016320777108368e-01;
6.876447051025411e-01 -4.930372851530980e-01;
-5.016320777108368e-01 6.814002227899598e-01;

3.140054442599255e-01 3.533652688471426e-01;
3.533652688471425e-01 -3.140054442599255e-01;
3.140054442599255e-01 3.533652688471426e-01;
4.331033601720360e-01 -1.894410506199176e-01;
-3.140054442599255e-01 -3.533652688471425e-01;

3.518245501970207e-01 1.736026876417519e-01;
1.736026876417518e-01 -3.518245501970207e-01;
3.518245501970207e-01 1.736026876417519e-01;
2.738257323772413e-01 -2.809588503070209e-01;
1.736026876417518e-01 -3.518245501970207e-01;

4.008215490064136e-01 -1.671775784463676e+00;
-1.671775784463676e+00 -4.008215490064133e-01;
1.247389524273995e+00 1.183009536055621e+00;
4.008215490064136e-01 -1.671775784463676e+00;
4.008215490064136e-01 -1.671775784463676e+00;

-1.312470650660196e+00 -1.977456204204011e-01;
-1.977456204204008e-01 1.312470650660196e+00;
8.274880561012798e-01 -1.037760114983021e+00;
-1.312470650660196e+00 -1.977456204204011e-01;
1.977456204204010e-01 -1.312470650660196e+00;

-4.317269661286634e-01 1.137593809068587e+00;
1.137593809068587e+00 4.317269661286632e-01;
-7.693216547769692e-01 -9.426834247004997e-01;
-4.317269661286634e-01 1.137593809068587e+00;
4.317269661286632e-01 -1.137593809068587e+00;

1.320208979345664e+00 7.059797394843953e-01;
7.059797394843951e-01 -1.320208979345664e+00;
-1.271500878623438e+00 7.903446446754726e-01;
1.320208979345664e+00 7.059797394843953e-01;
7.059797394843951e-01 -1.320208979345664e+00;

-2.352350754248647e+00 1.413512392808726e+00;
1.413512392808727e+00 2.352350754248647e+00;
-4.796226361216201e-02 -2.743951708195177e+00;
-2.071246531838252e+00 -1.800419162302503e+00;
-2.352350754248647e+00 1.413512392808726e+00;

-6.504196908794543e-01 3.495265219116334e-01;
3.495265219116335e-01 6.504196908794542e-01;
2.251099816783422e-02 -7.380432363790458e-01;
-5.334102142398911e-01 -5.105762500821223e-01;
-3.495265219116335e-01 -6.504196908794543e-01;

-2.583568211212559e-01 5.315928730630324e-01;
5.315928730630324e-01 2.583568211212557e-01;
-3.311945219827147e-01 -4.895400068635157e-01;
-5.854115142818158e-01 -8.144070639159047e-02;
2.583568211212558e-01 -5.315928730630324e-01;

1.214886946084894e-01 9.200176690251405e-01;
9.200176690251405e-01 -1.214886946084896e-01;
-8.575030206105601e-01 -3.547965387090086e-01;
-8.374467279745864e-01 3.998437095175899e-01;
9.200176690251405e-01 -1.214886946084896e-01;

3.375473785813272e-01 1.075388891373801e+00;
1.075388891373801e+00 -3.375473785813274e-01;
-1.100087788167960e+00 -2.453698408546277e-01;
-9.051792965076807e-01 -6.716025176033510e-01;
3.375473785813272e-01 1.075388891373801e+00;

-2.973718533594501e-01 6.286164888943105e-01;
6.286164888943105e-01 2.973718533594500e-01;
-3.957119219405265e-01 -5.718398238268998e-01;
-1.289126185033811e-01 -6.833522123113723e-01;
-6.286164888943105e-01 -2.973718533594500e-01;

-3.378619985844267e-02 4.561017786852808e-01;
4.561017786852808e-01 3.378619985844258e-02;
-3.781026271234997e-01 -2.573105967173899e-01;
-2.407562891947450e-01 -3.888531201288319e-01;
3.378619985844261e-02 -4.561017786852808e-01;

2.054540094909241e-01 4.934540807780798e-01;
4.934540807780798e-01 -2.054540094909242e-01;
-5.300707743003776e-01 -6.879864886053033e-02;
-4.562608166055235e-01 -2.784499004900116e-01;
4.934540807780798e-01 -2.054540094909242e-01;

7.664808369773610e-01 3.581117369151654e-01;
3.581117369151652e-01 -7.664808369773611e-01;
-6.933742800505831e-01 4.847360078787710e-01;
-4.096032253458425e-01 -7.402446131895830e-01;
7.664808369773610e-01 3.581117369151654e-01;

2.011664134892998e-01 1.008369191209261e+00;
1.008369191209261e+00 -2.011664134893000e-01;
-9.738565427254383e-01 -3.299693711346922e-01;
4.299574922485914e-01 -9.340304633979933e-01;
-1.008369191209261e+00 2.011664134892999e-01;

1.703179965610186e-01 4.853822516329764e-01;
4.853822516329763e-01 -1.703179965610187e-01;
-5.055123587407576e-01 -9.519141407297532e-02;
1.475103755686198e-01 -4.927928969176218e-01;
-1.703179965610186e-01 -4.853822516329764e-01;

3.603064409421114e-01 3.264265702897853e-01;
3.264265702897852e-01 -3.603064409421115e-01;
-4.628469228122364e-01 1.488212458581335e-01;
-9.962530993217335e-02 -4.758674550717266e-01;
3.264265702897852e-01 -3.603064409421115e-01;

8.845448328941382e-01 -3.325765868995497e-01;
-3.325765868995499e-01 -8.845448328941381e-01;
-1.542526434881359e-01 9.323265895223597e-01;
-4.295974448718170e-02 -9.440239445623552e-01;
8.845448328941382e-01 -3.325765868995497e-01;

5.897311131921858e+00 4.346902536192035e+00;
4.346902536192034e+00 -5.897311131921859e+00;
-6.713183590078235e+00 2.933769986169075e+00;
5.956519343625775e+00 -4.265409424059333e+00;
-4.346902536192035e+00 5.897311131921858e+00;

4.535283348605921e-01 7.742574549886353e-01;
7.742574549886352e-01 -4.535283348605922e-01;
-8.972907925199407e-01 5.638331831010928e-03;
8.765105607595379e-01 -1.920723665806725e-01;
-4.535283348605922e-01 -7.742574549886352e-01;

6.162258979792004e-01 2.168942570683616e-01;
2.168942570683615e-01 -6.162258979792004e-01;
-4.959488855457537e-01 4.252201535856846e-01;
3.967029713813968e-01 -5.190416443664988e-01;
2.168942570683615e-01 -6.162258979792004e-01;

8.871588165115182e-02 2.109194987880459e+00;
2.109194987880459e+00 -8.871588165115221e-02;
1.782258500213712e+00 -1.131427701169262e+00;
8.871588165115182e-02 2.109194987880459e+00;
8.871588165115182e-02 2.109194987880459e+00;

-5.380933571621536e-01 5.793276137051688e-01;
5.793276137051689e-01 5.380933571621535e-01;
7.707591091635709e-01 1.763387100574934e-01;
-5.380933571621536e-01 5.793276137051688e-01;
-5.793276137051688e-01 -5.380933571621536e-01;

-1.186734665511523e-01 5.265630641744679e-01;
5.265630641744679e-01 1.186734665511522e-01;
5.153537235452409e-01 -1.605072952987734e-01;
-1.186734665511523e-01 5.265630641744679e-01;
1.186734665511523e-01 -5.265630641744679e-01;

2.300874689592966e-01 6.581678302265040e-01;
6.581678302265040e-01 -2.300874689592967e-01;
4.549463264501875e-01 -5.283455083244666e-01;
2.300874689592966e-01 6.581678302265040e-01;
6.581678302265040e-01 -2.300874689592967e-01;

-2.536132282021883e-01 7.267551377326644e-01;
7.267551377326644e-01 2.536132282021882e-01;
7.561950257084401e-01 -1.437420705074575e-01;
-7.695560070044002e-01 -1.662082499164202e-02;
-2.536132282021883e-01 7.267551377326644e-01;

-2.885683988145767e-01 3.704494456615591e-01;
3.704494456615592e-01 2.885683988145766e-01;
4.651028301680616e-01 6.468284127204288e-02;
-4.414908985276249e-01 -1.599696818232614e-01;
-3.704494456615591e-01 -2.885683988145767e-01;

-1.173476503908482e-01 3.513328151337293e-01;
3.513328151337293e-01 1.173476503908481e-01;
3.629369682843355e-01 -7.404036125397535e-02;
-3.703997814419958e-01 -3.036437018227617e-03;
1.173476503908482e-01 -3.513328151337293e-01;

5.709850073806894e-03 4.744868031271504e-01;
4.744868031271504e-01 -5.709850073806981e-03;
4.080627002316743e-01 -2.421882767792926e-01;
-4.494993253019926e-01 1.520548758926919e-01;
4.744868031271504e-01 -5.709850073806981e-03;

4.192781114359841e-02 5.270491223763896e-01;
5.270491223763896e-01 -4.192781114359850e-02;
4.354740234484474e-01 -2.998351107636275e-01;
-3.437120131186471e-01 -4.017471478217893e-01;
4.192781114359841e-02 5.270491223763896e-01;

-1.216932642247180e-01 3.895483296090187e-01;
3.895483296090187e-01 1.216932642247179e-01;
3.982053815555630e-01 -8.938470651645179e-02;
-1.305188443405910e-01 -3.866807247986900e-01;
-3.895483296090187e-01 -1.216932642247179e-01;

-2.655083027797359e-02 3.083251313768864e-01;
3.083251313768864e-01 2.655083027797353e-02;
2.802928115365448e-01 -1.311688721761492e-01;
-1.597488922248276e-01 -2.650464575503028e-01;
2.655083027797355e-02 -3.083251313768864e-01;

7.528155711387921e-02 3.451038750891828e-01;
3.451038750891828e-01 -7.528155711387928e-02;
2.612279442147443e-01 -2.377476784416601e-01;
-2.637510273545420e-01 -2.349455107306462e-01;
3.451038750891828e-01 -7.528155711387928e-02;

2.910620064578477e-01 4.690424775503922e-01;
4.690424775503922e-01 -2.910620064578478e-01;
2.606716977837079e-01 -4.865883304441627e-01;
4.022214136157441e-02 -5.505452903205765e-01;
2.910620064578477e-01 4.690424775503922e-01;

1.875014136018005e-02 5.011376789484233e-01;
5.011376789484233e-01 -1.875014136018014e-02;
4.246228900828145e-01 -2.668069382166771e-01;
2.793921540466451e-01 -4.164499553608038e-01;
-5.011376789484233e-01 1.875014136018008e-02;

6.186103775383718e-02 3.366652498537294e-01;
3.366652498537294e-01 -6.186103775383724e-02;
2.606301400678462e-01 -2.219058551261561e-01;
1.478402379908583e-01 -3.087289142303683e-01;
-6.186103775383722e-02 -3.366652498537294e-01;

1.796663411181667e-01 3.086595671251694e-01;
3.086595671251693e-01 -1.796663411181667e-01;
1.774738556924214e-01 -3.099253991759177e-01;
3.607241825338998e-02 -3.553160609232840e-01;
3.086595671251693e-01 -1.796663411181667e-01;

7.232678281746997e-01 5.510664894487908e-01;
5.510664894487907e-01 -7.232678281746998e-01;
1.156036649496118e-01 -9.019015576636837e-01;
7.475974260928084e-01 -5.175796707419728e-01;
7.232678281746997e-01 5.510664894487908e-01;

-4.655695345316715e-03 8.929005251510227e-01;
8.929005251510227e-01 4.655695345316551e-03;
7.756023855059099e-01 -4.424183121341865e-01;
8.477601738659096e-01 2.803492659540294e-01;
-8.929005251510227e-01 -4.655695345316660e-03;

1.064995003040297e-01 4.760378756559054e-01;
4.760378756559054e-01 -1.064995003040298e-01;
3.590111433295769e-01 -3.302502105815912e-01;
4.856490791322360e-01 4.581674979749761e-02;
-1.064995003040297e-01 -4.760378756559054e-01;

3.194503588016480e-01 3.721110966885566e-01;
3.721110966885566e-01 -3.194503588016480e-01;
1.625324833615533e-01 -4.627076743145593e-01;
4.526142730202715e-01 -1.888266926988691e-01;
3.721110966885566e-01 -3.194503588016480e-01;

