0
-4.167905582412816e-01 -3.028771682137481e-01
-3.395704514116054e-01 -2.456850174536946e-01
8.546437787686527e-01 6.272150262586818e-01
-3.722939241314620e-01 -2.670865102547563e-01
-1.794619058559698e-01 -1.296032227124276e-01

1
-4.145336459453205e-02 1.958749180145667e-01
1.742019955634908e-02 -3.865683728926309e-01
4.151261388974966e-01 4.122870247481215e-01
-3.466566517443239e-02 3.759319534543932e-01
-1.740631600732727e-01 -2.708662115941309e-01

2
-1.852007154827960e-01 -2.517222450122188e-01
-3.823783844963830e-01 -8.031922689144487e-01
5.408504564044670e-02 -8.018628534825981e-01
2.242601727133628e-01 -2.757266982753176e-01
7.023386359111695e-01 1.010423846473548e+00

3
5.116225649381740e-01 -2.002576283557577e-01
3.779601585403960e-01 -1.644592806342278e-01
1.066958174316535e+00 6.553649612402261e-01
2.692220846726001e-01 -7.568111036202749e-02
2.441390719618044e-01 -1.652685579609653e-01

4
-7.301633852655001e-01 -2.176908539492398e-01
-2.519665279903344e+00 1.137412399153761e+00
9.560553171585053e-01 1.811770513356121e+00
-1.270838159206693e+00 -1.001983324117507e+00
3.189375584426408e-01 1.618308577989324e+00

5
-5.250202244393077e-01 1.075985110903523e-01
1.415150649296855e-01 -1.317668924540849e+00
7.409340707648459e-01 1.253164150446558e+00
2.076293885685234e+00 3.906873167177819e-02
-2.626035685881888e+00 6.095445216287144e-01

6
2.604357178825455e-01 5.904268129892044e-01
-2.590934273943081e+00 -6.619418768321068e-01
-1.036518927858849e+00 2.327443394717837e+00
-4.595742176744772e-01 -2.752635116167137e+00
1.501367558920835e+00 8.900283501852521e-01

7
-9.737265052774459e-02 -3.393960139456977e-02
1.418152713006210e-01 -2.049987577105095e-01
2.638868277447995e-01 3.747344100089955e-01
3.430112130331514e-01 1.863512862941702e-01
3.218004716253968e-01 -1.110984098212359e-01

8
-2.168523280876834e-01 3.035360467864541e-02
-4.991767141412368e-01 -6.745259940362621e-01
-1.797001844971410e-01 4.994231670716289e-01
1.834358811309235e-01 3.126565517568576e-01
-4.116355687677253e-01 -1.267734747097000e-01

9
-2.812867671911873e-01 -3.377218871538010e-01
-1.903070918610394e-01 -2.180641876628892e-01
6.511511004595841e-01 -1.159800618215031e+00
-7.029534733264772e-02 -7.093216617375558e-02
1.048779375239904e+00 1.372695201062880e+00

10
-2.311373554500163e-01 6.030247575650956e-02
-1.722367641170161e-01 3.846591313252061e-02
-5.619235209658120e-02 5.120819276830383e-01
-1.142705196544007e-01 4.664510146128601e-02
8.343788965838743e-01 -2.829563084226973e-01

11
2.310327331388019e-01 -3.610425562095583e-01
8.734859850164737e-01 -7.716854469409021e-01
9.023213317762520e-01 -8.878518855883739e-02
4.058528421054970e-01 1.940630072841640e-01
-7.211770748212143e-02 -5.839700469032234e-01

12
1.167610238459333e-01 -6.937574181316264e-02
-1.155593938344829e-02 -5.221347632442715e-01
2.793658088616809e-01 1.772229551495065e-01
3.044012984859793e-02 2.243260109884917e-01
1.522866538750694e-01 -2.211536713747020e-01

13
-2.899924319418164e-01 -6.474347361030538e-01
-1.222812788195365e+00 -1.494767321351155e+00
-1.452999685430734e+00 -3.794592936342120e-01
-7.148952728724408e-01 2.137095557345281e-01
2.642946749069728e-01 -9.361186173151500e-01

14
-8.004405930312753e-01 -4.444383919797857e-01
-1.311977230986732e+00 1.291286404896563e+00
-6.352730632939161e-01 -6.046218418234351e-01
-8.018041493002388e-01 4.119203486070905e-02
2.896049163682532e+00 1.365849691409589e+00

15
-2.072865333954926e-01 8.669420630909010e-03
-1.347438544454073e-01 1.939719801027480e-03
8.106124906128236e-02 4.695693839429648e-01
-4.558051289394799e-02 -5.008515824703271e-03
7.621734130756355e-01 -1.699319485166143e-01

16
-1.271402876079903e-01 -1.026460812188109e-01
-9.790282970688413e-02 -5.811281631792448e-01
4.332948263451302e-01 -4.653322654369437e-02
-3.297625374879582e-01 -1.039920972429150e-01
3.232405938796510e-01 -1.377834985489765e-01

17
1.524584060600837e-01 -6.943178753779669e-02
-8.215136663620086e-01 9.373777843935176e-02
6.310572964975018e-01 4.265109291443764e-01
-6.850683196029634e-01 3.284880110909226e-01
1.445547196960251e-01 3.632925320682173e-01

18
1.770320886300068e-01 9.117722662498171e-03
-4.356893975293653e-01 -6.048139983766229e-01
5.041437524765956e-01 -4.925281499841097e-01
-7.532588041065025e-01 1.582832572846071e-01
3.831652397794765e-01 2.999675388725902e-01

19
9.608299175171736e-02 -7.205732242445284e-02
-2.417712771408368e-01 -1.694467862200806e-01
1.048509470668040e-01 3.084462931068970e-01
-2.975358456218793e-01 3.459400313394042e-01
4.992337910163013e-01 -3.416496022874200e-01

20
-1.884413341518866e-01 3.705446932692472e-02
-1.391438109385931e-01 2.500064551290428e-02
9.180731627372708e-02 5.362557136528524e-01
-9.908729216976749e-02 3.389213816335774e-02
7.233472956639635e-01 -2.497422840791320e-01

21
1.311576481486885e-01 -1.098129088506773e-01
-1.949017624468996e-01 -7.559688057576176e-01
5.003702752843430e-01 1.432347302503617e-01
1.282670881027142e-01 -3.624510243755823e-01
1.480570238184823e-01 2.937019817106947e-01

22
-2.825170136379184e-01 -1.598923244357987e-01
-9.248507393875924e-01 -2.872980923623816e-02
-2.922476231881068e-01 3.411834570654724e-01
-2.602659513311057e-01 -3.900506572437059e-01
1.131300977097384e+00 4.506771332225613e-01

23
-2.117938760349736e-01 3.494039834664976e-02
-9.747301708001935e-01 1.807025621114359e-01
1.306311263015781e+00 -3.272964682443585e-01
-1.923337784289493e-01 -1.495191121422053e-01
1.509540989686487e-01 2.335772428750892e+00

24
-1.571277464752723e-01 -9.466720674459583e-02
-7.567210510863571e-01 2.707246230168370e-03
-5.116794181443460e-02 7.291096285868293e-01
-1.699228488668614e-01 -3.674491324932385e-01
8.172494184032721e-01 2.003907608093698e-01

25
-2.718059733963325e-02 -1.740093524519331e-02
-2.751071333089679e-02 -5.474077006616394e-01
4.927241749380168e-01 2.698618591535712e-01
2.380185204136486e-01 -2.553229352064079e-01
1.795844988467930e-01 1.985562048885354e-01

26
-7.778078393804139e-02 -8.595383911278760e-02
-6.705627260183822e-02 -5.365114569016645e-01
5.421643629879650e-01 -1.010330206931092e-02
2.476258186265234e-01 -1.461711104351935e-01
1.740573694239599e-01 4.645566478674467e-01

27
-1.044408396094126e-01 -5.232829115746087e-02
1.636885865186182e-01 -9.078213891715913e-01
6.527473504536287e-01 5.700259706982755e-01
5.996252558269008e-01 -2.907967984208941e-01
-6.046990787300467e-01 -4.855301817137596e-02

28
7.728777614430037e-02 -8.388104821547636e-02
-3.751984345365905e-01 -4.089815458596704e-01
-2.158317772898370e-01 3.559439679098857e-01
1.649154177517715e-02 4.067816103375249e-01
2.335035812881751e-01 -2.721289299186341e-01

29
1.130656927465090e-02 -3.452167327835121e-02
1.168303918364057e-02 -3.614213827699134e-01
3.251570781657746e-01 2.327786818922885e-01
3.736394501536417e-02 2.349295987429484e-01
2.073215720348549e-01 -1.702008961209464e-01

30
-1.439787943608348e-01 -3.780588853869400e-01
-5.691107885847063e-01 6.223299722283959e-01
3.653460154850513e-01 1.216824001603055e-01
4.442346820085298e-01 2.315996866914101e-01
9.544030722512870e-01 1.341777364319772e+00

31
7.678933978649925e-03 -9.860931720671884e-02
-2.316233944815051e-01 -5.186793536192946e-01
4.875492450004083e-01 2.096303290106828e-01
1.426443686379607e-01 3.177360741613836e-01
-3.442844091676449e-01 2.070723960147914e-01

32
7.382620889272761e-04 -2.256850466667695e-01
-6.376698633074501e-01 -4.694971177563565e-01
-2.190693492519399e-01 4.428873976124266e-01
-3.321419487612590e-01 3.484534911514967e-01
9.593524506056643e-02 -4.694372647863487e-01

33
3.083881653815305e-02 -1.178199770871877e-01
-2.366902306448085e-01 -4.211129175049003e-01
3.506005064734000e-01 1.757601988589448e-01
-2.263796143271284e-01 3.600624402006333e-01
-4.876821584883735e-03 -1.703405739107084e-01

34
-1.475284054317937e+00 -3.548699239146624e-01
-2.799510705140097e-01 2.394495857151500e+00
-1.154027201176847e+00 -3.152192323425919e-01
-5.632243346868721e-01 -6.218630442103467e-01
5.203318284839292e+00 5.247240989713644e-01

35
1.259939245237276e-02 -8.945806102904331e-02
-3.045121468831988e-01 -3.455101122494766e-01
3.608240678455669e-01 5.827319475950057e-02
-1.933458358361783e-01 3.038033860746580e-01
1.494744048609180e-01 1.240431393878009e-01

36
1.085086642506679e-01 -1.774314050300224e-01
-3.868293667961362e-01 -3.572902571703245e-01
3.652471187633198e-01 2.890052325938879e-01
-4.761571546399550e-01 6.409681839384788e-01
-2.371118930249795e-01 -3.975887113754507e-01

37
-4.747079728523690e-04 -4.045472856950703e-02
-1.090214362030778e-01 -4.541115431280650e-01
4.340311497467881e-01 1.799470013505028e-01
-2.680816084422660e-01 4.720624001778689e-02
2.334906346357953e-01 -1.987216736761892e-01

38
3.356662894728317e-02 -1.317504862344763e-01
-2.430288509714095e-01 -1.712632562916379e-01
2.762505432643357e-01 1.199305019764924e-01
-1.762113274133438e-01 4.641713986666104e-01
2.835207831500768e-01 -2.278236032371717e-02

39
-1.567800088884050e-01 4.176689035262655e-02
-7.228555655808828e-01 1.904492306161356e-01
9.584731218264559e-01 -3.023091348496919e-01
-3.875217967982912e-02 1.526283213159826e-01
2.792586438613325e-01 1.860075472525883e+00

40
-2.724758212388208e-01 -2.768854897974553e-01
-2.049124071667365e-01 -2.007968513058578e-01
6.962646063178557e-01 -9.106236672136787e-01
-1.282158565612586e-01 -1.663145682829728e-01
9.738648956503602e-01 1.216176067885924e+00

41
-7.355211060489786e-02 -1.421382554572082e-02
-4.175450901131799e-01 -3.095198396495651e-01
7.107565154478020e-02 5.119437748362173e-01
-2.507892275445526e-01 1.657368617349027e-02
3.404045335679329e-01 -2.381828266898281e-01

42
-1.861835931354953e-01 -4.945237166416805e-02
-3.929246397923834e-01 -3.946180740743495e-01
6.324667653143175e-02 -2.562132772346568e-01
-2.845981430489825e-01 4.983412759801955e-02
6.589068372908216e-01 2.908978615820997e-01

43
-1.048530232418897e-01 1.120827362155312e-01
-6.639133544540865e-01 -2.185134160448995e-01
1.002288821780229e-01 4.548102616460146e-01
-3.301357213694426e-01 9.643971844069545e-02
2.548642667217395e-01 1.477690714529830e-01

44
-1.646170479850451e-01 -1.178766668238068e-01
1.835946238991129e-01 -5.214797180064021e-01
-2.212891071964469e-01 4.332905513170580e-01
6.982051724444224e-01 3.724868116809253e-01
3.483787530992651e-02 -4.495012136751445e-01

45
-1.543211619035597e-02 -5.848732410397821e-02
-6.770320886688996e-02 -2.704767038727932e-01
7.587804873029709e-02 3.682831956660838e-01
4.245933895440591e-02 -4.115482129678289e-02
6.605565683755287e-01 -2.357034023561926e-01

46
-2.374062528037817e-01 -1.390831425764707e-02
-2.149008675607102e-01 -5.170184567417668e-01
6.200167927077452e-02 5.653226282171553e-01
8.795891808821364e-01 -6.689063357896999e-02
-1.773624488168859e-01 4.566746666717031e-01

47
-1.259106788044924e-01 -4.307575119271892e-02
-1.286237418960288e+00 -8.483116985388258e-01
6.884458397056885e-02 1.541613031812361e+00
4.405730982928109e-01 -7.848953384670488e-01
-8.681446317566779e-01 5.059857983388476e-01

48
-1.233250756711706e-01 -1.999167208727886e-01
3.197435387086186e-01 -7.596466476968877e-01
4.324239170050354e-01 2.810369455718073e-01
4.857442055231098e-01 1.303791861124737e-01
-3.401879500803652e-01 -3.658489925154672e-01

49
-1.274732701713756e-01 -1.218918897949370e-02
-3.621722749877573e-01 -5.467060476639917e-01
-5.058544298709388e-02 5.124754433263922e-01
4.890258101938235e-01 -1.659455315665935e-01
1.168646672214559e-01 2.570678736191650e-01

50
-2.068021438981292e-01 9.106578713685774e-02
-8.702152984803042e-02 -3.338534727166850e-01
-1.574214536040674e-01 7.197471194302495e-02
-7.170872532101917e-02 9.871058935388306e-02
7.451710989750165e-01 -2.074462297128999e-01

51
-1.483814816913889e-01 -9.122278070051533e-02
-1.589068738080055e-01 -6.633904067512524e-01
-1.882172485758003e-01 5.243406721917829e-01
5.919091232987990e-01 1.532833549644272e-01
-1.501230100361584e-01 -1.881906548434132e-01

52
-1.215701926898410e-01 -2.191453999804693e-02
6.500204995847637e-02 -6.070172225238823e-01
4.247884265642483e-01 1.772836700297272e-01
2.516639677038345e-01 3.698190198099132e-01
-3.857795335449896e-01 -8.320500294739445e-02

53
-6.714667861431550e-02 -3.324346961710834e-02
-2.388239523808405e-01 -3.542449844502378e-01
-5.840849364616960e-02 3.925144947498700e-01
1.481265776889312e-01 2.141716435028541e-01
2.667707579550871e-01 -1.393677142449657e-01

54
-1.442574481055161e-01 3.892613930509073e-02
6.381588400252843e-02 -2.990249976721570e-01
1.136329294032149e-01 8.082807360870253e-02
1.670665395818601e-01 8.022895465256083e-02
6.079953061454167e-01 3.752050931367448e-04

55
-7.320923761618067e-02 -1.856129282744313e-02
-6.389932684038834e-01 -4.033189200660431e-01
2.476022432658496e-02 8.326565813435851e-01
3.646373810563033e-01 3.346388149907849e-01
-5.333430665336925e-01 1.659574171637338e-01

56
-1.186370465884898e-01 -5.897085244069293e-02
-2.860204397592338e-01 -4.501112368511380e-01
3.970007933301186e-01 -3.228141039529208e-01
-2.813187589472881e-01 3.816395788955929e-02
4.444435686119401e-01 4.090275249801651e-01

57
9.854487931275885e-03 -7.579987345122283e-02
-5.529794472929480e-01 -2.716740856005891e-01
4.532551460957610e-02 5.759676280709604e-01
-3.867370085672152e-01 2.091731825191631e-01
2.062659783085042e-01 -3.444780172732504e-01

58
-8.746776880251585e-02 -5.699675474643566e-02
-4.934138538689247e-01 1.053510068397422e-02
6.788317962610532e-02 4.905176189401392e-01
-9.842788223660139e-02 2.438728222485345e-01
4.378425783301630e-01 8.875722852782662e-02

59
-2.010330580184525e-02 -2.634106403986240e-02
-5.776756810857882e-01 -9.360831795123871e-03
3.022550182097790e-01 5.080527688226476e-01
-2.568630696199063e-01 2.610768552955121e-01
2.195064845901364e-01 1.790664511108339e-01

60
-1.853103540989781e-01 1.636968685141532e-01
2.650308192905187e-02 -7.786502393335604e-01
-6.471733149301113e-01 -5.095239281781379e-01
-2.341562980448111e-01 4.029438188636375e-01
8.280528888348115e-01 -5.712655231262203e-01

61
-1.283566308030568e-01 6.213872455886722e-01
-1.137396648360889e-01 4.629049198580442e-01
9.439729080420545e-01 1.099722283865523e+00
-3.313930329255111e-02 3.210584833919466e-01
-1.414019044628738e-01 3.112858855527517e-01

62
-2.320265483852421e-01 -2.714972864617962e-02
-6.684770935520503e-01 3.255418845119981e-02
-5.249481873980065e-01 3.201673364204713e-01
-1.029062570356650e-01 2.483163636798355e-01
9.168658707390142e-01 8.834989004275805e-02

63
-1.420251457463803e-01 -3.530484119973779e-01
-4.600691421858664e-02 -1.103064008530345e+00
3.807276118222175e-01 -6.629073964046002e-01
-4.491207064225498e-01 -2.637920038964714e-01
3.511943254500889e-01 -1.723124344181257e-01

64
-8.978517798338026e-03 3.474174305192514e-02
-6.366567201132720e-01 -6.067126522857534e-02
2.712380146937431e-01 5.811330855345997e-01
-3.148677364716567e-01 1.877717422214639e-01
1.978464578635994e-01 1.420450155774710e-01

65
-3.276427327804039e-01 3.241886459350839e-02
5.856909328810618e-01 -6.110834894575138e-01
7.840390974610352e-02 -7.742347807492512e-01
2.788346039387474e-01 -3.086049763607461e-01
1.305258053025012e+00 1.448077172886583e-01

66
-4.551031900919014e-02 1.174422827593096e-01
-6.185545786540990e-01 -4.771751206399311e-01
-2.600375558136170e-01 6.846669593923645e-01
-4.084849212556673e-01 -6.391302178058590e-02
3.476514082081222e-01 -4.924358816511266e-01

67
2.061909761696264e-01 3.921138362773211e-01
-1.194521113025473e+00 -6.770707758502587e-02
-3.170521974979487e-01 7.443147602291421e-01
-4.780608249585339e-01 1.036579467296106e-01
5.490089057015219e-01 3.872465093020384e-01

68
3.508776641064023e-01 -3.898527199261591e-01
-1.048954793658587e+00 1.054490098044629e+00
5.906598265242172e-03 9.455378184493515e-01
-1.327232659156582e+00 1.280079680850825e+00
8.239831560448654e-01 -7.912099281820755e-01

69
-2.662840251220702e-02 -3.628547335823509e-01
7.688656974171852e-01 2.241291657863130e-01
9.383486894503377e-01 -1.288932127065650e+00
-1.117471856596269e-01 1.356898133075524e+00
6.943413435519323e-01 2.800236816591682e-01

70
-2.320492795167104e-01 -2.074927802017442e-01
6.420472283962233e-01 5.710071927098869e-01
9.208064236762870e-01 4.753554988297160e-02
6.937804135379226e-01 7.651119384353622e-01
4.212292076129159e-01 4.438740935758502e-01

71
1.320590390776842e-01 7.887645617010638e-04
-6.166849637111134e-01 -3.002244606163807e-01
2.059549769962255e-01 6.196087368329696e-01
-6.413534967227175e-01 -1.914151245693388e-02
3.291515279264791e-01 -3.438721432052108e-01

72
-3.981118963611030e-01 3.402717518441224e-01
-5.258130592510663e-01 -1.048626367739094e+00
-3.480312990685930e-01 2.051490460988585e+00
1.649798916352504e+00 -1.073558171466500e+00
-9.362185443408280e-01 2.185078758972826e-01

73
2.813110876853498e-03 -1.188674413044922e-01
8.337430783031846e-02 -4.636694883190342e-01
3.966864425114988e-01 -3.322657805649924e-01
-4.141884851811374e-02 5.029251969548005e-01
1.817459824058341e-01 3.110583514754341e-02

74
-1.769108452796778e-01 1.592879907923865e-01
-2.483991031796981e-01 -4.750615368808513e-01
-1.973971069311055e-01 1.072813899818432e+00
7.399435860477455e-01 -5.055069943641564e-01
2.487666638932303e-01 4.823978057207342e-03

75
-3.316550727970202e-02 1.302859724253574e-01
-3.305628584540339e-02 -6.679427218253445e-01
4.277436249615352e-01 4.448912766637113e-01
1.664158808583840e-01 -5.866418813136803e-01
3.027302943756446e-01 6.119145513385227e-02

76
-7.000021376880480e-02 9.678322162030625e-02
9.313204379290743e-02 -2.260347689311098e-01
3.132739909832706e-01 3.845518973341815e-01
-1.174084448630206e-01 2.010287193214559e-01
3.487053595428453e-01 -4.088149087435254e-01

77
9.032042236000019e-02 1.182846690449511e-01
-8.478189956991047e-01 -5.364326610178958e-01
-8.284066891691184e-02 1.291161838923014e+00
3.418934598721565e-01 4.267188998136334e-01
-9.932547106937792e-01 -7.993169030929419e-02

78
-3.276414990309853e-02 7.009421440687914e-02
-3.130893800459565e-01 -4.156554859362322e-01
-3.106189122577921e-01 4.264913671817430e-01
8.723554276732177e-02 2.670799451008493e-01
3.353070351177138e-01 -2.822512629280094e-01

79
-2.023030700240352e-01 3.373626405840444e-01
-5.102143339868526e-01 -9.751915674135175e-01
-6.517452001775091e-01 4.719140344479861e-02
-6.069380151494929e-02 5.814467959642758e-01
-2.773685887434284e-01 -3.008621524856263e-01

80
-2.312139180971414e-02 -5.813833315759259e-02
-9.748455728640308e-02 -2.725003229485298e-01
1.122480717522471e-01 3.789099117304799e-01
-6.675765231711110e-02 -2.496786226401527e-02
6.157715640252626e-01 -2.968864410064531e-01

81
-2.332163696571451e-01 1.621229618982481e-01
1.333587646325722e-01 -6.425996835437990e-01
3.351491165479780e-01 -3.627377972067672e-01
-4.035959133167280e-01 3.060168420406835e-01
2.025184990391549e-01 -2.759259936933994e-01

82
-1.610287107526882e-01 7.175211112211057e-02
1.878188111474351e-01 -3.432270346702966e-01
4.483869845142434e-01 -1.618676495030573e-01
-2.992557313665101e-01 1.565894933063771e-01
5.269896048905091e-01 -1.981553224053161e-01

83
-1.433184338982693e-01 1.639111981605827e-01
5.335700909424998e-02 -3.544039236511891e-01
4.019018156943605e-01 -3.641709536389800e-02
-2.850121375381368e-01 3.654984898187097e-01
2.053841749409305e-01 -1.733868135489715e-01

84
-1.527226483097132e+00 -2.352158943300001e-02
2.341326386112876e+00 -1.500078269603831e+00
2.773785372559374e+00 -1.382988281254303e-01
1.759284674284351e+00 -3.437954455514655e-01
-2.746478733233480e+00 3.203047679218810e-02

85
1.651089849561652e-01 7.460713996124892e-02
-7.628683330305952e-02 -8.556054313530006e-01
6.650985885499786e-01 -6.904459791134696e-02
-8.253627797388339e-01 -1.860030543944012e-01
1.928913293240694e-01 -4.669776685683824e-01

86
-1.522945310690934e-01 4.481706914586357e-02
-1.103333895984532e-01 -3.454893052141592e-01
3.124857675474842e-01 -1.501099099754215e-03
-3.450535003186381e-01 5.157413690173122e-02
5.108990786635078e-01 -9.430988535811868e-02

87
-1.742809396148878e-02 1.651313822257281e-02
-2.793263534561332e-01 -4.359410438191968e-01
4.867025718165117e-01 -2.351444907708250e-02
-2.918541518583195e-01 1.122591502979447e-01
1.817678904625778e-01 2.200918062479627e-01

88
-2.722909760996410e-01 -1.988985675144018e-02
2.239632426086004e-01 -6.189847631512216e-01
5.349405424215025e-01 6.872721114196586e-01
9.998137743450926e-01 2.549225630958295e-01
-9.349619188833290e-01 8.134609587956911e-02

89
-1.422958465609766e-01 -1.271090136957262e-01
4.003675986166728e-01 -2.614057090520788e-01
5.582701939735347e-01 1.535421207786914e-01
4.596962008450478e-01 5.501750550475896e-01
-1.369611676076299e-01 -1.223236906773913e-01

90
-9.580906050258896e-02 -2.151296670841064e-03
7.578447720044611e-02 -2.174034547351606e-01
9.066514524303000e-02 2.145026251607618e-01
3.496454441663945e-01 8.662422708103171e-02
6.201243791199573e-01 4.798695458883039e-02

91
-1.275692769361433e-01 -1.050779062400171e-01
3.385365194226517e-01 -2.389228821644961e-01
5.189966187010383e-01 1.022322084658110e-01
4.172808205340746e-01 4.608123920939148e-01
3.113649580665333e-02 -1.649624338611982e-02

92
-6.276727096343883e-02 -6.044282106487210e-04
-2.201099770119926e-03 -5.854537148499599e-01
4.890738171998990e-01 2.045890142203370e-01
1.940860229140705e-01 3.386600170092777e-01
-3.885697177344931e-01 -3.954291098612879e-03

93
2.291166272226637e-02 -1.474384091160703e-01
1.946810423636708e-01 -5.479415386036148e-01
5.546826819859504e-01 -2.437730326612713e-01
-1.413363025769367e-01 6.143083343500855e-01
-1.232446390075633e-01 -2.683646650244899e-01

94
-5.430118636231250e-02 -5.609877243854156e-02
7.177647900548730e-02 -3.580340925003381e-01
3.133218696695589e-01 8.194174276665132e-02
1.151946606613796e-01 3.137651207910743e-01
2.131890736183597e-01 -8.084537623331833e-02

95
-1.120122166805387e-01 -3.002531898528077e-02
-5.829563172793903e-01 -1.598478800186217e-01
7.902004662735215e-01 2.116721073525415e-01
4.546363178150586e-01 1.219684633144106e-01
-3.345603990364274e-01 1.395224819710730e+00

96
-1.229175715678875e+00 1.258527014425716e+00
-3.142029729600466e-01 -2.663628116739222e+00
2.198526122772727e+00 4.786382972157493e-01
2.265308977453434e+00 -1.695481727783001e+00
-4.159805054925534e+00 3.390657466612128e+00

97
-1.332674950971370e-01 1.610983907291093e-01
1.099681357191443e-01 -1.696599770439197e-01
1.724618586050876e-01 8.184423701587854e-01
1.170159651500687e-01 -1.819600762581799e-01
5.330660250699893e-01 -5.025997996608849e-01

98
-1.510820229239027e-01 -6.216782946438767e-02
-9.728747338911788e-02 -4.017300172140925e-02
4.919493000388156e-01 2.044863966831678e-01
-2.815163500172765e-02 -1.183044058166226e-02
5.750073533090541e-01 2.389401047911163e-01

99
1.820129932536661e-01 -1.900156137834753e-01
-4.489012677263272e-01 -3.488973834735326e-01
3.555170807554966e-01 3.120623005395624e-01
-6.214761906202956e-01 7.181851399537171e-01
-2.530023769035404e-01 -5.090914874946854e-01

100
-1.720830616622002e-01 -1.519980162521601e-01
-4.944860998925890e-01 -4.449981228173489e-01
4.292307875607582e-01 3.835552133275703e-01
-2.696338390402964e-01 -2.391000828033235e-01
1.053328802872675e-01 9.574264653259065e-02

101
-8.321025296394820e-02 -3.371806247454634e-01
-7.280362574897283e-02 -2.789352327904805e-01
1.512807408675055e-01 6.710437464298800e-01
-8.689250189422024e-02 -3.120906788949350e-01
6.660936567653167e-01 -6.652886133032517e-01

102
-2.785248975944074e-01 5.036584047803102e-03
-1.318204226045625e-01 3.976326059831370e-03
4.644686111106391e-01 4.829546740772359e-02
-5.224357105109300e-01 4.519653642801233e-01
3.537973680217841e-01 -1.554377810497560e-01

103
-1.596716605003638e-01 -5.869071367822874e-02
-1.209128766222031e-01 -4.444267039697645e-02
5.124239192397519e-01 1.909628856015463e-01
-1.102565123696883e-01 -4.021269358399842e-02
5.941891539206509e-01 2.211410817614224e-01

104
8.023888005702534e-01 -5.088907030690536e-02
6.441189715521011e-01 9.479720308433201e-02
-1.533572908971351e+00 -3.080581675464305e-03
8.729160582358622e-01 1.774644708854995e+00
1.612469222246868e+00 -1.276615818923382e+00

105
-1.391002676458426e-01 -4.315719896393244e-01
6.812985877534523e-02 -3.079830996806130e-01
3.135506818125711e-02 7.454381937026651e-01
7.499834557142915e-01 -2.645334076213089e-01
4.461367031945629e-01 -2.612423742158727e-01

106
-3.580491972775358e-01 -2.174536923145338e-01
-2.666471298497649e-01 -1.501541869938061e-01
2.853964084164007e-01 -7.827744237391371e-01
-1.668283874091964e-01 -1.400952319017987e-01
1.217200729294008e+00 9.275597503994959e-01

107
-1.078920846429113e+00 -8.272102624699882e-01
-6.650617900575122e-01 -5.298303975942820e-01
4.629137977528353e-01 4.165852669376202e-01
-1.825617535604732e-01 -4.189127408431443e-01
-4.709902703784262e-01 -6.643570856717132e-02

108
-3.275074282706456e-01 -4.452264156070526e-01
-2.087326395475627e-01 -2.845846661093526e-01
6.536083763417143e-01 8.986520338667626e-01
-5.176094123739562e-02 -7.214262749766036e-02
-3.736104836984379e-01 -5.007884480694382e-01

109
-8.715457884144591e-02 -3.346419949383783e-01
-5.527066676719723e-02 -2.131214273923690e-01
1.606467802779702e-01 5.889570737038071e-01
-1.281663204790815e-02 -4.956391309422706e-02
5.224227803683801e-01 -5.785220525714676e-01

110
-8.196325044363845e-02 -7.031524840336108e-02
-3.083988996819729e-01 -2.694049357125039e-01
2.817122523740968e-01 2.459800897009730e-01
5.219505162263449e-02 4.509502964786409e-02
3.110998552433890e-01 2.679026229696614e-01

111
-7.104203886381683e-01 -5.881647257492990e-01
-4.084409740666999e-01 -3.394831752950808e-01
6.400132553555395e-01 6.472924622300927e-01
2.480019340884669e-01 -2.747765804706336e-01
-4.768122294981000e-01 1.643423304823149e-01

112
-6.146964802078902e-02 2.200945431750237e-01
-1.714322396500499e-01 -6.880716953914311e-01
2.178229409849098e-01 4.385062111051770e-01
1.062472014999445e+00 -1.400231256196257e-01
-3.154803995851366e-01 8.721813497246658e-01

113
-2.418200466851569e-01 3.312688248519912e-01
3.067261516561910e-01 -9.382073528323414e-01
-6.822764357985814e-02 5.644349489638492e-01
1.173120480624504e+00 6.978040432441602e-01
-1.150919797940454e+00 -2.125524467112177e-01

114
-2.090625894624382e-01 7.689107444610489e-02
-1.391971645978138e-01 4.702194251419008e-02
-3.731702330695190e-02 6.322557202665652e-01
-4.940447733159743e-02 1.290736618992814e-02
7.940226367488022e-01 -3.293790679582163e-01

115
-1.279046250507270e-01 2.057846809570779e-01
7.830148145506663e-02 -4.173929788015430e-01
2.348743638136894e-02 2.048141248819179e-01
4.425418901332140e-01 1.809859891294379e-01
2.942758880445097e-01 8.923883898498064e-02

116
-3.642347556917665e-02 6.735955956296787e-01
-3.915694583789132e-02 4.472009330828745e-01
1.165388564515281e+00 1.016780646471956e+00
-2.326270909291307e-02 1.580454827918459e-01
-6.118414289565995e-02 5.200088993700075e-01

117
-2.965833250425912e-01 -1.409101366805021e-01
-2.245187985018072e-01 -4.222130532904018e-02
5.217151783051460e-01 2.192439723655705e-01
-5.393297919259357e-01 3.798177691623024e-01
1.648592153116257e-01 -2.626526221288630e-01

118
-5.194620680408358e-01 -3.432465896748879e-01
-3.356381634234843e-01 -1.975308336799735e-01
4.214334726155892e-01 3.523861546917026e-01
-2.612876123177069e-01 7.551385483197789e-02
1.893600309377873e-02 -1.656105297849456e-01

119
-7.774734254354766e-02 2.050736850555211e-02
-1.668180322437420e-01 -5.577200522246077e-02
2.683559797250048e-01 2.885722978027255e-02
-2.040441970322361e-01 4.641523052307970e-01
4.603473379366130e-01 7.380128318980700e-02

120
-2.772346917213623e-02 7.522836658963578e-02
-2.626760213298619e-01 1.151655952660954e-01
2.978838143146904e-01 -2.172889225580607e-01
2.906211142610373e-01 6.817278646745920e-01
4.210824797113102e-01 9.603460573615006e-01

121
-1.611794966697249e-02 7.270113287521039e-02
-1.428569907667676e-01 -2.427384838538630e-01
1.685646444559314e-01 1.477231463201414e-01
-4.192280838430264e-01 4.225345972664899e-01
3.936779646214856e-01 -3.791714989642095e-01

122
5.408528219586331e-02 4.975792075628859e-01
7.896366195110446e-02 -9.237242816098673e-01
-1.079907601921588e+00 5.738588516842311e-01
-3.197075568565284e-02 9.621356823112340e-01
-1.055133019916576e-01 -1.697451778599784e+00

123
-6.812842842311526e-02 2.649319184474265e-01
1.338690816562700e-01 -4.157345746828915e-01
3.469662737779731e-02 1.477353829749725e-01
1.853627894407393e-01 5.566013318728833e-01
9.592477635295094e-02 -2.376998088629963e-01

124
-5.119670617940363e-02 1.950906324977765e-01
-1.492321996487849e-01 -6.455141997895845e-01
2.931202829157277e-01 2.991247787081708e-01
1.887377601709812e-01 1.442244642842984e-01
-2.416871677353582e-01 1.018797438464207e-01

125
1.906629242974868e-04 1.547327351707449e-01
-2.419913373817507e-01 -4.685412402971549e-01
2.714809245058086e-01 1.678391627946429e-01
-1.542837490075981e-01 1.328347154731263e-01
1.710397904532824e-01 6.062769879071889e-02

126
1.400604672356577e-01 1.006195287788101e-02
-4.730188744588814e-01 -4.470488024969265e-01
3.227898913560382e-01 4.156835056144495e-01
-7.086474091580695e-01 8.162222341075285e-01
-5.277318915746577e-01 -6.408321213520470e-01

127
2.838715901038701e-01 5.112340489459579e-01
-2.145848193981546e-01 -5.330952590682909e-01
1.818383142012415e-01 3.083988255054637e-01
-2.001739959445913e-01 4.425101973152785e-02
3.365775219370708e-01 2.171309273969158e-02

128
1.476287177053827e-01 3.758139003131511e-01
-1.719482659734765e-01 -3.171258763636012e-01
9.781897709467359e-01 3.190004987893496e-01
-2.081293132606002e-01 -3.352702667164737e-01
2.074476820340705e-01 5.914035551596361e-01

129
2.752796343558008e-02 1.254304391559771e-02
-3.076663065768898e-01 -4.522645415237083e-01
5.171864332297618e-01 -5.157612453628201e-02
-3.415243701289327e-01 1.231374700917704e-01
1.688511513884139e-01 2.399815663866512e-01

130
-2.793897094424249e-01 -1.503512580367105e-01
1.771979910245185e-01 2.825411699484424e-01
6.037520305902565e-01 -4.212866182256752e-01
3.047878593450655e-01 2.690339512042608e-01
9.694118938176851e-01 8.726461186775866e-01

131
2.417136605049017e-01 -1.947919520508586e-01
-4.145914651937890e-01 -6.205232043476726e-02
1.614360584162566e-03 4.909913986157106e-01
-3.836451381480976e-01 2.729647929283434e-01
7.042971547448266e-01 -4.270808665006290e-01

132
3.424529441364080e-01 -2.158977139984454e-02
-3.059051113885418e-01 -1.889832376226494e-02
5.893424978602735e-01 6.448066729862181e-01
-3.334819420962453e-01 -4.024769145725093e-02
5.295242763265393e-01 -5.251526454406598e-02

133
-6.259418260971790e-01 7.896228743225964e-01
-1.796665685606691e-01 -1.336112606126956e+00
1.628798964095536e+00 -2.003463072521093e-02
8.483086048978675e-01 -1.245010279862641e+00
-1.301412566643960e+00 2.260199509055203e+00

134
-1.832186318592311e-01 -4.889667109866440e-04
1.708018172039912e-01 -9.313174581772378e-02
1.964175092110751e-01 3.893935947488066e-01
2.280792616998125e-01 -5.085373124493904e-02
7.314748907117024e-01 -1.723540488841906e-01

135
2.051184779134548e-02 4.196583362396593e-02
-7.029520498327171e-01 -4.959270392061859e-01
-9.740911725043490e-02 8.135650846429765e-01
1.953943616683796e-01 -5.335910927925628e-01
3.754292209008347e-01 2.669461370152524e-01

136
1.560078920446986e-01 7.959933973234072e-02
-3.251502614940777e-01 -4.747546185470404e-01
1.984070845212245e-02 3.634402001229425e-01
-1.685848053998094e-02 2.042232513860687e-01
2.059895241285480e-01 -9.613731830513539e-02

137
1.793337096917663e-01 1.043057493354932e+00
-3.018109368688447e-01 -9.917139076167553e-01
9.176639567347682e-02 6.407769557870692e-01
3.298283244863635e-01 -1.654655943499915e-01
-4.442905903524376e-01 4.152247551290785e-01

138
-9.209364846828287e-02 1.767785296946084e-02
2.874319539700340e-01 -3.306299212695643e-01
-1.893552220093956e-01 2.997379588614448e-01
5.229165732006283e-01 5.135018488190783e-01
3.245123825327656e-01 -4.652364192363811e-01

139
8.059316866310241e-02 7.409533248879854e-01
1.659317724290075e-02 -6.880523101398607e-01
7.337532551192104e-02 4.703452278526689e-01
3.040706736562780e-01 2.048265516654782e-01
-1.746378784428377e-01 8.506052683382536e-03

140
3.383266548310972e-02 7.002722814390708e-02
3.135434158574063e-04 -2.547011026632594e-01
-4.596860703914218e-02 1.677516828657847e-01
4.688942794415440e-01 1.575784170623942e-01
6.543237493455742e-01 2.194605076657058e-01

141
1.829138533728970e-01 2.509779180092280e-01
-2.848083350690078e-01 -7.217149000286787e-01
6.831205780148975e-02 4.141944978093617e-01
1.360641178477604e+00 6.550329832211796e-02
-4.109001388717878e-01 1.179808642995606e+00

142
-9.069861344755557e-02 2.638914499002861e-01
9.378305972031166e-01 -4.805907595593493e-01
-8.345283538851795e-01 1.270465866591525e-01
4.471507980449559e-01 2.192438061437675e+00
-4.520624857441241e-01 -2.004943697906494e+00

143
3.211445203651697e-02 9.008866895862913e-02
2.918629410623693e-01 -2.282036450127925e-01
-3.400325911615227e-01 1.062839681075179e-01
3.797679013659420e-01 7.824485484621753e-01
5.573469738239226e-01 -5.084856331613873e-01

144
9.740739487671800e-02 1.057767647131937e-01
-1.642427413440011e-01 -3.208794925730704e-01
4.966048705400136e-02 1.915402524801507e-01
-1.262973181378303e-02 9.179072712568917e-02
6.284405254161006e-01 6.313251502086752e-03

145
3.812795334956460e-01 1.145491237480642e-02
-8.813012704331477e-01 -2.031038033628542e-01
4.590169069191642e-01 1.783798292723854e-01
1.609146302067469e-01 1.546195290278879e-01
1.122132507504404e-01 1.319178128494609e+00

146
1.768262343485300e-01 1.807193954149063e-01
-3.922055463883047e-01 -9.150782685547519e-01
-9.528538331702467e-02 7.800414172677888e-01
-3.752369236139166e-02 3.818420823788062e-01
-6.838560264832917e-01 -6.920130682898129e-01

147
3.698091535174765e-01 7.823701406821787e-01
-1.293633408800207e-01 -3.206176701173171e-01
2.225004643787461e-01 4.894873652353861e-01
1.092958995284620e-03 2.878997610520191e-01
2.261708477930581e-01 1.792858867030784e-01

148
-3.889935106665266e-02 -1.052679529311340e-01
-1.615227837850082e-01 -4.476132656338979e-01
1.297426147416617e-01 3.579615056565837e-01
1.391568412382171e-01 3.785149732372001e-01
-8.485635807658230e-02 -2.274177864972153e-01

149
2.285407269798422e-01 3.281802479192171e-01
5.245511126325219e-01 -6.987916445980565e-01
1.692525187090709e+00 4.621080931071153e-01
-1.030528036571621e+00 -1.086373789630971e+00
3.915846948440448e-01 -7.144907975306477e-01

150
-1.844645416175106e-01 -1.820492229442550e-02
2.993885200521884e-01 -1.128846801300821e-01
4.757373424348952e-01 9.417027458716763e-02
2.372137761664118e-01 -2.020154473050565e-02
6.826344728016283e-01 8.887044266255430e-02

151
3.463647941972255e-02 1.075397643630554e-01
-1.393837379267826e-01 -4.766124830976275e-01
7.931086159464439e-02 3.719247104590309e-01
-1.371601339155753e-01 -4.208910978144329e-01
8.039146962403877e-01 -2.173966488176432e-01

152
6.848162013907347e-02 -1.255587089408342e-01
-2.783009589717498e-01 -1.347674444484695e-01
1.884513589749939e-01 3.618250437754866e-01
-4.919155955633504e-01 2.820201607521533e-01
5.204047334006152e-01 -4.748001653146477e-01

153
-2.554524913260194e-01 8.282167878154914e-02
6.358490316493920e-01 2.643652155182816e-01
3.349605954718312e-01 5.511838006680094e-01
3.127351965792908e-01 1.356432019286593e-01
9.262878874717773e-01 -5.369430101877634e-01

154
-1.402921453815236e-01 -9.076097807075308e-02
-1.590336757285769e-01 2.726301416231214e-01
4.116293940418912e-01 -1.703012017648681e-01
2.524391337378434e-01 5.565230091762094e-01
6.116546975030188e-01 8.416698866843555e-01

155
-2.756438504688526e-01 9.982249366250966e-02
-1.039511879726119e-01 -5.893323947304645e-01
1.148759957804374e-01 4.806620381657604e-01
9.951728466936433e-01 -2.683213927873916e-01
-7.111366542422698e-02 6.267982014313549e-01

156
6.098046783531256e-02 1.014782822155087e-01
-1.104457539548222e-01 -3.288700361319897e-01
3.562930626498093e-02 2.094271208841962e-01
9.415918259922616e-02 3.126496318231103e-02
6.534563443558599e-01 2.762536688354123e-02

157
2.293064501308094e-01 1.170704091291373e-01
-5.021770016081771e-01 -7.199180050459885e-01
3.712829104198298e-02 5.302830464063963e-01
3.142885787287344e-01 -1.267284031292254e-01
-4.101581659688708e-02 2.978164427270691e-01

158
7.564568926319704e-02 3.205435841790155e-01
2.691305127968355e-01 -1.316368608209956e+00
-7.128698998781751e-01 7.162305426458757e-01
4.860385278453269e-01 8.574638143147016e-02
-1.825520773785999e-01 -1.370455179114425e+00

159
3.703871847392737e-01 6.331464430792026e-02
-1.014427063692489e+00 -3.683709966202965e-01
5.934331407208390e-01 2.936986227325060e-01
2.673210261627695e-01 -1.448207511371966e-01
-1.010075489918610e-01 1.598301470614914e+00

160
1.036789732277850e-01 3.409947176351744e-02
-3.550836899775075e-01 4.387317469492879e-02
2.257163976978600e-01 -9.150395484630755e-02
2.888474310189758e-01 6.291341267148302e-01
4.015573478626595e-01 8.774934680988804e-01

161
-8.665339542266820e-02 9.534512705264118e-02
-2.441684288570373e-01 -4.442815289069873e-01
3.672687858103211e-01 3.170041762483327e-01
-9.081901220091037e-01 7.604091361037263e-01
-4.099163498643332e-01 -9.423272579598211e-01

162
1.179889692041483e-01 3.358579179144848e-01
-2.185085735674341e-01 -5.220480492992036e-01
-2.840549882798140e-02 1.944408291267289e-01
-1.815655386986281e-01 7.419268454601372e-01
-1.547751274312222e-01 -2.990931168539597e-01

163
6.034221910491329e-02 9.381522149810695e-02
-2.029888552809567e-01 -1.871243363150887e-01
1.281518969368493e-01 7.480833079186960e-02
-1.569832133442923e-01 4.587134795857157e-01
4.442570465621602e-01 1.959935477885179e-02

164
2.506213984497962e-01 8.168542790930682e-02
-7.542216641536148e-01 -8.670660958921951e-02
4.583984797834901e-01 -1.607001597123043e-02
1.157659906504040e-01 1.863520915053789e-01
3.440922598350480e-01 1.375475157276437e+00

165
2.672720210864925e-02 1.262619298378835e-01
-1.330124782261874e-01 -3.391735037108942e-01
1.023265087617083e-01 1.951459196359761e-01
-4.543109090669908e-02 9.339885373040994e-02
5.389881195803556e-01 -3.541075509340497e-02

166
-6.146544525747547e-02 1.266318295713092e-01
1.909196304691705e-02 -5.757946164850418e-01
2.272818232275630e-01 3.695354397605469e-01
-2.121440573395721e-01 -1.173315537695024e-02
2.073658583519655e-01 -5.505357664077928e-01

167
1.730677034013507e-01 5.730050822859879e-01
-2.268844361213730e-01 -5.013011212111586e-01
9.311385751031011e-02 3.708495536848564e-01
-1.573506159115383e-01 2.466212940736509e-01
1.319426717466950e-01 -4.768244382239428e-02

168
-2.717716375958234e+00 2.880472004513503e-01
-3.265443481412459e-01 -6.002665700639242e+00
5.049505378100408e+00 5.995998988731118e+00
8.591404137204778e+00 -6.458793513069255e+00
-1.229485660472516e+01 5.437935602325951e+00

169
-2.304177831182703e-01 -1.335303373785828e-01
3.499377626981945e-01 -4.115689204820981e-01
-2.504094678537822e-01 3.614212715208588e-01
7.613965441323702e-01 5.339323640625857e-01
1.136673482750938e-01 -5.496656731610957e-01

170
-1.102928208975661e-01 -4.370656256955740e-02
9.595012833091418e-02 -2.039624847225673e-01
6.982003448867163e-02 3.085436779439101e-01
4.211928824230642e-01 -7.477807476750463e-02
7.340049592858645e-01 2.478241799660262e-02

171
3.982564157134974e-01 5.876151826823823e-02
-2.476644475282657e+00 -4.299324022786549e-01
1.453778778365203e+00 2.692134546386464e+00
-5.007977815461379e-01 -1.292309600105476e+00
-1.862325443423538e+00 1.363904122403208e+00

172
4.707390607193493e-01 1.335641643075019e-01
-1.557558365725457e+00 -4.507577581102052e-01
1.143327102553426e-01 4.631374798138189e-02
-1.783757004928465e+00 -5.142319569921130e-01
1.106331145202801e+00 3.131974521519976e-01

173
2.095828854423599e-01 -1.849686553146819e-01
-9.101109389246677e-01 8.244585781696997e-01
6.450779482155647e-01 -6.797107217663622e-01
-8.274895693339614e-01 7.174968077879568e-01
1.382888988849228e+00 1.515773441475501e+00

174
-4.905239248455699e-01 4.012059664952615e-01
1.788921518852434e+00 -1.448607838775878e+00
-5.588197206027563e-01 4.477317950515912e-01
1.918426977662989e+00 -1.558188751318828e+00
1.296689095479887e+00 -1.081339479675067e+00

175
3.301084085031714e-01 -3.707378039241931e-02
-3.174984975771562e-01 -6.360701624063021e-01
6.745563098290588e-01 -1.063123940811890e+00
-1.197338142694002e+00 3.278813319718596e-01
6.760444107459527e-01 2.596211626133120e-01

176
2.913795734846498e-01 2.149263396219871e-01
-8.298852660769307e-01 -3.204993142215199e-01
4.747702586757652e-01 6.966432130875444e-02
2.212140922719345e-01 -5.591680690378935e-02
1.701558882299513e-01 1.534378828473291e+00

177
2.792313542125840e-01 1.044694854779522e+00
-1.420278758735699e-01 -4.066962223965598e-01
1.811612814806166e-01 6.464968005131606e-01
2.298867556384462e-01 2.735330780145928e-01
-7.078403204828013e-02 3.565175257169069e-01

178
-5.720375812663233e-02 1.030282810434744e-01
7.200503967903653e-02 -4.594882450934193e-01
1.337208616195446e-01 3.424353265265111e-01
6.317999164129479e-02 1.690973221832784e-01
2.253155031573459e-01 -3.921977471651436e-01

179
1.057570454796383e-02 1.600128271011349e-01
-9.581539873334692e-02 -3.612236739916831e-01
7.998117311156190e-02 1.844072944752528e-01
6.573619550378729e-02 6.473926277670415e-02
5.413568517075158e-01 3.723572117499115e-02

180
-6.082075205844093e-02 2.131555478759401e-01
6.201003652639357e-01 -3.152310709427603e-01
6.625231905466495e-01 3.159825487532145e-01
-2.339779927421020e-01 3.441538562718737e-01
1.397167495581740e-01 -8.960744102089612e-01

181
2.051777143321329e+00 1.313265616889738e+00
6.860567316151825e+00 1.686724316386436e+00
4.644189534763275e+00 -1.559234018504756e+00
1.109090848679560e+00 3.136921457348999e+00
1.519107499286545e+00 -1.992877735334057e+00

182
-8.689021648486255e-02 1.406048893209366e-01
1.104028021165046e-01 -2.872961577815555e-01
2.357668942658902e-01 3.422867167870664e-01
-1.278501915143883e-01 2.890201802155600e-01
2.842636491937287e-01 -4.842323527871660e-01

183
1.523564717293670e-01 2.025959081698020e-01
-2.261875313947700e-01 -4.359883530602244e-01
-2.636103932163595e-01 6.934200490289578e-01
2.411486473263901e-01 4.143662288185327e-01
5.696377797713180e-02 -4.090863300525957e-01

184
7.594650613414738e-01 7.107616713011324e-01
-1.194325246529640e+00 -1.785971652068616e+00
-1.922769349276450e+00 3.960044328949251e+00
1.340104407358833e+00 1.521639194662190e+00
-3.747204856934006e+00 -2.791398479541206e+00

185
1.328444770700633e-01 1.781398060142403e-01
2.393123521747694e-01 -5.746321451389997e-01
3.701093498729606e-01 -5.277891096103450e-03
6.516315084080938e-02 3.230565407866798e-01
1.407135028329544e-01 -1.835766426396767e-01

186
9.212744807763315e-02 4.988059900030392e-02
2.569384237684272e-02 -6.967914317385764e-01
6.649037199581552e-01 2.258389222818359e-01
1.118743150806598e-01 3.583534650486680e-01
-5.859533824945536e-01 -4.686602433972143e-02

187
7.747146837612228e-03 5.236971433016874e-02
8.783494467975464e-02 -3.498182774000514e-01
3.433590639662255e-01 3.097274423791825e-01
1.907968841760253e-02 1.957389338136135e-01
2.305584395822478e-01 -2.686605657142207e-01

188
1.419501857026498e-01 -5.655452569519385e-02
-2.011210140460492e-01 -2.892173811058603e-01
5.796702621234749e-01 1.917483124650697e-01
-5.052007128730729e-01 2.826122098114704e-01
1.770590743507487e-01 -2.169105603505034e-01

189
-4.460708362877768e-02 -1.817932953396853e-01
-3.955358386398931e-01 2.249139917930036e-01
6.296594778892600e-01 5.382111146256801e-01
2.755111758324460e-01 6.501190519101773e-01
-2.439347909949459e-01 5.654654681436984e-01

190
1.322566490331090e-01 -9.771848933284767e-02
-2.910415117861920e-01 -2.435727917596160e-01
7.530335857631192e-01 1.600113732586982e-02
-4.470663091340922e-01 4.339883921118858e-01
-2.028203281794823e-02 1.676138097550747e-01

191
-2.125727473806077e-01 -2.575351841090431e-01
-9.664682510402191e-01 -8.933976223328641e-01
-1.455443005993450e+00 -5.753559551917772e-02
9.601773810427708e-01 1.040279669944361e+00
-3.404295306246341e-01 3.762429009400832e-01

192
2.115185608898046e-01 2.220954667517729e+00
-9.336131477186373e-01 -6.237153604125488e+00
2.553363883913357e+00 -3.192863485261530e+00
-1.281377991948971e+00 -7.757809080693088e+00
8.406961614916000e-01 4.790111584314635e+00

193
-7.783543496934933e-02 2.468764284013698e-01
-1.719267619279896e-01 -1.349521788822074e+00
1.043372714694814e+00 7.733525197681000e-01
3.589462149627318e-01 -1.208081438875242e+00
-8.384629708518629e-01 4.123050021061585e-01

194
-2.622144960845376e-01 -9.266340263599295e-03
7.194529005252608e-01 2.875040395337813e-02
5.861587412455049e-01 5.160884954720901e-01
8.708421135466480e-01 -5.814335316626741e-02
5.102335165959099e-01 -2.998791463282433e-02

195
4.936800665301317e-01 -3.517402484385996e-01
2.862420375632805e-01 1.292944817457419e+00
2.208365352497828e+00 6.413810774831062e-01
-2.034619235652809e+00 1.001612545012061e+00
6.002000148561436e-01 -1.187789073288628e+00

196
3.319378870351059e-02 -9.187640732812686e-03
-4.475682645439664e-02 -6.116467318104538e-01
5.514606735833661e-01 2.720154884723495e-01
1.835770351818668e-01 -2.989739590217643e-01
1.321290649183088e-01 1.911689124508077e-01

197
2.890420194628786e-01 1.844323229743391e-01
3.748013342179368e-02 -9.267111410483631e-01
5.986708158137265e-01 -1.907043669106835e-01
1.138584184295430e-01 -3.612934928576505e-01
2.606674425315364e-01 4.494211226652229e-01

198
1.813265392648277e-01 1.260824147873093e-01
4.464471900561118e-01 -1.273185174426740e+00
1.022139632529811e+00 7.344192892290697e-01
5.241113241356599e-01 -4.805773623451058e-01
-9.740879037153886e-01 -3.830709101261582e-01

199
1.156556826141071e-03 7.481607354263624e-02
-3.197341963733366e-03 -4.671715581817920e-01
4.556707975842308e-01 3.458896731412981e-01
-2.255277652959129e-01 -1.320801180917776e-01
3.005274768126749e-01 -3.059940673295620e-01

200
4.837611084079725e-02 -3.479997351666120e-02
3.170618066283585e-02 -2.123060380499047e-01
-9.780716597944544e-02 2.579779738529674e-01
5.474749988487710e-01 8.411715673798971e-02
7.733881879998596e-01 1.274272144638722e-01

201
-1.296189396868361e-01 -7.711463401944407e-02
-4.044918673416119e-01 -2.477600360425711e-01
3.566291292543191e-01 2.176848568502220e-01
-1.996426108766755e-01 -1.189831557902336e-01
4.436302977386410e-01 2.665912195599120e-01

202
-9.303910346306621e-01 3.636109535443893e-02
-4.295333076553468e-01 -4.440024046727550e-03
1.523149328959203e+00 -2.400267699534245e-01
-1.810742991828438e+00 -1.386327890990112e+00
1.199475992364960e+00 3.992180772231163e-01

203
-7.163976541882912e-01 5.980090578235987e-01
-6.016863259178150e-01 4.891121413209484e-01
1.394373650665998e+00 -1.209556148597828e+00
-6.844579449556975e-01 5.404905926521947e-01
3.466642665468637e-01 2.496407632720572e+00

204
4.601534760855219e-01 -2.028119280865429e-01
3.014753158865401e-01 -1.444679268436579e-01
1.007665660359561e+00 5.547149384423418e-01
1.042988234220694e-01 -5.697166905447620e-02
3.456180566862456e-01 -1.800031065549121e-01

205
-4.497897574122423e-02 -2.103961500088494e-01
-3.242973308801974e-01 -3.389142219852220e-01
3.827498197098076e-01 6.130980818255788e-01
8.921838308572639e-01 -1.013121453469923e+00
6.996495948045671e-01 1.027614481361617e+00

206
-6.758596442306113e-01 -6.022086277475518e-01
-4.024221997270622e-01 -3.987573211799788e-01
6.453042969568836e-01 4.619031446014312e-01
6.561561461511680e-03 -3.908926324883867e-01
-2.297135664500873e-01 8.959960947965362e-02

207
-1.360942196907130e+00 -6.092044761347331e-01
-8.129794684537881e-01 -6.630004609680890e-01
2.291850304097613e+00 1.182884512285354e+00
-1.782110179354481e-01 -3.010922675480689e+00
-4.977280981851408e-01 1.395814179397904e+00

208
1.034946029869117e-01 -4.546151577682283e-04
-2.776951585519910e-01 -1.641299376400319e-01
1.638761703705458e-01 1.534250126803098e-01
-2.066019282108215e-01 4.394992024926275e-01
4.168018685947985e-01 -1.888641426784646e-02

209
3.793664640723384e-01 -2.808374392612654e-02
-6.394808129327737e-01 -1.975818291855602e-01
2.694684862118146e-01 1.830595415656389e-01
-7.867061320576978e-02 7.513906712068481e-01
-9.515593004806176e-02 4.776497082470880e-01

210
-2.235527099155853e-01 7.226122280862937e-02
-2.247653553696757e-01 -3.829140352482638e-01
-1.951701578545040e-01 1.033349282713102e-01
-1.809028052061976e-01 -5.303167207278841e-02
7.976903766107921e-01 -1.900812974323560e-01

211
1.337905940370514e-01 8.144144230199936e-02
-2.456299519938163e-01 -2.874694989517010e-01
1.076028414156979e-01 1.899685466623848e-01
-3.181511094195678e-01 4.147840070955496e-01
3.786007712262454e-01 -2.390489998560681e-01

212
-7.210918319232479e-02 -1.723527096219240e-01
-2.297673601246426e-01 -5.616939186367177e-01
1.772826705087749e-01 4.311959717116138e-01
6.182615057548040e-02 1.503111918455567e-01
-1.195464137667100e-01 -2.866955795804172e-01

213
-3.592451903386588e-01 -3.882989803363730e-01
-2.058768754505179e-01 -2.239132841770261e-01
3.900393746311206e-01 3.445845729083257e-01
-1.475381572679842e-01 1.520519605208140e-01
7.568096815447332e-02 -2.779155097474379e-01

214
-5.110850276657301e-02 -7.002344449956700e-02
-2.289825591709003e-01 -3.183085602414045e-01
2.117681262989283e-01 2.928950966932155e-01
1.879552825680811e-01 2.582152128588555e-01
9.812617917493001e-02 1.315156822399104e-01

215
-1.089351557646653e+00 1.066918857893821e-01
-6.936747679232871e-01 6.679961376231888e-02
1.923015728797442e+00 -1.605982905867033e-01
-1.614815479993863e-01 1.232250272937049e-02
-1.173238317440933e+00 2.147040629012448e+00

216
-2.818267674236787e-01 -3.134233000832727e-01
-2.726268172709350e-01 -2.010549243839515e-01
5.710996639412331e-01 5.635377797997534e-01
-9.817458060649678e-01 3.227148692488615e-01
-1.105460166759473e-01 -1.065848467248635e+00

217
-7.006645323626035e-01 -6.739002586877280e-01
-4.443971056972241e-01 -4.141090961829843e-01
3.484507139840519e-01 2.729554344711426e-01
-3.126489725110612e-01 -8.359238088460572e-02
-1.000011894892193e-01 -3.285569435909814e-01

218
-2.834245608371783e-01 -1.788826145508755e-01
-1.868057756385794e-01 -1.109352907787712e-01
4.494571205587063e-01 -5.412723335989256e-01
-6.814908814801296e-02 -2.959931246074560e-02
9.136195035638370e-01 8.320406538826909e-01

219
-4.162380984173916e-01 -1.017366887069324e-01
-2.861116060159707e-01 8.324235890238595e-02
7.045525293401234e-01 -1.784650647573249e-02
-2.080683719906397e-01 7.210498954082940e-01
-2.219523209014620e-01 4.350825391390992e-01

220
4.628516926699106e-03 -1.341246974096358e-01
-3.610591999245866e-01 -8.837217034957690e-01
8.896528981446262e-01 3.514293241117414e-01
1.415910242277097e-01 -4.418160053961280e-01
-5.669448795844950e-01 5.063206524760446e-01

221
2.593575027354147e-01 1.051476807073012e+00
5.814480451032051e-01 -1.695084281947915e+00
-1.688652256802893e+00 -1.078542049384023e+00
4.278115286054816e-01 2.267055599794894e+00
-5.021841645101282e-01 -1.231451002017366e+00

222
-3.956340202119717e-01 1.485119089012269e-01
8.991994429304214e-01 2.762078899974290e-01
1.040220929528709e+00 -4.742219092482614e-01
-7.749113406030605e-01 2.354927918673182e-01
1.238522584423911e+00 -5.428595226944678e-01

223
-4.554198815597239e-02 4.937282532644000e-01
8.685571343531543e-01 -7.513129455643618e-01
2.738798723201041e-01 -8.209546446019536e-01
-1.196814786785992e-01 8.755410438436335e-01
2.492445042691360e-01 -5.443843209118129e-01

224
2.577882472064668e-01 -1.179803206966470e-01
-3.817811510426383e-01 -1.893633914765037e-01
-6.037444807339266e-02 3.682241986566248e-01
-3.851342511812885e-01 2.343668070194343e-01
7.411684168967253e-01 -4.074172873685760e-01

225
7.176646927247600e-02 -1.339190104863491e-01
-3.103837050735112e-01 -1.246147811420603e-01
2.547871768411871e-01 1.048057405700979e-01
-2.330822418953132e-01 5.030852647131246e-01
3.356621621828904e-01 1.774601019069608e-02

226
-2.208005399834661e-01 -8.207499897436113e-02
2.773275416002487e-01 2.971315357643215e-01
6.000742498962988e-01 1.530757002667191e-01
2.601605196847021e-01 1.560550401821773e-01
8.281721372523166e-01 2.834725695164528e-01

227
2.490617827302131e-01 -8.307671114771925e-01
-3.339166659241270e-01 7.708982931845513e-01
3.258510111407005e+00 -1.255441640682905e+00
-3.595270377617066e-01 8.242395661644526e-01
-4.998560266858001e-01 3.001592047486905e+00

228
3.862328864079810e-02 -3.842680196979077e-02
-3.466518042336122e-01 -3.804385028516478e-01
-1.975889036657362e-01 4.260252287030117e-01
8.058985290817108e-02 3.341652067397610e-01
2.476884751705588e-01 -2.357629392387233e-01

229
-1.476861820512327e-02 -4.212241861278389e-02
-7.549809613513868e-02 -2.200286847232784e-01
1.027687888940304e-01 2.973230635358931e-01
5.974581334315172e-02 1.710113739453856e-01
5.294527245046756e-01 -1.563467075169041e-01

230
-4.774741829415468e-02 -1.688350052842702e-01
-7.737795832891062e-01 -2.688597046693772e-01
-2.022758889575553e-01 7.010003609103655e-01
4.781742211204256e-01 5.767164943371097e-01
-3.963135577724989e-01 3.229523339305011e-01

231
-3.528408281978972e-02 -2.216632714018089e-01
-2.772637979709826e-01 -8.232723514025810e-01
-8.330592687677649e-01 -3.735228571352138e-01
2.125546906649084e-01 9.226568786791147e-01
1.800578320983672e-01 -4.004703153665484e-01

232
8.114057295288363e-02 -1.125691801810792e-01
-3.159627696267701e-01 -1.138385025957966e-01
8.455472810001333e-02 4.296691425424211e-01
-2.278273034492370e-01 4.674868771154075e-01
3.265837432431860e-01 -3.361102134029826e-01

233
-7.157577726948131e-02 -2.835760380770861e-01
-6.334480044198660e-01 3.724206750093384e-01
-2.371532326465421e-01 9.020801832433676e-01
4.212994401537500e-01 1.019716908154144e+00
-5.959264886921344e-02 2.959969427403324e-02

234
-7.270913123119553e-02 -1.536204007669521e-01
-2.967989047455031e-01 2.778180383290415e-01
4.160329328745984e-01 -5.109228749308398e-03
3.796254399710649e-01 5.005852000704289e-01
4.990088652042961e-01 9.746772418802375e-01

235
5.733748494843211e-03 -2.833335856346650e-01
-6.882637949899831e-01 1.835533365009457e-01
-4.046213243650499e-01 7.595036107958920e-01
1.319662781566605e-01 1.060081697935769e+00
1.214732954499413e-02 -2.655100156627527e-01

236
8.952337170522214e-01 -5.919364922844644e-01
-1.962607670097906e+00 -1.882319880288449e-02
-1.704107520259987e+00 9.501065936130578e-01
-1.174268192535114e+00 4.561017478869629e-01
1.639067680647071e+00 -1.017208321252388e+00

237
2.531119085635573e-02 -2.948713164066587e-02
-7.049524711285919e-01 -4.400306309187714e-01
-3.091243107602231e-02 7.815919711373112e-01
1.690198653400260e-01 -4.718095520534267e-01
3.596476140847754e-01 2.837729048279278e-01

238
-4.932611117475712e-01 -2.811993615691748e-01
-6.856203759276350e-01 1.129020314648100e+00
1.095720613859362e+00 2.652705834226508e-01
-1.160973845970887e+00 -4.620061567391620e-01
1.696853327769677e+00 7.719506077004843e-01

239
-3.458394117765451e-01 -2.400484753500080e-01
1.783670308621696e+00 -8.645407806422135e-01
-6.272412957641305e-01 -1.428218341128065e+00
1.356848139448069e+00 1.410450854728593e+00
6.911360620795182e-01 -9.317706759110564e-01

