20                                               

-5.043211528287317e+00 -1.688596380805536e-15
6.899746157520216e-01 -3.138602992368864e-16
2.752572443022108e-01 -4.072496477054332e-16
-4.460024452976580e+00 7.407327667324664e-16

-4.914640883204910e+00 -1.429884988024390e-15
7.559236012926525e-01 7.184028909212261e-17
5.774334663872194e-01 -2.521872167842008e-16
-4.517490127797355e+00 3.454335945164015e-16

-5.403583420361417e+00 -2.335524919391483e-15
-1.399350682531251e+00 -1.699172915908904e-16
-1.248761067375152e+00 -2.056239182207952e-16
-3.688778191626386e+00 9.577291987999596e-17

-5.403583420361418e+00 -3.077718436455597e-17
-1.399350682531252e+00 8.920384494239523e-16
-3.688778191626387e+00 6.733990234346896e-16
-1.248761067375153e+00 7.090188929033188e-16

7.559236012926527e-01 -4.759765182291985e-16
-4.914640883204910e+00 2.745302627554711e-16
-4.517490127797356e+00 2.197909610274726e-17
5.774334663872230e-01 -1.620124130842997e-16

6.899746157520225e-01 1.336170359857243e-15
-5.043211528287311e+00 2.208096778188541e-15
-4.460024452976580e+00 -1.557259028223814e-16
2.752572443022196e-01 1.825131523704871e-15

6.841641969006950e-01 -6.711006312116544e-15
-1.953639063609151e+00 7.023955660602624e-15
7.581227227460309e+00 -2.708795040508149e-13
2.491415911104496e-01 -2.112767010046815e-14

7.559236012926522e-01 1.045099575385736e-16
-4.914640883204909e+00 -1.966310206552126e-15
5.774334663872172e-01 2.427063702778175e-16
-4.517490127797355e+00 -6.724781036453540e-16

-1.953639063609148e+00 -1.795254785276679e-14
6.841641969006926e-01 1.751834918967459e-14
7.581227227460197e+00 6.943448799425487e-13
2.491415911104545e-01 6.785592027432849e-14

-1.399350682531252e+00 -3.844751577882336e-16
-5.403583420361400e+00 -3.503331347037947e-17
-1.248761067375152e+00 -9.625925005066607e-17
-3.688778191626387e+00 -7.226763203589096e-18

-1.953639063609161e+00 -7.574001573830303e-17
6.841641969007050e-01 4.579719828487628e-17
2.491415911104918e-01 -2.605530779678570e-16
7.581227227460671e+00 3.104690413972723e-15

-2.107046962342673e+00 -1.556878829402941e-15
8.102651482519863e-01 1.065457764112094e-15
2.062238343047261e+01 3.075976065702845e-13
8.224271312825504e-01 9.509627975396212e-13

-4.914640883204903e+00 2.107622665586032e-15
7.559236012926562e-01 2.670065140604979e-16
-4.517490127797360e+00 1.172139060474255e-15
5.774334663872389e-01 3.673314864407750e-15

-5.043211528287313e+00 -9.917426995652188e-16
6.899746157520240e-01 5.465428734900783e-16
-4.460024452976582e+00 -7.345152623949229e-16
2.752572443022265e-01 2.757267334539187e-15

-2.107046962343010e+00 9.626866628914289e-17
8.102651482522274e-01 2.842515973985753e-17
8.224271312834589e-01 1.394905209093022e-16
2.062238343053588e+01 3.474993945323762e-14

-1.399350682531252e+00 2.659254206152768e-18
-5.403583420361418e+00 -3.440147118143988e-16
-3.688778191626387e+00 6.551087570725915e-17
-1.248761067375151e+00 -2.130283534689927e-17

8.102651482523621e-01 -2.012616915590150e-14
-2.107046962343197e+00 2.793921910205399e-14
2.062238343057145e+01 -5.190957950507238e-12
8.224271312839556e-01 -8.981312533391612e-13

8.102651482522275e-01 7.839484988713151e-18
-2.107046962343010e+00 -2.196327153724337e-17
8.224271312834588e-01 -1.514385053353698e-17
2.062238343053591e+01 1.461777671407095e-15

6.841641969007051e-01 6.512318432372042e-17
-1.953639063609162e+00 4.853384367995153e-17
2.491415911104918e-01 -1.039360884101590e-17
7.581227227460682e+00 -2.295201051005190e-15

6.899746157520212e-01 -1.199277917728743e-16
-5.043211528287312e+00 -4.464550090416307e-16
2.752572443022114e-01 -1.795939539745069e-16
-4.460024452976580e+00 4.353417390531680e-16

