-5.0432115282873173e+00 -1.2542102430816147e-59
6.8997461575202135e-01 -4.5847536419043696e-60
2.7525724430221138e-01 -2.0292817013717815e-59
-4.4600244529765796e+00 4.0983789367098319e-60
6.8997461575202135e-01 -4.5847536419043696e-60
-5.0432115282873173e+00 -1.2542102430816147e-59
2.7525724430221138e-01 -2.0292817013717815e-59
-4.4600244529765796e+00 4.0983789367098319e-60
-5.0432115282873173e+00 -1.2542102430816147e-59
6.8997461575202135e-01 -4.5847536419043696e-60
-4.4600244529765796e+00 4.0983789367098319e-60
2.7525724430221138e-01 -2.0292817013717815e-59
6.8997461575202135e-01 -4.5847536419043696e-60
-5.0432115282873173e+00 -1.2542102430816147e-59
-4.4600244529765796e+00 4.0983789367098319e-60
2.7525724430221138e-01 -2.0292817013717815e-59
-4.9146408832049140e+00 2.2354344655044653e-60
7.5592360129265246e-01 -4.1364965739210808e-60
5.7743346638721860e-01 -2.5593234952353430e-59
-4.5174901277973563e+00 -1.9831773489868348e-60
7.5592360129265246e-01 -4.1364965739210808e-60
-4.9146408832049140e+00 2.2354344655044653e-60
5.7743346638721860e-01 -2.5593234952353430e-59
-4.5174901277973563e+00 -1.9831773489868348e-60
-4.9146408832049140e+00 2.2354344655044653e-60
7.5592360129265246e-01 -4.1364965739210808e-60
-4.5174901277973563e+00 -1.9831773489868348e-60
5.7743346638721860e-01 -2.5593234952353430e-59
7.5592360129265246e-01 -4.1364965739210808e-60
-4.9146408832049140e+00 2.2354344655044653e-60
-4.5174901277973563e+00 -1.9831773489868348e-60
5.7743346638721860e-01 -2.5593234952353430e-59
-5.4035834203614206e+00 3.9703156934332613e-59
-1.3993506825312512e+00 3.6049302833153599e-60
-1.2487610673751517e+00 1.3699708098836075e-60
-3.6887781916263873e+00 -3.3453697413672345e-60
-1.3993506825312512e+00 3.6049302833153599e-60
-5.4035834203614206e+00 3.9703156934332613e-59
-1.2487610673751517e+00 1.3699708098836075e-60
-3.6887781916263873e+00 -3.3453697413672345e-60
-5.4035834203614206e+00 3.9703156934332613e-59
-1.3993506825312512e+00 3.6049302833153599e-60
-3.6887781916263873e+00 -3.3453697413672345e-60
-1.2487610673751517e+00 1.3699708098836075e-60
-1.3993506825312512e+00 3.6049302833153599e-60
-5.4035834203614206e+00 3.9703156934332613e-59
-3.6887781916263873e+00 -3.3453697413672345e-60
-1.2487610673751517e+00 1.3699708098836075e-60
-3.0296042254023674e+00 7.7434797667827637e-01
-3.0296042254023674e+00 -7.7434797667827637e-01
-3.5128913908967663e+00 -1.4935115453968126e-61
2.0065351312690085e+00 -4.8228583396205280e-61
-3.0296042254023674e+00 -7.7434797667827637e-01
-3.0296042254023674e+00 7.7434797667827637e-01
-3.5128913908967663e+00 -1.4935115453968126e-61
2.0065351312690085e+00 -4.8228583396205280e-61
-3.0296042254023674e+00 7.7434797667827637e-01
-3.0296042254023674e+00 -7.7434797667827637e-01
2.0065351312690085e+00 -4.8228583396205280e-61
-3.5128913908967663e+00 -1.4935115453968126e-61
-3.0296042254023674e+00 -7.7434797667827637e-01
-3.0296042254023674e+00 7.7434797667827637e-01
2.0065351312690085e+00 -4.8228583396205280e-61
-3.5128913908967663e+00 -1.4935115453968126e-61
-1.7168507291030033e+00 1.0342333600015159e+00
-1.7168507291030033e+00 -1.0342333600015159e+00
2.0725524658194043e+00 8.6437641356504289e-63
-1.4238699954725864e+00 2.1504012184169162e-61
-1.7168507291030033e+00 -1.0342333600015159e+00
-1.7168507291030033e+00 1.0342333600015159e+00
2.0725524658194043e+00 8.6437641356504289e-63
-1.4238699954725864e+00 2.1504012184169162e-61
-1.7168507291030033e+00 1.0342333600015159e+00
-1.7168507291030033e+00 -1.0342333600015159e+00
-1.4238699954725864e+00 2.1504012184169162e-61
2.0725524658194043e+00 8.6437641356504289e-63
-1.7168507291030033e+00 -1.0342333600015159e+00
-1.7168507291030033e+00 1.0342333600015159e+00
-1.4238699954725864e+00 2.1504012184169162e-61
2.0725524658194043e+00 8.6437641356504289e-63
6.8416419690070507e-01 1.7706192522769988e-51
-1.9536390636091614e+00 -1.8082863063278359e-51
7.5812272274606887e+00 6.7107472335736131e-50
2.4914159111049197e-01 5.4933225255753967e-51
-1.9536390636091614e+00 -1.8082863063278359e-51
6.8416419690070507e-01 1.7706192522769988e-51
7.5812272274606887e+00 6.7107472335736131e-50
2.4914159111049197e-01 5.4933225255753967e-51
6.8416419690070507e-01 1.7706192522769988e-51
-1.9536390636091614e+00 -1.8082863063278359e-51
2.4914159111049197e-01 5.4933225255753967e-51
7.5812272274606887e+00 6.7107472335736131e-50
-1.9536390636091614e+00 -1.8082863063278359e-51
6.8416419690070507e-01 1.7706192522769988e-51
2.4914159111049197e-01 5.4933225255753967e-51
7.5812272274606887e+00 6.7107472335736131e-50
6.7443654332459269e-01 1.3124908574152560e-63
-2.3502460232886624e-01 6.7631388298127204e-63
3.1819929525913793e-01 1.1415805617650131e-01
3.1819929525913793e-01 -1.1415805617650131e-01
-2.3502460232886624e-01 6.7631388298127204e-63
6.7443654332459269e-01 1.3124908574152560e-63
3.1819929525913793e-01 1.1415805617650131e-01
3.1819929525913793e-01 -1.1415805617650131e-01
6.7443654332459269e-01 1.3124908574152560e-63
-2.3502460232886624e-01 6.7631388298127204e-63
3.1819929525913793e-01 -1.1415805617650131e-01
3.1819929525913793e-01 1.1415805617650131e-01
-2.3502460232886624e-01 6.7631388298127204e-63
6.7443654332459269e-01 1.3124908574152560e-63
3.1819929525913793e-01 -1.1415805617650131e-01
3.1819929525913793e-01 1.1415805617650131e-01
6.3144171789105974e-01 1.0151827285638570e-61
-9.8660894450779146e-01 2.1220623094768915e-61
4.3074551152258826e-02 3.9386416835802973e-01
4.3074551152258826e-02 -3.9386416835802973e-01
-9.8660894450779146e-01 2.1220623094768915e-61
6.3144171789105974e-01 1.0151827285638570e-61
4.3074551152258826e-02 3.9386416835802973e-01
4.3074551152258826e-02 -3.9386416835802973e-01
6.3144171789105974e-01 1.0151827285638570e-61
-9.8660894450779146e-01 2.1220623094768915e-61
4.3074551152258826e-02 -3.9386416835802973e-01
4.3074551152258826e-02 3.9386416835802973e-01
-9.8660894450779146e-01 2.1220623094768915e-61
6.3144171789105974e-01 1.0151827285638570e-61
4.3074551152258826e-02 -3.9386416835802973e-01
4.3074551152258826e-02 3.9386416835802973e-01
6.6612202937977172e-01 1.1299882750754247e-60
-9.0776514787267681e-01 2.0186726173375629e-60
1.0982811532391915e-01 -2.0586571250291072e-01
1.0982811532391915e-01 2.0586571250291072e-01
-9.0776514787267681e-01 2.0186726173375629e-60
6.6612202937977172e-01 1.1299882750754247e-60
1.0982811532391915e-01 -2.0586571250291072e-01
1.0982811532391915e-01 2.0586571250291072e-01
6.6612202937977172e-01 1.1299882750754247e-60
-9.0776514787267681e-01 2.0186726173375629e-60
1.0982811532391915e-01 2.0586571250291072e-01
1.0982811532391915e-01 -2.0586571250291072e-01
-9.0776514787267681e-01 2.0186726173375629e-60
6.6612202937977172e-01 1.1299882750754247e-60
1.0982811532391915e-01 2.0586571250291072e-01
1.0982811532391915e-01 -2.0586571250291072e-01
-2.1070469623430088e+00 1.0133135116532310e-44
8.1026514825222729e-01 -7.2566048792977720e-45
2.0622383430535926e+01 -1.9148759110567206e-42
8.2242713128345890e-01 -3.8637598801390621e-44
8.1026514825222729e-01 -7.2566048792977720e-45
-2.1070469623430088e+00 1.0133135116532310e-44
2.0622383430535926e+01 -1.9148759110567206e-42
8.2242713128345890e-01 -3.8637598801390621e-44
-2.1070469623430088e+00 1.0133135116532310e-44
8.1026514825222729e-01 -7.2566048792977720e-45
8.2242713128345890e-01 -3.8637598801390621e-44
2.0622383430535926e+01 -1.9148759110567206e-42
8.1026514825222729e-01 -7.2566048792977720e-45
-2.1070469623430088e+00 1.0133135116532310e-44
8.2242713128345890e-01 -3.8637598801390621e-44
2.0622383430535926e+01 -1.9148759110567206e-42
