0
-1.799952794481447e-03 6.262864479256258e-04
-7.423000901461957e-02 -7.353102345062810e-03
7.232970764919353e-02 8.012991470223092e-03
-5.205416614721189e-01 3.300987423126796e-01
-7.627930404977528e-01 4.837494366734382e-01

1
-2.150299042094271e-01 1.659401582276806e-01
1.232347124631143e-01 6.909577832054031e-01
-1.217239704346797e+00 -1.811571732710181e-01
-3.611250572132748e-02 1.807800636786143e-01
-1.398586743988725e-01 -2.141770892266921e-01

2
3.957415067644746e-01 2.208879454536564e-03
5.901357635524803e-01 -1.442861877552825e-01
7.371835048392069e-01 -1.434265010917260e+00
5.793614580322926e-02 -7.000687734267404e-02
-6.030435603738162e-02 2.634766820547098e-01

3
-1.423064283602152e-03 -1.951882716530226e-03
2.109535599662744e-02 5.856202600601410e-02
-2.259548390346633e-02 -6.063082931892374e-02
-4.526250182906651e-01 -2.775249741975723e-01
-1.146624470927644e-01 4.234130385050837e-01

4
-1.092286965191022e-01 2.256842545148399e-01
8.338491673960592e-02 2.997362423531295e-01
-2.869820130391325e-01 8.489126767563071e-02
-3.344522472785777e-02 2.567250013646164e-02
-1.947773029007136e-01 5.590585606553824e-01

5
-3.559996239450856e-02 1.815837651487300e-01
-1.588217671708016e-02 6.170431155492586e-01
-7.865260911330213e-01 3.164504711117299e-01
-1.144015860628640e-01 -9.475291244297900e-02
-3.082547468389999e-02 8.565179608756444e-02

6
-3.075752299614140e-02 1.717440423980847e-03
5.283718086356824e-01 -5.830827418484059e-01
-5.606667666904567e-01 5.851434188935455e-01
5.305187415826413e-01 -6.657354353895699e+00
5.153003174973408e+00 1.968831726719179e+00

7
-2.018780786800471e-02 3.299041255170687e-01
2.286218387115151e-01 8.572258245789547e-01
-1.445698591479373e-01 4.735385339037907e-01
-1.921819102892048e-01 -5.611541314181009e-02
2.077728665306233e-01 -2.009093897820781e-02

8
1.075204093995841e-01 2.040572932608958e-01
2.312999182626176e-01 2.902215977381605e-01
-4.874302890591940e-03 -2.833004529715460e-01
-4.296198670261199e-01 2.420216255308612e-04
-2.826425672410353e-02 -1.223192705152306e-01

9
7.939198269012071e-02 1.849343454951611e-01
1.624358891822186e-01 2.593415787894513e-01
3.705344635666175e-04 -2.227045827031361e-01
-4.115148163221171e-01 -8.534101444147819e-02
3.110358281884555e-02 3.758707122225278e-02

10
1.794198662611907e-01 2.818295776816621e-01
8.344959627850452e-01 5.839560673566614e-01
1.450845399715977e+00 -2.653522023144743e-01
-2.597337381294056e-01 9.167576724724116e-02
1.425441976594195e-01 6.796018697570286e-02

11
1.520725545604621e-01 4.984045078200282e-01
9.574783935579656e-01 1.249052773956143e+00
1.533407975153225e+00 1.090890472704362e+00
-4.039405497005174e-01 2.251887836372964e-02
2.171010057485893e-01 -2.580390029968961e-01

12
-8.103684679787970e-02 2.215644721364862e-01
1.673268612081765e-02 1.917722294175569e-01
-1.534204574410704e-01 1.397432855759799e-01
2.726248619101707e-02 -6.256572504066628e-02
-1.729962515133784e-01 8.221311955662398e-01

13
6.313324131501002e-02 9.736193812920517e-02
1.008955344814396e-01 2.675590500103217e-02
-8.669623114782806e-03 7.174361051256323e-02
-1.668855857371980e-02 -2.932286604223739e-02
-4.921951390998003e-01 7.558719987419867e-01

14
4.209348764736242e-01 3.167943717512658e-01
1.433751257657923e+00 2.559081957545805e-02
1.964353233682932e+00 -1.206797111901742e-01
-4.730005094713627e-03 -3.241584975138322e-01
-3.056280653711958e-01 2.745959560705011e-01

15
-8.165389289866319e-01 5.267214529038949e-02
-1.297124483760189e+00 4.209984738992424e-01
-3.523781878689031e+00 -3.245445289985493e-01
-1.012115254258505e-01 8.529420351158733e-02
1.873296853037182e-01 4.431937349214998e-01

16
3.956980174898823e-01 2.541627252358487e-01
7.287900371523071e-01 4.036460656524822e-01
-5.040708559439306e-01 2.173741781315343e-01
5.858243068623160e-01 -8.750438736872483e-01
1.453172552555661e-01 6.582966468718257e-02

17
1.673840228728265e-01 3.203517982552279e-01
7.011134290794414e-01 6.885062836693884e-01
1.358731432016085e-01 5.193415690886085e-01
1.829227218033026e-01 -1.362323945111141e-01
-2.116233803654616e-01 5.592172257982609e-02

18
4.280594948395099e-02 9.040979326056802e-03
1.445585816606831e-01 -1.735816128074141e-02
-1.004939422818069e-01 2.360807245006223e-02
1.628571757912268e-02 -2.958895438203598e-02
-6.396354352095317e-01 7.594551585201564e-01

19
-2.336227396557932e-01 4.009571812670645e-01
-4.721642308246695e-02 1.435602301070152e+00
-1.380308943096065e+00 1.603743785117242e+00
3.373758782462600e-01 7.856428772621198e-03
-4.395495300474716e-02 1.805602196259006e-01

20
4.951003538191968e-02 1.553947695859965e-01
3.849703207272416e-01 4.192098455533526e-01
-3.916443789879295e-01 -4.241733219447679e-01
1.059816805554675e-01 -1.071785486642378e-02
-1.012546116166513e-01 4.389008827377509e-02

21
-4.560351159698410e-01 6.500467769759194e-01
-1.450680373235787e-01 1.339130691765502e+00
-9.588981305814236e-01 -3.804582325725577e-01
1.322625117319404e-02 1.524024351689637e+00
-9.563406118837330e-02 -2.617716559355746e-01

22
-1.426904164903466e-02 1.968500246489173e-01
2.046801809505324e-01 5.253292004801673e-01
-7.178259046334039e-01 -5.979066740311180e-01
6.653156429805587e-02 8.016947142177884e-02
9.277849480743161e-02 -8.885289926247578e-02

23
6.373300155229901e-02 1.194113798463681e-01
-7.882198725561584e-02 7.894590961757025e-01
-6.791479393463653e-01 -3.488240310421865e-01
-3.404101310640404e-02 1.794979696505546e-01
1.803944905367651e-01 -9.293653347761466e-02

24
-4.523706932614311e-03 1.486901552597465e-01
2.730891484753051e-01 4.797961518251478e-01
-2.373061798999593e-01 -4.800163703630047e-01
-9.579672637954773e-02 1.106932800676943e-02
9.833843223439202e-02 2.018846953491072e-02

25
3.213071812188601e-02 1.923697440860319e-02
1.339950128862458e-01 -5.557349894434804e-03
-9.937341127976176e-02 2.343991918396221e-02
-9.327962897650255e-03 2.655785325448381e-02
-6.657567111684519e-01 7.369402053428962e-01

26
-1.013997962448515e-02 7.562327255780659e-03
8.731734348615584e-02 6.767315253683059e-01
-6.293685558285418e-01 -2.640924936844565e-01
-1.461810831460219e-01 -7.937379472090211e-02
1.335691023288064e-01 -1.088394740014873e-01

27
-4.279795186837017e-02 -1.638354529283216e-03
-1.314951165958381e-01 8.077370316263523e-02
8.606977724617744e-02 -8.530975754020367e-02
-5.025203220072451e-03 -3.217230413852933e-02
-2.545659683840499e-01 1.090237204570666e+00

28
2.644878251013538e-01 1.595385681067287e-01
-3.142960452835984e-03 2.977543803084655e-01
-2.898075648342936e-01 -1.695592747311181e-01
-1.657372956759643e-01 -8.778980595870302e-02
-3.035927982959749e-02 9.082734920693847e-02

29
-1.078202229223946e-01 3.619121543802262e-01
-8.371987938296109e-02 6.299785916930336e-01
-1.501629020664684e+00 4.276582406119924e-01
-1.619843100153395e-02 7.252824056508768e-02
-2.016898568538169e-01 -1.331369939344303e-01

30
-6.526119187638188e-02 9.356934223824460e-02
1.669249415633766e-01 6.264260743391910e-01
-6.128352576368623e-01 -2.579909391044830e-01
-1.547541143699944e-01 -5.345271281711841e-02
1.135962244288841e-01 -1.173270747197495e-01

31
1.523500552901280e-02 1.454812507237838e-01
3.184472977696708e-02 6.308315749958705e-01
-6.943991817249258e-01 -8.917936014131614e-02
-1.283936682450133e-01 -8.993502112337477e-02
1.519931614769334e-01 -6.777518583564834e-02

32
-2.635871359834783e-02 1.460893927819971e-01
2.916204238237309e-01 4.576885963258045e-01
-4.984148233540662e-01 -4.702713568285778e-01
4.895315202208653e-02 -6.690025861667948e-02
6.848752606685120e-02 5.484704984029076e-02

33
-1.499259404807188e-01 4.386030844033666e-01
1.570704347266841e-02 1.689589744723047e-01
-1.827574844564564e+00 1.147145905620053e-01
6.485388409321392e-02 -1.385981004698141e-01
-2.729549770210398e-01 -6.542779366034998e-02

34
5.413006893541970e-02 1.362878959384058e-01
3.376226217457617e-01 6.129131678034040e-01
-7.420465607709371e-01 1.252899469647140e-01
1.405747946388016e-01 -1.404094336019647e-01
-1.841330830522488e-01 -5.081061831437952e-02

35
-4.891130788031767e-02 9.568187389920780e-03
-1.411043280833264e-01 8.139768620160377e-02
8.733475628720648e-02 -7.430833856622573e-02
-4.637786036550758e-03 3.838753529580331e-02
-3.158147881718617e-01 1.097809235963628e+00

36
2.805694865242380e-02 -1.060987358137931e-03
5.663839928638901e-01 -5.316182521816523e-01
-5.368665790817070e-01 5.307233937191032e-01
8.588456900712579e-01 -6.347269010958692e+00
4.830398027763541e+00 2.159496985187017e+00

37
3.780556699896182e-01 1.635445717503189e-01
7.248398962809418e-01 2.546171294879943e-01
-4.304800577768806e-01 2.977785199552896e-01
3.771216810467189e-01 -7.455754945723840e-01
-2.136303544979888e-01 3.157527502543175e-02

38
1.066852766103205e-01 6.485646455326184e-01
4.084283179739666e-01 2.151605931656109e-01
-3.733047511221171e-01 2.631360517244725e-01
-1.822097098355492e-02 -1.747295063928443e-01
-2.171230782085392e-02 2.428989360111725e-02

39
-5.296713766525543e-02 -1.366423054600797e-01
-9.471106189942977e-02 -4.041078157844978e-02
6.582097838937608e-02 -9.300723515648372e-02
1.176551267744956e-02 3.910899782843281e-02
-5.954356218298400e-01 1.176528990768248e+00

40
1.626435603607475e-02 5.354379443564777e-02
-7.961437833129038e-02 9.614928384074981e-02
1.010064635925324e-01 -3.649944743284493e-02
-3.042084608232021e-02 2.233346615009708e-02
-3.132964076665909e-01 9.482448479389072e-01

41
1.736159622940759e+00 3.137509663221228e-01
1.740908683284012e+00 2.075126355930620e+00
1.548613839136777e+00 -1.815003728104265e+00
3.028818392833635e+00 1.384922240394152e+00
-2.918667839192645e-01 -2.155219375789779e-01

42
-3.162620362603410e-04 -3.328745828676717e-03
4.249793868328826e-02 -9.633466897396506e-02
-4.283061595413350e-02 9.281567142499515e-02
-2.111517124616880e-01 -8.419228412329246e-01
2.111290746871437e-01 8.416818190124493e-01

43
2.960474365211244e-01 -1.091523784873099e-02
3.563886582103297e-01 3.983175737872738e-01
-2.059923434667757e-01 -1.129160268953054e+00
8.517908944603517e-02 1.213166759050181e-01
-2.462932577420166e-02 -2.201975189693582e-01

44
5.166311784902602e-02 2.927791744744089e-01
-4.708289880316065e-02 5.179476215700656e-01
3.261436666287865e-01 -1.166902386924142e-01
-5.281844034528277e-01 3.907153744264667e-01
3.535449809525341e-02 9.873985437426688e-02

45
3.986458088069129e-02 1.167203166665420e-01
3.389511534666644e-01 3.248031532970260e-01
-1.595507770181770e-01 -5.551518748932106e-01
-8.599972940373485e-02 -3.375099726559478e-02
-1.685445125762737e-02 6.401600076616946e-02

46
3.845670645869614e-02 1.296746536177368e-01
4.618817691781589e-01 3.991042104404404e-01
-1.475643842971053e-01 -6.438948091129132e-01
-3.162603181540655e-02 9.498168343657656e-02
-1.026841825830484e-01 -6.504255611291027e-02

47
1.276176694553723e-01 5.126460152561586e-02
3.995454960532068e-01 8.140859361198702e-01
4.722413020243180e-01 -6.651366919293799e-01
-8.665726635613384e-02 2.353346159533810e-01
2.239737702238609e-01 -6.194290442789019e-02

48
-2.275004198473853e-03 1.048801758023111e-03
-1.817821598929905e-02 8.396966910209375e-02
1.579203128091419e-02 -8.285115005396412e-02
-3.222112615665244e-01 -6.349406450685244e-01
3.220460165606716e-01 6.350172460096281e-01

49
-8.972459065215868e-03 1.454032988648021e-01
3.843543309925299e-01 2.309075497141916e-01
-4.174683387522348e-02 -6.901547617266601e-01
-1.429593900592183e-01 -4.431969504041235e-02
3.559348063935606e-02 9.867264136714228e-02

50
1.017677544668080e-01 -3.297075081979827e-02
1.899114844637469e-01 -3.401640777511582e-02
-1.035655266148807e-01 -1.116915849867106e-03
-6.013854439518974e-02 2.007920287897414e-02
-7.717498933268935e-01 5.879875070369437e-01

51
7.921908699401389e-02 1.692200133324933e-01
4.860791846103642e-01 2.861285346870606e-01
5.438067631444830e-02 -8.762498173306168e-01
-1.775912197631567e-01 2.366358635633713e-02
8.245300506904681e-02 -1.552499010869187e-01

52
-3.257311066558627e-02 9.023141958017211e-02
-1.069500193185407e-01 1.541735558845632e-01
6.432527268930605e-02 -4.613144550419109e-02
2.083737329090406e-02 -5.172994813633801e-02
-1.251813948220752e-01 1.014029412077201e+00

53
1.118487840246193e-01 1.917119664331515e-01
3.212331886653670e-01 1.179705409563955e-01
-4.536321664627271e-01 -7.458411480781491e-01
6.843910937001259e-02 1.570934138627042e-03
-1.510229924258661e-01 6.287055487291976e-02

54
3.723101632454874e-01 1.898050298434146e-01
1.617548851276534e-01 7.169579779680972e-02
-3.688727843467321e-01 -1.887591520483664e-01
-1.632913271005931e-01 -1.648622285098300e-01
-2.608881566857581e-01 -6.946580004097672e-02

55
7.355133291526562e-02 7.073895296538819e-02
4.682949962269061e-01 4.791331112126965e-01
9.491697087674526e-02 -6.160198515636827e-01
-1.365705380151175e-01 -8.957852316978483e-02
1.457076436091607e-01 -8.639063499690493e-02

56
1.095120723280132e-01 -1.676085712347672e-03
5.292939685595962e-01 4.552465084373893e-01
1.509200282925825e-01 -6.121041370355230e-01
1.535061243293483e-01 -9.615750303507613e-02
-8.264154367129206e-03 1.982012043174768e-01

57
1.631846228410242e-01 1.470452690872622e-01
4.990096297915517e-02 1.445678204946313e-02
-5.984191860647110e-01 -7.599051060285530e-01
-5.635587149216646e-02 -5.817025102183280e-02
-8.250823647141528e-02 1.186890797138490e-01

58
2.087409636704662e-01 4.021570280113175e-01
3.946573362564600e-01 7.882041456479827e-02
-1.624768255868129e-01 -4.190909404490056e-01
-9.120215738560171e-02 -2.248802762933969e-01
9.297175025362731e-02 -3.088200090418846e-02

59
1.051191055625740e-01 4.353384360239427e-02
6.836321659129170e-01 3.275914545311304e-01
-1.206142915701533e-01 -6.669593899651186e-01
1.285084810350655e-01 -1.299423123891105e-01
-1.685860810940202e-01 -5.832046935278877e-02

60
9.356226996585806e-02 -5.247840700146308e-01
6.489233050040480e-01 -9.178263349263668e-02
-2.904533740019637e-01 -8.019365838161034e-01
-3.826426228391384e-01 -1.006952838946087e+00
-6.728456248191723e-02 -1.776654128280690e-01

61
-1.721643367600053e-01 -3.974025689073399e-01
1.440434248518319e+00 6.093990689990748e-01
1.440518440535789e+00 -1.473670685976497e+00
1.773782609930553e-01 -2.917454080340971e-01
2.480996273911409e-01 2.495133438149997e-01

62
-1.123656048551189e-03 -1.621336829208926e-02
5.913146997022769e-01 4.258450760110998e-01
7.316039754443752e-02 -7.270526850077064e-01
1.375047196929531e-01 -1.106228350414071e-01
5.626778823690308e-03 1.880498325140998e-01

63
-6.601197011768042e-02 -2.013506793413567e-01
8.521731570003110e-01 2.232541598634248e-01
1.105662767552667e-01 -1.059156698176158e+00
7.715458374522542e-02 -1.823925013683654e-01
-2.248923573358018e-01 8.139011612368419e-02

64
1.001855075561006e-01 4.585631743592394e-01
-3.235838659140958e-01 4.587339002973186e-01
4.696627564956750e-01 3.429176834113946e-01
-1.568095741912594e-02 7.657490018426255e-02
3.586782207736843e-01 1.058271843821815e+00

65
5.762325218133291e-02 5.161874306520344e-01
-6.097646878937155e-01 8.314906316131063e-01
-1.891750513048289e+00 1.268906231658723e+00
-1.578911083166861e-01 1.577533076253574e-01
-2.327384434863752e-01 -1.742784126185221e-01

66
8.878119205672490e-03 -6.013390829692747e-03
6.278010018784193e-01 5.362478564489831e-01
1.515377951616508e-01 -8.118765957936864e-01
1.342375364493314e-02 2.012125015845603e-01
-1.605803877035185e-01 -6.660431368997849e-02

67
-1.429669547466859e+00 -1.449066673358556e+00
1.563500647485229e-01 -3.817914144521550e+00
-3.833772405536712e+00 -7.423955766760175e+00
1.084164518110123e-01 -8.154605044403691e-01
-9.319532140952680e-01 1.234989066410521e+00

68
-3.170162844571604e-02 -1.211148901301324e-02
1.127088267012642e-01 -3.365048312537508e-02
-1.458993049868985e-01 1.905777243355534e-02
1.851394468618417e-02 7.303783846985102e-03
-6.829985506997797e-01 8.495721844110293e-01

69
8.044569125298745e-02 8.396202558580267e-02
2.847265430031437e-03 7.223171407047654e-02
1.061701983885154e-01 7.374446216117955e-03
-2.299015366802371e-02 -2.470391092463523e-02
-3.479332097593570e-01 8.438749429153344e-01

70
2.555483426313190e-01 -9.421110231019557e-02
4.399627626483752e-01 2.181815771051050e-01
2.637143397286370e-01 -1.236051852388154e+00
1.106646101414852e-01 5.760804949226186e-02
-7.022430015495237e-02 1.566125150148990e-01

71
1.345629971867155e-01 -1.296487185526057e-01
6.774336351018162e-01 6.390453700878033e-01
4.242540175032404e-01 -8.171867621557752e-01
2.566171493284989e-02 2.357828293710857e-01
-2.259089390455296e-01 -1.039269803418078e-01

72
-4.650420820626032e-02 2.760454067638240e-01
-1.319940349644357e-01 1.948738993600071e-01
4.304623077573493e-02 2.176325017864640e-01
1.737338952375139e-02 -8.468060453375305e-02
-4.317858077402289e-03 1.026528542611410e+00

73
2.570532318726752e-01 -1.784590941920945e-02
2.815811821361168e-01 5.902742693155233e-01
2.436827766498079e-01 -1.079065593647021e-01
-5.532145415890803e-02 -1.238789740174351e-01
-2.178176325360340e-03 1.488482703239194e-01

74
1.083794248306956e-01 -1.538194525929075e-01
7.929987250754424e-02 6.436769022806844e-01
-2.567466836334117e-01 -8.100624393931178e-01
-2.877150995922721e-02 1.012039467637224e-01
1.144380076437244e-01 2.914463898406203e-02

75
-5.430203241421568e-01 -4.726695061773918e-01
-2.271049938565726e-01 -1.406754070170911e-01
-2.187438538849028e+00 -2.145730519322904e+00
1.691076095746802e-01 1.637746032455794e-01
-3.301519386812538e-01 3.068707431884838e-01

76
1.653086225697642e-02 2.378121706150043e-03
5.493927556022595e-01 5.169998011358404e-01
1.722224658642282e-01 -7.320033964783912e-01
-1.621024894781903e-01 -8.975823795869238e-02
1.635918108072106e-01 -1.181296586799316e-01

77
3.109571032052150e-01 -2.515949889337080e-01
9.242639398326017e-01 7.269398249838449e-01
1.686952429990830e+00 -5.777822848041776e-01
-2.539200692178655e-01 -2.401474257866187e-01
2.317571033590254e-01 1.076339628191742e-02

78
1.030773628221001e-01 -1.293085180528307e-01
4.137534640809108e-01 3.685592712132653e-01
3.420675858094526e-01 -6.769053589741552e-01
-1.545714960687115e-01 -1.061258152984373e-01
-1.231580640340181e-02 1.646915355604888e-01

79
1.055456032702537e-01 -1.058006962351714e-01
4.198873483080551e-01 4.019108802951912e-01
3.540798399461268e-01 -5.981123291928877e-01
-1.474617261832930e-01 -1.022483237394212e-01
-1.049540895022168e-02 1.626369728221276e-01

80
1.164348078482937e-02 9.958875997261477e-03
1.343368392993152e-01 6.271318113059433e-01
-6.101134601896971e-01 -1.955343087039999e-01
1.236661453006079e-01 -9.470128749887800e-02
9.549532169563347e-03 1.726086423604590e-01

81
3.873607398643996e-01 1.874292454527646e-01
4.133972537101287e-02 3.988196997538893e-01
-4.118220126928325e-01 -1.824059580521306e-01
-3.226967935082117e-02 1.199227592194485e-01
-2.294769123136076e-01 -9.588990348870327e-02

82
6.670661206685208e-02 2.690687680335264e-01
-1.501221525974520e-01 3.905303250852347e-01
-9.940961347542520e-01 -5.764959386662335e-01
-5.909796735682835e-02 7.630284963001423e-02
1.832375299254399e-01 -7.325657665440025e-02

83
-1.763863636088686e-02 -1.333194329738573e-01
7.914183492620085e-02 -6.868892959983559e-02
-7.602425083562003e-02 -5.657217441868650e-02
1.491566780546469e-03 3.663642021585492e-02
-7.871639575400449e-01 9.203679288421139e-01

84
-4.937338711656966e-01 3.146963829205123e-01
-4.421583226386999e-01 8.320446227586207e-01
-5.481825895067862e-01 -4.643459291622710e-01
-5.175053649809125e-01 1.078078722886511e+00
-1.084646739121276e-02 1.482510844682819e-01

85
1.335003184326933e+00 5.540817234933371e-01
9.542456081516240e-01 2.002478257867238e+00
1.652185890100889e+00 -1.150895355053381e+00
2.217540168333350e+00 1.449459290360520e+00
1.479226264604837e-01 2.224558292119891e-01

86
3.920902434958328e-01 7.572966900912833e-03
3.408457864114566e-01 9.371034084146228e-01
3.791717864115148e-01 -1.321191218306288e-01
-2.353790797187623e-02 2.249437688899230e-01
-6.666104234613798e-02 -1.948299907252324e-01

87
3.863218550599809e-01 1.508392452941032e-01
7.607483341297470e-02 5.305699598838043e-01
-5.241965545712833e-01 -5.271113864240971e-01
-1.964144517504802e-02 1.541402204104548e-01
-3.818410879427470e-02 -3.364839040341870e-01

88
8.786146765193342e-02 1.081594167908993e-02
3.244308687693524e-02 5.058099818067335e-01
-3.923079950457063e-01 -2.148105742309985e-01
-1.127704929289218e-01 -5.934381568525384e-02
-2.913931271033508e-03 1.287603999217874e-01

89
1.480119082274586e+00 7.219264114119578e-01
-3.499369853605160e+00 2.687910366804839e+00
-3.704822775486690e-01 7.577007995802077e+00
-1.156072366558588e+00 -4.378931578708620e-02
1.447233826989974e-01 1.128161037125645e+00

90
6.576804473485565e-01 -4.243115802903084e-02
-1.792328688198650e-01 4.996148242501219e-01
-8.642733789279876e-02 -4.946192815636661e-01
-1.352604524565386e-01 2.098878090661373e-01
-1.309009845241731e-01 -1.790905744394724e-01

91
2.725316724001078e-01 8.048235440695518e-01
-1.856762745357779e+00 -5.889690371544530e-01
-3.891817868738386e+00 -4.672109988426734e-01
-3.223054807492474e-01 -4.647423093859718e-01
6.928060129741622e-01 -1.352025456443633e-01

92
6.775718482613297e-02 7.105536098317412e-02
1.342681767786203e-01 5.944798317035483e-01
-5.816565651063941e-01 -1.274425671400667e-01
1.253773319083951e-01 -1.174222563583532e-01
1.831544901478944e-02 1.576320245285986e-01

93
2.276229561757483e-01 6.197631963813627e-02
-5.118224092056559e-01 1.597168755091636e-01
-1.022036379596444e+00 -5.008712607090515e-01
-1.650638697132692e-01 -2.386058601088608e-02
2.112291848369038e-02 1.897163857076511e-01

94
1.042535327807745e-04 -1.362708018675171e-02
4.141541876783729e-01 3.993409498593420e-01
1.383502998144017e-01 -5.603966605924108e-01
-1.225987281313728e-01 -6.691579120699534e-02
-2.688150745932076e-03 1.585047197704059e-01

95
6.275945843935198e-04 9.129620694081260e-04
6.187871059989692e-02 1.736689278162217e-02
-6.121486898229004e-02 -1.640944366878717e-02
-4.911379316186278e-01 2.090164522070832e-01
-7.198317088747789e-01 3.062794714772821e-01

96
1.662930224856467e-01 1.158298651194522e-01
-1.182606362005519e-01 5.481938822759043e-01
-9.069077680119818e-01 4.532361762475326e-02
1.012093904476043e-01 -1.497182145195866e-01
1.261981307925039e-02 1.356083708678031e-01

97
2.424202219794986e-01 5.770047099787026e-02
9.318786501125340e-02 3.274990063600939e-01
-3.701508696993418e-01 -3.008173016382776e-01
-3.861090379480098e-02 -1.908942514754070e-01
-8.955815150818275e-03 1.034924392361557e-01

98
2.665209632335166e-01 1.205713218795960e-01
-8.228282117631959e-02 8.163443546114437e-01
-9.432282951794596e-01 8.867551913744860e-01
9.788546819355498e-02 -2.277866416691848e-01
-1.988527454381615e-01 2.252495241810834e-02

99
-2.121594863651338e-02 -5.038948479788941e-02
1.095497312469315e-01 -4.571209304040619e-02
-1.269324372463952e-01 -6.984445245784710e-03
-3.593947589861599e-02 3.686881510357544e-03
-7.037471218076381e-01 8.070401724522566e-01

100
6.694619207798778e-02 8.952517287327648e-02
-1.447945536826637e-02 9.488803693473154e-02
1.078707466099287e-01 -2.479808343741685e-03
5.362293939886572e-03 8.690406600056192e-03
-3.400062440315468e-01 8.821490555731788e-01

101
6.628818752440541e-02 -1.558917472049786e-01
1.911311070869136e-01 6.292652291253451e-01
-3.858900131087069e-01 -6.468271187147270e-01
9.289775425778242e-02 2.776211380418041e-03
7.575404214079716e-03 8.615154633912002e-02

102
8.711056230079990e-02 -9.756818743985063e-02
2.345879036792307e-01 6.273741050662988e-01
-5.850174584139347e-01 -2.932556887421094e-01
6.969035071225295e-02 -7.520423530609240e-02
-1.337149656878366e-01 -3.194645639660741e-02

103
2.385640300538160e-03 -1.191219500126060e-02
3.289160178427927e-01 6.614266874361655e-01
-7.385088989650749e-01 -4.637777955092223e-02
1.127194921603389e-01 -1.368975506798853e-01
-1.714681031759031e-01 -5.138060097009829e-02

104
8.262566516883842e-03 -6.455143068808271e-02
1.316303656453408e-01 -5.937126014180443e-02
-1.200101331720446e-01 -2.648785965155550e-03
4.203713857122092e-02 -7.663937764365827e-03
-7.488880989023160e-01 8.589736924488180e-01

105
1.523428577833247e-01 1.191013985879900e-01
2.992765738469723e-02 2.902537213124239e-01
-6.497710208119930e-01 -6.029281924229786e-01
-1.032702968768368e-02 7.395451728384651e-02
-9.573984936213815e-02 2.562785700551178e-02

106
1.195779979235209e-01 1.016994038613037e-02
9.428886727407060e-02 6.922795333934552e-01
-5.396927613763111e-01 -2.549768047756057e-01
4.582510969544857e-03 1.644826996996992e-01
-1.466415350082041e-01 -6.807174058515619e-02

107
-2.565951080830580e-03 1.662435219813753e-03
-2.523757133539427e-02 -7.389776642266283e-02
2.254517495311015e-02 7.567146794776614e-02
-5.455769352472108e-01 -3.661071304663000e-01
-1.630577356892964e-01 5.177218730707999e-01

108
5.493766868525646e-01 1.184533836631317e-01
8.757093047383888e-02 3.776885395611892e-01
2.950563854782087e-01 -2.584342785661859e-01
-1.379077618915614e-01 -3.863008045734162e-02
4.144443441205129e-03 2.274459839144961e-02

109
9.015463406467552e-03 8.586827843244873e-03
4.754195608512254e-02 5.202162742560328e-01
-4.736796320287188e-01 -2.176621689105969e-01
-1.103828167445809e-01 -6.380115922650052e-02
5.797186223160519e-03 1.414991509682140e-01

110
-2.588958445886173e-02 -1.276702710482928e-01
8.095909296194169e-02 -6.906142354656231e-02
-8.608723878901406e-02 -5.307172906612461e-02
4.489982209299243e-03 -7.446063994221683e-03
-7.388967328926860e-01 9.286659649109751e-01

111
2.272959996149665e-01 -1.506011339709123e-01
-4.326776591322962e-01 6.013417186699326e-01
-1.229406411375551e+00 -4.692827520224711e-01
-1.729379426802363e-01 1.273405156136808e-01
-7.427179028708863e-02 -2.348670331373163e-01

112
9.585893161046582e-03 -6.887083736427861e-03
7.103599671333891e-02 6.743247766556647e-01
-6.191478685267243e-01 -2.769001584303707e-01
-1.430100805710671e-01 -8.018831585739873e-02
1.321944908856746e-01 -1.024633330656519e-01

113
5.133284972841242e-01 -2.093981246391257e-01
-4.812021750269669e-01 2.736371945468800e-01
6.717177243405825e-01 -1.709529445217715e-01
-1.060374520369105e+00 -5.788287289812419e-02
1.096475554793658e-01 -1.856377272127808e-02

114
2.258673317262755e-01 -1.808128218572712e-01
-2.789224445200522e-02 5.607246889570737e-01
-1.872606380834185e-01 -4.262176459079497e-01
-8.218697064191860e-02 -8.515952821068132e-02
4.977558786127753e-02 1.626658305271276e-01

115
3.614929805415455e-01 2.709528361928134e-01
1.507000211923301e-01 1.031879622211876e-01
-3.553592152111960e-01 -2.680825248370319e-01
-2.697461037162340e-01 -1.099387080394200e-01
-1.402163072988045e-01 -2.203343349129034e-01

116
3.933296995840171e-02 3.623851900623339e-02
-7.827533000191837e-02 8.523822187751785e-02
1.240065487204357e-01 -4.883051894398228e-02
3.109131682562270e-02 -1.924899175425207e-02
-2.972775496257242e-01 1.015119697751146e+00

117
1.830341699434506e-01 -5.493216049105837e-02
1.536465593701105e-01 3.601172565952759e-01
-2.646288378162474e-01 -6.852960094713439e-01
-3.986763800830545e-02 -1.339632503057406e-01
7.060227546699212e-02 7.826776303422681e-02

118
1.761044760790310e-01 -1.111829106617440e-02
1.129509024345364e-01 3.208930508490298e-01
-4.909627690089530e-01 -4.823343474909935e-01
-2.713482389532544e-02 -1.335962129976525e-01
-6.571395390060684e-02 6.782344105148115e-02

119
2.421736040250209e-01 8.472878835636823e-02
2.829011509801815e-01 1.870531835901239e-01
-2.950596890740733e-01 -3.761666641533946e-02
-2.006757144304823e-01 -3.653102404110778e-01
-1.560794554533862e-01 -3.098311755073601e-02

120
-5.659101406914537e-04 -9.560210885675609e-04
6.140274058736443e-02 1.642501409072975e-02
-6.199300438818395e-02 -1.743168911312743e-02
-4.924719132813343e-01 2.093373726828948e-01
-7.217223490927649e-01 3.068505837649733e-01

121
1.312417906143682e-01 -2.851551139905223e-01
1.904483863867984e-01 3.155656961942044e-01
2.001360176779158e-01 -5.202909464210529e-01
-6.329111311599783e-01 -3.129516796789852e-01
6.289641957195498e-02 -1.162548160149878e-01

122
2.386930317295579e-03 -9.335939166754854e-04
-1.613249815151485e-02 8.272129558711475e-02
1.864511768679342e-02 -8.368514851356781e-02
-3.179929956575880e-01 -6.359114737685153e-01
3.181660483186841e-01 6.358433893465668e-01

123
1.291543823859881e-03 1.855848241887478e-03
2.242350076543073e-02 6.030216387218886e-02
-2.106904322027660e-02 -5.836654064229903e-02
-4.503410180471203e-01 -2.758948406403753e-01
-1.137585014841863e-01 4.210681132187280e-01

124
-6.233651796558640e-03 8.038018713250416e-03
7.671650383824581e-01 2.689801438483547e-01
-1.494968953718858e-01 -7.985679225830065e-01
1.130040066858553e-01 -1.616807473186598e-01
-1.753600015124479e-01 -3.681676264721057e-02

125
2.866013880476513e-02 -1.028302672267285e-03
-9.746554180575391e-02 6.592015866627408e-02
1.270389386778487e-01 -6.818370035610732e-02
5.696013567102799e-03 2.078986556542605e-02
-3.647144406350229e-01 1.030915866462006e+00

126
3.824622624142274e-01 -4.058753316842170e-01
-7.560594052474841e-02 9.789497796642916e-01
-3.396246773298580e-01 -7.096545161096321e-01
1.224354822507661e-01 3.327164000790996e-01
-1.533760252329893e-01 -1.360838007150570e-01

127
-1.644752069281223e-01 -3.807125012700709e-01
7.511875926127134e-01 9.349681486440028e-01
-1.130214102378762e-01 -4.106259199730328e-01
2.612373586244189e-01 -7.972444985944821e-02
-2.320364078160927e-01 8.606670561887474e-02

128
-8.810893768425768e-02 3.636730635305843e-02
8.718732090296792e-02 -3.406247208291760e-02
-1.935442086493649e-01 6.942386328839840e-02
5.152307651002844e-02 -2.079901734681075e-02
-6.178823697411492e-01 9.388259489285845e-01

129
1.793124690772358e-03 -6.498219933483486e-04
-7.224221336066067e-02 -8.317690979919329e-03
7.411825619033374e-02 7.636658724683817e-03
-5.210281748185478e-01 3.275108886490615e-01
-7.636998681616013e-01 4.800254054258501e-01

130
-1.717689316730494e-01 7.242605162088905e-01
4.930873279062279e-01 -6.685626279035940e-01
-8.452461171360344e-02 1.128935949323891e+00
-1.033781012685845e+00 -1.156479262018633e+00
1.046068588153938e-02 1.645039654286956e-01

131
-1.063121130330396e+00 9.622304176885162e-01
1.700527927427191e+00 -4.537367473998978e-01
-1.404334361256476e+00 1.840559049870057e+00
-7.061690309591606e-01 -2.639944738866386e+00
7.317659580695410e-01 -2.965313105124339e-01

132
1.851944453022020e-02 6.900719881673243e-03
5.504890924111771e-01 7.993963235033748e-01
4.164055086138026e-01 -8.744351047305439e-01
-4.752476352717245e-02 2.324237991537252e-01
2.061732680490313e-01 -1.073987938656190e-01

133
3.248662998070262e-02 1.039148734937622e-03
-9.082801748664207e-02 6.612845652669318e-02
1.244838166717748e-01 -6.670462474242005e-02
-1.886069647814071e-02 -4.224675119241738e-04
-3.440623914763917e-01 9.956671688207885e-01

134
4.834631086004749e-01 -9.801630796731234e-02
-1.046316633477219e-01 3.339059073369049e-01
-7.283061767181181e-02 -3.300141620919741e-01
-1.080662541751491e-01 -1.082015448778361e-01
-9.099987928797275e-02 1.572999668929878e-01

135
-2.036259991381728e-02 -1.835418743693976e-01
4.639877336869267e-01 5.767522225268228e-01
-1.059086023819199e-01 -8.933952367585255e-01
-1.684675750892738e-02 1.503385643146509e-01
-1.502448105536775e-01 -6.221294894524826e-02

136
-2.912490055230100e-02 -4.957692588329084e-03
1.093076328848526e-01 -2.822531943409545e-02
-1.403922895670578e-01 2.165241630435405e-02
-9.641415586609378e-03 2.019158342543574e-02
-6.803674674550594e-01 8.173280537936085e-01

137
-9.377830854919539e-02 -1.052398800286821e-01
5.575168489774768e-01 6.262360415524041e-01
9.916671955070383e-02 -7.843619354551336e-01
-1.473943879950584e-01 -7.397747050751652e-02
1.719909010108285e-01 -9.517222685044088e-02

138
2.995809366594803e-02 -6.182685932771463e-03
-9.419269278542947e-02 6.862831597627825e-02
1.246619905980520e-01 -7.625691354375577e-02
1.461821961451339e-03 -2.306882899733054e-02
-3.189681017426831e-01 1.023258230801211e+00

139
-2.734008035758167e-02 -1.431818833528808e-01
2.965238998479371e-01 4.969103540570196e-01
-1.243111096800905e-01 -6.762443495493159e-01
-1.079286728189638e-01 -2.742541656487585e-02
-5.017568538310528e-03 9.793474097412785e-02

140
6.212634302770033e-01 -3.720129349482998e-01
-1.730313833205388e+00 1.955434104299403e+00
-1.615772989647177e+00 2.732525212733010e+00
-1.819434677234830e-01 -6.134454916087674e-01
4.830238773834405e-01 3.662983859671850e-01

141
5.710792627147136e-02 -3.342331745869913e-01
9.749026503625641e-02 9.737846767910859e-01
9.780199023898047e-02 -3.292681552427367e-01
-1.974108307223429e-01 -4.442442757044762e-02
2.147895066105995e-01 6.193661131082537e-02

142
-7.451288631002059e-02 -5.370564517664324e-01
9.184790288856463e-01 1.685567674071476e+00
2.497390030334639e+00 7.857875485146354e-01
-4.904881554281613e-01 -3.451139648887042e-02
1.351984595975014e-01 3.984555705438145e-01

143
-4.822573372214413e-01 -1.812307876547913e-01
6.008978343210785e-01 6.018651127060517e-01
-7.416625757930502e-02 -6.280282008894529e-01
9.655147531989365e-03 -1.561925751924647e-01
9.072991716989626e-02 4.036798402834058e-01

144
-3.744682169445519e-03 -5.446465107229993e+00
1.019965029265697e+01 1.704168491799670e+01
1.174280555908632e+01 2.077201686872432e+01
4.105779418217176e+00 -1.779013735179174e+00
-4.703880855230469e+00 -1.070626262049237e+00

145
-2.726943687860665e-02 -6.957237535375554e-03
1.105191237205736e-01 -3.465383752550322e-02
-1.393601218152764e-01 2.602841763305163e-02
4.959731790246768e-04 -2.136315171766835e-02
-6.487156768049710e-01 8.357476305139060e-01

146
-1.210618702638578e-01 1.118224004929990e-02
6.937724856833941e-01 4.523940381635615e-01
5.955791852077909e-02 -7.269693930340756e-01
1.599733611088193e-01 -1.292291295624361e-01
3.870774272974085e-02 2.104734869842289e-01

147
1.635215073592578e-01 -3.328374114040977e-01
4.587322007889141e-01 1.161874589333271e-01
-1.836821621797044e-02 -6.288465435001658e-01
-1.398929333830411e-01 -7.004557570382727e-01
2.732546689761523e-02 1.616941952017515e-01

148
-1.333276757459913e-01 -5.958906592416186e-02
8.418969179327287e-01 3.743234039908376e-01
-2.174794251476646e-01 -8.095761949507460e-01
1.452516333934478e-01 -1.581049999475844e-01
-1.789947090238923e-01 -3.202759206968169e-02

149
-3.990443592050146e-01 4.743702411107401e-01
3.657299858343114e-01 -4.727130489367997e-01
-2.494224679622513e+00 -9.327615895778816e-01
2.248008426258994e-01 -2.741935229859525e-01
-3.993572229622762e-01 -1.874922690201852e-01

150
-6.289006489639413e-01 -2.303431317550953e+00
7.115603390034850e-01 2.311436387089692e+00
1.489267202352901e+00 -1.554973563101043e+00
6.045754355249204e-01 -2.520158913042186e-01
4.124330859868136e-01 1.258203406442243e+00

151
8.387449421018679e-01 -8.078037599854258e-01
-8.590176073943148e-01 7.785014714397053e-01
4.075296882454433e-01 -2.934783190036926e-01
-3.974682140964469e-01 5.951393548153100e-01
-6.441507279818990e-01 2.896862893891586e-01

152
-1.385464387954938e-01 3.893505942300385e-01
1.016585427583434e-01 -3.768439935448701e-01
-1.257437815057215e+00 -1.443147974695920e+00
7.509244303880258e-02 -2.224331029686974e-01
2.488870966525865e-01 1.684641232615694e-01

153
-9.947394379874885e-01 -9.750123190812240e-01
8.211455913848811e-01 2.236873227993482e+00
5.280603538522297e-01 -1.659187871871554e+00
-2.567482948464683e-01 1.079149192460122e+00
2.116652978131304e-01 -4.109196081781589e-01

154
1.892668188114084e+00 8.905573204462600e-01
-1.986044046209502e+00 -9.104410732816971e-01
1.463503923518244e-01 1.930998108921846e+00
-1.118185862632823e+00 -4.595427842755446e-01
-1.719932838059375e-01 5.833516156788816e-01

155
2.646603519899533e-01 -2.982399698305152e-01
-2.248346098712420e-01 4.006024709276653e-01
4.348822065499916e-01 -2.987821783164141e-01
-6.442049862662608e-01 7.940360503517366e-02
-1.334960360430910e-01 2.051099771984054e-01

156
8.700762446204796e-03 5.033575486393694e-03
5.437600533416422e-02 2.674308834411231e-01
-4.530496511787609e-02 -2.621589859032276e-01
-1.700354012675186e+00 -1.477628226601672e+00
1.566608202817727e+00 -1.003313184481730e+00

157
-2.837828119208666e-02 -2.302174215168934e-01
6.088336369423674e-01 6.026156757691105e-01
4.465218589360916e-01 -1.083319247003459e+00
-2.646394018458202e-01 -1.338031331132552e-02
1.795897164429002e-01 -1.627172844260645e-01

158
6.272949328985721e-01 -4.982670782655774e-01
-6.354586556218057e-01 4.758773318722043e-01
2.900648617026856e-01 -1.760214653303012e-01
-4.402910976611929e-01 1.607355944450322e-01
-3.194118824340332e-01 3.700664472874997e-01

159
1.137699291203265e-01 -2.234795513978945e-01
1.643569579836233e-01 2.905393397533076e-01
1.952476890168650e-01 -4.364515860027022e-01
-4.273777805408254e-01 -2.451707230679731e-01
-1.935623903216116e-02 1.513262330238045e-01

160
1.398668905376689e-01 -2.586615524577372e-01
-3.543610348791119e-02 7.165712641246571e-01
-1.667325494603449e-01 -4.495683022781339e-01
-1.216601031124549e-01 -7.804548597070347e-02
1.538199979717735e-01 1.421593789085102e-01

161
3.729183391631338e-01 -1.658240652960595e-01
1.132854762045077e-01 -4.902578529432704e-02
3.830356654384945e-01 -1.698824342733438e+00
-1.257410884534096e-01 5.397804293329289e-02
1.148498963703522e-01 2.233103026117066e-01

162
2.231696892752408e-01 -5.724672970895596e-01
-2.697613553435850e-01 5.889098971551830e-01
-3.049459494162753e-01 -4.842262385725624e-01
-1.349414983806061e-01 -8.766348872800582e-02
-1.512333392687499e-01 3.319389294593560e-01

163
-8.873866073817434e-02 -1.359559475005108e-03
1.005053798574261e-01 5.541736345978211e-01
-4.879471278786682e-01 -2.008468898697892e-01
-1.231060785723627e-01 -7.071899531552542e-02
1.488688510234108e-02 1.565153327365489e-01

164
-2.856790804848567e-02 -1.820232118758627e-01
2.729989179045368e-01 9.154360353064429e-01
-9.806664354330713e-01 2.559303563621965e-03
2.237085032065320e-01 -9.897358279624409e-02
-2.100912171401385e-01 -9.676712209706040e-02

165
-6.711390150696196e-02 -9.072177995296213e-02
1.418359910277436e-01 7.421902092601718e-01
-7.009774776574706e-01 -1.892830082616636e-01
1.805351093068912e-01 -1.038819862475149e-01
6.148864585526125e-03 2.104251774740576e-01

166
2.937549944870889e-01 -1.554657141951380e-01
-7.394489915608381e-01 1.046580541220236e+00
-1.565635478895854e+00 4.505116220379813e-01
2.226022260042282e-01 1.925190244747424e-01
-2.251680894194101e-01 1.377822994766001e-01

167
5.495518561536993e-02 -3.969293491093043e-01
3.282369847872155e-01 9.887367777918832e-01
-4.549367072236522e-01 -5.413307147407621e-01
2.600498874662593e-01 1.020256340697548e-01
-1.950514291682751e-01 -3.252558998334124e-02

168
2.471464197172609e-01 -2.719646312478127e-01
-2.358412660761202e-01 2.441639859663060e-01
-2.453239083619212e-01 -1.633830554023439e+00
-1.414401794340436e-01 1.525730221479629e-01
2.305061975111649e-01 1.354496785100741e-01

169
1.277046982715596e-02 -5.029541053015590e-03
-7.551647411973958e-02 8.285211388951604e-01
-6.793491175713582e-01 -4.803249969866027e-01
-3.847640760127818e-02 1.975561340779484e-01
1.589296965918857e-01 -7.462563343597993e-02

170
7.028730263397261e-01 -4.086945993369165e-01
-7.839735183484648e-01 4.250757367608201e-01
6.479541888718184e-01 -5.131516293404867e-01
-6.881840378768569e-01 7.050594167735382e-01
-4.729705292367417e-01 2.370063821174729e-01

171
5.428356694012823e-03 -1.042276529803053e-02
9.984304724106401e-02 7.438796869203428e-01
-6.947733861361189e-01 -2.857476667778772e-01
5.673913022961435e-03 1.818876800651165e-01
-1.325842657663871e-01 -8.243174580520597e-02

172
7.971619483825942e-01 -8.628097890562834e-01
-9.060033245164710e-01 8.107372722212306e-01
-1.654935292691485e-01 -1.074630679663313e+00
-4.911401500560193e-01 4.521898957066557e-01
-1.620147426005252e-01 -2.325927714659569e-01

173
2.041896145582685e-01 1.380826198980073e-01
-1.835140046916505e-01 -1.047472544728836e-01
-8.062610105381468e-01 -8.083022382792641e-01
-1.156045276800117e-01 -7.558096367053958e-02
-6.075452240681438e-02 1.717820611080058e-01

174
-1.635416878520016e-01 -5.468485416115174e-02
6.462114820766651e-01 9.798479755241279e-01
4.572616271619967e-01 -9.193794540874616e-01
-4.496075905229107e-02 2.927090096708128e-01
2.661084012059851e-01 -9.866518670568979e-02

175
3.667622278128747e-01 -3.810665352518731e-02
-3.118557144305514e-01 3.085410813254620e-02
-1.047417548783050e+00 -1.263259805319656e+00
-2.042266851838403e-01 2.194422217595990e-02
2.810929225582490e-02 -2.656979031598247e-01

176
9.631280866964441e-02 -7.450308183996719e-02
4.541146067215743e-02 6.265607805738914e-01
-4.903681714018137e-01 -3.960796280086309e-01
-1.276828422071771e-01 -6.469925509185419e-02
9.602667094703042e-02 -5.902200641720848e-02

177
2.705108636644164e-02 -1.533697223680339e-01
-1.264571391676027e-01 7.631091471802989e-01
-7.507032883465329e-01 -2.656518380151120e-01
-1.233874310771537e-01 -1.207650435834066e-01
1.865424808062989e-01 -7.243885316731063e-03

178
-9.407673922145811e-03 -9.285610680996587e-03
4.949290027836806e-02 5.327270109677801e-01
-4.854209467872558e-01 -2.221077565573498e-01
-1.110335759100702e-01 -6.593841310486592e-02
4.855749350326235e-03 1.468911673833098e-01

179
8.077870640662237e-02 -1.509615982865571e-01
-2.098500456512697e-01 6.676310905315841e-01
-8.492322768269408e-01 8.164641448605989e-02
-1.010571699239296e-01 -1.239326069071900e-01
-7.945828372246336e-02 1.246184089906870e-01

180
-2.929748281315599e-01 1.304345009499888e-01
-4.962216988184446e-02 4.435784204127752e-01
-4.795790896213329e-01 -1.429195667741912e-01
-5.765328979976461e-01 9.878537559825061e-02
3.462187087332440e-02 4.925331535493752e-02

181
3.472987094917369e-02 8.775410612163392e-01
5.146829351666752e-01 3.347261110627484e-01
-5.189852841673912e-01 2.989198636868546e-01
-2.082378718427834e-02 2.655138300836863e-02
-2.052695133404316e-03 -2.335805994640099e-01

182
-3.019975937193060e-01 1.674184876649736e-01
-3.295975070833977e-02 4.730712427875075e-01
-5.103698125402861e-01 -1.164958558974155e-01
-6.150782123240760e-01 2.022575828205633e-01
-3.806731454606392e-02 -4.792614945400550e-02

183
-2.924389787784258e-01 -4.929971860796741e-02
-3.704870956917214e-01 6.330189364034545e-01
-1.336078612134597e+00 -4.070338673512227e-01
-1.461144683086315e-01 9.073800433295842e-02
1.304151086499652e-01 1.681001710719633e-01

184
-1.866331460810841e-01 4.107758541637158e-02
2.015700212987969e-01 3.830172206451432e-01
-7.482433467323197e-01 -3.539412831576174e-01
-6.558574220320598e-02 -1.515198192410175e-01
-2.876692784910804e-02 1.437036082355334e-01

185
-2.360759886010733e-01 1.656305958709755e-01
2.376781536595150e-01 2.314664229928569e-01
-4.711743290668363e-01 1.759721244119578e-01
-5.552334111568218e-01 -3.108889441315573e-01
-6.325944397164417e-02 7.824515144608002e-03

186
-9.527372867230944e-03 -4.924334416225270e-03
4.824654718097875e-02 2.677910195315954e-01
-5.834551863460909e-02 -2.729817056834835e-01
-1.754059814018519e+00 -1.497532102435997e+00
1.595496698520343e+00 -1.041959464278931e+00

187
-2.769023843112283e-01 1.303714383521319e-01
2.191614192973361e-01 3.035160110853809e-01
-5.438883626643760e-01 9.605996918943818e-02
-4.930461071759148e-01 -3.968375154714915e-01
1.006038371015352e-01 4.352877557159329e-02

188
-4.699671947872372e-02 1.176802914944443e-01
3.788827399052687e-01 5.233686546834422e-01
-6.664960093927014e-01 -9.369362299292668e-02
6.868519245631800e-02 -1.249664418450002e-01
-1.466529253326094e-01 -1.329335860018399e-02

189
-2.528023890131438e-03 1.208750660555690e-02
3.415373044325615e-01 6.447561708934664e-01
-7.303829420340142e-01 -2.714703865706370e-02
1.087236395829936e-01 -1.417293413653072e-01
-1.724104464415699e-01 -4.815705170307714e-02

190
-3.237962853069109e-01 -2.167911047444945e-01
-2.591598332577869e-01 1.039190981820390e+00
-1.708929770593029e+00 2.993891535039650e-01
1.953738076871511e-01 -2.863100536053459e-01
1.332473438817467e-01 2.509466380464190e-01

191
-1.231439331544035e-02 -1.070576157922195e-02
1.389555362363046e-01 6.477471968959037e-01
-6.301716269397127e-01 -2.017374600935860e-01
1.313850110350733e-01 -9.438474425216541e-02
8.364017426810096e-03 1.802483076190630e-01

192
4.292965548653189e-04 3.399568387050645e-03
4.227456297492910e-02 -9.239192255428856e-02
-4.182487841844787e-02 9.594309582179723e-02
-2.129558662511302e-01 -8.353365714686894e-01
2.129866478675297e-01 8.355832097589082e-01

193
-5.257853690604267e-03 1.078302914399908e-02
1.167377192211344e-01 7.385557868819402e-01
-6.986076448651173e-01 -2.684581867447541e-01
1.159624374991835e-02 1.812567012796163e-01
-1.346148465811046e-01 -8.085415271447789e-02

194
-6.807689444701136e-01 7.680704943991766e-02
8.283203603468615e-01 1.504701600517625e+00
-5.895095803470431e-01 2.532113439544255e-02
1.212748116329029e-01 3.669285628330923e-01
1.421592338570400e-03 -3.084172078572419e-01

195
-2.163289320370000e-01 -3.131124248996046e-01
2.044230766086316e-01 2.990507697988792e-01
-9.693127120681539e-01 -1.412073623010477e+00
1.234902159672143e-01 1.796757626393390e-01
-2.716336849423031e-01 1.005958882231311e-01

196
7.203837102569575e-03 4.356058932579752e-02
1.204834309867374e-01 -4.649675297807424e-03
-1.101375140230522e-01 5.226430899438644e-02
3.092245808223977e-02 1.888627974803320e-03
-6.227316907919240e-01 8.128259066638687e-01

197
-1.366273865619056e-01 7.010585402494288e-03
2.335450511931382e-01 8.133640539305014e-01
-7.276700740889361e-01 -2.331132420017984e-01
3.871239743877993e-02 2.093177410884706e-01
-1.692625768920823e-01 -8.194820995253234e-02

198
-3.892373524798454e-02 -1.544941282741656e-01
-2.441929659575355e-01 9.631591640083188e-01
-7.437441065391818e-01 -5.697338997553808e-01
-8.899611438282935e-02 2.348568112476006e-01
2.505197563575681e-01 -3.254126126804686e-02

199
-1.319140915048106e-02 5.563384774224304e-03
-5.862602842440343e-02 8.429300065429788e-01
-7.002744757621426e-01 -4.729407180033487e-01
-3.341452671268103e-02 2.029925227373420e-01
1.631827140253982e-01 -8.099864600633064e-02

200
1.287385250761230e-01 3.100746589473480e-01
9.045937889762595e-02 6.102442194432851e-01
3.434993219703985e-01 -2.429261530904834e-01
-4.788531330450217e-01 4.969483691447001e-01
-1.331662887281580e-02 -1.431261143262769e-01

201
1.405185934950968e-01 4.020063741159433e-01
5.283756375402096e-01 6.416477940825135e-02
-5.255094261156075e-01 -4.527791539059962e-01
1.381197328583396e-01 -2.404059650909686e-02
-2.913220359280164e-01 -6.677151916331232e-02

202
-6.861181917065604e-02 2.138751532376549e-01
3.141322690759251e-01 4.010971912965023e-01
-6.172099295880669e-01 -8.283334425655755e-01
6.467910756177959e-02 8.028447561290838e-02
1.010214797719140e-01 -5.947776359204813e-02

203
-6.316519428056640e-02 -1.267659653373898e-01
-1.050423291409678e-01 -3.159979956711391e-02
6.528655007648852e-02 -9.519976322277331e-02
1.696649071606116e-03 -1.065111224993406e-02
-5.136756160629895e-01 1.181551166262987e+00

204
-6.336396217869066e-03 -5.747735134215977e-02
-1.131510776051782e-01 5.312510055358745e-02
1.090173882141540e-01 -1.091938158865360e-01
3.654549684994320e-02 -1.653108211292642e-02
-3.580356969650716e-01 1.119405669544211e+00

205
-1.197359581992270e-02 4.559127845100110e-02
1.031704192209097e-01 -6.733645224426555e-03
-1.151729591408309e-01 5.851438788148512e-02
-3.362734889779919e-02 2.560328659565153e-03
-6.052058036261265e-01 7.784568314876318e-01

206
-1.949370653429299e-01 1.147059880371448e-01
3.179995016738421e-01 3.585184949264322e-01
-6.782891950084901e-01 -6.491278679382808e-01
-9.900848990547040e-02 -1.387343114480248e-01
1.276282966948248e-01 -2.471793369971156e-02

207
-8.895577778221817e-02 9.848651171142508e-02
5.631057080762215e-01 3.225832904366125e-01
2.337855611276100e-01 -6.335635710611972e-01
-1.447668905174734e-01 -7.234687465062672e-02
4.450573429478501e-02 1.463372828364286e-01

208
2.479202984483127e-03 3.047351222385249e-01
3.293564806080727e-01 1.836341850150979e-01
-2.202340262721340e-01 -4.510894123006276e-01
-1.972552288019706e-01 -1.220612947439599e-01
9.222753220706334e-02 3.004915011668377e-02

209
2.592364271055571e-02 3.162116920055998e-02
1.252298604881506e-01 -6.680390501593492e-03
-9.528848620148307e-02 3.850439944608744e-02
-1.550047956901903e-02 -1.808757219486573e-02
-6.069515508394621e-01 7.525263425625540e-01

210
2.220935056785606e-01 1.866776141400775e-01
2.433330335325243e-01 1.635551232690171e-01
-2.361613366813708e-01 -2.096990938093431e-01
-3.148142047895188e-01 -1.664749759356907e-01
-1.308334223921753e-01 -1.383837481986956e-01

211
-1.207463586429154e-01 7.028498921174803e-01
5.116068673970587e-01 4.387559563565496e-02
-4.495251530150032e-01 -2.958803233615649e-01
-1.785461676595595e-01 -1.960831693963292e-01
2.163217671067073e-01 -9.443458015065821e-02

212
-3.237014324236481e-02 3.038266000028330e-01
3.697528287406680e-02 8.558515430650156e-02
-1.058957447114501e+00 -8.394586174323847e-01
2.441296150727652e-02 -1.039056651962706e-01
1.715703609988949e-01 4.710086196657964e-02

213
1.991822119360586e-01 1.292656122638221e-01
2.242202047789008e-01 1.943226673048734e-01
-2.139409067541035e-01 -1.026671945286311e-01
-2.376310638746809e-01 -3.880165325209315e-01
2.790572017806754e-02 4.154793479655829e-02

214
2.456190895484510e-03 -1.761394532102556e-03
-2.216275499657670e-02 -7.582954101731969e-02
2.475095069872364e-02 7.400363378817670e-02
-5.428648271305903e-01 -3.695592317459706e-01
-1.666239436111449e-01 5.161848680596431e-01

215
2.446924163529781e-01 -3.737196884874901e-01
-2.593666059952173e-01 3.703964773050951e-01
2.786892515569563e-01 -4.408564212768979e-01
-1.533506469970505e-01 2.231625924421766e-01
-3.699070827318681e-01 6.754750776705125e-01

216
-8.880729162795016e-03 6.039738595245516e-03
6.424849035805527e-01 5.260855543359383e-01
1.353871134835271e-01 -8.194902639134899e-01
1.838541158966025e-02 1.994390820406548e-01
-1.602513412532727e-01 -6.446615009574419e-02

217
-9.561637674380315e-02 1.440412706866542e-01
8.746448076290717e-01 3.882485192120098e-01
1.537291931272662e-01 -9.005190537084584e-01
1.054825066574661e-01 1.928575609432145e-01
-2.190019474450116e-01 -5.203966988836419e-02

218
3.716569509923480e-01 7.763201641225804e-01
5.009212687495610e-01 -2.618761428737222e-01
-5.924730748162296e-01 -1.205063143498056e-02
1.324712296467403e-01 -2.323217691487778e-01
-2.999459833167121e-01 -8.471749734585815e-02

219
-2.427812426164886e-02 -4.132436438682494e-02
-1.179181199655992e-01 4.847032517259373e-02
9.593130400996808e-02 -9.127252269040854e-02
-3.130047213628163e-02 9.507512199109074e-03
-3.719834559802688e-01 1.062485506288838e+00

220
4.310304616683351e-02 1.039190814285492e-01
1.056565316358254e-01 2.405615596897389e-02
-3.746079518712459e-02 8.931589226742669e-02
3.785858637877135e-03 1.118570159215220e-02
-5.476888187019643e-01 7.767508355770198e-01

221
6.376182040018208e-01 3.943895447100915e-02
1.724128117490120e-01 3.977032234058224e-01
2.764485967613883e-01 -3.477072905246039e-01
8.573219202115784e-03 1.701247006635903e-02
-1.617686477672376e-01 -1.552816629240184e-02

222
3.278499103994953e-01 9.962505077919354e-02
4.750108701813598e-01 -4.581473681319637e-02
-2.026039953177225e-01 -1.428367438065340e+00
6.889000615999760e-02 -4.935305568511589e-02
-3.930806392635697e-02 -1.791627183169915e-01

223
4.081632604979249e-01 5.173248642010023e-01
5.899155315223171e-01 -1.664953364507439e-02
-3.774898602083965e-01 -5.501648238870628e-01
1.363210925709630e-01 -7.703412963065578e-02
-2.110043374524732e-01 -3.047751832381374e-01

224
-2.219148028286095e-04 1.303828891539313e-02
4.175780041880465e-01 3.824255217282501e-01
1.219980404098203e-01 -5.548030931646097e-01
-1.206916056541708e-01 -6.625353124439352e-02
-1.262496332994071e-03 1.531745604030479e-01

225
-7.495909191215309e-02 3.025519199938294e-01
1.066862904613727e+00 1.546492563302846e-02
7.388028870522916e-01 -1.300705736141121e+00
-2.897916589740039e-01 -3.095691699317265e-02
1.299919382559365e-01 -2.110453495146740e-01

226
-1.658494654932485e-02 -2.314122260657405e-03
5.750687043077782e-01 5.220059722734061e-01
1.636746964893153e-01 -7.567183401866153e-01
-1.643492467420726e-01 -8.675648175914789e-02
1.652868880683923e-01 -1.233980540585772e-01

227
-6.159782587913124e-01 -3.568424223478973e-02
4.633305551034924e-01 1.713596913168109e+00
-7.994364067172622e-01 2.549560077749661e+00
1.602252560183124e-02 -5.263390752513813e-01
-2.481864146635907e-01 3.281100889676347e-01

228
-3.597827559826463e-01 7.313094317008161e-02
5.172180557625786e-01 7.641280987487722e-01
-3.088837889196027e-01 4.126058811062265e-02
-1.405062919121968e-02 -1.651911944365705e-01
8.217241499876297e-02 1.904133522677142e-01

229
6.945156042734048e-02 1.561449647822316e-01
6.378776882215903e-01 -1.134984290296678e-02
-6.587692125694423e-02 -8.419653684557884e-01
1.533716875636465e-02 -1.604523526573522e-01
-1.627205423032412e-01 7.228444033167453e-02

230
-4.274864512720733e-02 -2.261136972982377e-02
-1.388919835979206e-01 6.300499708287390e-02
9.614267943611320e-02 -8.940503739664085e-02
2.469212406593399e-02 1.361565995188862e-02
-3.335508054476681e-01 1.144871245830221e+00

231
3.332006808657737e-01 5.766460495513297e-02
7.231019679819967e-02 -1.019105600320424e-03
-5.294334459897340e-01 -1.305776173424054e+00
-1.198253406089646e-01 -2.210723235890875e-02
5.140615648200888e-02 -2.014121377592529e-01

232
1.217282236452176e-03 1.523078208390396e-02
5.894801846694823e-01 4.034641177113062e-01
5.466124045154998e-02 -7.140847947121770e-01
1.328612772082971e-01 -1.113990420004763e-01
7.016018482916820e-03 1.806696726490323e-01

233
6.497728517877009e-03 -8.368214796413365e-03
7.621507229974130e-01 2.825308972072375e-01
-1.352122802412357e-01 -8.010112450635500e-01
1.156212324135966e-01 -1.600639727109485e-01
-1.770719288751103e-01 -3.897815277804977e-02

234
2.954270695876536e-01 1.109249631140622e-01
3.459985469155599e-01 1.175245788743495e-01
-2.971441879114916e-01 -1.260314697732952e-01
-1.769119496272842e-01 -6.877902932499944e-02
-5.120361831910576e-01 -1.329460178791421e-01

235
1.757922519076813e-01 2.332482028272476e-01
8.699545346207828e-01 -7.130561714275115e-03
6.178202436985381e-01 -1.209969375976612e+00
-1.490532908698046e-03 -2.131587575094269e-01
1.775006661858098e-01 2.428985681742102e-02

236
9.863069543327449e-02 -4.236971737600059e-02
-9.833661317586834e-02 3.921967008911253e-02
1.835551801200959e-01 -9.020706190564762e-02
-5.803496167328270e-02 2.401693015849492e-02
-4.184370604468717e-01 9.487869367577065e-01

237
2.668546262105213e+00 3.568969149022180e-01
2.131910026687757e+00 -7.151701525147968e+00
4.679185871668359e+00 -1.050102519011185e+01
1.120604630636209e+00 -1.136964455836289e+00
-3.866284494746627e-01 2.197063865245703e+00

238
8.131178254752769e-01 9.471199864109616e-01
3.285938864931018e+00 -2.217664962814625e+00
2.128510409222549e+00 -5.453985000794317e+00
8.417767476684104e-01 -7.669595192748238e-02
-2.111869477578032e-01 -8.648485092721184e-01

239
-1.926722115803912e-02 -6.539629921789386e-03
5.865091955214989e-01 8.183830786314589e-01
4.147978667649356e-01 -9.150049927714523e-01
-3.999912356013172e-02 2.400802941455410e-01
2.111443516106270e-01 -1.136718167882154e-01

