4 4

13
1 1 0 0 1 0
1 0 3 0 -1391491714162049/200000000000000 0
1 0 2 0 -378396891292903/250000000000000 0
1 0 1 0 -1175009639947209/500000000000000 0
1 0 0 0 -1192251940114549/1000000000000000 0
0 1 3 0 -1391491714162049/200000000000000 0
0 1 2 0 -378396891292903/250000000000000 0
0 1 1 0 -1175009639947209/500000000000000 0
0 1 0 0 -1192251940114549/1000000000000000 0
0 0 3 0 1828174063844337/250000000000000 0
0 0 2 0 1377374997262521/100000000000000 0
0 0 1 0 457450411424229/100000000000000 0
0 0 0 0 1694928935182557/5000000000000000 0

18
1 0 2 0 -1391491714162049/200000000000000 0
1 0 1 1 -1391491714162049/200000000000000 0
1 0 1 0 -378396891292903/250000000000000 0
1 0 0 2 -1391491714162049/200000000000000 0
1 0 0 1 -378396891292903/250000000000000 0
1 0 0 0 -1175009639947209/500000000000000 0
0 1 2 0 -1391491714162049/200000000000000 0
0 1 1 1 -1391491714162049/200000000000000 0
0 1 1 0 -378396891292903/250000000000000 0
0 1 0 2 -1391491714162049/200000000000000 0
0 1 0 1 -378396891292903/250000000000000 0
0 1 0 0 -1175009639947209/500000000000000 0
0 0 2 0 1828174063844337/250000000000000 0
0 0 1 1 1828174063844337/250000000000000 0
0 0 1 0 1377374997262521/100000000000000 0
0 0 0 2 1828174063844337/250000000000000 0
0 0 0 1 1377374997262521/100000000000000 0
0 0 0 0 457450411424229/100000000000000 0

18
2 1 0 0 1 0
2 0 3 0 -1391491714162049/200000000000000 0
2 0 2 0 -378396891292903/250000000000000 0
2 0 1 0 -1175009639947209/500000000000000 0
2 0 0 0 -1192251940114549/1000000000000000 0
1 2 0 0 1 0
1 1 3 0 -1391491714162049/200000000000000 0
1 1 2 0 -378396891292903/250000000000000 0
1 1 1 0 -1175009639947209/500000000000000 0
1 1 0 0 -1192251940114549/1000000000000000 0
0 2 3 0 -1391491714162049/200000000000000 0
0 2 2 0 -378396891292903/250000000000000 0
0 2 1 0 -1175009639947209/500000000000000 0
0 2 0 0 -1192251940114549/1000000000000000 0
0 0 3 0 505454748115133/50000000000000 0
0 0 2 0 424859011502237/100000000000000 0
0 0 1 0 500010242888663/1000000000000000 0
0 0 0 0 -170183278987869/625000000000000 0

24
2 0 2 0 -1391491714162049/200000000000000 0
2 0 1 1 -1391491714162049/200000000000000 0
2 0 1 0 -378396891292903/250000000000000 0
2 0 0 2 -1391491714162049/200000000000000 0
2 0 0 1 -378396891292903/250000000000000 0
2 0 0 0 -1175009639947209/500000000000000 0
1 1 2 0 -1391491714162049/200000000000000 0
1 1 1 1 -1391491714162049/200000000000000 0
1 1 1 0 -378396891292903/250000000000000 0
1 1 0 2 -1391491714162049/200000000000000 0
1 1 0 1 -378396891292903/250000000000000 0
1 1 0 0 -1175009639947209/500000000000000 0
0 2 2 0 -1391491714162049/200000000000000 0
0 2 1 1 -1391491714162049/200000000000000 0
0 2 1 0 -378396891292903/250000000000000 0
0 2 0 2 -1391491714162049/200000000000000 0
0 2 0 1 -378396891292903/250000000000000 0
0 2 0 0 -1175009639947209/500000000000000 0
0 0 2 0 505454748115133/50000000000000 0
0 0 1 1 505454748115133/50000000000000 0
0 0 1 0 424859011502237/100000000000000 0
0 0 0 2 505454748115133/50000000000000 0
0 0 0 1 424859011502237/100000000000000 0
0 0 0 0 500010242888663/1000000000000000 0

