5
0
4
52
-9.975957740553129e-02 2.309027914661095e-01
1.070984690309358e-01 2.806432731777622e-01
-2.777599262677812e-01 1.143684930757378e-01
-1.367936664234601e-02 3.166216242442631e-02
-2.469960947423983e-01 5.716953623952024e-01
9.485749680535094e-16
1.114353289593232e+03
2.302311625422637e-16
3.906250000000000e-04
2.954277004260379e-12
0.000000000000000e+00
1
1
12
52
-5.423167141947315e-02 2.014207078673637e-01
3.292695677270707e-02 1.678855685444286e-01
-1.127698707640795e-01 1.286573155932091e-01
1.593510871402979e-02 -5.918425143671250e-02
-2.179413214097750e-01 8.094512686574321e-01
7.021666937153402e-16
1.431010960907581e+04
1.171666714736310e-16
9.765625000000001e-05
3.048801649041592e-13
0.000000000000000e+00
1
1
28
52
2.734112297575830e-01 1.722311395890840e-01
8.400669779711484e-03 2.915684916861034e-01
-2.887069762198569e-01 -1.640187815026170e-01
-1.616531396215966e-01 -8.963460722866363e-02
-3.420301534930545e-02 7.857280065741605e-02
3.103167691559091e-17
7.854837362788410e+01
8.584578730116264e-17
3.906250000000000e-04
1.222242638190432e-13
0.000000000000000e+00
1
1
38
52
8.891939344816736e-02 7.127272113745141e-01
4.388234782807401e-01 1.994558766731650e-01
-3.763671421703634e-01 3.011585398496636e-01
-2.288476079366461e-02 -1.834312078719827e-01
1.369503971208812e-03 1.097716379425101e-02
2.371437420133774e-16
4.611646994954464e+01
1.226268664279636e-16
3.906250000000000e-04
3.462313452066186e-13
0.000000000000000e+00
1
1
41
52
-3.629356066626990e-01 -1.726228632855347e-01
-2.047340834223015e-01 -2.583365169836580e-01
-3.296001103929194e-01 4.191437816840019e-03
-1.458532691919353e+00 -6.937211032829181e-01
1.066428195367407e-01 5.072246569178138e-02
5.065551241889937e-15
2.829776011563343e+04
3.165583687067856e-13
9.536743164062501e-08
2.962774870236488e-13
0.000000000000000e+00
1
1
54
52
3.571017786165471e-01 1.928847544084815e-01
1.514838749750108e-01 8.182241526378692e-02
-3.531485186343540e-01 -1.907494427790287e-01
-1.775961823846576e-01 -1.630394126220062e-01
-2.337219102209381e-01 -5.912971121533753e-02
9.437916079723832e-17
6.355834235039681e+01
8.354551254417398e-17
9.765625000000001e-05
7.435286276660458e-15
0.000000000000000e+00
1
1
58
52
1.906622993507683e-01 4.148332056119861e-01
4.068479700477095e-01 6.570925147313525e-02
-1.763293597319922e-01 -4.347387233687117e-01
-9.564481131308251e-02 -2.430118349491140e-01
1.163853228290126e-01 -3.337185734662938e-02
2.775557561562891e-16
5.094464095399129e+01
9.637481769310435e-17
3.906250000000000e-04
9.562047848310158e-13
0.000000000000000e+00
1
1
64
52
1.140453609008957e-01 3.973838372364258e-01
-2.336204897934542e-01 4.349505797213741e-01
4.287210303994900e-01 2.448648977385128e-01
1.563828101717209e-02 5.449059978674282e-02
2.823664604301613e-01 9.838880482838119e-01
3.140184917367550e-15
8.086413117878694e+02
3.179718799695395e-16
3.906250000000000e-04
7.871760982352777e-12
0.000000000000000e+00
1
1
72
52
-1.650426793928285e-02 2.455434253304519e-01
-1.009556607636359e-01 1.747822674104622e-01
7.665715011338964e-02 1.867205606725137e-01
4.849514996941679e-03 -7.214900581601909e-02
-6.632585479002413e-02 9.867676429531121e-01
4.577566798522237e-16
1.428895348802325e+04
2.138828944767641e-16
9.765625000000001e-05
4.711023053702634e-13
0.000000000000000e+00
1
1
81
52
3.879447291663694e-01 1.932687229324716e-01
5.023259876671153e-02 3.880031870843822e-01
-4.072593678674972e-01 -1.802614522142608e-01
-3.513184321924648e-02 1.094407431396675e-01
-2.277383023688312e-01 -9.799210499377099e-02
8.355534721610419e-17
4.286508172919359e+01
5.704175423500567e-17
3.906250000000000e-04
3.461554350253992e-14
0.000000000000000e+00
1
1
85
52
-1.095446875071316e+00 -1.230627431515360e+00
8.857167400418581e-02 -1.965554933386454e+00
-1.962582820475356e+00 -1.397133149371661e-01
-2.712231819512263e+00 -3.046927198092841e+00
-1.502113364053032e-01 -1.687477460674705e-01
5.090587464773612e-13
2.545415542577518e+04
2.364103339856986e-13
6.103515625000000e-06
9.544146278109227e-12
0.000000000000000e+00
1
1
87
52
3.820308543229579e-01 1.341293022906766e-01
7.859826679339964e-02 5.198087916035244e-01
-4.874889585413492e-01 -5.240974700736368e-01
-2.005918779901538e-02 1.435811467040728e-01
-4.648842482574745e-02 -3.008696016194719e-01
1.144391699630559e-16
3.808527730773719e+01
1.228951227537273e-16
9.765625000000001e-05
2.692720010440942e-15
0.000000000000000e+00
1
1
90
52
6.703250930629984e-01 5.193222454276944e-02
-1.453963139586199e-01 4.132759962860276e-01
-8.000779587307955e-02 -4.307387721328252e-01
-1.531272422449896e-01 1.667701940974632e-01
-1.256137735729692e-01 -1.883651502948995e-01
8.777083671441753e-17
4.892530787922226e+01
1.575014743709339e-16
9.765625000000001e-05
3.577455753247279e-15
0.000000000000000e+00
1
1
97
52
2.546120943920085e-01 5.864128454629140e-02
8.765643471315550e-02 3.277259168868701e-01
-3.501893494402957e-01 -3.011743131215278e-01
-5.137443351125796e-02 -1.896191436198914e-01
-2.574822523750115e-03 9.351747033623461e-02
4.011526940152664e-16
1.280102083861803e+02
1.440032998546540e-16
3.906250000000000e-04
3.052793094943115e-12
0.000000000000000e+00
1
1
108
52
5.426874541691459e-01 1.497777539090498e-01
1.049347777782938e-01 3.629541689299918e-01
2.762449483320779e-01 -2.577513624640003e-01
-1.396688854116301e-01 -3.854758717420847e-02
8.358273654251609e-03 2.306822177062534e-03
7.850462293418876e-17
5.408781657958387e+01
7.325541203224126e-17
3.906250000000000e-04
3.033433461500719e-13
0.000000000000000e+00
1
1
114
52
2.320455099853500e-01 -2.747889298238466e-01
-1.371011742058311e-01 6.208444852567334e-01
-1.740002138572128e-01 -4.333570316909958e-01
-8.003959111836621e-02 -1.008844488318658e-01
9.995093645784385e-02 2.512789030992266e-01
8.886119947416683e-17
5.925022515678985e+01
8.047851819014512e-17
9.765625000000001e-05
1.848574200031272e-13
0.000000000000000e+00
1
1
115
52
3.628978776734308e-01 2.597316147378300e-01
1.539426013030544e-01 1.101790968570101e-01
-3.588804525488989e-01 -2.568562815411394e-01
-2.467855215834635e-01 -9.678431527416177e-02
-1.712086520482939e-01 -2.023805692504022e-01
2.359223927328458e-16
5.252676413517524e+01
2.857028764069233e-16
9.765625000000001e-05
7.458817139300655e-15
0.000000000000000e+00
1
1
126
52
4.023605058727978e-01 -5.927851282976726e-01
-1.420688229898595e-01 1.258528546772233e+00
-4.351201428681343e-01 -8.221973948779780e-01
2.504354505878640e-01 4.769416453630592e-01
-1.796112454141433e-01 -1.831572629483668e-01
6.707437923744493e-16
4.645312025796131e+01
1.039223869492197e-15
9.765625000000001e-05
2.393722458600821e-13
0.000000000000000e+00
1
1
134
52
4.716997132289672e-01 -2.851236429270529e-02
-6.135694327567936e-02 3.017553217859026e-01
-9.725722031233183e-02 -2.921677289013405e-01
-1.056262155515816e-01 -1.190240947059631e-01
-9.052048787210368e-02 1.308803797661039e-01
2.860979249076398e-17
8.785713607232483e+01
7.055454663509827e-17
9.765625000000001e-05
2.188921347124006e-15
0.000000000000000e+00
1
1
143
52
-4.561735318795747e-01 -1.208236724219577e-01
6.144518918390528e-01 5.642570337603472e-01
-1.389723695111851e-01 -5.967561888466435e-01
1.014481306333825e-02 -1.686644155480198e-01
8.159454975538410e-02 3.453161688285519e-01
1.144391699630559e-16
3.916405597078572e+01
1.028572281020653e-16
9.765625000000001e-05
5.439313909462913e-14
0.000000000000000e+00
1
1
150
52
-4.168481795356416e-01 -2.034516777012520e+00
5.229763563895667e-01 2.068961483042606e+00
1.315431750663905e+00 -1.335678159110617e+00
5.166668773070543e-01 -1.907472691419800e-01
3.030466814908012e-01 1.148657911528176e+00
2.009718347115232e-14
3.709130349264668e+02
8.330501015599108e-16
3.906250000000000e-04
1.713550672334795e-12
0.000000000000000e+00
1
1
151
52
8.255615728214744e-01 -7.066175797334651e-01
-8.164222749403063e-01 6.987950395839972e-01
3.502062257039302e-01 -2.997497506682231e-01
-3.726444471568711e-01 5.270604546980651e-01
-5.782564774392790e-01 2.868380260755157e-01
5.420799638382024e-15
4.347092247077081e+01
9.796271801108454e-16
3.906250000000000e-04
2.371813096882540e-12
0.000000000000000e+00
1
1
153
52
-9.644216089601541e-01 -7.454672862916820e-01
8.960121768218609e-01 1.959727859068065e+00
2.682626312060613e-01 -1.559793248673554e+00
-1.524292685749473e-01 9.037646376348296e-01
1.934491727930329e-01 -3.912419458037332e-01
2.979040983896728e-15
1.338476186758045e+02
2.086771553975360e-16
9.765625000000001e-05
1.103814082567879e-13
0.000000000000000e+00
1
1
154
52
1.979346220554072e+00 6.454414325462454e-01
-2.061972828684703e+00 -5.700477980974816e-01
5.116386222886991e-01 1.808327440874695e+00
-1.151072978994801e+00 -3.054188528153288e-01
-8.994648636617174e-02 5.447410436509219e-01
1.778575899402738e-14
3.737780667874186e+02
9.485010418979900e-16
3.906250000000000e-04
1.778203890448202e-12
0.000000000000000e+00
1
1
158
52
6.422182419132469e-01 -4.497170244653048e-01
-6.351086282747325e-01 4.447384765481894e-01
2.724313170367098e-01 -1.907715995483408e-01
-4.352903886874607e-01 1.655607029154311e-01
-3.044314444651098e-01 3.524337731466993e-01
1.350644602892852e-15
3.746606503295072e+01
1.699293292302821e-16
3.906250000000000e-04
3.246661740142243e-12
0.000000000000000e+00
1
1
162
52
2.519311991539386e-01 -5.750420782954545e-01
-2.854822632496768e-01 5.785101531486582e-01
-3.043494783293363e-01 -4.780505758928656e-01
-1.406620524146501e-01 -8.907151497024228e-02
-1.622491729728195e-01 3.203772996996777e-01
4.002966042486721e-16
3.922935442553540e+01
3.446470264727901e-16
3.906250000000000e-04
1.449776990375591e-13
0.000000000000000e+00
1
1
170
52
5.368240772872143e-01 -1.924778268096148e-01
-5.398026823438256e-01 1.935458031774371e-01
6.228307730660836e-01 -2.233154561094184e-01
-9.260438168306392e-01 3.320322409806465e-01
-3.232603356839099e-01 1.159047247295809e-01
1.468372528097895e-15
4.778638283873488e+02
1.362421668769814e-14
6.103515625000000e-06
3.602587025804374e-13
0.000000000000000e+00
1
1
172
52
7.964528512966276e-01 -7.742551570385874e-01
-8.537464624305388e-01 7.575561744273729e-01
-1.798263867918760e-01 -9.864134776601884e-01
-4.796028198797240e-01 4.167640641118874e-01
-1.710824077338041e-01 -2.397977149777619e-01
2.582312885660134e-15
4.929565762509348e+01
2.518220344206828e-16
3.906250000000000e-04
2.663872681198849e-12
0.000000000000000e+00
1
1
180
52
-3.033442998497132e-01 -4.651288922154618e-02
-2.401227137653645e-01 7.547197143243353e-02
-2.064778096693010e-01 -1.439508605465364e-01
-1.219052553995839e+00 -1.869217797312078e-01
8.913286773879707e-02 1.366706809782838e-02
1.831026719408895e-15
1.961483874390359e+04
1.361404463291268e-13
9.536743164062501e-08
8.347991281940567e-14
0.000000000000000e+00
1
1
181
52
4.236682959229125e-02 9.436989366289193e-01
5.545627799318436e-01 3.071948449865741e-01
-5.248046265489189e-01 3.556524337396124e-01
6.525184116105279e-04 1.453450581725126e-02
-1.090374915086107e-02 -2.428753007472702e-01
5.095246377785861e-16
3.744554635970636e+01
2.556682217748478e-16
3.906250000000000e-04
2.601037888946762e-13
0.000000000000000e+00
1
1
182
52
-3.407971416641304e-01 1.121495364878909e-01
-1.980426257213361e-01 3.799413303792665e-01
-3.849684327770672e-01 -1.880840288225852e-01
-8.437842789593095e-01 2.776725629768333e-01
-4.673124298167548e-02 1.537831923796440e-02
7.644857670041983e-16
9.718104321379328e+02
1.033807653300513e-14
6.103515625000000e-06
1.337363910100116e-12
0.000000000000000e+00
1
1
201
52
1.367478417423618e-01 3.722675369394832e-01
5.102033136599908e-01 6.965423604637594e-02
-5.201649247626755e-01 -4.700575160059484e-01
1.403393918422777e-01 -2.166885620950570e-02
-2.953238931317168e-01 -4.129103787234578e-02
1.373830901348303e-16
4.475821772703284e+01
1.249169297861494e-16
9.765625000000001e-05
5.200968299740694e-15
0.000000000000000e+00
1
1
208
52
-1.260489062961665e-02 2.992021021662574e-01
3.355217295954142e-01 1.965081989116393e-01
-2.263614876721625e-01 -4.785624480486060e-01
-1.939299064394629e-01 -1.144241241402945e-01
1.041295538628474e-01 2.558667131285263e-02
1.121012617552841e-16
8.253057657787006e+01
1.626568921176205e-16
3.906250000000000e-04
1.408234482293646e-12
0.000000000000000e+00
1
1
210
52
2.010593797592336e-01 1.385804197839961e-01
2.332718933928011e-01 1.607829336233550e-01
-2.021749714596945e-01 -1.393493427078739e-01
-3.468357760380973e-01 -2.390569765858410e-01
-1.210722941523257e-01 -8.344922464165849e-02
5.764693876996974e-17
1.235158263034210e+03
2.467206160857632e-15
6.103515625000000e-06
8.845771184961555e-14
0.000000000000000e+00
1
1
211
52
-1.646217153561523e-01 8.650953454276412e-01
5.723041452425908e-01 -4.181022601772082e-02
-5.169483013500916e-01 -2.490875014784180e-01
-1.949346011145413e-01 -2.234740635863380e-01
2.633891832851005e-01 -1.362581885094761e-01
9.550499576785472e-16
5.286150421117896e+01
2.231537703747101e-16
3.906250000000000e-04
4.984756106833676e-12
0.000000000000000e+00
1
1
215
52
2.272995404460537e-01 -3.851402478841616e-01
-2.285607274702258e-01 3.872772248536911e-01
2.637160933782758e-01 -4.468450810566307e-01
-1.368733796678756e-01 2.319206069250273e-01
-3.921011424491283e-01 6.643829147307981e-01
1.554320946789688e-15
3.921691176483673e+02
3.014686901596664e-16
3.906250000000000e-04
1.587489731582135e-12
0.000000000000000e+00
1
1
218
52
4.455740756998926e-01 9.326189291277072e-01
5.122215539147403e-01 -4.373155994866005e-01
-6.620506874748315e-01 1.237123318964566e-01
1.544072989674085e-01 -3.119368906444929e-01
-3.396901889681617e-01 -7.587366630221330e-02
6.330766315597060e-16
4.407015406688335e+01
1.984350088343897e-16
9.765625000000001e-05
3.648987429892790e-15
0.000000000000000e+00
1
1
221
52
6.245041823003313e-01 5.843905403796863e-02
1.859034030758457e-01 3.776657998961946e-01
2.527437986149946e-01 -3.366186327999028e-01
9.618384972400529e-03 9.000569333093478e-04
-1.607256670606626e-01 -1.504018100895532e-02
6.906835885035231e-17
3.760450181135907e+01
1.095573218900424e-16
3.906250000000000e-04
1.601032834297189e-13
0.000000000000000e+00
1
1
223
52
4.190194445581283e-01 5.345135718042432e-01
6.114068661132954e-01 -4.527719704546621e-02
-4.051461181288304e-01 -5.682631108639158e-01
1.569042671396086e-01 -8.844445224607354e-02
-2.222440085607356e-01 -3.186573304135261e-01
1.110223024625157e-16
3.308791401769871e+01
9.513529199007559e-17
3.906250000000000e-04
3.244622420750723e-13
0.000000000000000e+00
1
1
234
52
3.124244739706172e-01 1.082479656183331e-01
3.624792271449765e-01 1.255907977332135e-01
-3.141579825022766e-01 -1.088485868486399e-01
-1.881332164570113e-01 -6.518387528315168e-02
-5.389451863059131e-01 -1.867322340531340e-01
3.433175098891678e-16
9.807055088410597e+02
4.300146319503455e-16
3.906250000000000e-04
1.800079537563049e-12
0.000000000000000e+00
1
1
-1

2 0
1 5
1715266971069919827568250733988220223685320364072515464250407228780203531894544489429995986895390166584082413252137402732125520785399919420626346610180067957531670779953614694541232854168645458846186649888639482541416238518468371170914940646528054093144348869144740168246476875388803995526242631278319444310601/2500000000000000000000000000000000000000000000000000000000000000000000000000000000000000000000000000000000000000000000000000000000000000000000000000000000000000000000000000000000000000000000000000000000000000000000000000000000000000000000000000000000000000000000000000000000000000000000000000000000000000000000 -6579814047133481457035492949031582728521046472211608128556237649839222482615403222685335172376378555227046080387245970039626370993944534820578209902943155082689690402397920999504862090684103019985059266794745150259682257031285348175283959372687809982873837041030983321561148634929393432388594281997438577932811/10000000000000000000000000000000000000000000000000000000000000000000000000000000000000000000000000000000000000000000000000000000000000000000000000000000000000000000000000000000000000000000000000000000000000000000000000000000000000000000000000000000000000000000000000000000000000000000000000000000000000000000000
4421379071993112340062147230199417163296545335723540719390002445421305860497601371545098361550781854207055741269478683282812487257704483879509811957444006382638197390678124576439933205299859977837042995742504131583032614391798867963013667385670099387088874495850335323515115165974401763967724493332453989506063/10000000000000000000000000000000000000000000000000000000000000000000000000000000000000000000000000000000000000000000000000000000000000000000000000000000000000000000000000000000000000000000000000000000000000000000000000000000000000000000000000000000000000000000000000000000000000000000000000000000000000000000000 -2246709183476236674130829838332858906070982117882280799919029638228649326120332856445271795241861218228507679511751269824310718308584537593363094339595402341423173720261009545992195509035091623844602509340503813228911219535912275447765346823327153090030050817915653916276727799721240406030677739895655145385203/2500000000000000000000000000000000000000000000000000000000000000000000000000000000000000000000000000000000000000000000000000000000000000000000000000000000000000000000000000000000000000000000000000000000000000000000000000000000000000000000000000000000000000000000000000000000000000000000000000000000000000000000
-705193422015689719867152060156157567072509096477016911424366881079583303769375262338961858400172680010447862296763068105113879790149578533659384268821756893926926586141339805416589524623263541965659171057297224127686604268957957900856587653558681629026140543914018070030693444025109506152217461462468148702781/2000000000000000000000000000000000000000000000000000000000000000000000000000000000000000000000000000000000000000000000000000000000000000000000000000000000000000000000000000000000000000000000000000000000000000000000000000000000000000000000000000000000000000000000000000000000000000000000000000000000000000000000 895312740649879169451849722141033279018728589797549565188783626688258007917474962849808691921598230101367857042590521997604011302254854627948677306313610267641169112385915625925747301123071360041496028595449761362598472533043251399583239633910999909240406042062574250672598255782339094547176496088742992193577/2000000000000000000000000000000000000000000000000000000000000000000000000000000000000000000000000000000000000000000000000000000000000000000000000000000000000000000000000000000000000000000000000000000000000000000000000000000000000000000000000000000000000000000000000000000000000000000000000000000000000000000000
-8997383442552532660086256433442719657862526759006790812730994770162675846451289645955594576160722754529930936455552022367207105374679195868717285969409376095590661187200956170672554079913047809403768030554977518689789220590655329301930030640973760137941761789223370124749061501379599483755854265744748605127539/10000000000000000000000000000000000000000000000000000000000000000000000000000000000000000000000000000000000000000000000000000000000000000000000000000000000000000000000000000000000000000000000000000000000000000000000000000000000000000000000000000000000000000000000000000000000000000000000000000000000000000000000 381822121411029556993499708656123937511475502232990561263961523582569952372391112533681070397281485110067778739924200323630908608046310396670255906032379547532734549232540140632461260031031022402542370097274491570707279376768242914743149588809510790566825494366321901338336331963301920985068756684210931696821/1000000000000000000000000000000000000000000000000000000000000000000000000000000000000000000000000000000000000000000000000000000000000000000000000000000000000000000000000000000000000000000000000000000000000000000000000000000000000000000000000000000000000000000000000000000000000000000000000000000000000000000000
-2209464023199189791488291523272971664144511134590188100706243535119151230801506435048544086472440720037170466908857499199135722501934049177339341094506950186637516250958077155287528355164920995424389802256953255491620672418933613078429611247174213833321648218841083015001485702167576282752067019383302863397077/5000000000000000000000000000000000000000000000000000000000000000000000000000000000000000000000000000000000000000000000000000000000000000000000000000000000000000000000000000000000000000000000000000000000000000000000000000000000000000000000000000000000000000000000000000000000000000000000000000000000000000000000 -8061117934781648946999889041765933043584148435368325799900187842129523533890363144980201104296923514338887605779904391410308221862794802875837858194593069344576670003473403925179235746574369381341140719751972922681401576362237823926380910379491998522997566067466839594560469751388599472225139017998149057483481/10000000000000000000000000000000000000000000000000000000000000000000000000000000000000000000000000000000000000000000000000000000000000000000000000000000000000000000000000000000000000000000000000000000000000000000000000000000000000000000000000000000000000000000000000000000000000000000000000000000000000000000000

0
102511899792361294075876996002593654824597065444786396810849904061509166358803644441457682990340923922442734920802157547410367218036244675516832845939961081249721129062721217381464881030246816515806255819314755154313720224927745127883010613189761071795915328337000695757232108418346165225601607304175428614499/500000000000000000000000000000000000000000000000000000000000000000000000000000000000000000000000000000000000000000000000000000000000000000000000000000000000000000000000000000000000000000000000000000000000000000000000000000000000000000000000000000000000000000000000000000000000000000000000000000000000000000000 8713194530223721355027644078941825653522383760870782282371735426845237550947475857118596299973939354981776656033364039766868325785939618693951805911174188212697937421524936228290209094354807480805696278075944774801031304339962042980301788805317891624518789040852216535335467664247197261688703259616263505135691/10000000000000000000000000000000000000000000000000000000000000000000000000000000000000000000000000000000000000000000000000000000000000000000000000000000000000000000000000000000000000000000000000000000000000000000000000000000000000000000000000000000000000000000000000000000000000000000000000000000000000000000000
5 5
1 0
0 0
0 0
0 0
0 0
0 0
1 0
0 0
0 0
0 0
0 0
0 0
1 0
0 0
0 0
0 0
0 0
0 0
1 0
0 0
0 0
0 0
0 0
0 0
1 0

5 0

4 0

