40                                               

1.285854154465080e+00 -3.552482903624023e-04
-6.733439489694719e-01 -1.337851997522407e-01
2.388916735892789e-01 -1.340235927943430e-02
-6.231968079050654e-01 -3.307777242334493e-02

1.292935915332929e+00 1.843268058779903e-04
-6.671442011794251e-01 -1.154777532789267e-01
-6.234644661406071e-01 -2.837672386740692e-02
-2.472970056137836e+00 7.706886537369008e-01

1.281618211066485e+00 1.176519142257698e-17
-5.704169894170558e-01 8.598540993685127e-16
2.488884044357715e-01 4.904160305642253e-17
-3.474713170794410e+00 -8.094910116459786e-15

1.285854154465080e+00 3.552482903626042e-04
-6.733439489694724e-01 1.337851997522418e-01
2.388916735892788e-01 1.340235927943441e-02
-6.231968079050655e-01 3.307777242334521e-02

1.285854154465080e+00 3.552482903622341e-04
-6.733439489694718e-01 1.337851997522408e-01
-6.231968079050654e-01 3.307777242334501e-02
2.388916735892789e-01 1.340235927943417e-02

1.292935915332930e+00 -1.843268058781503e-04
-6.671442011794252e-01 1.154777532789270e-01
-6.234644661406070e-01 2.837672386740684e-02
-2.472970056137836e+00 -7.706886537369015e-01

4.166275110593956e-01 4.084571642729544e-17
-1.750058103411275e+00 -6.883097261159316e-17
-1.277258721390578e-01 3.456830482865491e-01
-1.277258721390578e-01 -3.456830482865492e-01

1.292935915332932e+00 1.843268058757480e-04
-6.671442011794460e-01 -1.154777532789436e-01
-2.472970056137664e+00 7.706886537369444e-01
-6.234644661406136e-01 -2.837672386741027e-02

1.281618211066479e+00 9.618697282991776e-15
-5.704169894169897e-01 -1.058948998832253e-13
-3.474713170795111e+00 1.126756392666916e-12
2.488884044357776e-01 -1.066767323406804e-14

1.282080297378552e+00 -8.221078315213343e-16
-7.483070607723666e-01 -6.926540064939657e-15
-2.142285593865633e+00 3.824127001685309e-14
2.310956117169274e-01 -1.061158479714388e-16

1.282080297378552e+00 2.976893998215336e-16
-7.483070607723626e-01 1.158950154247872e-15
2.310956117169281e-01 9.822504366606306e-17
-2.142285593865650e+00 -6.510162263833928e-15

-6.585754773834992e-01 1.193582117675117e-01
-6.749424541924246e-01 -1.117777056729562e-01
-6.412227308945298e-02 4.344774132582577e-01
-7.155928117393409e-01 -2.687685016484869e-05

-6.749424541924250e-01 1.117777056729567e-01
-6.585754773834991e-01 -1.193582117675122e-01
-6.412227308945295e-02 -4.344774132582578e-01
-7.155928117393409e-01 2.687685016480652e-05

-9.751900245254354e-01 -3.823183117910483e-16
-3.651001320502179e-01 3.505276507221152e-16
-6.871655200441651e-02 4.293472188113548e-01
-6.871655200441652e-02 -4.293472188113548e-01

-6.585754773834989e-01 1.193582117675108e-01
-6.749424541924255e-01 -1.117777056729554e-01
-7.155928117393409e-01 -2.687685016487415e-05
-6.412227308945299e-02 4.344774132582579e-01

-6.749424541924253e-01 1.117777056729548e-01
-6.585754773834988e-01 -1.193582117675103e-01
-7.155928117393410e-01 2.687685016485618e-05
-6.412227308945299e-02 -4.344774132582578e-01

-6.733439489694713e-01 -1.337851997522423e-01
1.285854154465080e+00 -3.552482903620821e-04
2.388916735892790e-01 -1.340235927943446e-02
-6.231968079050649e-01 -3.307777242334513e-02

-6.733439489694723e-01 1.337851997522418e-01
1.285854154465080e+00 3.552482903623392e-04
-6.231968079050654e-01 3.307777242334522e-02
2.388916735892790e-01 1.340235927943440e-02

-6.671442011794255e-01 1.154777532789265e-01
1.292935915332930e+00 -1.843268058782128e-04
-6.234644661406072e-01 2.837672386740703e-02
-2.472970056137834e+00 -7.706886537368978e-01

-6.671442011795088e-01 -1.154777532789161e-01
1.292935915332929e+00 1.843268058680782e-04
-2.472970056137362e+00 7.706886537366052e-01
-6.234644661406284e-01 -2.837672386740706e-02

-6.671442011794132e-01 1.154777532789374e-01
1.292935915332931e+00 -1.843268058796695e-04
-2.472970056137880e+00 -7.706886537369997e-01
-6.234644661406029e-01 2.837672386740999e-02

-7.483070607723641e-01 -8.511435218272692e-16
1.282080297378552e+00 4.876900164136374e-17
2.310956117169279e-01 -9.804045095269401e-17
-2.142285593865645e+00 3.395768838215313e-15

-6.749424541924246e-01 -1.117777056729558e-01
-6.585754773834993e-01 1.193582117675112e-01
-6.412227308945299e-02 4.344774132582578e-01
-7.155928117393409e-01 -2.687685016494112e-05

-3.651001320502184e-01 1.009923940998161e-15
-9.751900245254349e-01 -9.731556401668228e-16
-6.871655200441645e-02 4.293472188113547e-01
-6.871655200441651e-02 -4.293472188113549e-01

-7.483070607723618e-01 -6.848826466542741e-16
1.282080297378552e+00 -6.824916184348799e-17
-2.142285593865658e+00 3.782259544900958e-15
2.310956117169289e-01 -7.452672874077999e-17

-6.585754773834995e-01 -1.193582117675117e-01
-6.749424541924248e-01 1.117777056729562e-01
-6.412227308945298e-02 -4.344774132582578e-01
-7.155928117393412e-01 2.687685016487466e-05

4.166275110593957e-01 2.365850014195408e-17
-1.750058103411275e+00 -1.749531984171257e-16
-1.277258721390578e-01 -3.456830482865491e-01
-1.277258721390578e-01 3.456830482865491e-01

-5.704169894169889e-01 3.343988622550822e-14
1.281618211066479e+00 -3.032469607514884e-15
-3.474713170795122e+00 -3.564973114260485e-13
2.488884044357828e-01 2.019414655923713e-15

-1.750058103411275e+00 -1.664940694267069e-16
4.166275110593958e-01 8.146496491986274e-17
-1.277258721390577e-01 3.456830482865491e-01
-1.277258721390578e-01 -3.456830482865491e-01

-9.751900245254348e-01 -3.313411699271842e-16
-3.651001320502179e-01 1.783645797565384e-16
-6.871655200441645e-02 -4.293472188113546e-01
-6.871655200441656e-02 4.293472188113546e-01

-6.733439489694719e-01 -1.337851997522421e-01
1.285854154465081e+00 -3.552482903622728e-04
-6.231968079050655e-01 -3.307777242334523e-02
2.388916735892791e-01 -1.340235927943443e-02

-5.704169894170545e-01 1.024885761165262e-15
1.281618211066485e+00 6.670548614043282e-17
2.488884044357718e-01 1.144435569558594e-16
-3.474713170794426e+00 -1.240777144012347e-14

-6.733439489694724e-01 1.337851997522405e-01
1.285854154465080e+00 3.552482903624522e-04
2.388916735892789e-01 1.340235927943428e-02
-6.231968079050655e-01 3.307777242334475e-02

-6.671442011794245e-01 -1.154777532789268e-01
1.292935915332929e+00 1.843268058781009e-04
-6.234644661406067e-01 -2.837672386740681e-02
-2.472970056137841e+00 7.706886537369034e-01

-6.749424541924255e-01 -1.117777056729558e-01
-6.585754773834985e-01 1.193582117675113e-01
-7.155928117393411e-01 -2.687685016488389e-05
-6.412227308945297e-02 4.344774132582578e-01

-6.585754773834989e-01 -1.193582117675114e-01
-6.749424541924249e-01 1.117777056729561e-01
-7.155928117393410e-01 2.687685016487356e-05
-6.412227308945297e-02 -4.344774132582579e-01

-3.651001320502189e-01 1.971812917801441e-16
-9.751900245254340e-01 -2.704010495296365e-16
-6.871655200441643e-02 -4.293472188113546e-01
-6.871655200441651e-02 4.293472188113547e-01

-1.750058103411276e+00 1.277490360512918e-16
4.166275110593957e-01 -1.182616430696691e-16
-1.277258721390578e-01 -3.456830482865491e-01
-1.277258721390578e-01 3.456830482865491e-01

1.285854154465080e+00 -3.552482903623330e-04
-6.733439489694723e-01 -1.337851997522419e-01
-6.231968079050654e-01 -3.307777242334521e-02
2.388916735892790e-01 -1.340235927943443e-02

1.292935915332924e+00 -1.843268058866723e-04
-6.671442011793524e-01 1.154777532788870e-01
-2.472970056138385e+00 -7.706886537368640e-01
-6.234644661405915e-01 2.837672386739442e-02

