1.2858541544650803e+00 -3.5524829036240123e-04
-6.7334394896947203e-01 -1.3378519975224040e-01
2.3889167358927893e-01 -1.3402359279434293e-02
-6.2319680790506549e-01 -3.3077772423344844e-02
-6.7334394896947203e-01 -1.3378519975224040e-01
1.2858541544650803e+00 -3.5524829036240123e-04
2.3889167358927893e-01 -1.3402359279434293e-02
-6.2319680790506549e-01 -3.3077772423344844e-02
1.2858541544650803e+00 -3.5524829036240123e-04
-6.7334394896947203e-01 -1.3378519975224040e-01
-6.2319680790506549e-01 -3.3077772423344844e-02
2.3889167358927893e-01 -1.3402359279434293e-02
-6.7334394896947203e-01 -1.3378519975224040e-01
1.2858541544650803e+00 -3.5524829036240123e-04
-6.2319680790506549e-01 -3.3077772423344844e-02
2.3889167358927893e-01 -1.3402359279434293e-02
1.2929359153329294e+00 1.8432680587802724e-04
-6.6714420117942530e-01 -1.1547775327892519e-01
-6.2346446614060724e-01 -2.8376723867406476e-02
-2.4729700561378398e+00 7.7068865373689077e-01
-6.6714420117942530e-01 -1.1547775327892519e-01
1.2929359153329294e+00 1.8432680587802724e-04
-6.2346446614060724e-01 -2.8376723867406476e-02
-2.4729700561378398e+00 7.7068865373689077e-01
1.2929359153329294e+00 1.8432680587802724e-04
-6.6714420117942530e-01 -1.1547775327892519e-01
-2.4729700561378398e+00 7.7068865373689077e-01
-6.2346446614060724e-01 -2.8376723867406476e-02
-6.6714420117942530e-01 -1.1547775327892519e-01
1.2929359153329294e+00 1.8432680587802724e-04
-2.4729700561378398e+00 7.7068865373689077e-01
-6.2346446614060724e-01 -2.8376723867406476e-02
1.2816182110664853e+00 2.4131128739061040e-58
-5.7041698941705521e-01 -1.3511469284359299e-56
2.4888840443577170e-01 -1.3364755466684823e-57
-3.4747131707944163e+00 1.1681586427814667e-55
-5.7041698941705521e-01 -1.3511469284359299e-56
1.2816182110664853e+00 2.4131128739061040e-58
2.4888840443577170e-01 -1.3364755466684823e-57
-3.4747131707944163e+00 1.1681586427814667e-55
1.2816182110664853e+00 2.4131128739061040e-58
-5.7041698941705521e-01 -1.3511469284359299e-56
-3.4747131707944163e+00 1.1681586427814667e-55
2.4888840443577170e-01 -1.3364755466684823e-57
-5.7041698941705521e-01 -1.3511469284359299e-56
1.2816182110664853e+00 2.4131128739061040e-58
-3.4747131707944163e+00 1.1681586427814667e-55
2.4888840443577170e-01 -1.3364755466684823e-57
1.2858541544650803e+00 3.5524829036240123e-04
-6.7334394896947203e-01 1.3378519975224040e-01
2.3889167358927893e-01 1.3402359279434293e-02
-6.2319680790506549e-01 3.3077772423344844e-02
-6.7334394896947203e-01 1.3378519975224040e-01
1.2858541544650803e+00 3.5524829036240123e-04
2.3889167358927893e-01 1.3402359279434293e-02
-6.2319680790506549e-01 3.3077772423344844e-02
1.2858541544650803e+00 3.5524829036240123e-04
-6.7334394896947203e-01 1.3378519975224040e-01
-6.2319680790506549e-01 3.3077772423344844e-02
2.3889167358927893e-01 1.3402359279434293e-02
-6.7334394896947203e-01 1.3378519975224040e-01
1.2858541544650803e+00 3.5524829036240123e-04
-6.2319680790506549e-01 3.3077772423344844e-02
2.3889167358927893e-01 1.3402359279434293e-02
1.2929359153329294e+00 -1.8432680587802724e-04
-6.6714420117942530e-01 1.1547775327892519e-01
-6.2346446614060724e-01 2.8376723867406476e-02
-2.4729700561378398e+00 -7.7068865373689077e-01
-6.6714420117942530e-01 1.1547775327892519e-01
1.2929359153329294e+00 -1.8432680587802724e-04
-6.2346446614060724e-01 2.8376723867406476e-02
-2.4729700561378398e+00 -7.7068865373689077e-01
1.2929359153329294e+00 -1.8432680587802724e-04
-6.6714420117942530e-01 1.1547775327892519e-01
-2.4729700561378398e+00 -7.7068865373689077e-01
-6.2346446614060724e-01 2.8376723867406476e-02
-6.6714420117942530e-01 1.1547775327892519e-01
1.2929359153329294e+00 -1.8432680587802724e-04
-2.4729700561378398e+00 -7.7068865373689077e-01
-6.2346446614060724e-01 2.8376723867406476e-02
4.1662751105939572e-01 8.6022677405008875e-63
-1.7500581034112748e+00 -1.3919560480443799e-62
-1.2772587213905778e-01 3.4568304828654911e-01
-1.2772587213905778e-01 -3.4568304828654911e-01
-1.7500581034112748e+00 -1.3919560480443799e-62
4.1662751105939572e-01 8.6022677405008875e-63
-1.2772587213905778e-01 3.4568304828654911e-01
-1.2772587213905778e-01 -3.4568304828654911e-01
4.1662751105939572e-01 8.6022677405008875e-63
-1.7500581034112748e+00 -1.3919560480443799e-62
-1.2772587213905778e-01 -3.4568304828654911e-01
-1.2772587213905778e-01 3.4568304828654911e-01
-1.7500581034112748e+00 -1.3919560480443799e-62
4.1662751105939572e-01 8.6022677405008875e-63
-1.2772587213905778e-01 -3.4568304828654911e-01
-1.2772587213905778e-01 3.4568304828654911e-01
1.2820802973785517e+00 8.0292429489490710e-54
-7.4830706077236597e-01 4.8682720917748420e-53
-2.1422855938656347e+00 -2.1026644867225028e-52
2.3109561171692780e-01 2.7913579653941732e-54
-7.4830706077236597e-01 4.8682720917748420e-53
1.2820802973785517e+00 8.0292429489490710e-54
-2.1422855938656347e+00 -2.1026644867225028e-52
2.3109561171692780e-01 2.7913579653941732e-54
1.2820802973785517e+00 8.0292429489490710e-54
-7.4830706077236597e-01 4.8682720917748420e-53
2.3109561171692780e-01 2.7913579653941732e-54
-2.1422855938656347e+00 -2.1026644867225028e-52
-7.4830706077236597e-01 4.8682720917748420e-53
1.2820802973785517e+00 8.0292429489490710e-54
2.3109561171692780e-01 2.7913579653941732e-54
-2.1422855938656347e+00 -2.1026644867225028e-52
-6.5857547738349853e-01 1.1935821176750992e-01
-6.7494245419242538e-01 -1.1177770567295447e-01
-6.4122273089452980e-02 4.3447741325825778e-01
-7.1559281173934097e-01 -2.6876850164874838e-05
-6.7494245419242538e-01 -1.1177770567295447e-01
-6.5857547738349853e-01 1.1935821176750992e-01
-6.4122273089452980e-02 4.3447741325825778e-01
-7.1559281173934097e-01 -2.6876850164874838e-05
-6.5857547738349853e-01 1.1935821176750992e-01
-6.7494245419242538e-01 -1.1177770567295447e-01
-7.1559281173934097e-01 -2.6876850164874838e-05
-6.4122273089452980e-02 4.3447741325825778e-01
-6.7494245419242538e-01 -1.1177770567295447e-01
-6.5857547738349853e-01 1.1935821176750992e-01
-7.1559281173934097e-01 -2.6876850164874838e-05
-6.4122273089452980e-02 4.3447741325825778e-01
-6.7494245419242538e-01 1.1177770567295447e-01
-6.5857547738349853e-01 -1.1935821176750992e-01
-6.4122273089452980e-02 -4.3447741325825778e-01
-7.1559281173934097e-01 2.6876850164874838e-05
-6.5857547738349853e-01 -1.1935821176750992e-01
-6.7494245419242538e-01 1.1177770567295447e-01
-6.4122273089452980e-02 -4.3447741325825778e-01
-7.1559281173934097e-01 2.6876850164874838e-05
-6.7494245419242538e-01 1.1177770567295447e-01
-6.5857547738349853e-01 -1.1935821176750992e-01
-7.1559281173934097e-01 2.6876850164874838e-05
-6.4122273089452980e-02 -4.3447741325825778e-01
-6.5857547738349853e-01 -1.1935821176750992e-01
-6.7494245419242538e-01 1.1177770567295447e-01
-7.1559281173934097e-01 2.6876850164874838e-05
-6.4122273089452980e-02 -4.3447741325825778e-01
-9.7519002452543602e-01 -2.2145341550490032e-61
-3.6510013205021707e-01 2.2034675185224213e-61
-6.8716552004416495e-02 4.2934721881135463e-01
-6.8716552004416495e-02 -4.2934721881135463e-01
-3.6510013205021707e-01 2.2034675185224213e-61
-9.7519002452543602e-01 -2.2145341550490032e-61
-6.8716552004416495e-02 4.2934721881135463e-01
-6.8716552004416495e-02 -4.2934721881135463e-01
-9.7519002452543602e-01 -2.2145341550490032e-61
-3.6510013205021707e-01 2.2034675185224213e-61
-6.8716552004416495e-02 -4.2934721881135463e-01
-6.8716552004416495e-02 4.2934721881135463e-01
-3.6510013205021707e-01 2.2034675185224213e-61
-9.7519002452543602e-01 -2.2145341550490032e-61
-6.8716552004416495e-02 -4.2934721881135463e-01
-6.8716552004416495e-02 4.2934721881135463e-01
