0
-1.962233999845722e-01 -8.463309660357723e-02
-3.884459313540443e-01 -1.461666812235621e-01
-7.185733479759008e-01 -7.931364360006552e-01
-6.445625278807597e-02 -2.856311521982757e-02
1.210950757604977e-01 -1.281183041507772e-01

1
1.175751968344095e-01 1.251372332352489e-01
1.891186687176176e-01 1.765759078336540e-01
-1.260408344779121e-02 -5.832469418147181e-02
-1.875428180442823e-02 -3.085174345064291e-02
-1.818695376877158e-01 9.673416183523341e-01

2
-6.243423024429662e-02 -1.674333200189223e-01
-1.165498245276207e-01 -3.285494346129018e-01
-6.678523063098787e-01 -5.960327326450476e-01
-2.286869039011312e-02 -5.467363536387912e-02
-1.108607319279782e-01 9.613767213845574e-02

3
1.881367385067523e-02 -1.832703535894867e-01
1.914364409173707e-02 -2.123793207415733e-01
-7.934683062197851e-03 9.181924939682684e-02
-2.943332187863091e-03 3.768196420110669e-02
-9.753161707168069e-02 1.170355238258079e+00

4
-2.957272239644737e-02 5.398871376299401e-02
-1.471687796643127e-01 3.154005541617613e-02
1.128247357185959e-01 2.517612259037312e-02
-4.008304606819992e-02 -1.326778448763168e-02
-2.238829093646423e-02 1.236091659542564e+00

5
3.211143344517310e-02 1.603505901795359e-01
-8.110064963312340e-02 3.816394049169224e-02
1.313317679854136e-01 1.517319893111665e-01
-4.354261641001904e-02 -6.542813993642950e-03
-2.101662580768928e-01 1.447034156436507e+00

6
4.910375202567508e-01 -8.058858613349960e-01
2.570344708857298e+00 -7.525975421752711e-01
-2.571895820580317e-01 -2.204502765166931e-01
5.667754555690034e-01 3.551340943685738e-01
-5.919647328799278e-01 -2.179893901252983e-01

7
-1.728053140807228e-01 -1.117410218533171e-01
1.347589734058897e-01 -7.074720374142476e-01
-5.390812123381596e-01 -9.524716519285586e-01
1.598944115662491e-01 -5.420817107169210e-02
-4.515007630560533e-02 -1.046173967871301e-01

8
-1.272888602141204e-01 -1.122603168160362e-02
-3.613348969947046e-01 3.105517343612557e-01
-6.056116708960747e-01 -2.843623919326510e-01
5.196224988224611e-02 -1.196859938116453e-01
-7.430518405098722e-02 1.315840501613530e-02

9
6.901236019051377e-03 1.072819523971148e-01
8.048649686713473e-02 1.120477604530918e-01
-6.470767914974200e-02 1.464095124895503e-02
-3.164459159926247e-02 -1.102456523720772e-02
-2.890766008973599e-01 9.824748810100786e-01

10
-9.280452151504290e-02 3.033213573208303e-02
-2.580306537249597e-01 4.309125418552787e-01
-3.952580451789507e-01 -3.549025667192503e-01
2.054872529972805e-02 -1.269686115121040e-01
9.417182347161991e-02 9.025458006174293e-02

11
-3.041827793060817e-01 1.214064125462345e-01
-3.709826195511075e-01 8.484565823032401e-01
-5.150452757431768e-02 -1.074691919607401e-01
-3.988073395597907e-02 -2.130579963294194e-01
8.802358178607163e-02 2.131208889671873e-01

12
2.324511289336100e-02 -2.652618593371524e-01
7.397634658030476e-01 -6.764212490801780e-01
-4.444726214422124e-01 -1.324696854165079e+00
-2.631914195344515e-01 6.650461713635807e-02
4.902889221535058e-02 -1.495967224348239e-01

13
-1.972510137373015e-01 2.059240188711195e-01
-9.190815145344051e-01 5.373137609856364e-02
-1.252915928631392e+00 -5.256036950804929e-01
2.316724828927102e-01 1.387981250076739e-01
-3.904589221546911e-02 -2.212146804703749e-01

14
1.862496476689544e-01 1.820101507646691e-01
2.415848658486622e-01 2.986651958564113e-01
8.359838616709560e-02 -1.208849413112782e-01
5.169093442615890e-03 -7.252314833518696e-02
-5.650560282154914e-02 9.515678525632452e-01

15
1.068890710157090e-01 7.567799290763368e-02
4.075291679412768e-02 3.450359021051839e-01
-5.367243398183926e-01 -4.044276411806597e-01
4.208584577921119e-02 -1.223701042105651e-01
-1.076102688246263e-01 4.980403112115760e-02

16
5.963285151343876e-03 4.660703685308312e-02
9.419110399848153e-02 5.944624328491123e-02
-8.602727334847476e-02 -9.196419633784994e-03
3.187168813739538e-02 1.774273550692515e-03
-2.183162073219977e-01 8.978044344876853e-01

17
-1.666957829147674e-01 4.207301458476133e-01
5.043426737236864e-01 1.174433694794748e+00
-1.594147660624516e-01 -4.515611096682223e-02
2.974845755270101e-01 1.137393123227671e-01
-2.516314850054071e-01 -1.617919649072602e-01

18
-1.395525072736724e-01 -1.153500442722883e-01
-5.322537660313718e-01 3.341898335547581e-01
-9.522824428266428e-01 -1.412617592231714e-01
1.515470398329098e-04 1.468002342496776e-01
-1.012228239772081e-01 -6.501063419188927e-03

19
9.260453015547688e-03 4.577881539754322e-04
-6.801522881015278e-03 5.036293231364782e-01
-4.336954193121767e-01 -2.587380506291075e-01
-3.613664218626883e-02 -1.101450330278917e-01
-9.017941378096764e-02 9.385867432073461e-02

20
-4.985633987953655e-04 1.827765988479491e-03
9.354737018672189e-02 -3.346781686082605e-02
-9.404551932637237e-02 3.527268921469703e-02
3.450818217019474e-01 8.336099087675750e-01
5.057745193602766e-01 1.221597540303517e+00

21
4.379082980294287e-03 6.489354447633907e-03
7.315584492157616e-02 7.209056662303502e-01
-6.602778123536769e-01 -2.975060872979267e-01
-9.759814530531036e-02 1.353853441715113e-01
-6.560203701201502e-02 -1.294738490605594e-01

22
8.670068118783816e-02 8.850427487266960e-02
1.844930110080532e-01 8.529052841951197e-01
-6.986346909509979e-01 -2.917467953266434e-01
-9.203765965840893e-02 1.727249963368201e-01
-1.084308649008184e-01 -1.537435880633022e-01

23
-3.820593444752616e-02 9.557671104931945e-02
-1.897863567604303e-01 7.006137854699300e-01
-5.048719652040579e-01 -4.243765996865270e-01
-1.375903830996336e-01 9.706500600200037e-02
1.822593782790499e-01 6.001457091260631e-02

24
-7.221679886525889e-03 4.156635481978286e-02
8.962838383945577e-02 5.439380395900509e-02
-9.698659983502148e-02 -9.624700179412533e-03
-2.846066999125771e-02 -3.348328155142603e-03
-2.687889374719453e-01 9.183709240940298e-01

25
4.950305473182579e-02 1.648150531923542e-01
9.925613785227273e-02 2.360154518186993e-01
-6.421956232169951e-01 -5.715972550114862e-01
2.005195404932788e-02 4.015509704291455e-02
-1.424767342017559e-01 -3.116433331426151e-03

26
-1.745617845013763e+00 1.904306402280413e-01
-8.057729369324608e-01 1.716618770099804e-01
1.549610877271296e-01 -6.371286314158994e-01
1.635580329589531e-01 2.736077653000065e-01
1.892031419788633e-01 -4.310891085351767e-01

27
-2.028632346104827e-01 3.292518222524578e-02
-2.677048861537437e-01 -5.858027876596983e-01
-4.543755637794435e-01 -8.931459317711977e-01
8.415714784554658e-02 -1.236759355727157e-01
5.813390891201285e-02 1.840958082694274e-01

28
4.462378247308738e-02 7.022816671347107e-02
7.560308881763709e-03 5.721673228825406e-01
-4.223790254924603e-01 -2.875107180875283e-01
-4.765834942216759e-02 -1.249000466318761e-01
-9.159688735492709e-02 1.036979235222822e-01

29
-4.352026695105050e-02 1.491796496437939e-01
2.548165018785131e-01 3.078047518687152e-01
-2.411088612569058e-01 -7.171903502130905e-01
-1.196375355313651e-01 -7.478133596150073e-02
1.018398142989198e-02 5.903902330564241e-02

30
-1.147781407817382e-02 -4.773045818981946e-02
-1.217533745308037e-01 -1.833137041437638e-02
1.120149921898139e-01 -2.456861321859151e-02
3.208705953003675e-02 -8.045901071873775e-03
1.276953665570127e-01 1.121519681658400e+00

31
-1.650445932556951e-01 1.212311304149877e-01
-2.195254102308502e-01 1.957965257932174e-01
-4.655906669931641e-02 -9.187112665796884e-02
3.887395585830902e-03 -5.135505875433028e-02
-7.222494936175941e-02 7.969293838018906e-01

32
-5.473582584536821e-02 1.039651125584492e-01
-1.305751511623950e-01 7.194377553062282e-02
5.760916979301445e-02 4.598314549390245e-02
3.637355275056332e-02 4.520205989275502e-03
-7.978854778105367e-02 1.136301525169709e+00

33
2.072633154055381e-01 -5.754234142394567e-02
3.744814930836219e-01 4.392381397270775e-01
-2.682487245986950e-01 -4.053480612044357e-01
-4.670871939344184e-02 -1.263558061264634e-01
3.897789170260933e-02 1.378076530928647e-01

34
9.378767307146190e-03 -9.868884228929219e-03
6.017490129419109e-01 4.040017338771189e-01
4.910179975722993e-02 -7.251460953161062e-01
-9.650749878158991e-02 -1.375239709298982e-01
1.872666544832913e-01 -1.818797246247439e-02

35
-1.189139763220792e-01 9.929023091643138e-02
-1.774612944976602e-01 2.111858531070453e-01
-5.043818139863239e-01 -6.341336166795083e-01
-3.517383861604093e-02 4.086510084155456e-02
1.138201725740975e-01 5.438967694594971e-02

36
-1.482347707821009e-01 8.524893536005508e-02
-2.333514951062978e-01 1.211247163866487e-01
3.069184934951440e-02 -6.812257583531561e-02
2.858755338517474e-02 -2.888149309266976e-02
1.741264929998175e-02 9.267777011883087e-01

37
-1.215315346213873e-01 2.105896255786319e-01
3.317651875199414e-01 5.357869840458632e-01
-3.353481231342641e-01 -4.114381183083652e-01
1.362660003928667e-01 8.336819614286661e-02
-1.271909987571698e-01 -9.029401524247539e-02

38
9.523773974305254e-02 4.655411911047500e-01
4.409164152860457e-01 7.624918311025743e-01
-5.847237737355405e-01 8.929496562784467e-02
8.384790631750078e-01 3.784445998434580e-01
-1.947112420381990e-01 -9.099006985669129e-02

39
-1.258892273170712e-01 7.172377180234152e-02
3.705569355189714e-02 1.006648567109923e-01
-4.031992065523811e-01 -6.274000502258981e-01
3.408856305159512e-02 2.970389606206797e-02
4.476179519648534e-02 5.287615254225893e-02

40
1.807127711914305e-03 6.732171539783773e-04
-7.597252694672339e-02 6.936405232290292e-02
7.776103280506552e-02 -6.870261430000456e-02
6.519848084472198e-01 6.676098417138038e-01
9.554139672164587e-01 9.783869108513966e-01

41
8.408072658836169e-02 1.054742427522359e-02
5.858186088215538e-01 1.076312729016983e-01
-1.339327301314444e-01 -5.263931136623602e-01
1.234370653445882e-01 -6.045830853800425e-02
-2.902564294266217e-02 1.540367295603797e-01

42
-5.515386710077196e-01 -8.777601159651843e-01
-1.951580330170483e-01 -4.514033123542285e-01
-2.624675600957896e-01 2.986019520063469e-01
1.891732829100085e-01 -2.796082076722637e-02
-1.339914606766197e-01 2.443285457354945e-01

43
4.581065478836849e-03 5.179289126018110e-03
6.233728410516083e-01 1.126834530083893e-01
-2.145836761470205e-01 -5.957846231235633e-01
1.285900463194164e-01 -6.886879040018934e-02
-1.047817336786760e-01 -7.070238847631312e-02

44
2.649282651847527e-02 2.155681877857332e-01
4.710502534158342e-01 3.122574124083675e-01
-2.280629190276686e-01 -1.080750129202920e+00
-2.105678778531034e-01 -3.371877893236607e-02
1.550144412796894e-01 -1.152254216701201e-01

45
1.002888371456439e-01 -1.166372851164763e-01
9.730909321686090e-02 5.982530361268450e-02
-6.021053311845240e-01 -5.153060933659603e-01
2.391554954313298e-02 4.191447213224594e-02
4.615402332131759e-02 5.663979756735472e-02

46
2.581076730796742e-02 -3.603726178483356e-02
1.046958383605764e-01 -3.830637761502586e-03
-8.324003142718478e-02 -2.961062065066985e-02
2.586119236727182e-02 1.269439686474530e-02
-1.437958525621126e-01 8.974064236026612e-01

47
2.399249363763673e-01 -1.683098466214564e-01
7.232022359411568e-01 3.290896390537948e-01
-5.709050152423861e-01 -3.444726816186437e-01
1.171654549924203e-01 1.561357121035688e-01
-1.219838034625841e-01 -1.456046244043239e-01

48
1.319085992169873e-01 4.290571699999714e-02
1.095896875283433e-01 3.486180617996134e-01
-4.411395085508089e-01 -5.203774395231385e-01
3.847238765808877e-03 -1.268042440939244e-01
4.133564679927422e-02 3.610839800064975e-02

49
1.262688314474742e-01 -8.195477267890830e-02
2.464354852951985e-01 -1.094446080368013e-01
-4.801580306305944e-01 -6.245415164831417e-01
4.797831378066474e-02 -2.161333691060164e-02
1.817307163021026e-02 1.213123515307705e-01

50
1.369374065198733e-01 -3.333563077665556e-01
4.389935790925553e-01 -4.991384788757765e-01
-4.193638094865001e-01 -1.566534479884932e-01
6.702239460775652e-01 -1.786228129886814e-01
-1.616419213541346e-01 3.634834469344603e-02

51
2.736301256415731e-01 -2.014515764589588e+00
3.790151003124319e-01 -9.200832011333590e-01
-8.309219699746467e-01 4.378316908006761e-03
-5.160726838659986e-01 1.787597783329449e-01
3.397328648624839e-01 1.931204715114116e-01

52
2.069036654630789e-02 1.158391311628487e-01
5.726487917479812e-01 5.571848942729852e-01
1.154575856465112e-01 -7.023903228605680e-01
-7.143707902224357e-02 -1.730295230128356e-01
1.922529512552469e-01 1.765758035680636e-02

53
1.148143884734942e-01 -7.136359485710382e-02
6.944012308014922e-01 6.398794143163440e-02
-7.476599473627914e-02 -7.349020829687715e-01
-1.536784344210398e-01 -8.831276646359995e-02
1.428511026549904e-02 1.805363110392568e-01

54
1.685237730067024e-02 -3.470516008953757e-02
1.015241286743670e-01 3.542772780249157e-03
-8.708012237436437e-02 -3.518500325194528e-02
-2.362572062944714e-02 -1.173614380853659e-02
-1.899849072727669e-01 8.998370445413846e-01

55
1.764302822141555e-02 4.594608107039801e-01
-1.419045685038217e-01 5.518977279711098e-01
-8.188573769506152e-02 -5.507684497196867e-01
4.072751646096091e-01 -7.439442216885666e-01
-2.879812086640205e-02 -1.832162952777895e-01

56
6.676034681223213e-01 -8.839911532105130e-01
6.154063050738635e-01 -8.079007709130839e-01
-7.298929303226818e-01 9.695589401555770e-01
2.163262115242038e-02 -2.720235733757039e-02
-1.090919531726836e+00 1.428708622196923e+00

57
1.360926324304682e-01 -1.559675586080221e-01
-9.748671662613900e-02 -1.120856057283742e-01
-6.888795722290278e-01 -6.330410461909917e-01
-5.911604513460497e-02 -1.998323232828958e-02
1.064472868381346e-01 1.178600714376725e-01

58
6.709029779179553e-02 8.538876861292775e-02
7.291940505349022e-01 2.061845487350369e-01
-2.135074039429467e-01 -6.203897310333643e-01
1.579272785730513e-01 -6.220339820916770e-02
-1.220868426993499e-01 -1.086535735568347e-01

59
1.948095127312625e-01 6.949255523983901e-02
2.802265347982095e-01 1.281673103951848e-01
-6.933996721562126e-01 -7.717825404690726e-01
4.737748702229570e-02 2.530693432421737e-02
4.953510449694795e-03 -1.709140864794031e-01

60
1.336760672335126e-01 -2.831632429113125e-01
3.934260061341627e-01 -1.612480088922401e-01
-1.586267088304346e-01 -3.752052489431019e-01
3.069355533214717e-01 -5.464967192192811e-01
-1.128262868521100e-01 -4.736622741255060e-02

61
1.668847716426126e-01 -4.087494932624084e-01
4.448459588840739e-01 1.930909127041553e-01
6.435087261386670e-02 -7.625577748886619e-01
-4.611337168242418e-01 -8.579106882457177e-01
-2.758600392481548e-02 -1.105394004781532e-01

62
1.748788002954008e-01 -2.327978294636229e-01
3.799695549220314e-01 -2.517307001838174e-02
-3.571720082791676e-02 -4.007734634653526e-01
3.037490080017001e-01 -4.862808963585688e-01
9.623645141161190e-02 5.849839472190105e-02

63
-2.018774902976032e-02 -1.227357206320591e-01
4.505332671091981e-01 -1.477930234312914e-01
-2.997038657118724e-01 -5.967383698737854e-01
3.951732636063537e-02 -9.685493472096446e-02
-1.400483672258860e-01 4.844108638209520e-02

64
-5.343322376294322e-02 -1.557782557795882e-01
1.005022034414742e-01 -5.638165763428245e-02
-5.475933966010836e-01 -4.282564791386329e-01
4.920422407624803e-02 5.391110511618131e-04
-1.194921133147197e-01 4.953369654587470e-02

65
1.576711729810479e-02 3.316369304243936e-02
-1.310606181597679e-01 1.718430221969529e-02
1.481997532680947e-01 1.695590758364895e-02
-2.334539539310557e-02 1.301945746065593e-02
7.113405668885979e-02 1.292860194122369e+00

66
-9.549167796651542e-02 -1.333698299294069e-01
4.724593912389674e-01 -2.760548401056649e-01
-9.722938213298905e-02 -8.754099757149169e-01
1.408294562077154e-02 -1.056178696763878e-01
1.303012181842451e-01 2.764886647720053e-02

67
-3.128564094810290e-01 -4.152310966197560e-01
1.853216774917909e-01 -8.995207968459920e-02
-1.878410014970006e-01 -1.657820092232849e-01
1.375999946189461e-01 -2.306008049856405e-02
-4.978692698827986e-02 8.506292190502587e-02

68
6.147701517478141e-03 -1.304202625074549e-02
7.682485652523462e-01 2.602476366630179e-01
-1.596710914140588e-01 -7.969092880169824e-01
-3.348643262861967e-02 1.858373313172668e-01
1.790030750182988e-01 -8.800245014531145e-02

69
3.011142249137118e-03 -9.759753584714438e-03
-5.877200315047122e-02 6.378899586585848e-01
-5.227678601566211e-01 -3.688101547181478e-01
-1.080825828292657e-01 1.011818269036849e-01
1.415702821333751e-01 2.364997303871396e-02

70
1.849081416355680e-03 -2.457243291913156e-02
9.457762376796600e-02 1.235359336184507e-02
-9.269999471206115e-02 -3.518742287667594e-02
-6.734698117234842e-04 9.753688978455351e-03
-1.756486979532782e-01 8.818049229777835e-01

71
9.561526338251955e-03 -1.150137564577315e-01
5.808763103945097e-01 1.447027592496585e-01
-3.962263042590835e-01 -5.367879858016672e-01
-1.539519913258620e-02 1.083370642323224e-01
-1.066535304584457e-01 -5.480422179588637e-02

72
-4.645341006441167e-01 -3.415466067737333e-01
7.818627263116311e-01 -1.304254979704323e-02
-7.837428573620105e-01 -7.360423400366255e-01
-4.831410797557201e-01 1.187169158930482e+00
-6.152873895136777e-02 -1.174880715346314e-01

73
-1.514232813327471e-01 -7.798282505318085e-02
4.040076983140912e-02 -1.125614447086825e-01
-4.605619934519117e-01 -7.048089302818624e-01
3.827106656254794e-02 -3.338634284202671e-02
4.544056191880327e-02 -7.213319836542713e-02

74
4.704485053135949e-04 -1.777133186778767e-03
9.373429941073981e-02 -3.554691026256988e-02
-9.327703339352798e-02 3.379832029280062e-02
3.478308848778628e-01 8.304046528780803e-01
5.097413733250936e-01 1.217130213555004e+00

75
-6.128156611645751e-04 2.439488591798803e-03
-2.468088079270411e-02 -7.254999647115339e-02
2.406338201460205e-02 7.494065133891338e-02
6.558240128894242e-01 -2.474470687239429e-01
4.332691449072206e-02 5.773169116203578e-01

76
-1.037510767904339e-02 5.069680603064536e-02
-1.318035343089076e-01 2.749778428533027e-02
1.196732029423326e-01 2.656478485647609e-02
3.431479170174703e-02 8.853438334144309e-03
4.420850605825464e-02 1.214136070646124e+00

77
-3.133739603436996e-01 -6.411930046236881e-01
2.627136018659127e-01 -2.842111319975121e-02
-1.741043640390997e-01 -2.831933147763421e-01
-8.207489258051270e-02 1.012701563340588e-01
1.907688845958078e-01 1.204001334172954e-02

78
5.220780560863604e-02 -9.992913317892779e-02
4.463978415733381e-01 1.368917112640165e-01
-2.300240787960199e-01 -5.911767027928148e-01
-1.106726148532025e-01 -7.385757863456502e-02
-1.142521283699223e-02 1.176404994035777e-01

79
1.543621517973743e-01 -3.283040217528070e-01
3.854792486768614e-01 2.011270479740255e-01
8.064171859211421e-02 -6.527218480137769e-01
-3.392411065723706e-01 -6.568636925728930e-01
6.970261925003923e-02 8.211881600913760e-02

80
3.201895493055903e-02 4.409637209621617e-01
2.816842800220329e-01 7.026879892723134e-01
-4.763788806436458e-01 3.444875841599848e-02
7.870165800162791e-01 5.801658795529999e-01
1.141277554150108e-01 1.539394707732176e-01

81
-2.901157083467285e-03 7.480426758838932e-02
4.631005713526576e-02 5.211959917045595e-01
-4.393371683531296e-01 -1.728339988451641e-01
1.442276532086984e-01 7.015462547824270e-03
-8.170340974224934e-02 9.998137159472315e-02

82
1.908532279730206e-03 -5.540190845014712e-04
-6.535449558212850e-02 -3.690923212458012e-02
6.724502876798996e-02 3.637018661480669e-02
3.061018013745054e-01 -6.118393528218187e-01
-3.059380686985335e-01 6.117919858544701e-01

83
3.669439364998713e-03 -7.707032364344276e-04
1.192509314974983e-01 2.469418125889961e-02
-1.156201824297058e-01 -2.542956080880211e-02
1.828034165291955e-01 -1.068564262639935e+00
-8.895254404733413e-01 1.036818322133335e-01

84
-7.986987075731531e-03 -2.102021782677224e-03
5.054551715570814e-01 1.359928030741050e-01
-1.344117781999276e-01 -5.051017463491261e-01
1.110650645335214e-01 -4.801473226021666e-02
-2.816633589163264e-02 1.130903680517641e-01

85
2.570048844762468e-01 1.250318682780923e-01
-8.843069998942230e-01 6.881203306593405e-01
-1.591008188763285e+00 -1.484503078078468e-02
2.529385542676379e-03 2.254179864024460e-01
-2.100751477326017e-01 -1.449207583194044e-02

86
-2.270551701427575e-03 -8.992032371038217e-02
3.740886913285191e-02 -9.650315624671651e-03
-3.832927035953340e-02 -5.996005852249874e-02
2.148051417973533e-02 8.236374832157190e-03
-1.604045767861562e-02 8.867470451689445e-01

87
-3.297479562888229e-01 1.121961046996895e-01
3.902379852039454e-02 -1.177358641226967e+00
-1.447135031778696e-01 -1.574038646945180e+00
-1.709669042528680e-01 -1.525950022762091e-01
1.100767121653420e-01 3.050067428016531e-01

88
6.412896345986779e-02 -1.238173998316676e-01
7.362174940325670e-01 -2.783248551344937e-01
-4.649994385060881e-01 -6.245017856716821e-01
1.270653791176908e-01 1.650669655426621e-01
-2.030007338250154e-01 1.471829267310559e-02

89
1.017457897719855e-01 1.546227581646489e-01
-5.094727880738324e-01 3.043531496930334e-01
-8.900463485991768e-01 -5.142015383743539e-01
-1.268045397129489e-01 -5.926871495906683e-02
-5.312187197756493e-02 1.215122036790450e-01

90
6.059593624717885e-03 3.343402076378615e-02
-1.321783104017145e-01 1.588821849503301e-02
1.387629091959111e-01 1.887637590879690e-02
-2.801422564006184e-03 -1.406611605863267e-02
4.866201752981966e-02 1.248774914200870e+00

91
-1.712166964747027e-01 6.379502466027431e-02
-6.155142779526708e-02 -1.158180845577118e-01
-3.502440822944587e-01 -7.469930084265526e-01
2.241512585985464e-03 -5.507518782635953e-02
6.449245813946237e-02 1.247103146028520e-01

92
1.143923806462426e-04 1.515160307143156e-03
4.954208605931779e-02 3.484411318206500e-02
-4.943585330964808e-02 -3.335664641659701e-02
2.889704967886131e-01 -4.591631990256148e-01
-2.889604287701988e-01 4.592933265692808e-01

93
2.037542996664032e-02 4.926310278666378e-01
-1.617057432214304e-01 4.977110694565770e-01
-3.360284376056208e-02 -5.895758121017760e-01
2.772129681586797e-01 -7.171155462404897e-01
-5.118022759356715e-02 6.162617791159170e-03

94
-1.745481406156883e-03 -6.520369591351660e-04
-7.750364218376780e-02 6.832948460396408e-02
7.579005793595496e-02 -6.897435386354134e-02
6.479961611321101e-01 6.655987109764251e-01
9.497953481048831e-01 9.755239641849683e-01

95
-6.106287314180582e-02 -1.418000707777591e-02
4.992340191401926e-01 1.532278791988534e-01
-7.631902088167959e-02 -4.718971702134220e-01
1.161313632781108e-01 -4.489803743889349e-02
-1.919059303884426e-02 1.249174871801564e-01

96
-6.966818052646411e-03 -2.931579200661619e-02
9.034610874240474e-02 1.314644711989031e-02
-9.590017551214711e-02 -4.042337167035256e-02
-2.090452748013409e-02 2.172892561050811e-03
-1.892184218426863e-01 8.753619980797329e-01

97
-7.597005411186880e-01 -1.019644351424409e-01
-3.706048163993508e-01 2.658269853674492e-02
9.885228180437824e-02 -2.896130525222569e-01
1.191998181644352e-01 -1.681520825469216e-01
3.687673974093496e-02 1.400129083005055e-01

98
-2.468818189176283e-02 -5.352358263443084e-02
-1.325242573907683e-01 -2.695040081154005e-02
1.125124933541852e-01 -2.148737115723913e-02
-3.652596855528862e-02 1.022156773389730e-02
9.816173420336424e-02 1.179007883219956e+00

99
-4.185776745058103e-02 1.646972239591600e-01
-4.476217364977939e-01 2.897557537054165e-01
-7.864432798312194e-01 -3.235530501610869e-01
1.640830609929509e-01 7.401550587507168e-03
-7.132709574933435e-02 5.928566258449235e-02

100
8.252867543727074e-02 2.616812278344988e-01
1.065430890614300e-01 5.333716446205549e-01
-3.435639186116162e-01 -2.068793372325293e-01
5.101959712981542e-01 -2.534508177212160e-01
-8.931798494856516e-02 -9.395330621163610e-02

101
1.782029675096999e-03 3.658182495125023e-04
2.405079895418469e-02 5.634386327168412e-02
-2.228701702755191e-02 -5.597381679731827e-02
4.983263788331637e-01 -2.298873503669089e-01
6.615558059856956e-02 4.485543104175574e-01

102
5.117105888052644e-02 2.313169219045490e-01
4.159190880439294e-02 4.392968063240840e-01
-2.440328300637526e-01 -2.102615426960081e-01
4.743786687655843e-01 -2.363170255001072e-01
-7.382633477043187e-03 7.097921967599499e-02

103
3.356131198386619e-03 5.431370090405921e-03
7.195232141066799e-02 5.843886642266863e-01
-5.413179928714573e-01 -2.298669244020132e-01
1.352314869556140e-01 9.781188665373652e-03
-4.121249216168886e-02 -1.193140047573771e-01

104
-2.927083951146254e-03 9.872854727891182e-03
-7.231168960850227e-02 6.439698482276180e-01
-5.212250407266922e-01 -3.835959500808185e-01
-1.107914359046262e-01 1.000293801976136e-01
1.442814169406785e-01 2.394024359593240e-02

105
7.487912275016734e-02 -7.858819211161321e-02
2.933370907853253e-01 3.023025037443626e-01
-4.033932360345948e-01 -3.902824496167731e-01
4.244081022154386e-02 2.085375788376034e-02
6.944132193688325e-03 5.502162044744022e-02

106
1.345168019589443e-01 -7.186716874747259e-01
4.193543221111842e-01 8.492257137737033e-02
-3.498211964009359e-01 5.744388728871797e-01
1.827668023004999e-01 1.444096764721115e-01
-2.093494320268150e-01 5.568731698998484e-01

107
-1.745749120668770e-01 -6.284042956079133e-01
3.370333373443916e-01 1.128348117072085e-02
-2.693670533717792e-01 2.109983066556808e-01
1.962527603981846e-01 6.011109691767833e-02
-1.352342560136639e-01 1.617140104499994e-01

108
1.930691235179532e-01 4.363388760772297e-02
-3.319249122146606e-01 6.662708857635604e-01
-1.020869862880472e+00 -5.013912404758905e-01
-1.740226673748028e-01 3.662263597269819e-02
6.171418927429503e-02 -2.095731796244528e-01

109
2.966427279334956e-03 4.087626146891126e-03
-1.599669148083534e-01 3.497580996670873e-02
1.628609014213759e-01 -3.096288512414328e-02
-3.581562237950631e-01 -1.443564400068060e+00
-1.060546677592690e+00 6.196975579419866e-01

110
2.315260453309920e+00 -1.135112602051129e+00
5.278095572995378e-01 1.479397015923578e+00
-2.344329951894567e+00 1.241462144501627e-01
-2.002662886740236e+00 5.842495093261401e-01
-4.496764333782505e-02 8.879730417214844e-01

111
-2.834732167819065e-01 -3.930080786869621e-01
3.733138176863944e-01 2.358975493208437e-01
-2.204390509708297e-01 1.850776870476279e-01
2.803591850599615e-01 2.780763230956034e-01
-7.449528721804169e-02 1.420496355451877e-01

112
-3.868506906651137e-03 8.540663910027915e-03
-1.306451729565350e-01 5.249271828009299e-01
-3.893672163626400e-01 -3.742710890383225e-01
-9.959363667108534e-03 -1.254392335788386e-01
1.281348566566627e-01 4.704036503853411e-02

113
8.625173521758915e-02 -7.952018331747940e-02
3.363398502901094e-01 3.259178353291052e-01
-4.011381105076658e-01 -4.571967596215108e-01
-6.198046318699324e-03 5.411943040027865e-02
5.085565990036162e-02 3.369412261172582e-02

114
2.231719607342455e-02 -9.743323705276033e-02
5.691121662760393e-02 -5.720162761159858e-02
-4.220639078310332e-02 -1.909160238058106e-02
-2.621801869765029e-02 4.352718360099368e-03
-9.662479360688174e-02 9.874015607472961e-01

115
1.071969657074626e-01 2.354354475127656e-02
1.311008253557825e-02 5.626266371902832e-01
-4.382975207071509e-01 -4.334619381990945e-01
-4.842567551827660e-02 -1.249031664199419e-01
9.616526346692839e-02 4.751453496594093e-03

116
6.422724820204687e-02 -8.866481260381982e-02
8.323008000524995e-02 6.653894635357493e-01
-6.325039727620708e-01 -7.599419401598381e-02
1.462729834555072e-01 4.804173362774490e-02
-6.515253827498160e-02 -1.332646828325418e-01

117
4.015346780999610e-01 6.681268352283534e-02
7.194335773840095e-01 9.063600905824126e-01
4.215980544565924e-02 -1.400855807573979e-01
-8.109890057977347e-03 -2.723251524978842e-01
-5.092123455272912e-02 2.841083491223253e-01

118
8.434930494299504e-03 -3.821868911860296e-04
7.387129387636195e-02 4.770683232029541e-01
-4.506289501958240e-01 -1.754715039065072e-01
1.097200951583349e-01 5.039378680643272e-03
-7.508232699979266e-02 9.084716035991686e-02

119
1.064258352307147e-01 -4.468014014206336e-03
2.117047656722356e-01 5.508803112654675e-01
-5.273905944515077e-01 -2.834796507427509e-01
8.168433824605101e-02 -3.378421782721743e-02
-8.042741711160917e-02 -9.021683671945652e-02

120
-1.471731259312839e-01 -5.554170419444638e-02
1.331234396157057e-01 6.392387204284979e-02
-4.459962600674106e-01 -6.200118596754289e-01
5.491366408181250e-02 2.498889190580058e-02
2.874905447125800e-02 -1.130622035536813e-01

121
-2.311180228479139e-02 -8.910649513855894e-02
5.311401045341658e-01 3.908659862694946e-01
-2.583659111822123e-03 -6.145470912712439e-01
-8.674449260137786e-02 -1.109038247741359e-01
1.654026135813990e-01 -9.079068285330810e-03

122
-5.148056532970639e-02 -1.326922308952793e-01
6.004062964504163e-02 1.199568933423553e-01
-5.854161125136135e-01 -3.635675450052451e-01
2.342223442488559e-02 4.960514700865479e-02
-1.017525901868074e-01 2.699776867150989e-02

123
-4.231850504852931e-02 -5.098560692327833e-02
3.407560058778468e-02 4.726014722001483e-01
-3.710057813849810e-01 -2.394638674235239e-01
-2.843981543784056e-02 -9.604336588666500e-02
-7.389963935732070e-02 9.221493333921753e-02

124
-8.989020965882785e-02 -5.077991994087332e-02
-2.510821879116733e-02 3.064983756292829e-01
-4.185587673461242e-01 -2.981018186772977e-01
4.611756236586156e-02 -1.039396006377374e-01
-8.267182752739817e-02 4.557904336093103e-02

125
1.573586572676063e-02 -3.440944554844876e-02
-1.204195151157984e-01 2.403141729232917e-04
1.338262983270797e-01 -3.282131741375344e-02
2.543928266461891e-02 7.800661659502981e-03
1.723385124543322e-01 1.167074359172749e+00

126
-9.654300671426302e-02 -2.853614593093378e-02
4.416859249005665e-02 3.504678727926627e-01
-3.010383867984258e-01 -4.293612995099036e-01
9.162220176420391e-03 -8.968317249285379e-02
5.937846411511757e-02 2.965377087557030e-02

127
-1.540819574343097e-01 2.471528108220836e-03
1.472547753905181e-01 4.014285840100194e-01
-1.403073521378150e-01 -3.743312426735260e-01
7.866070970713760e-03 -9.112733290559924e-02
2.143213595679510e-02 1.044137995860195e-01

128
-5.011977899573142e-02 -6.296222364572561e-02
5.771882513255232e-01 1.486181994998078e-01
-1.971369147379353e-01 -4.965498299448958e-01
1.291193049939012e-01 -5.211014609014810e-02
-9.524971724320877e-02 -6.539096634794721e-02

129
-4.655901390340858e-03 -4.937053487122241e-03
6.137887653945117e-01 1.103118079369261e-01
-2.118131765398698e-01 -5.863018194544894e-01
1.269446910473569e-01 -6.802643184376055e-02
-1.029568108941864e-01 -6.811081969779746e-02

130
-4.317558013614660e-03 -2.542165643433581e-02
8.973883327904346e-02 1.396469747695665e-02
-9.319577405163049e-02 -3.767457456607530e-02
1.827734874395304e-02 -3.866296688217356e-03
-1.716493400298049e-01 8.530633460593504e-01

131
1.896187301691881e-02 -1.913771858686651e-01
4.115031794775581e-01 2.410886985996180e-01
-4.069324476525663e-01 -2.330178367787538e-01
1.234542864602993e-01 4.001366229624855e-02
-1.176285313004841e-01 -1.817027207377747e-03

132
-6.581001020536045e-02 -6.387849208513795e-02
1.433876289278586e-01 6.651290704437011e-01
-5.566238547588196e-01 -2.499543407566603e-01
-7.268702544392094e-02 1.408128259913378e-01
-6.451232966892997e-02 -1.145790946809155e-01

133
-2.112417409632085e-01 2.737656942514336e-02
3.174780488010799e-01 4.560450320148189e-01
-3.011037127257440e-01 -4.471689674420185e-01
4.938983459452902e-02 1.377477919538053e-01
-5.697232182227746e-03 -1.306650757011815e-01

134
-2.972785955937024e-01 -1.262481839839838e-01
3.747558409346682e-01 1.094200583096556e-01
-3.135170488616736e-01 -2.547640037258649e-01
3.541173002124938e-01 4.954803351355974e-01
1.397364366963066e-01 4.147407337645581e-02

135
-4.093597388273714e-03 -6.453337658772127e-03
7.387415596268906e-02 7.095507620260540e-01
-6.508231070552019e-01 -2.911735730290385e-01
-9.592972921651099e-02 1.339220062266067e-01
-6.345129161230537e-02 -1.266023554213880e-01

136
-3.079295733681033e-02 -1.695120683715136e-01
4.880456984086291e-01 1.113940216591431e-01
-2.814711213604483e-01 -8.012046075901507e-01
-1.865700168426934e-01 1.492174882131933e-02
1.170595297682628e-01 -1.020662626110689e-01

137
1.188425614791945e-01 -1.587842809011551e-01
3.134834518245183e-01 4.167370276259125e-01
-2.918882946169553e-01 -3.980275198421619e-01
-1.010331550887187e-01 -6.065968498612408e-02
9.124226865819153e-02 9.901705415052052e-02

138
2.387524845741373e-02 -1.160946007276075e-01
3.341161295977187e-01 2.073272409161271e-01
-3.109343731616049e-01 -5.247358941264618e-01
-9.939411533756221e-02 -3.690323350958895e-02
2.936658663997749e-03 7.689341862435550e-02

139
-2.352380502525759e-02 -4.302685649098371e-01
1.556292311991922e-01 3.644555973931395e-01
-2.464298854464034e-01 9.579702218091143e-03
-1.156735210603051e-01 6.492209223940631e-02
7.971655061254274e-02 3.434322065933781e-01

140
-2.145181545198725e-02 1.877368847104307e-02
8.381302970556881e-02 3.784765139345328e-02
-1.067808634443278e-01 -1.905283615801543e-02
-1.550124091185008e-02 -1.355694486419689e-02
-2.603704689699173e-01 8.739840262426201e-01

141
-1.890645184398065e-01 2.465514496421043e-01
1.355350124590706e+00 -1.478399555450234e-01
5.228810236825199e-01 -1.694448664996488e+00
-2.856276927195517e-01 -1.394277646201213e-01
1.873110060661917e-01 -1.734996794013371e-01

142
-2.104105262457014e-01 -1.079257364780419e-01
2.916713335450972e-01 6.766201543648176e-01
8.717994000046196e-02 1.245675278030597e-02
6.102218995521351e-02 -1.451122825502908e-01
-6.913778588705571e-02 1.640380765873875e-01

143
-1.135776987964357e-01 2.886146395755292e-02
6.292142226254928e-01 2.407022110979416e-01
1.285763634339731e-01 -6.395894941398955e-01
-9.539334520053949e-02 -1.103350646779674e-01
-7.339021553064164e-03 1.519646539029882e-01

144
6.948123344911997e-02 1.973890657205614e-01
-1.326040251189742e-01 6.749611401220158e-02
-7.834198319821204e-01 -7.487059601506496e-01
-6.465343505440442e-02 -3.969756359236606e-03
-1.068041017068391e-01 2.246808892791418e-02

145
-2.672851608193869e-01 1.445878887961830e-03
-2.100818144548413e-02 -1.542724441345965e-01
-3.631065990747328e-01 6.685823025908576e-02
2.651567539706479e-02 -6.934864822990489e-02
-7.043275002591988e-01 6.067774060009821e-01

146
-2.937639026456876e-01 -2.418475156488110e-01
1.776440532741742e-01 3.009043655270343e-01
1.363253394836327e-01 -1.685718060758769e-01
1.080210839840478e-01 -4.807259294069788e-02
2.036572546154879e-01 2.366249717344705e-01

147
-4.871582803380204e-01 -1.197576005989449e-01
3.945808877447781e-02 2.587824220360174e-01
1.349014319800959e-01 -2.232239617020938e-01
1.151088921440482e-01 -1.093159433367096e-01
5.645437247805771e-02 1.514109620999195e-01

148
5.639736345256639e-02 2.154447834014440e-01
-5.590239971638680e-02 -2.650274313782122e-01
-7.150207028453669e-01 -9.214480057612360e-01
-2.374910142070423e-02 -9.405528439471918e-02
-1.607332277719971e-01 6.152409972671485e-02

149
-2.069184128663327e-01 -1.566313901998986e-01
2.459859808247648e-01 1.911482993265914e-01
-2.652164812068411e-01 -7.809940424900196e-02
3.941419501318834e-01 9.071638892475531e-02
-3.216340792164963e-02 1.208283403680307e-02

150
-9.134261027977496e-03 -3.676570926739685e-03
5.451415145842506e-01 2.317914762482794e-01
-7.085339822560219e-02 -5.870334096410036e-01
-9.652740018262608e-02 -9.488943975471938e-02
-4.826419695135421e-02 1.398113451893851e-01

151
-1.321176977359331e-01 4.420758464314186e-02
1.447519831322261e-01 -2.596049632053888e-02
-3.019130674388734e-01 -6.532288392403232e-01
5.685817117994340e-02 -1.406989511670670e-02
2.058716277653015e-02 9.704166475208531e-02

152
-1.015662811509773e-01 9.209869789999048e-02
8.365788498049417e-01 -3.620460407784005e-02
-2.272472325747367e-01 -7.650811417990052e-01
8.171943365094526e-02 1.751254170137020e-01
-1.751911871095921e-01 -6.090072018096445e-02

153
-9.043746439276407e-02 -3.186949563835009e-02
7.451393922692646e-01 3.060550698631879e-01
-7.331678479657190e-02 -7.314116942290196e-01
-3.357335341061701e-02 2.003454229331421e-01
1.881289537606020e-01 -7.048002478567225e-02

154
-1.861591910570155e-01 5.851884578518897e-01
3.269265380518681e-01 1.547491102933715e-01
-4.007072681154978e-01 7.540470015078816e-01
1.704845226680322e-01 -9.643750749811822e-03
-1.766129470629658e+00 1.131659841172018e+00

155
-6.441203116827754e-03 -4.855274173854453e-03
7.587373458706932e-01 3.684207514043458e-02
-3.475620492672286e-01 -6.745704287263692e-01
1.822820901592848e-02 1.748162141211819e-01
-1.551945496789884e-01 -4.828781632527922e-02

156
-7.164063997173969e-02 7.537629251835122e-02
3.085460183236491e-02 4.855734990771925e-02
-1.225740067424193e-01 3.478566793035760e-02
2.557704625472093e-02 1.140387516010744e-02
-3.185750624412459e-01 8.961817780977215e-01

157
-1.946151845720170e-01 3.588451822939552e-01
-5.758834517570459e-01 -1.310363618584083e+00
-1.317179676823647e+00 -1.274528196705091e+00
3.301561682402398e-01 1.897558867436428e-01
-2.874487271885724e-01 -9.230120088118837e-03

158
-2.635920317398717e-01 -5.653607918330001e-03
5.372178968915420e-01 -7.101208579222136e-01
-3.113692396530971e-01 -1.344553519939647e+00
-3.595148644581152e-03 2.545239421658830e-01
1.691724995605768e-01 -9.269285764224625e-02

159
-9.837920893451246e-02 -2.239890101910909e-01
1.083558100046229e-01 2.458479532037381e-01
-8.858541043980087e-02 -2.038109536028029e-01
-3.591485061197036e-03 -8.956676066870842e-03
1.570922852056496e-01 3.629325749184805e-01

160
1.827843763776662e-01 4.638642152942882e-02
-1.319606916717180e-01 -2.653251209194297e-02
3.390587512435800e-01 3.830352651908136e-02
-5.377033931548420e-02 -9.800876443304221e-03
2.461223293048574e-01 1.667732804283957e+00

161
8.477960261441023e-02 -5.520129948359506e-02
-1.821208458644105e-01 5.522030524499181e-01
-4.978740490218226e-01 -2.617622618098841e-01
-1.604970648060788e-02 -1.254182719818749e-01
1.015933227893774e-01 8.273447041486361e-02

162
3.850189134396893e-03 -8.136699038780466e-03
-1.183966009419972e-01 5.237161196961293e-01
-3.944689902582416e-01 -3.631096643200215e-01
-1.209467296255416e-02 -1.220354045741738e-01
1.261204564465038e-01 4.625255933477441e-02

163
2.780014167333011e-01 1.244453436624426e-01
-3.449103022697120e-01 -1.345812485791691e-01
-1.145221831188955e+00 -1.112512001181630e+00
-1.214668285665532e-01 -5.280293292896620e-02
1.193914296294524e-01 -2.030025200141476e-01

164
2.726029274576824e-01 9.252822304438044e-02
-4.410843154705441e-02 2.023340232805219e-01
-1.020763625130598e+00 -8.286749918451894e-01
-5.998461592186857e-02 6.855882066593634e-02
5.186915268262478e-02 -2.300093424162975e-01

165
-2.570953614031367e-02 -1.327679668904143e-01
1.605185349263117e-02 8.104419935870008e-02
-3.270471925725572e-02 -1.615507194276171e-01
6.124745981475761e-03 2.900487164454686e-02
1.577711710462855e-01 7.344471728009024e-01

166
-1.109666111603394e-02 -1.363678180641074e-01
-3.427577515505884e-01 3.189766224231031e-01
-7.149755365140725e-01 -7.814333623888431e-02
1.315436161997653e-01 -1.113046585846897e-02
-4.101920198897484e-02 9.118018882919676e-02

167
7.146139540032078e-03 -2.632116801828187e-01
-7.264684473535475e-01 5.858376751003724e-01
-1.122186517838464e+00 3.580293558942339e-01
2.453703809888792e-01 -2.197665723689215e-03
-1.672422517579001e-01 -8.658098553520842e-02

168
-6.804118490268470e-02 -2.851215067383036e-01
7.454149699044098e-01 5.222780031733785e-01
-1.054624769476528e-02 1.110719961298394e-01
2.172913346425600e-01 -3.406823887577388e-02
-1.915102994957070e-01 3.091702415709307e-02

169
-9.123076602043391e-02 -2.719304174513100e-03
6.472416762865937e-02 5.326091331149256e-03
-1.615356861155515e-01 -2.810222486506665e-02
2.619981168133809e-02 2.549499476303869e-03
-2.866546885694947e-01 7.551017179857669e-01

170
-3.211245961976624e-03 -5.166946982470055e-03
7.312773336110816e-02 5.769255356198860e-01
-5.354891445031735e-01 -2.251137815248477e-01
1.339962894571643e-01 1.102048218253599e-02
-3.974571926207356e-02 -1.168795565441693e-01

171
-5.899407359510075e-03 -5.686414000122229e-02
9.831525114098709e-02 4.703776474567860e-01
-4.190400041089218e-01 -1.235129939883902e-01
1.204470387152237e-01 8.682078618029072e-03
-6.698614810026417e-02 9.847274260623055e-02

172
3.141247964748515e-01 2.037239602444974e-01
8.653322951311615e-02 -1.478875320936304e+00
-1.198008626735958e+00 -1.709709919245237e+00
2.561956694105390e-01 -1.559331934491507e-01
-1.642011963629706e-01 -2.213170391204505e-01

173
8.602756366216177e-02 -1.352950014029600e-01
-6.936425781779236e-02 1.551950353639183e-01
-6.746318526653131e-01 -4.827556446762580e-01
-3.171077508770338e-02 5.967902771076179e-02
1.028920529886357e-01 4.957265108296791e-02

174
-4.946451076067183e-01 -1.710022897912873e-01
8.562722691016658e-01 1.390120731114170e+00
1.989070264164228e-01 4.271188538779053e-03
-1.007841075363761e-01 3.808186869193791e-01
8.889076470664362e-02 -3.373035268820976e-01

175
-3.254517967999249e-01 -9.734653658708234e-02
3.894894447368830e-01 1.146254401850313e-01
-2.803206042969782e-01 -2.151501058690024e-01
3.993764917075138e-01 3.322176265950045e-01
-9.329824428905212e-03 -4.218976519184603e-02

176
1.843053049465374e-01 -3.249594559708748e-01
2.458098741091966e-01 1.132945067367872e+00
-1.051695762239429e-01 9.043494245777674e-02
-2.050818553616474e-01 -1.374653959067073e-01
2.320157734601078e-01 1.572448689533624e-01

177
1.989184685393366e-01 -8.186499657147019e-01
3.407401211074986e-01 2.726383668972697e-01
-4.372253220856271e-01 9.108045330281716e-03
-2.510125263076493e-01 8.137616547294520e-02
1.785550723110315e-01 2.064866973445081e-01

178
1.439016500679386e-01 -1.396729726235607e-02
-3.607151841377076e-01 5.164583413886779e-01
-8.071521743048053e-01 -1.632104500158741e-01
1.333546955117814e-02 -1.476292562007257e-01
-1.136568580728328e-01 3.404821405164783e-02

179
1.947052620074622e-02 3.599349577488222e-02
-1.250062252598368e-01 1.511435008333192e-02
1.464170360193165e-01 2.201825256319436e-02
2.749540847279769e-02 -1.035903487101672e-02
7.356558301248231e-02 1.249359164447633e+00

180
-1.067812566528438e+00 -8.475672710279727e-01
-1.869746648367354e+00 1.008214889173274e-01
-6.691136899517354e-02 -1.761394698008691e+00
-2.278510627515393e+00 -1.488539295238877e+00
3.518560050971529e-01 -3.914525348138611e-01

181
-1.349302715956756e-01 -5.323672936307346e-02
-2.572953489000439e-01 5.027785625422209e-01
-6.367214624834937e-01 -4.538711230319599e-01
-1.218394722669763e-01 2.236316539532163e-02
8.978936089495936e-02 -1.492001544835884e-01

182
-4.608337448550375e-01 -2.604201366222527e-01
-6.598548532097542e-01 2.222483719945849e-01
-2.185005291628815e-01 -6.891669412785552e-01
-8.762823154748494e-01 -5.714932939931866e-01
-1.194387979430510e-01 1.651386573526727e-01

183
-9.249082054010501e-03 -5.932301394458043e-04
-1.263437520054932e-02 4.948873178508736e-01
-4.232139228683472e-01 -2.594132548287123e-01
-3.227586151280981e-02 -1.099281947413761e-01
-8.984809694841125e-02 9.164089014767107e-02

184
-1.696206722493918e-01 -1.771994583542341e-01
-1.948030370020292e-01 1.850013866934636e-01
-1.835374823275578e-01 -3.804936589548749e-01
4.841309898796236e-02 -5.368515226951258e-01
-1.104042512188334e-02 -6.520032303852649e-02

185
-1.552614795338026e-01 -1.446304919448350e-01
-1.679991321836867e-01 1.902834290971335e-01
-1.828976793285559e-01 -3.368992380447082e-01
3.388100997059568e-02 -4.298246429426052e-01
-1.626598309781830e-02 6.106830901397831e-02

186
-9.765914301000124e-02 -9.174765706478159e-03
-9.330087408328745e-02 3.712686560104985e-01
-3.394207579311284e-01 -4.224023149346001e-01
8.496622270579925e-04 -1.139401895110665e-01
8.695317894863361e-02 4.902511480428590e-02

187
-3.831958318847714e-01 -2.568805624228659e-01
-5.193303850418258e-02 1.675295691605602e-01
-1.610283646569089e-01 -1.462042551835405e-01
7.244958030978306e-02 -4.530877211272907e-02
-1.070297232316224e-02 1.232177280605784e-01

188
-1.256124883377724e-01 -1.106687679911399e-01
3.907418175201462e-02 2.228388464538998e-01
-2.561814930200954e-01 -1.810819818264502e-01
3.026179517734157e-01 -2.191882747770989e-01
-4.030855823889069e-02 -1.093563240519694e-02

189
-3.776044179395895e-03 8.373300981655307e-04
1.146621170524908e-01 2.628194693939828e-02
-1.183683527875488e-01 -2.543148963672778e-02
1.893878248069424e-01 -1.060328032097439e+00
-8.843651504772139e-01 9.691878276255703e-02

190
-1.115575130118126e-01 -1.119451590290751e-01
1.393567213333516e-02 2.249754300847756e-01
-2.392008206418023e-01 -1.951227046971546e-01
2.712414995839927e-01 -1.903006281126896e-01
1.557777918060399e-02 5.273678417165496e-02

191
-6.656331484824231e-02 -1.474474126171030e-01
-1.090901650594747e-01 3.253109717080806e-02
-6.704905067502146e-01 -4.327266282310495e-01
-3.365782002752395e-02 3.448542860530324e-02
-7.013564103639203e-02 3.970028248858084e-02

192
-8.401416106213812e-03 4.657815974197383e-04
6.781861318279350e-02 4.713283847947439e-01
-4.426502985985514e-01 -1.777827472630124e-01
1.105810017943783e-01 6.872910930650988e-03
-7.501732533984172e-02 8.896582353643649e-02

193
-9.293839287846214e-02 -2.489515746596160e-04
1.086022964463346e-01 4.644399173652560e-01
-4.227464701538623e-01 -3.281185646910726e-01
8.647927097950595e-02 -6.567495797979067e-03
-3.721122459365404e-02 -8.775423149312628e-02

194
4.864665020625096e-03 -3.215973083768908e-02
-1.262264069078273e-01 -2.773438999573369e-03
1.302882441316443e-01 -2.726194173078916e-02
-1.997855231198257e-03 1.273619176405126e-02
1.457912173461269e-01 1.187247813170915e+00

195
-1.580978564593918e-01 -1.391428001265398e-01
1.691511184531708e-01 1.921258219396884e-01
-2.424098318088119e-01 -1.128553338469710e-01
3.949266613910500e-01 5.877026160778639e-02
6.342133025111764e-02 7.123791746441052e-02

196
-1.870218987048344e-01 -5.870082640475461e-02
-6.371904100949519e-02 1.211998073683920e-01
-5.654416405472035e-01 -6.098463228684745e-01
2.037759623796671e-03 5.837065116942265e-02
5.562772689354650e-02 -1.444061993577155e-01

197
-5.905669075755979e-01 -3.236003532078704e-01
-9.640185392805221e-02 2.554897564900842e-01
-2.394435369303325e-01 -2.241475486873434e-01
-6.414755268401007e-03 1.801938250982712e-01
1.006456984605077e-01 -8.171376438690114e-02

198
2.618148799072875e-03 -1.035515391299186e-01
-4.469350601459223e-02 -1.061304414888174e-02
4.397056584477248e-02 -6.973061488405236e-02
-2.495007188918837e-02 9.440879812730275e-03
1.009602584740577e-01 1.015540973043287e+00

199
-7.235908316111740e-02 -1.106714940943361e-01
-3.332065432341992e-01 2.999655297400463e-01
-6.489730232677289e-01 -2.893734280679544e-01
-8.527836440689075e-02 -1.879373769867800e-02
-1.483699194350544e-02 1.061927325735793e-01

200
-5.807395295783503e-01 3.837718372605318e-01
-5.598077735413917e-01 6.765237372170134e-01
7.586458212231115e-01 -3.799240380319312e-01
5.245941206295365e-01 -1.180097460796800e+00
2.522363443471805e-01 -1.309733740236640e-01

201
6.779839772669228e-03 5.184305716518954e-03
7.741855870066737e-01 3.701239665137506e-02
-3.551631452834882e-01 -6.879681746027697e-01
1.630082405659818e-02 1.775142548392045e-01
-1.592533047647901e-01 -5.111577586439692e-02

202
-2.383541694942409e+00 -1.323096280107026e+00
-4.711883982205789e+00 -1.973917939401016e+00
1.428648755370349e+00 3.414538133507458e+00
4.071204285422028e+00 -4.581826303623097e+00
-8.396734126051787e-01 -1.929049316775789e-01

203
-3.061921359230381e-03 -3.811371777393677e-03
-1.607694558649395e-01 3.109185301117833e-02
1.577212946856738e-01 -3.486078888427390e-02
-3.581661335823327e-01 -1.424950611918646e+00
-1.046139869961618e+00 6.157766892492560e-01

204
-1.283841923431839e-02 2.070439818131112e-02
8.720783329093876e-02 3.944739466533478e-02
-1.008806409351900e-01 -1.814691099987779e-02
5.616796220545736e-03 -8.558583886096283e-03
-2.383346855934891e-01 8.739793457059162e-01

205
-3.225757394251563e-02 1.328954486319289e-01
6.694675629518505e-01 3.618145010817387e-01
-2.703981265481308e-01 -7.188111181685504e-01
-6.068974412731653e-02 9.593989067307604e-02
-9.542366187890199e-02 -1.234319975776797e-01

206
-1.086829054949483e-02 -1.055106691500898e-01
-5.267371664578223e-02 -6.727304865323835e-02
4.531502014106807e-02 -1.465055330970426e-02
2.677475265030972e-02 8.174603957833843e-03
5.773959839977238e-02 1.051469073629706e+00

207
-1.807416519459482e-01 9.770014703727961e-02
4.994046792785913e-02 5.193322861240641e-01
-1.028721510643379e-01 -4.306711999819862e-01
-5.020888699724954e-02 -1.172920646948686e-01
6.416309816097686e-02 1.183920204321628e-01

208
9.414619453638548e-03 4.200046230936218e-03
5.577540541828649e-01 2.319234480360785e-01
-7.704735881373027e-02 -5.979376170913203e-01
-1.004249362833044e-01 -9.812869698618562e-02
-5.150762592246629e-02 1.424976296516186e-01

209
-4.875927518633823e-02 9.621842916839861e-02
4.488651764963594e-01 3.346290004669760e-01
-9.479511640303419e-02 -5.981637888139286e-01
-6.557685778937995e-02 -1.151632398672385e-01
-5.585090354261257e-02 7.746773732722205e-02

210
-6.245035535900632e-03 1.299587503412584e-02
7.645697830647369e-01 2.856713447310151e-01
-1.358885573249441e-01 -8.064780449235652e-01
-3.884491119158354e-02 1.814957372408630e-01
1.823802340237741e-01 -8.311553164620407e-02

211
-1.836073145110271e-03 -2.993210334762800e-04
2.204994187770883e-02 5.589582793351917e-02
-2.385112535125702e-02 -5.618178799384475e-02
4.968808019898240e-01 -2.279612577111758e-01
6.504066803184019e-02 4.467777338029258e-01

212
8.008190846706635e-03 2.266336182086717e-03
5.147911045648463e-01 1.328106519712871e-01
-1.418694166588264e-01 -5.115820301935041e-01
1.119269757026060e-01 -4.954456216751830e-02
-3.003182633653078e-02 1.149231980807042e-01

213
-5.033406032692394e-01 -7.964750291051109e-02
3.960682088189179e-01 2.365018983994437e-01
7.184812700396463e-02 -2.891154273991631e-01
3.956947184673673e-01 1.309932289314260e-01
1.009400573202681e-01 -1.368659464912991e-01

214
-5.146752594821520e-01 1.566337799816080e-01
1.270901548798391e-01 3.084188649024062e-01
3.786672432110718e-01 -3.178541119233169e-01
3.869603795973360e-01 -1.969477177031409e-01
1.303478040969095e-01 1.308527053358441e-01

215
-9.020435792340514e-02 4.789582579770504e-02
1.972889774677511e-01 3.542687628616460e-01
-2.848672870107934e-01 -4.456401662748164e-01
4.598065535635990e-02 1.058730769862077e-02
1.348648427587120e-02 5.136992880502635e-02

216
-1.732544349375174e-02 1.787299788642175e-02
8.501987054625043e-02 3.556440712147838e-02
-1.034620518724785e-01 -1.756033221001411e-02
1.220138476846382e-02 1.348365048598709e-02
-2.219798910582796e-01 8.783390453767354e-01

217
-9.187190367031138e-01 2.798370465642348e-02
1.371635879169286e-01 4.544640005596025e-01
1.898653240233714e-01 -4.390325259578604e-01
1.573695428492068e-01 2.390674079360428e-01
1.672327129122166e-01 -2.470321596887393e-01

218
-1.857187660871092e+00 -4.628788363300992e-02
-2.298332672400132e-02 1.094787090086267e+00
1.618236740320197e+00 -5.666917707065302e-01
2.553499235908523e-01 5.297460575632871e-01
1.490493493561550e+00 -2.297679673152609e-01

219
-1.010138126865767e-01 4.763260570367314e-02
2.306818182483057e-01 3.713751776331081e-01
-2.789030931704622e-01 -5.045748541229006e-01
7.362592659122755e-03 4.805460447457596e-02
5.101221092873830e-02 2.464003924732023e-02

220
2.191625422453950e-01 -3.142702812922321e-01
5.207860844999864e-01 -3.916752351058002e-01
-3.324602361693928e-01 -2.428366099458855e-01
8.392433185978995e-01 -1.059157258285453e-01
1.586391663167908e-01 -5.681609875104467e-02

221
5.243458585597087e-04 -2.364559658604512e-03
-2.436880485389155e-02 -7.456814416247061e-02
2.487225675681066e-02 7.222516021596299e-02
6.527437557397771e-01 -2.501501144171545e-01
4.642576370470314e-02 5.756168037410719e-01

222
-8.626037601635364e-05 -1.561043485629904e-03
4.938668658040066e-02 3.310835654898903e-02
-4.947815473189664e-02 -3.465362099021926e-02
2.869874160248297e-01 -4.589781811495478e-01
-2.869949475111694e-01 4.588442665182749e-01

223
1.482044719668461e-01 3.111354157884152e-02
1.017741053628082e+00 2.819071006799993e-01
-1.822770201409492e-01 -9.388213454883054e-01
-5.651229964090789e-02 2.862447611097952e-01
2.351816024691408e-01 -1.121446303311865e-01

224
-9.393215379677284e-03 9.453353905150515e-03
5.893708503050465e-01 4.181703092921987e-01
6.755959458840888e-02 -7.214745271895534e-01
-8.938068975890874e-02 -1.399710549486877e-01
1.864681171312550e-01 -1.384992829885775e-02

225
3.045424863749442e-01 -2.033853059209891e-01
2.256209352871568e-01 -1.118173095440977e+00
-1.298040193510851e+00 -1.288362562883910e+00
1.357890552589092e-01 3.268821838162844e-01
6.584084735480014e-02 -1.908741977428172e-01

226
3.783062965981848e-02 -1.072500366974129e+00
-1.241190381060944e-01 -2.139954075110526e+00
-1.112651158868653e+00 1.109235259922178e+00
2.199117053214718e+00 3.708790068866339e-01
-2.544700523485120e-01 4.540089221502340e-01

227
-2.817899603350159e-03 -2.463749911608694e-01
-5.664410319620625e-01 -5.500269624753388e-01
-1.129272583590100e+00 -3.398406038875756e-01
2.285250190220675e-01 4.719060502215201e-02
-1.523571237908883e-01 1.179565063189883e-01

228
-1.853115875825975e-03 4.933292225106828e-04
-6.690130462772625e-02 -3.658328614988141e-02
6.508322705378757e-02 3.707668090403854e-02
3.074337187128957e-01 -6.089978863130763e-01
-3.075929067762601e-01 6.090399193350365e-01

229
1.420526316277311e-02 -7.663472918067278e-02
-4.256188115611265e-02 6.512720440662951e-01
-5.144670703273825e-01 -3.000480830423380e-01
-1.098980365103403e-01 1.100285461008388e-01
1.529595592168010e-01 4.106079302592720e-02

230
-2.720293489100915e-01 -3.885636259948023e-01
6.512814064196237e-01 1.730028918307118e-01
-4.390774069530852e-01 -8.080878950267177e-01
-6.931466860134468e-01 7.196048314480502e-01
1.492495880501096e-01 6.538213977423693e-02

231
-3.751325370240800e-01 4.071124668944253e-01
-2.296635907704126e-01 5.538508401895500e-01
4.615049871557087e-01 -4.779328454651026e-01
2.753988460729997e-01 -8.341210321147695e-01
4.018574387879850e-02 5.019239692011963e-02

232
-8.977929228100007e-02 7.160495067171828e-02
-6.413764511349052e-02 6.449204796902681e-01
-5.956917462251896e-01 -2.335313515459135e-01
1.534429217962415e-01 7.388477844957668e-02
-2.297092216643702e-02 -1.660895453490898e-01

233
9.717045796863864e-02 -2.773604244129250e-01
-7.832378969256651e-01 -4.656375394962573e-01
-1.203782808610662e+00 -7.924267020739251e-01
-1.905605352245322e-01 9.118589475235865e-02
2.458628852274732e-01 1.243111933189486e-01

234
-4.114577173998179e-03 1.589675134583546e-01
5.622353210109041e-01 -1.630181658660424e-01
-2.405893176844865e-01 -8.792006509574160e-01
5.930919967561715e-02 -1.271784152840702e-01
-1.738112756453467e-01 8.264071239947624e-03

235
1.103998484335456e-01 2.292374434292417e-01
6.802109791645200e-01 -4.264075701580924e-01
-6.076998674315272e-02 -1.413489876496073e+00
1.529123773241080e-02 -1.893441844567281e-01
1.832606673375670e-01 1.920390515692885e-02

236
1.348629828177143e-02 -3.195948065608241e-02
-1.261589195741132e-01 -1.908881103077985e-03
1.378480981907798e-01 -2.833174280365282e-02
-2.289715079316200e-02 -1.080871378264859e-02
1.293894790117107e-01 1.200959871087142e+00

237
2.078149307443351e-01 -1.953092615090645e-01
-9.027327113232806e-01 -3.746989883022804e-01
-1.121310368631786e+00 -6.343484379599227e-01
-4.905459602929879e-02 -1.851780099434111e-01
1.808473467370503e-01 1.941904330192994e-01

238
5.531957323321401e-02 2.002800857826875e-01
1.479406351018213e-01 -2.284109703378537e-02
-5.924327543845895e-01 -7.366400317650080e-01
5.207079245941533e-02 -3.989561233020462e-02
-1.679915579602064e-01 2.695072356676319e-02

239
2.074957162327916e-01 1.175955498449960e-01
1.027415158464326e-01 -1.348383087602844e-01
-7.388346863759768e-01 -9.930625285394908e-01
9.019969621260391e-03 -7.314577789225962e-02
4.682972455417383e-02 -1.154537889313744e-01

