5
0
3
52
1.328969141757669e-02 -1.167742110701565e-01
1.907153036400710e-02 -1.675782260235175e-01
-8.761329562609690e-03 7.698428168514547e-02
-3.539688194393907e-03 3.110262558752974e-02
-1.322884492189668e-01 1.162395634770633e+00
8.252325904466732e-16
5.736242165021366e+05
1.730001459070297e-16
2.441406250000000e-05
4.552261912044658e-12
0.000000000000000e+00
1
1
14
52
1.552241353574029e-01 2.440257684608629e-01
1.329532904530192e-01 3.736097878691705e-01
1.558698489496023e-01 -5.905790544037995e-02
4.654554724406049e-02 -6.181753953601452e-02
1.018519938237416e-02 1.048006361863358e+00
6.280369834735101e-16
5.299632104266899e+03
3.820631349172153e-16
9.765625000000001e-05
1.167850566841419e-13
0.000000000000000e+00
1
1
26
52
-9.171149287671350e-01 -6.653059178058744e-01
-1.480385747659244e-01 2.264909008012326e-03
-4.379784664505879e-02 -1.414294808757937e-01
-2.144410578210266e-02 2.567851052792909e-01
2.374454269717089e-01 -1.000905049258590e-01
8.082545620880530e-16
6.682643723565709e+02
4.048182444300415e-15
6.103515625000000e-06
3.122100527553849e-13
0.000000000000000e+00
1
1
31
52
-1.536948139542879e-01 1.489030543937736e-01
-1.599647392350837e-01 2.459895774056655e-01
-1.020090586843242e-01 -6.932063820702421e-02
-2.285955483203812e-02 -5.249558324695158e-02
-1.876561413821439e-01 7.524397912157265e-01
2.428612866367530e-16
8.315433571225585e+03
4.005806310161717e-16
9.765625000000001e-05
1.006717416951429e-13
0.000000000000000e+00
1
1
33
52
1.906392375395490e-01 -1.520690420916407e-01
3.563678827447941e-01 3.774514892039461e-01
-2.887974503299801e-01 -4.313510487261931e-01
-1.024638293596832e-01 -1.083317922756680e-01
8.284660462159144e-02 1.239800534254702e-01
7.473417450352271e-17
1.167508868678040e+02
1.384421952281084e-16
9.765625000000001e-05
5.404278427699940e-13
0.000000000000000e+00
1
1
37
52
-2.207046398287239e-01 1.435232044175636e-01
2.653410319442268e-01 4.936140120982163e-01
-3.435678867179661e-01 -4.427434509838361e-01
9.880377598454895e-02 1.270902462227189e-01
-7.609275082446632e-02 -1.418591206293129e-01
1.279468816630226e-16
8.441390279518858e+01
1.030723187900858e-16
9.765625000000001e-05
3.149491880270672e-12
0.000000000000000e+00
1
1
38
52
4.089936240964981e-01 8.258377152859353e-02
5.719383429642816e-01 -1.453732254007865e-02
1.231298026979802e-03 2.404722379850961e-01
1.416398849844249e+00 -5.292280731115557e-01
-5.912230977863418e-02 9.469867077102459e-02
2.798511161391456e-15
1.270785739380388e+04
8.464489159956578e-14
3.814697265625000e-07
4.367573400106658e-12
0.000000000000000e+00
1
1
42
52
-4.958881232051564e-01 -4.819619115251584e-01
-1.410629101132830e-02 -8.925500204104869e-02
-8.962051573007672e-02 -1.155880598154309e-02
1.521690097341110e-01 -3.972564649436959e-02
-3.537613414703726e-02 1.532385840631087e-01
1.777223989483337e-16
1.287435053466383e+03
1.462816800235038e-15
6.103515625000000e-06
1.209476122859241e-13
0.000000000000000e+00
1
1
50
52
1.001623246006604e-01 -2.539860347051558e-01
2.114710238465669e-01 -3.089148036649512e-01
-1.316202103828756e-01 -8.623284610522611e-02
7.945670378226362e-01 -5.895409034873358e-01
-7.303983259497018e-02 -1.224720376391521e-03
4.593794159918578e-16
7.036502673436740e+03
1.094573286401781e-14
3.814697265625000e-07
1.875636131249591e-12
0.000000000000000e+00
1
1
51
52
-3.520135946722500e-01 -1.077827378407820e+00
1.730679123351255e-01 -2.726423598017694e-01
-3.006287755327162e-01 -1.179351430236802e-01
-1.837332156805560e-01 1.801258834393226e-01
2.546317865398125e-01 3.695783695858641e-02
4.965068306494546e-16
5.016311505281507e+02
3.879453333049532e-15
6.103515625000000e-06
3.471989984996861e-13
0.000000000000000e+00
1
1
55
52
-8.899547033202970e-02 6.959399642235643e-02
-1.277140124150299e-01 9.987169560355162e-02
5.867093679300659e-02 -4.588036840576003e-02
8.858800695795217e-01 -6.927536217572391e-01
2.370380212683686e-02 -1.853625037609854e-02
5.661048867003676e-16
8.305784596462849e+05
1.777229162727494e-12
3.725290298461914e-10
1.362295295018154e-12
0.000000000000000e+00
1
1
56
52
7.642023709819937e-01 -9.269409436235160e-01
6.612080129153737e-01 -8.020137108913101e-01
-8.492839986041716e-01 1.030140890637269e+00
1.669408799965733e-02 -2.024913068962587e-02
-1.163633500180632e+00 1.411431808701866e+00
1.432144669219779e-14
1.555865481593706e+02
8.894130925488794e-16
3.906250000000000e-04
9.857920248349477e-13
0.000000000000000e+00
1
1
67
52
-4.068644979552198e-01 -5.557587779081309e-01
4.840708950213683e-02 -1.901033732073312e-01
-1.958445389334430e-01 -1.128961420159493e-02
1.539898055456676e-01 -2.677097212110409e-02
-7.204379017869914e-02 1.387055783196516e-01
1.118863022827952e-16
9.866030253077024e+02
8.718987083823470e-16
6.103515625000000e-06
1.190458899354463e-13
0.000000000000000e+00
1
1
77
52
-6.797291987367396e-01 -9.791495774126757e-01
5.616244918693141e-03 -1.556565128862409e-01
-1.477977893729986e-01 -4.915593216841660e-02
-1.104617270898338e-01 2.475569640694993e-01
2.705533365194823e-01 -1.694507920170440e-02
3.753582455389500e-16
6.022170204566982e+02
3.348485608927753e-15
6.103515625000000e-06
3.517739156967492e-13
0.000000000000000e+00
1
1
79
52
2.162930758910038e-01 -2.147001090539512e-01
1.464628733959996e-01 9.695178943966286e-02
2.235434504705096e-01 -3.530632253090676e-01
2.542225713014581e-01 -1.074745394927411e+00
3.346026912324334e-02 7.436046952437207e-02
1.405127688691718e-15
9.733089540289113e+03
7.325926596828283e-14
3.814697265625000e-07
4.054917099616193e-12
0.000000000000000e+00
1
1
93
52
-2.434599148483513e-01 5.212789696996654e-01
-2.106479286560838e-01 4.510242899230830e-01
2.705652557928413e-01 -5.793149885231459e-01
3.707108530749923e-01 -7.937395840616532e-01
-5.318409621845451e-03 1.138739857788501e-02
6.661338147750939e-16
1.402380649370984e+02
2.397818702317928e-15
2.441406250000000e-05
8.062195163248671e-13
0.000000000000000e+00
1
1
97
52
-5.450254647291706e-01 -2.482252136469852e-01
-1.532982707436050e-01 7.479192707066462e-02
-4.420523422827743e-02 -1.647424943199125e-01
1.053644611728263e-01 -8.583676750466394e-02
4.408363274986287e-03 1.358314642015079e-01
7.376145397762941e-17
1.204651914653086e+03
6.303787902664134e-16
6.103515625000000e-06
1.117718684209049e-13
0.000000000000000e+00
1
1
106
52
1.317423051894679e-01 -7.549183742477343e-01
4.139323692401017e-01 5.496329583751930e-02
-3.449385659995822e-01 6.152023919304697e-01
1.747733457776050e-01 1.459151375754572e-01
-2.242108622543516e-01 5.962980063780848e-01
4.965068306494546e-16
4.479088101573838e+01
2.347335103910337e-16
3.906250000000000e-04
5.847557028163401e-14
0.000000000000000e+00
1
1
107
52
-3.292664424556325e-01 -6.139082060390888e-01
2.148479980507360e-01 -4.516871185246724e-02
-1.564813018210605e-01 1.539918081496753e-01
1.859719183514743e-01 2.645548513203686e-02
-8.084059244732880e-02 1.695589741702388e-01
4.700172355173461e-16
3.670529999104371e+02
3.251203052648219e-16
2.441406250000000e-05
7.715061539848512e-14
0.000000000000000e+00
1
1
110
52
3.724126547592966e+00 1.583913275437113e-01
-3.543108456139333e-03 2.031077326213836e+00
-3.184997801032905e+00 -1.274891001455915e+00
-3.017543574884224e+00 -7.045793675205611e-01
-5.933036806992701e-01 9.351071362501820e-01
5.719758689081717e-13
1.363030695904796e+04
5.599283063872192e-14
2.441406250000000e-05
2.067045132942937e-14
0.000000000000000e+00
1
1
111
52
-2.841933766365938e-01 -3.689186415508665e-01
3.594132752942475e-01 2.335090975694541e-01
-2.071640523149453e-01 1.465344547414626e-01
2.891201777054782e-01 2.574524263384206e-01
-5.279674510411696e-02 1.278875703725535e-01
1.914179124114751e-16
8.432140992298885e+01
8.741451998030731e-16
3.906250000000000e-04
1.151196733706401e-12
0.000000000000000e+00
1
1
131
52
9.867099995408324e-02 -2.408534577240241e-01
5.284067766173887e-01 1.666256740110271e-01
-4.934336922736352e-01 -2.519941033913599e-01
1.416745598212211e-01 7.251214094866769e-02
-1.518280371756924e-01 -4.772775516272241e-02
1.551583845779546e-16
9.162780197093487e+01
1.094850266708030e-16
9.765625000000001e-05
4.898393110640541e-12
0.000000000000000e+00
1
1
134
52
-1.017530932663131e-01 2.526096280586954e-02
6.708149618450999e-02 -1.665348075123329e-02
-1.460219915485410e-01 3.625104632142642e-02
1.012872194580259e+00 -2.514530616469913e-01
2.710177472602426e-02 -6.728217308726496e-03
2.927430599150853e-16
1.628433549024262e+06
2.100682995833209e-12
3.725290298461914e-10
1.972772499619901e-12
0.000000000000000e+00
1
1
139
52
-3.164188330708988e-02 -4.280701733783805e-01
1.582075700419240e-01 3.619966449631879e-01
-2.337607537030399e-01 7.722115325752634e-03
-1.054926224671690e-01 7.165574005578799e-02
9.196264447052110e-02 3.447767555916821e-01
1.744755862104230e-16
8.640202890744271e+01
3.225200019865772e-17
3.906250000000000e-04
1.562419509321907e-14
0.000000000000000e+00
1
1
145
52
-2.906231201888552e-01 4.007273521918119e-02
-5.660682419731513e-02 -1.593243556050495e-01
-3.762432551128042e-01 1.423386561663658e-01
1.727149456891710e-02 -7.657126947427938e-02
-8.173335950917093e-01 6.798721654102402e-01
2.482534153247273e-16
6.754419137187840e+03
9.742695144272748e-17
9.765625000000001e-05
8.186824029982932e-14
0.000000000000000e+00
1
1
146
52
-2.896802094217574e-01 -2.428944708787043e-01
1.773254349987894e-01 2.993567008584133e-01
1.258091405110897e-01 -1.631065359288003e-01
1.055007716404444e-01 -3.852776024398229e-02
1.991061818635369e-01 2.431471231369086e-01
7.850462293418876e-17
1.089076521603290e+02
6.411887539119159e-17
3.906250000000000e-04
9.910139836757235e-15
0.000000000000000e+00
1
1
147
52
-5.494673979532502e-01 -2.092122917535933e-01
-1.457213805401867e-02 1.847185550912628e-01
1.119722753570143e-01 -1.476329954781186e-01
1.331827870666798e-01 -8.600320110055490e-02
4.225639725198850e-02 1.528024942913996e-01
2.017058999513409e-16
4.300854320170944e+02
4.911109287441007e-16
2.441406250000000e-05
6.029814960271537e-14
0.000000000000000e+00
1
1
154
52
-1.658149457640228e-01 4.286981499650663e-01
2.225390164801898e-01 1.437182736247423e-01
-3.525973700554231e-01 5.224032134879559e-01
1.229773936114986e-01 1.253728862859146e-03
-1.331144934946625e+00 1.001293538564707e+00
1.776356839400250e-15
4.274225724916026e+03
9.920413360220977e-16
9.765625000000001e-05
1.157022854804828e-13
0.000000000000000e+00
1
1
159
52
-1.033058555678443e-01 -2.298684931243769e-01
1.148072989922077e-01 2.554606481303186e-01
-8.938294629309175e-02 -1.988882727167065e-01
-2.256728203438283e-03 -5.021503463324612e-03
1.573014673444370e-01 3.500155055680514e-01
6.206335383118183e-17
4.875964885160761e+02
9.595844470416782e-17
3.906250000000000e-04
2.894449850949086e-13
0.000000000000000e+00
1
1
165
52
-9.687603882815284e-03 -8.504057920412066e-02
6.386626116623453e-03 5.606364491030232e-02
-1.390231163390511e-02 -1.220384986756810e-01
2.580277902511197e-03 2.265042315844342e-02
9.643249448293183e-02 8.465122319332002e-01
5.721958498152797e-17
1.342190845496456e+06
2.719559423241423e-16
6.103515625000000e-06
1.357937104888597e-14
0.000000000000000e+00
1
1
175
52
-2.799899399896407e-01 -1.357738193881962e-01
3.111623109697823e-01 1.508900477338153e-01
-2.422546682483503e-01 -1.174750834759128e-01
4.263342882159001e-01 2.067396944667455e-01
-6.116412189613808e-03 -2.965994578116078e-03
1.138228468187595e-16
3.441201452152448e+02
7.204738039401694e-16
2.441406250000000e-05
4.191937155436510e-13
0.000000000000000e+00
1
1
177
52
-6.584532258726597e-02 -1.096103574488309e+00
3.373312660655177e-01 7.723555929797700e-02
-3.256593388781189e-01 1.170628450316447e-01
-2.276785916447276e-01 1.892958125092114e-01
2.487023133958995e-01 1.606785767872524e-01
1.006976720545157e-15
2.058728882081049e+02
1.816371111071556e-15
2.441406250000000e-05
2.449898521303827e-13
0.000000000000000e+00
1
1
185
52
-6.441042121219134e-02 -2.133452185278667e-01
-1.279336656286253e-01 1.139622161355276e-02
-2.093170989477791e-02 -3.048587509289000e-01
2.104378184522248e-01 -7.796966938872583e-01
-4.739351076248890e-02 3.618420345827379e-02
3.644045276010170e-16
1.365519679210626e+04
1.077477099213176e-13
3.814697265625000e-07
2.789623308905405e-12
0.000000000000000e+00
1
1
187
52
-5.484593964750000e-01 -3.606026707197952e-01
-8.561144505609522e-02 5.252238377222032e-03
-2.911189507143976e-02 -8.068087194566924e-02
1.347476988213675e-01 -6.424556224823415e-02
-5.573098625175297e-03 1.491756520949708e-01
9.437916079723832e-17
1.425166197871989e+03
1.286122629893800e-15
6.103515625000000e-06
1.142384965931463e-13
0.000000000000000e+00
1
1
197
52
-9.315695723362700e-01 -3.573531621308783e-01
-2.473156357186402e-01 1.399608700272500e-01
-9.026172087881133e-02 -2.694566580244316e-01
2.114321354900811e-02 2.254271237268004e-01
1.664829245724609e-01 -1.534531179765255e-01
6.661338147750939e-16
5.749589055885302e+02
1.658243180687593e-15
6.103515625000000e-06
3.052449130246615e-13
0.000000000000000e+00
1
1
207
52
-1.935428562367079e-01 4.208083392036196e-02
5.496589017238726e-02 4.180182829198734e-01
-1.235654851744366e-01 -4.031030945196631e-01
-1.568172052774363e-02 -1.200901973847405e-01
3.559773444098652e-02 1.157599808624949e-01
4.220764384040162e-17
2.589734065383636e+02
2.418131480267444e-17
9.765625000000001e-05
6.148251459448556e-13
0.000000000000000e+00
1
1
213
52
-4.842500975857262e-01 -9.832761600663475e-02
3.904070864082740e-01 2.332633504333852e-01
4.278100880933468e-02 -2.658280099086016e-01
3.803668885329211e-01 1.551111836782727e-01
9.715612858396716e-02 -1.100597061991564e-01
2.733607174453285e-16
6.501744766907487e+01
1.039765985294170e-15
3.906250000000000e-04
1.421661743182370e-12
0.000000000000000e+00
1
1
214
52
-5.501314830090978e-01 1.926580558668971e-01
9.267535033580726e-02 3.037909508447793e-01
4.187976873383538e-01 -3.352837837184989e-01
4.196117576626766e-01 -2.423393770592241e-01
1.312117547064263e-01 1.130224605994786e-01
2.482534153247273e-16
6.055946052934888e+01
6.432291600759518e-16
9.765625000000001e-05
9.391233438760391e-15
0.000000000000000e+00
1
1
217
52
-9.709033261405486e-01 -2.506058366161366e-01
1.026164512664518e-02 3.158424595199151e-01
1.618434108353295e-01 -2.714193636524139e-01
1.005413486947058e-01 2.509915315687714e-01
2.094579128172070e-01 -1.709757131140190e-01
3.140184917367550e-16
1.948131899747370e+02
2.919571058233150e-16
2.441406250000000e-05
1.668781912002201e-13
0.000000000000000e+00
1
1
218
52
-2.054241637400887e+00 -2.360256632578931e-01
-1.741144548635543e-01 1.113168847562854e+00
1.855623141955880e+00 -4.224556622589462e-01
2.440251449346513e-01 5.637892132004827e-01
1.714436955900456e+00 -1.244873391338561e-01
2.383232787117382e-14
4.868496328938832e+02
1.639570965899235e-15
3.906250000000000e-04
2.583561335013551e-12
0.000000000000000e+00
1
1
-1

2 0
1 5
-1515882250842822941601429424926544113662520953928049209017109919627047080777542626183205328704305035295901822261573486892806718682722031023738137550668442746935114584343932304647866733858995693366334935863147386508518050336824139747678571554094331108195023602351204002965505983533347735860308960822534778353887/2000000000000000000000000000000000000000000000000000000000000000000000000000000000000000000000000000000000000000000000000000000000000000000000000000000000000000000000000000000000000000000000000000000000000000000000000000000000000000000000000000000000000000000000000000000000000000000000000000000000000000000000 1739433281693183764680204197464251820144824066157289530804147263477473319275224242062752657745896445091192450488328485693557307968249974645180579997691669186223887289329375133465848807262537202415374552663056947431661438111926157859672721542103152188101355616859685391934064749669891717514735062468920179171243/2500000000000000000000000000000000000000000000000000000000000000000000000000000000000000000000000000000000000000000000000000000000000000000000000000000000000000000000000000000000000000000000000000000000000000000000000000000000000000000000000000000000000000000000000000000000000000000000000000000000000000000000
3380952784567906599742085650639617411983300183626000786414375791200299881330993131564914419481424314348913603663309691534591007401388580142985798109703890157479060261500435403712831435553168841057575596348482268153802626398069018704460096856746489945805967946890331225074795721853063768908831397715136564441717/10000000000000000000000000000000000000000000000000000000000000000000000000000000000000000000000000000000000000000000000000000000000000000000000000000000000000000000000000000000000000000000000000000000000000000000000000000000000000000000000000000000000000000000000000000000000000000000000000000000000000000000000 -6882488992344931468165189038358907544466855322248621275263766263393379612194901442715466243404898022751389263105559625414844147219163550165938012663050941279361570558438696037990729889860457704238086022704231197515741456378020693672586403265540284975908410770747381466317275174839520777390043236944144951747019/10000000000000000000000000000000000000000000000000000000000000000000000000000000000000000000000000000000000000000000000000000000000000000000000000000000000000000000000000000000000000000000000000000000000000000000000000000000000000000000000000000000000000000000000000000000000000000000000000000000000000000000000
-7527272421586736706968887939296419857601127161228706543163029150347906927971424347648047780036249238900804077034228786910966740471906351912692013493218406674543618248475148965234472247983018026526545704060211155972003110016506876756983182444510492278230570015979497207788241084420266347846430814513586164514049/10000000000000000000000000000000000000000000000000000000000000000000000000000000000000000000000000000000000000000000000000000000000000000000000000000000000000000000000000000000000000000000000000000000000000000000000000000000000000000000000000000000000000000000000000000000000000000000000000000000000000000000000 4089624107027807392763570226126625508799321922239925580715124688458495313474634312896554609124309736722512895203310589172308079116914980836261930749068798651779544964196184376011371689905448276183641193957661671891347217310093368436115148743391420387265821671401177633173292809597155371513608340873610094116159/5000000000000000000000000000000000000000000000000000000000000000000000000000000000000000000000000000000000000000000000000000000000000000000000000000000000000000000000000000000000000000000000000000000000000000000000000000000000000000000000000000000000000000000000000000000000000000000000000000000000000000000000
7254279373402996235393250155420812654516518298056288075756118580942016208956980427661318777430521043728568257108477224554551155252716816712031180625865397495639969208821129547833632048721145414591934997748904456173859169136579359420548651961831644367375994783528734110305502517356757339957722231880392147566389/10000000000000000000000000000000000000000000000000000000000000000000000000000000000000000000000000000000000000000000000000000000000000000000000000000000000000000000000000000000000000000000000000000000000000000000000000000000000000000000000000000000000000000000000000000000000000000000000000000000000000000000000 4895792858906012543024157722533123982866911365744067229037272348113563601016887855983280641452987633524812851113874898369118357017622925002754124992814687379300194436659728229490105885199653701230746490937249964533464109256153833448050580418742122012816899269290184817310931308668647862106877570346667051999137/10000000000000000000000000000000000000000000000000000000000000000000000000000000000000000000000000000000000000000000000000000000000000000000000000000000000000000000000000000000000000000000000000000000000000000000000000000000000000000000000000000000000000000000000000000000000000000000000000000000000000000000000
-9361414697922449073131137210093742060785941787266588077262213745787785260157623074567659248642142340964302469751228892249677207992116322216912805720697630501686969700416138981456191452725779133679308684984368798553919797144724642704378475738211261729531208925923006745922587888898693050750154131138295509203601/100000000000000000000000000000000000000000000000000000000000000000000000000000000000000000000000000000000000000000000000000000000000000000000000000000000000000000000000000000000000000000000000000000000000000000000000000000000000000000000000000000000000000000000000000000000000000000000000000000000000000000000000 -9458873634299599080915746193231050508907763942489846495303923676808199213551581726517635065643081118138033670536232774016407032270741074882513778941129305724739666924967091610145431621018379014766723549998264873322683126910893078917197934250394660012092794763558135799916348661383829522050061006919404163975679/10000000000000000000000000000000000000000000000000000000000000000000000000000000000000000000000000000000000000000000000000000000000000000000000000000000000000000000000000000000000000000000000000000000000000000000000000000000000000000000000000000000000000000000000000000000000000000000000000000000000000000000000

0
-437999114853699205320603113159869926872471919202996031846833617327990341649819097534209185292792991064519198412370166496756096893748288236531333158468201960810238660602458198626179648686091463338670592506459275729748979642155280340698364729226806586652436127010949911131913363180577127938808308816812521315727/625000000000000000000000000000000000000000000000000000000000000000000000000000000000000000000000000000000000000000000000000000000000000000000000000000000000000000000000000000000000000000000000000000000000000000000000000000000000000000000000000000000000000000000000000000000000000000000000000000000000000000000 -5838332912710460955335205725669514206583715663688778301331566494030889381875213126642132004931595817131127535539486714120515766049892334681654100242069586829390210021156721403203753363309251429612982520609104914472779776187843367155278968945214009649379202710743224078488467291813795516304485776278502968656437/100000000000000000000000000000000000000000000000000000000000000000000000000000000000000000000000000000000000000000000000000000000000000000000000000000000000000000000000000000000000000000000000000000000000000000000000000000000000000000000000000000000000000000000000000000000000000000000000000000000000000000000000
5 5
1 0
0 0
0 0
0 0
0 0
0 0
1 0
0 0
0 0
0 0
0 0
0 0
1 0
0 0
0 0
0 0
0 0
0 0
1 0
0 0
0 0
0 0
0 0
0 0
1 0

5 0

4 0

