36                                               

0.134032274477018948465933466170e1 0.373282588431927487158560097037e-16
-0.155618583944328437088145525566e0 -0.367209590433193480089531564067e-17
0.582572991011848517115683948767e3 -0.509493507501453875158097284180e-12
-0.360868495557518856345282132445e0 -0.132854873573742332247028176872e-16

0.13414118366943488140623287366829864550261092301019e1 -0.11268042359020489847633507067452992220701215356831e-16
-0.15821570819584877081362617991585249252968002664640e0 0.13438196156106443700757792496591094595474971439369e-17
0.51344813186810938551960216737039367297997468229847e0 -0.29407426472326698229085102782421173988156841426917e-17
0.13868331273050968703210977957138358753306793661752e4 -0.85833944172780182854409680068117841881914995717739e-11

1.340889493359468e+00 5.303590582717114e-17
-1.555038108012787e-01 3.884918708254618e-17
-3.608574808172227e-01 9.815883815375638e-17
5.136887488678414e-01 -7.696990021962592e-17

0.1340322744770189287961895831969823924503e1 0.1043733043277983725199947026296525657079e-15
-0.1556185839443284596543109593882818576535e0 0.6433240447022623135587680604731541642402e-17
-0.3608684955575188333139934245098771024388e0 -0.6619588700191517209902546110083435002520e-17
0.5825729910118826844720681242066686733761e3 -0.3610686239579692098383996341663118723729e-10

1.340889493359469e+00 1.008995017144695e-16
-1.555038108012791e-01 5.263652579929531e-17
5.136887488678415e-01 -3.186411558636378e-17
-3.608574808172228e-01 3.851068392312576e-17

1.341252286190671e+00 -8.415763028751367e-17
-1.238420531327765e+00 -1.597181428884681e-17
4.300924734800885e-01 -6.606099154534235e-17
-1.745801449998458e+00 4.663782973120607e-16

1.340181307255087e+00 -2.182366201714553e-16
-1.239763572110048e+00 1.795544578437524e-16
-5.622545119638186e-01 8.330995045428542e-17
-1.742149135669412e+00 -2.024474138557289e-17

1.341252286190670e+00 8.704708997293880e-18
-1.238420531327767e+00 -2.659888478900593e-16
-1.745801449998453e+00 1.337046639429899e-16
4.300924734800885e-01 4.168850578540669e-16

1.341019453971651e+00 5.247113049382578e-17
-1.240173672009137e+00 -5.013816571475846e-17
4.299726223668208e-01 2.285194390552769e-17
-5.624239267752853e-01 -1.733649059210614e-16

1.341019453971652e+00 9.338773721837992e-17
-1.240173672009138e+00 2.412680458018623e-16
-5.624239267752856e-01 9.284828919016386e-17
4.299726223668210e-01 2.424403874560730e-17

-0.158215708195849079965399462618e0 0.647419628058621836151824912140e-15
0.134141183669434872599276729844e1 -0.202989451457081185449528657692e-15
0.138683312730542457229088506306e4 -0.677991139178362235945184250836e-9
0.513448131868109319149882024806e0 -0.776133622951358590255346006612e-17

-0.155618583944328446856977046424e0 -0.116765945991561537564964304497e-16
0.134032274477018939000119902656e1 0.692293763774022754088512052095e-16
0.582572991011848467471880292567e3 -0.454400759515412188986578882275e-12
-0.360868495557518828540787227652e0 -0.259877395548054280534041138358e-16

-1.555038108012788e-01 -3.547666564748537e-17
1.340889493359468e+00 -1.467484904040899e-16
5.136887488678417e-01 -1.969175033448237e-17
-3.608574808172227e-01 -1.598840001846669e-17

1.340181307255087e+00 -7.180113632286110e-16
-1.239763572110047e+00 -1.640566489266259e-15
-1.742149135669413e+00 4.259272227732732e-15
-5.622545119638185e-01 -8.461793675683426e-16

-1.240173672009138e+00 3.228013235059584e-16
1.341019453971651e+00 3.202877850374451e-17
4.299726223668210e-01 -3.225877491596856e-17
-5.624239267752855e-01 6.055599960426477e-17

-1.238420531327765e+00 1.883883646679319e-17
1.341252286190671e+00 -7.260666747414269e-18
4.300924734800884e-01 6.523747531200998e-18
-1.745801449998457e+00 2.096635403691352e-16

-1.240173672009137e+00 -3.362929798850581e-17
1.341019453971651e+00 7.343327391922501e-17
-5.624239267752855e-01 -4.521075358679862e-17
4.299726223668209e-01 -8.123193961256084e-17

-1.239763572110046e+00 3.930909630877065e-16
1.340181307255089e+00 7.438687949522028e-16
-1.742149135669416e+00 -2.259744337129613e-15
-5.622545119638184e-01 6.240212453768482e-16

-1.241142203480114e+00 1.960450368192685e-16
-1.552920113262281e-01 5.057935989268094e-17
1.229599082365982e-01 -5.588906286818597e-17
-2.885298649194357e-01 5.748751492125070e-17

-1.239427924000500e+00 -5.989373362817098e-18
-1.564485462803452e-01 1.043811065842745e-16
1.228322518634820e-01 1.616033934632972e-17
-8.950624964004306e-01 -1.576084992230285e-17

-1.239427924000501e+00 1.016812732164989e-17
-1.564485462803452e-01 -1.778463877077810e-16
-8.950624964004308e-01 -7.505175029759778e-17
1.228322518634823e-01 -3.505697274391061e-17

-1.239763572110047e+00 1.565427999035689e-16
1.340181307255087e+00 -2.048228802435840e-16
-5.622545119638187e-01 1.158624396556105e-16
-1.742149135669412e+00 2.054773031076166e-16

-1.239691254425127e+00 -1.430147031623826e-16
-1.557046035662297e-01 2.374609825322473e-16
-8.951155088681797e-01 -5.140851725753297e-17
-2.884741146679847e-01 -5.028293945788931e-16

-1.239691254425127e+00 9.922623115863667e-17
-1.557046035662301e-01 1.328811050444921e-17
-2.884741146679843e-01 9.220584381615870e-17
-8.951155088681799e-01 1.338402162401717e-16

-1.238420531327763e+00 6.893715812587982e-16
1.341252286190672e+00 5.171319039125835e-16
-1.745801449998461e+00 -1.844588673976666e-15
4.300924734800892e-01 9.106045264001811e-17

-0.15821570819584876449571250720865858225100007741815e0 0.46783667874283403963140994490318955301682681587068e-17
0.13414118366943485643915539982804198472476568097448e1 0.28674575892060693257464646615290639531382779893443e-16
0.51344813186810940357552754810859048154006129856809e0 -0.74780081887770508154170134117968543253356555016700e-17
0.13868331273050968364414813892746222383603802569926e4 -0.85688089121446150759393395284495711167994470172148e-11

-1.555038108012787e-01 -6.890951517022761e-17
1.340889493359468e+00 8.997859429011885e-17
-3.608574808172227e-01 -1.284770865516346e-17
5.136887488678414e-01 -6.120078182671722e-18

-0.1556185839443284561179895364825481066565e0 0.1329874037969756217649291024840917705587e-16
0.1340322744770189529069020603808143285675e1 0.2123819262956559916746373384730913973147e-16
-0.3608684955575188395768599053462726523180e0 -0.2346823506182793217968761848528838593408e-17
0.5825729910118829851770249343456407761508e3 -0.3611276151817003567694359520017353707433e-10

-1.564485462803457e-01 -8.306288500406242e-17
-1.239427924000500e+00 5.472177858097025e-17
1.228322518634820e-01 -2.785563735612330e-17
-8.950624964004305e-01 7.553114063934340e-17

-1.552920113262279e-01 4.550352330713340e-17
-1.241142203480114e+00 5.729388904962345e-17
-2.885298649194357e-01 4.686348619765333e-17
1.229599082365982e-01 -2.207039953845862e-18

-1.557046035662301e-01 -2.560878340064457e-17
-1.239691254425127e+00 1.914013021985671e-16
-2.884741146679846e-01 4.992959257727992e-17
-8.951155088681798e-01 1.292729549172465e-16

0.134141183669434874619489759286e1 -0.197250308794935828594008398976e-15
-0.158215708195849080242078698790e0 0.653162043446664418210983471135e-15
0.138683312730542411071207397092e4 -0.678025660540201555437675763074e-9
0.513448131868109397771418668516e0 -0.199888747952455913868447369072e-17

-1.241142203480114e+00 -1.428237889432259e-16
-1.552920113262281e-01 -4.736617629118853e-18
-2.885298649194358e-01 -1.238942236147952e-17
1.229599082365983e-01 1.920194593486072e-17

-1.552920113262281e-01 -9.515103980811630e-17
-1.241142203480114e+00 -1.072607787718867e-16
1.229599082365982e-01 2.560477009162658e-18
-2.885298649194357e-01 -1.873232323842754e-17

-1.564485462803452e-01 -4.647511109276511e-16
-1.239427924000500e+00 3.530769410764982e-16
-8.950624964004305e-01 -8.462424141754281e-17
1.228322518634826e-01 2.425160473182349e-15

-1.557046035662291e-01 5.718245730637195e-16
-1.239691254425128e+00 -2.345210452867380e-16
-8.951155088681799e-01 4.703741311047573e-17
-2.884741146679858e-01 -3.641021357409476e-15

