1.3403227447701895e+00 1.2438991367265407e-42
-1.5561858394432845e-01 -2.9562658593171055e-42
5.8257299101184822e+02 1.9096525937449731e-37
-3.6086849555751888e-01 -3.0328688239856766e-43
-1.5561858394432845e-01 -2.9562658593171055e-42
1.3403227447701895e+00 1.2438991367265407e-42
5.8257299101184822e+02 1.9096525937449731e-37
-3.6086849555751888e-01 -3.0328688239856766e-43
1.3403227447701895e+00 1.2438991367265407e-42
-1.5561858394432845e-01 -2.9562658593171055e-42
-3.6086849555751888e-01 -3.0328688239856766e-43
5.8257299101184822e+02 1.9096525937449731e-37
-1.5561858394432845e-01 -2.9562658593171055e-42
1.3403227447701895e+00 1.2438991367265407e-42
-3.6086849555751888e-01 -3.0328688239856766e-43
5.8257299101184822e+02 1.9096525937449731e-37
1.3414118366943488e+00 -5.3657248684954178e-58
-1.5821570819584876e-01 2.7928062406366160e-57
5.1344813186810945e-01 2.4774317987772425e-58
1.3868331273050892e+03 -1.1758292726682932e-51
-1.5821570819584876e-01 2.7928062406366160e-57
1.3414118366943488e+00 -5.3657248684954178e-58
5.1344813186810945e-01 2.4774317987772425e-58
1.3868331273050892e+03 -1.1758292726682932e-51
1.3414118366943488e+00 -5.3657248684954178e-58
-1.5821570819584876e-01 2.7928062406366160e-57
1.3868331273050892e+03 -1.1758292726682932e-51
5.1344813186810945e-01 2.4774317987772425e-58
-1.5821570819584876e-01 2.7928062406366160e-57
1.3414118366943488e+00 -5.3657248684954178e-58
1.3868331273050892e+03 -1.1758292726682932e-51
5.1344813186810945e-01 2.4774317987772425e-58
1.3408894933594682e+00 9.0468179457396213e-66
-1.5550381080127879e-01 4.5495252662277332e-64
-3.6085748081722269e-01 1.2262407071761214e-65
5.1368874886784155e-01 3.4471532411403790e-65
-1.5550381080127879e-01 4.5495252662277332e-64
1.3408894933594682e+00 9.0468179457396213e-66
-3.6085748081722269e-01 1.2262407071761214e-65
5.1368874886784155e-01 3.4471532411403790e-65
1.3408894933594682e+00 9.0468179457396213e-66
-1.5550381080127879e-01 4.5495252662277332e-64
5.1368874886784155e-01 3.4471532411403790e-65
-3.6085748081722269e-01 1.2262407071761214e-65
-1.5550381080127879e-01 4.5495252662277332e-64
1.3408894933594682e+00 9.0468179457396213e-66
5.1368874886784155e-01 3.4471532411403790e-65
-3.6085748081722269e-01 1.2262407071761214e-65
1.3412522861906708e+00 -8.7609934114608210e-64
-1.2384205313277652e+00 3.7415639760276902e-62
4.3009247348008833e-01 4.4565264122474059e-64
-1.7458014499984569e+00 -2.6103257317672499e-62
-1.2384205313277652e+00 3.7415639760276902e-62
1.3412522861906708e+00 -8.7609934114608210e-64
4.3009247348008833e-01 4.4565264122474059e-64
-1.7458014499984569e+00 -2.6103257317672499e-62
1.3412522861906708e+00 -8.7609934114608210e-64
-1.2384205313277652e+00 3.7415639760276902e-62
-1.7458014499984569e+00 -2.6103257317672499e-62
4.3009247348008833e-01 4.4565264122474059e-64
-1.2384205313277652e+00 3.7415639760276902e-62
1.3412522861906708e+00 -8.7609934114608210e-64
-1.7458014499984569e+00 -2.6103257317672499e-62
4.3009247348008833e-01 4.4565264122474059e-64
1.3401813072550874e+00 2.3384460638918619e-61
-1.2397635721100473e+00 7.6313446251264430e-62
-5.6225451196381859e-01 -3.2133211138198147e-62
-1.7421491356694119e+00 -6.5567034820701749e-61
-1.2397635721100473e+00 7.6313446251264430e-62
1.3401813072550874e+00 2.3384460638918619e-61
-5.6225451196381859e-01 -3.2133211138198147e-62
-1.7421491356694119e+00 -6.5567034820701749e-61
1.3401813072550874e+00 2.3384460638918619e-61
-1.2397635721100473e+00 7.6313446251264430e-62
-1.7421491356694119e+00 -6.5567034820701749e-61
-5.6225451196381859e-01 -3.2133211138198147e-62
-1.2397635721100473e+00 7.6313446251264430e-62
1.3401813072550874e+00 2.3384460638918619e-61
-1.7421491356694119e+00 -6.5567034820701749e-61
-5.6225451196381859e-01 -3.2133211138198147e-62
1.3410194539716516e+00 -3.7731046533204799e-62
-1.2401736720091374e+00 3.6183209412714304e-62
4.2997262236682088e-01 -6.2467257588802510e-63
-5.6242392677528552e-01 7.2224403761534201e-63
-1.2401736720091374e+00 3.6183209412714304e-62
1.3410194539716516e+00 -3.7731046533204799e-62
4.2997262236682088e-01 -6.2467257588802510e-63
-5.6242392677528552e-01 7.2224403761534201e-63
1.3410194539716516e+00 -3.7731046533204799e-62
-1.2401736720091374e+00 3.6183209412714304e-62
-5.6242392677528552e-01 7.2224403761534201e-63
4.2997262236682088e-01 -6.2467257588802510e-63
-1.2401736720091374e+00 3.6183209412714304e-62
1.3410194539716516e+00 -3.7731046533204799e-62
-5.6242392677528552e-01 7.2224403761534201e-63
4.2997262236682088e-01 -6.2467257588802510e-63
4.3890628619742783e-01 2.1082014741145954e+00
4.3890628619742783e-01 -2.1082014741145954e+00
7.5907214943438509e-02 5.3949683457479869e-01
7.5907214943438509e-02 -5.3949683457479869e-01
4.3890628619742783e-01 -2.1082014741145954e+00
4.3890628619742783e-01 2.1082014741145954e+00
7.5907214943438509e-02 5.3949683457479869e-01
7.5907214943438509e-02 -5.3949683457479869e-01
4.3890628619742783e-01 2.1082014741145954e+00
4.3890628619742783e-01 -2.1082014741145954e+00
7.5907214943438509e-02 -5.3949683457479869e-01
7.5907214943438509e-02 5.3949683457479869e-01
4.3890628619742783e-01 -2.1082014741145954e+00
4.3890628619742783e-01 2.1082014741145954e+00
7.5907214943438509e-02 -5.3949683457479869e-01
7.5907214943438509e-02 5.3949683457479869e-01
-1.2411422034801136e+00 7.3675391122305784e-64
-1.5529201132622811e-01 -4.8975804239397151e-63
1.2295990823659818e-01 -7.2186493337837123e-64
-2.8852986491943566e-01 9.3328880625965193e-64
-1.5529201132622811e-01 -4.8975804239397151e-63
-1.2411422034801136e+00 7.3675391122305784e-64
1.2295990823659818e-01 -7.2186493337837123e-64
-2.8852986491943566e-01 9.3328880625965193e-64
-1.2411422034801136e+00 7.3675391122305784e-64
-1.5529201132622811e-01 -4.8975804239397151e-63
-2.8852986491943566e-01 9.3328880625965193e-64
1.2295990823659818e-01 -7.2186493337837123e-64
-1.5529201132622811e-01 -4.8975804239397151e-63
-1.2411422034801136e+00 7.3675391122305784e-64
-2.8852986491943566e-01 9.3328880625965193e-64
1.2295990823659818e-01 -7.2186493337837123e-64
-1.2394279240005002e+00 -1.2923487920281430e-65
-1.5644854628034541e-01 -5.3448988186000196e-64
1.2283225186348194e-01 -2.7203832835059140e-64
-8.9506249640043056e-01 7.2877031655386725e-65
-1.5644854628034541e-01 -5.3448988186000196e-64
-1.2394279240005002e+00 -1.2923487920281430e-65
1.2283225186348194e-01 -2.7203832835059140e-64
-8.9506249640043056e-01 7.2877031655386725e-65
-1.2394279240005002e+00 -1.2923487920281430e-65
-1.5644854628034541e-01 -5.3448988186000196e-64
-8.9506249640043056e-01 7.2877031655386725e-65
1.2283225186348194e-01 -2.7203832835059140e-64
-1.5644854628034541e-01 -5.3448988186000196e-64
-1.2394279240005002e+00 -1.2923487920281430e-65
-8.9506249640043056e-01 7.2877031655386725e-65
1.2283225186348194e-01 -2.7203832835059140e-64
-1.2396912544251268e+00 -3.2547022043162340e-62
-1.5570460356623012e-01 6.2289862417612285e-62
-8.9511550886817959e-01 -3.1370435267774847e-63
-2.8847411466798434e-01 1.3502054671530343e-60
-1.5570460356623012e-01 6.2289862417612285e-62
-1.2396912544251268e+00 -3.2547022043162340e-62
-8.9511550886817959e-01 -3.1370435267774847e-63
-2.8847411466798434e-01 1.3502054671530343e-60
-1.2396912544251268e+00 -3.2547022043162340e-62
-1.5570460356623012e-01 6.2289862417612285e-62
-2.8847411466798434e-01 1.3502054671530343e-60
-8.9511550886817959e-01 -3.1370435267774847e-63
-1.5570460356623012e-01 6.2289862417612285e-62
-1.2396912544251268e+00 -3.2547022043162340e-62
-2.8847411466798434e-01 1.3502054671530343e-60
-8.9511550886817959e-01 -3.1370435267774847e-63
