5
0
0
52
6.513322380000920e-01 3.682388964158195e-02
3.831243193490998e-01 -6.790460612673843e-02
3.730292436589647e-01 1.106547015953647e-01
-4.484428064057210e-02 -2.535327970921535e-03
1.348718674379252e+00 7.625151147957646e-02
3.552713678800501e-15
2.013539901409177e+03
1.070012430004353e-15
9.765625000000001e-05
6.370993720495574e-14
0.000000000000000e+00
1
1
2
52
1.144854930007464e+00 3.369645374421958e-01
3.784637180461018e-01 1.113930231223515e-01
-9.970322002353346e-01 -2.934559526813454e-01
-1.013098242376285e-01 -2.981846622467691e-02
-1.285659063988530e+00 -3.784073426686798e-01
5.575044364460956e-14
1.403806275103186e+02
2.265223238155208e-16
3.906250000000000e-04
5.517460898337417e-12
0.000000000000000e+00
1
1
7
52
-7.097544186924772e-01 -4.314116727245287e-01
8.283879504699840e-01 -2.616572087958358e+00
-1.941306990411123e+00 1.940103929419127e+00
3.152644583406922e-01 -7.079191501169042e-01
-4.832601183777901e-01 6.058059588519862e-01
6.793258640404412e-15
4.693894888674421e+02
5.292993827121676e-15
2.441406250000000e-05
3.692917842799533e-12
0.000000000000000e+00
1
1
15
52
7.750013117576431e-02 -5.828003836969077e-01
1.931572266886826e+00 -2.081471045811801e-01
-1.810049428406529e+00 -7.057036956662788e-01
-5.301973415508898e-01 -1.406978231787210e-01
5.485412719963236e-01 2.751608896034710e-03
2.162086298235271e-15
1.630369547492177e+02
3.416925484385302e-15
2.441406250000000e-05
4.260373856555266e-13
0.000000000000000e+00
1
1
22
52
1.562924782876915e-01 -6.993487074281119e-01
-5.138780437620514e-03 -4.273721314190972e-01
1.865839898617324e-01 -3.845253704312159e-01
3.236360367772388e-01 -1.448146746900578e+00
-1.076075058078284e-02 4.815021869303493e-02
6.240392300849710e-15
5.902527229684522e+03
1.770623233823936e-13
3.814697265625000e-07
9.714224660118882e-14
0.000000000000000e+00
1
1
26
52
1.159453835348573e+00 4.373267399692550e-01
1.805772230407902e-01 -1.466709011842251e-01
3.873290151526978e-02 2.293910396583190e-01
-3.522349779877455e-02 5.600941055348407e-02
1.053982232334413e-02 -6.531968319826220e-02
1.350644602892852e-15
1.289314642477264e+03
1.331430193175352e-16
3.814697265625000e-07
1.883966943110394e-14
0.000000000000000e+00
1
1
37
52
1.127269622574985e+00 3.068703506091632e-01
1.563770328394656e-01 -1.537894034377488e-01
5.684546364816638e-02 2.118337798181369e-01
4.056713477906871e-03 -6.224710526097359e-02
-2.805521750509540e-02 5.571412575240087e-02
2.220446049250313e-16
1.979102547197605e+03
6.483204035513173e-16
3.814697265625000e-07
3.172252237155413e-14
0.000000000000000e+00
1
1
43
52
1.368892976543481e+00 1.891008117449040e-01
1.295096830212958e-01 2.685882483025899e-01
1.974761174784480e-01 -2.234179673799051e-01
-1.444336862184334e-03 2.881287123054410e-02
6.421191138295664e-03 -2.812536154229559e-02
9.155133597044475e-16
1.873112566498743e+03
1.675008096315395e-15
3.814697265625000e-07
3.083444584288743e-14
0.000000000000000e+00
1
1
47
52
2.288336895292332e-02 -1.123398452212972e-01
2.788792067347806e-02 -1.369083677515407e-01
-1.094266365888904e-02 5.372011194106276e-02
2.220043089771712e-01 -1.089871415341872e+00
-4.018106308746545e-03 1.972582978208715e-02
2.482534153247273e-16
1.403279298105516e+06
3.465793027424573e-13
3.725290298461914e-10
3.527608365354489e-13
0.000000000000000e+00
1
1
48
52
1.306800434793945e-01 -8.523427244520903e-01
1.726121127334171e+00 -6.432812078678276e-01
-1.454110631668250e+00 -1.130870076310557e+00
-6.892172898715727e-01 -4.363349196819216e-01
7.882828383142949e-01 -2.098065814289528e-01
4.330225622130344e-15
8.066480620887440e+01
5.279501667529747e-16
9.765625000000001e-05
1.829891400136882e-13
0.000000000000000e+00
1
1
55
52
4.937886599248750e-01 3.312469711430249e-01
1.632356093910984e-01 1.095029221645414e-01
-4.300310730661276e-01 -2.884766338542713e-01
-5.545190483854822e-01 -3.719865807504535e-01
-4.369605356653948e-02 -2.931251073489979e-02
1.900395703982448e-15
1.485639636898902e+02
1.096198173156193e-15
9.765625000000001e-05
4.145497653703736e-12
0.000000000000000e+00
1
1
57
52
1.328754637917432e+00 1.341059895652076e-01
1.345988783766475e-01 2.548067333516454e-01
1.827991259905545e-01 -2.227729987199470e-01
5.204488771539164e-03 -2.739056894479160e-02
-3.735645759011500e-04 2.787813516001538e-02
9.930136612989092e-16
2.501699946267427e+03
1.223533377528683e-15
3.814697265625000e-07
2.043918238818989e-14
0.000000000000000e+00
1
1
60
52
-9.792521892522088e-01 -1.501056831034094e-01
-7.391220880626572e-01 -1.983098468369064e+00
-1.299191232688820e+00 1.670653506031199e+00
-2.410733978910836e-01 -9.056420042445724e-01
-5.012752623104479e-01 7.918503232420062e-01
9.420554752102651e-15
1.547065087125358e+02
1.561252731143579e-15
9.765625000000001e-05
6.191063904571788e-14
0.000000000000000e+00
1
1
63
52
1.192752088066104e-01 -6.463481113176452e-01
1.578317741904279e-01 -3.588343255039203e-01
-1.936116141287202e-02 -3.915329967355450e-01
2.469840921768335e-01 -1.338398004926892e+00
-8.212108391272122e-03 4.450112308954868e-02
3.662053438817790e-15
3.989543286235236e+03
2.008680587652659e-13
3.814697265625000e-07
4.331572381506198e-14
0.000000000000000e+00
1
1
64
52
1.344831862210151e+00 2.345899536039229e-01
8.914321711293766e-02 2.402803868368800e-01
1.652310703459484e-01 -1.959078121159471e-01
-2.658923445248930e-02 6.786673346013931e-02
-2.040963873461771e-03 -7.286093168349039e-02
2.220446049250313e-16
1.217851641072279e+03
6.834948773266727e-16
3.814697265625000e-07
2.332954783710633e-14
0.000000000000000e+00
1
1
73
52
1.253208873156833e+00 1.042365510448130e-01
1.016176699710068e-01 2.130935605404378e-01
1.354261740248665e-01 -1.933772680102920e-01
-7.885986615569227e-03 -6.667951467595477e-02
-1.879364493580989e-02 6.446041709722730e-02
4.965068306494546e-16
1.770230992060431e+03
2.842251823510810e-16
3.814697265625000e-07
3.573909756396251e-14
0.000000000000000e+00
1
1
86
52
1.061558586435361e+00 1.146721197738762e-01
-3.423719598564118e-01 4.520965724637480e-01
-2.379274132592777e-01 -5.147819108604517e-01
-2.602038635086396e-01 1.828316212942474e-01
-2.151571256814701e-01 -2.341812622700498e-01
8.881784197001252e-16
6.579850947538140e+02
2.067062726269724e-15
3.814697265625000e-07
3.676457111844198e-13
0.000000000000000e+00
1
1
94
52
6.650302743909169e-01 -2.115937778875093e-02
3.889284038007656e-01 7.887495851500476e-02
3.831276716561527e-01 -1.034395938463139e-01
-4.578739162494629e-02 1.456824981751481e-03
1.377083303680204e+00 -4.381488631602161e-02
1.776356839400250e-15
1.797261007263843e+03
2.196171430335869e-16
9.765625000000001e-05
6.452022356429894e-14
0.000000000000000e+00
1
1
107
52
9.661729373785112e-01 -1.784215496230387e-01
-3.735935889151129e-01 1.317997024546156e+00
-8.196845831556850e-01 -1.097636328903105e+00
-1.618004331285237e-01 6.354843598480449e-01
-3.780963401450469e-01 -5.357825205631274e-01
2.482534153247273e-15
5.702225085214810e+01
2.373673727004911e-16
3.906250000000000e-04
9.642413202382482e-14
0.000000000000000e+00
1
1
115
52
-5.661014218442308e-02 3.885448078215233e-01
1.202859931137586e+00 4.863463851332920e-01
-1.291626557214932e+00 1.229050729857772e-01
-3.662896027851136e-01 -6.408078291903323e-03
3.528902382294324e-01 9.837487656025766e-02
5.613217783960923e-16
1.062666545478094e+02
3.861057891915331e-16
2.441406250000000e-05
4.564811138900856e-13
0.000000000000000e+00
1
1
117
52
4.451929952245348e-01 -2.149579595355327e-01
-6.199442384160879e-03 6.892801679101431e-01
-5.436390627199584e-01 -4.237949415048212e-01
-2.546808036383955e-01 -2.097888929981627e-01
5.907263926261294e-03 3.299072530275729e-01
1.241267076623637e-16
3.031381845501256e+01
2.588604536677216e-16
3.906250000000000e-04
1.991843054998626e-13
0.000000000000000e+00
1
1
122
52
1.221210944403785e+00 2.045510844714912e+00
-1.063529188665361e+00 -1.781396161780998e+00
4.037053275690009e-01 6.762006428092900e-01
-1.080666754291820e-01 -1.810101338803503e-01
-1.371405999626942e+00 -2.297085411491758e+00
2.291431470751647e-13
1.638348548680502e+03
1.229613399480194e-15
3.906250000000000e-04
7.468468662661196e-12
0.000000000000000e+00
1
1
123
52
1.170570236210519e+00 4.271947796149998e-01
2.165773156727605e-01 -1.593408734656190e-01
6.303537303790645e-02 2.613843709305838e-01
-6.756539273871902e-03 2.512113362055341e-02
1.101235589752304e-02 -2.356799089713316e-02
2.897767167584095e-16
2.023151908233287e+03
4.315225555807536e-16
3.814697265625000e-07
2.654112314780568e-14
0.000000000000000e+00
1
1
133
52
4.544373459840916e-01 5.965881182601892e-01
-3.957607685129795e-01 -5.195571496375861e-01
1.502269353716500e-01 1.972188366061449e-01
-5.103279704403546e-01 -6.699616707804849e-01
-4.021380040557806e-02 -5.279292233366432e-02
2.180403189256494e-15
1.551142386004803e+02
9.336764401425666e-15
9.765625000000001e-05
1.313046859334101e-12
0.000000000000000e+00
1
1
135
52
1.069180385211624e+00 1.162927595960978e-01
-3.274447378371948e-01 4.404459658080231e-01
-2.250949377734635e-01 -5.005446774490682e-01
-2.488927290593804e-01 1.811863248591235e-01
-2.041187745787735e-01 -2.304595425645065e-01
9.155133597044475e-16
7.755371502031954e+02
2.894133630145614e-15
3.814697265625000e-07
3.671600241698369e-13
0.000000000000000e+00
1
1
146
52
7.594445730889650e-01 4.051628430157659e-01
-2.306136239246122e-02 -4.565957890577026e-01
-3.920878486929962e-01 2.351141423392478e-01
-2.496180878520028e-01 5.845158386818337e-02
-9.045765371481344e-02 -2.398816173115412e-01
2.583515233846515e-16
9.693153829558374e+02
6.795697265546588e-15
3.814697265625000e-07
2.648270652364347e-13
0.000000000000000e+00
1
1
147
52
4.720941297341452e-01 3.901771412254239e-01
1.962305511019244e-01 -8.311121795525495e-01
-7.792934773964738e-01 3.492213628540871e-01
-3.684038502813192e-01 1.771384944656804e-01
1.045979750966719e-01 -3.951692127802273e-01
8.005932084973442e-16
1.888415549350200e+01
5.829906701541915e-16
3.906250000000000e-04
2.644183362289730e-13
0.000000000000000e+00
1
1
150
52
1.428141876739153e-01 -3.664144433133015e-02
-6.829272493219485e-02 1.752167707981094e-02
1.740473942053515e-01 -4.465486244510754e-02
-2.507684028739470e-02 6.433896116079345e-03
1.385519986652168e+00 -3.554790619036881e-01
6.280369834735101e-16
5.146812745066718e+05
1.637108214627252e-16
6.103515625000000e-06
1.352047706031148e-14
0.000000000000000e+00
1
1
154
52
7.730191367459175e-01 4.049570514825044e-01
-2.154124193144641e-02 -4.448073616739187e-01
-3.779458314999259e-01 2.355303856301575e-01
-2.417204175060032e-01 6.302020320602965e-02
-8.580762764142248e-02 -2.346004204812023e-01
4.742874840267547e-16
1.127240292950950e+03
4.200822103921919e-16
3.814697265625000e-07
2.666165935060026e-13
0.000000000000000e+00
1
1
163
52
8.353039383949399e-01 -8.464979276757639e-02
-1.785872194678913e-01 3.894504476795598e-01
-2.530878968556216e-01 -3.457044440273813e-01
-1.932545883809910e-01 -1.428674191016860e-01
-1.606635140842602e-01 1.787335184378678e-01
4.965068306494546e-16
1.194229917995981e+03
1.600281117122365e-15
3.814697265625000e-07
2.506033876683323e-13
0.000000000000000e+00
1
1
182
52
-1.927004527227663e-01 5.264133936514204e-01
7.815147586618030e-01 9.073633490992495e-01
-1.182620729126468e+00 1.883660700211279e-01
-5.292985969732892e-01 3.251191990584769e-02
3.832167965249156e-01 3.665500191720609e-01
8.604228440844963e-16
1.955799853337459e+01
6.107770139199984e-16
9.765625000000001e-05
1.029236025873897e-13
0.000000000000000e+00
1
1
184
52
7.194202217896289e-01 8.754920571355358e-01
2.382039430100754e+00 -4.309696433563278e-01
-8.845663201232529e-01 2.253306260887102e+00
1.031502257387410e+00 -2.916970507521647e-01
-4.861262616745516e-01 9.553875308602044e-01
1.378823694887290e-14
3.060545250785912e+02
1.369266739360484e-15
9.765625000000001e-05
2.365774553175462e-13
0.000000000000000e+00
1
1
185
52
1.282577558835201e-02 -1.180516270540444e-01
-6.133194317427287e-03 5.645144523482332e-02
1.563074969071726e-02 -1.438693060200473e-01
1.244299933431994e-01 -1.145284592558720e+00
-2.252086653501744e-03 2.072876543654352e-02
9.725329264828233e-16
1.381447818416493e+06
7.159428353177978e-13
3.725290298461914e-10
1.690803029915524e-12
0.000000000000000e+00
1
1
194
52
3.038994985962110e-01 5.007058846322144e-01
1.845546829638531e+00 -5.829667436612217e-01
-1.369022091913958e+00 1.368090580500914e+00
4.993584196399082e-01 -2.219950859313971e-01
-4.274267831371502e-01 3.405099036738617e-01
1.814968478205594e-15
1.531296959425552e+02
4.515628960450286e-16
2.441406250000000e-05
6.885950112304927e-13
0.000000000000000e+00
1
1
197
52
1.159040247924330e+00 3.724308357419092e-01
2.053586361424168e-01 -1.638095230722547e-01
7.149989828875987e-02 2.527716238665451e-01
9.852460525962066e-03 -2.342775166906855e-02
-5.638563228721837e-03 2.478179031867750e-02
4.440892098500626e-16
2.925178847450105e+03
1.680922291946331e-15
3.814697265625000e-07
1.770459807905855e-14
0.000000000000000e+00
1
1
204
52
1.270855331398542e-01 -3.194603895868427e-02
1.548789111533730e-01 -3.893258034444699e-02
-6.077139462780837e-02 1.527636775318146e-02
-2.231503514666989e-02 5.609426695133138e-03
1.232927547658313e+00 -3.099263188940869e-01
3.510833468576701e-16
6.255511810502770e+05
3.084540545529837e-16
6.103515625000000e-06
5.564785259361580e-15
0.000000000000000e+00
1
1
213
52
7.293266087311322e-01 1.817646028779559e-01
-1.165661007564510e-01 -3.818197604734804e-01
-2.821191713060464e-01 2.824584190906314e-01
-1.275931637003126e-01 -1.839476400932157e-01
-1.989958937470644e-01 1.025542977681829e-01
4.965068306494546e-16
1.226028247783941e+03
1.741681648268357e-15
3.814697265625000e-07
2.220190752667180e-13
0.000000000000000e+00
1
1
217
52
4.680297479321902e-01 7.776622336535535e-02
-1.918057238074665e-01 -6.331087112091361e-01
-3.862374613003817e-01 5.370630311075559e-01
-8.363034329061521e-02 -3.054181363566709e-01
-1.779043581368977e-01 2.619624241955066e-01
3.510833468576701e-16
2.675322192420859e+01
2.561010226569390e-16
3.906250000000000e-04
5.553872128391299e-14
0.000000000000000e+00
1
1
229
52
8.264241090686222e-01 -8.596838766301357e-02
-1.867312898264159e-01 3.998550346044052e-01
-2.650321818728522e-01 -3.528605473419233e-01
-2.019199470900987e-01 -1.430742904125553e-01
-1.681489186298530e-01 1.815705338801867e-01
4.577566798522237e-16
1.015271567090511e+03
2.415442750213313e-15
3.814697265625000e-07
2.486066830422930e-13
0.000000000000000e+00
1
1
236
52
7.398747352750261e-01 1.804451305608379e-01
-1.117739204947295e-01 -3.722095485431987e-01
-2.705845214256861e-01 2.789576564540345e-01
-1.220057333857176e-01 -1.806571194392984e-01
-1.914790358513098e-01 1.042025556910435e-01
7.021666937153402e-16
1.426231913503266e+03
3.306922361496961e-15
3.814697265625000e-07
2.202913718549751e-13
0.000000000000000e+00
1
1
-1

2 0
1 5
9120330322988035861465703460092379793490706380445711667245579497600688264013667332361816326295649052075084695657977273056672089047147913614175662304105880130127912641165284153416555465035821166337070158252024678328121103065100584005291058953617067821379964415897159892860665150506317949952598695282157454470443/10000000000000000000000000000000000000000000000000000000000000000000000000000000000000000000000000000000000000000000000000000000000000000000000000000000000000000000000000000000000000000000000000000000000000000000000000000000000000000000000000000000000000000000000000000000000000000000000000000000000000000000000 -1098574448437362992262625698060170641657812964157979954350658249255861046083063304610482976579516214237766750107564863903680983108454044983814887345290007319039758829215248515680390648188022392657052191073557714741696743586024443444971787442789194809800811580737135675485644854952465191972606101391721633465191/10000000000000000000000000000000000000000000000000000000000000000000000000000000000000000000000000000000000000000000000000000000000000000000000000000000000000000000000000000000000000000000000000000000000000000000000000000000000000000000000000000000000000000000000000000000000000000000000000000000000000000000000
-4417065262136001425844313383345902030348333853173617698103889731918943039956512219353619494268861876590960278027271961126123218386173495884495761609284549494957596515525112675003567425188257597554752475948160212623863869589158829164279248711620874677606761842965163634531804889609856433507905748896241718404063/10000000000000000000000000000000000000000000000000000000000000000000000000000000000000000000000000000000000000000000000000000000000000000000000000000000000000000000000000000000000000000000000000000000000000000000000000000000000000000000000000000000000000000000000000000000000000000000000000000000000000000000000 -576314779262172827772333536839742186541357872469442073483355700766597029992351219545256108580773359304204664474677462270511394276850403118824550004084316647351263074624038273144610130496850462806207222004562283235909520625930593843843666806643873924286654268017276423586492161044711631609375411833270853967429/2500000000000000000000000000000000000000000000000000000000000000000000000000000000000000000000000000000000000000000000000000000000000000000000000000000000000000000000000000000000000000000000000000000000000000000000000000000000000000000000000000000000000000000000000000000000000000000000000000000000000000000000
-1863327474341859978627203494330086770417181962301550578268475326194473804137572957047869333370428930788981776612808351501624323966371420892531746640658653422313425897087077326951934840939751526650945053865621913992692189500471428421795829831613342800602502757446944874964174406007068323874561110304698493802827/2000000000000000000000000000000000000000000000000000000000000000000000000000000000000000000000000000000000000000000000000000000000000000000000000000000000000000000000000000000000000000000000000000000000000000000000000000000000000000000000000000000000000000000000000000000000000000000000000000000000000000000000 -3335836933776955246940909965342708997944804365950993620682301190034825443470113097651276026485929123242748174887141681106542418820525917819062192320102442076822203761671852239307700730962714338540865382640629334609935315489720769679972603192035920061881459677376422664140520051852156159913549675278383586669081/10000000000000000000000000000000000000000000000000000000000000000000000000000000000000000000000000000000000000000000000000000000000000000000000000000000000000000000000000000000000000000000000000000000000000000000000000000000000000000000000000000000000000000000000000000000000000000000000000000000000000000000000
1073245128273297518644301607016216308245113447869753701841900381155330462124085600177361373175030655985079673174743043651526172755078901649670237187806302189087422958115628774403631184544016274132935814245767334709893681669750057963904281496542329761133151489814575142778244702517992820574989493458693345380181/10000000000000000000000000000000000000000000000000000000000000000000000000000000000000000000000000000000000000000000000000000000000000000000000000000000000000000000000000000000000000000000000000000000000000000000000000000000000000000000000000000000000000000000000000000000000000000000000000000000000000000000000 9090246639001374504722178751832770760633668376924149811310462049078284327196836655996816875003559213935523916619704571288859055776323772909865297417542401276754791520064807852927331656153312814584049605691671566038874582750695587351021063587830631596171174391390754745969699077281941260039388442953256584447339/10000000000000000000000000000000000000000000000000000000000000000000000000000000000000000000000000000000000000000000000000000000000000000000000000000000000000000000000000000000000000000000000000000000000000000000000000000000000000000000000000000000000000000000000000000000000000000000000000000000000000000000000
3401853452134803790133687826806540606691005344070433468767130110548993923501061408211995792745133091143892481564692617898529899206459103146699097424839625406547956369258836987038962421530113591943065979798328532951350805132443764521163955574987773121079297028316563762468318114019501464206297600063677352064121/5000000000000000000000000000000000000000000000000000000000000000000000000000000000000000000000000000000000000000000000000000000000000000000000000000000000000000000000000000000000000000000000000000000000000000000000000000000000000000000000000000000000000000000000000000000000000000000000000000000000000000000000 1160294155780459128077935864615289326959366055975783740961171143902862546923355362215179854870014206998461675188048980997260811663224522201526253287469273325385702136300946974622631914381114523265620937872492916784488940886170530986199612819633765578500298819794065403731467790388630176970424659916243326751889/5000000000000000000000000000000000000000000000000000000000000000000000000000000000000000000000000000000000000000000000000000000000000000000000000000000000000000000000000000000000000000000000000000000000000000000000000000000000000000000000000000000000000000000000000000000000000000000000000000000000000000000000

0
-2989415553941100822695183132275688725164714898560971466224148108343645579311771304543465979340046786746132437228522739340441369838470075958106210586862175433221350152845741228840841244470759921677017897997048869230826222372125039491998603422464461834233075508535710945349126219248859220678388721112023590955437/5000000000000000000000000000000000000000000000000000000000000000000000000000000000000000000000000000000000000000000000000000000000000000000000000000000000000000000000000000000000000000000000000000000000000000000000000000000000000000000000000000000000000000000000000000000000000000000000000000000000000000000000 -552584048691612106410496754442330070016828107863302150523631744660904852816277728892740335619119241314941856254260196415501934911992880528518591889399573398622091304496088052316802404651650261804583833009725593272677958620750758572498018311614560302000110240738035244987863954466966530367668041147846165076753/2500000000000000000000000000000000000000000000000000000000000000000000000000000000000000000000000000000000000000000000000000000000000000000000000000000000000000000000000000000000000000000000000000000000000000000000000000000000000000000000000000000000000000000000000000000000000000000000000000000000000000000000
5 5
1 0
0 0
0 0
0 0
0 0
0 0
1 0
0 0
0 0
0 0
0 0
0 0
1 0
0 0
0 0
0 0
0 0
0 0
1 0
0 0
0 0
0 0
0 0
0 0
1 0

5 0

4 0

