8                                                

3.305778820759716e-01 8.735597882279239e-16
-8.708808200082037e-01 -7.795366983706157e-16
-8.849140758556016e-02 1.598603170289905e-16
-1.122988625275124e+00 -3.543636839914881e-16

1.218698205270343e+00 1.007953732811039e-13
-4.781928605585582e-01 -6.563896477512801e-13
9.701557031663317e+00 3.375390205102978e-11
-1.755906797203751e-01 -9.444718913482196e-14

3.305778820759728e-01 -1.330160282353921e-15
-8.708808200082043e-01 4.264536378494140e-16
-1.122988625275125e+00 2.010778869811518e-15
-8.849140758555998e-02 -2.958221468932257e-16

-8.708808200082043e-01 -4.927794488507040e-16
3.305778820759727e-01 4.191038731178547e-16
-8.849140758555996e-02 1.422212136066153e-17
-1.122988625275124e+00 -4.510749007109648e-16

-8.708808200082069e-01 1.065574372018765e-15
3.305778820759768e-01 -1.834341179371677e-15
-1.122988625275129e+00 2.494018269340774e-15
-8.849140758555936e-02 -6.640793084550343e-17

-4.781928605589679e-01 -4.287467889328849e-17
1.218698205270406e+00 5.939520747961609e-17
-1.755906797205060e-01 4.375413515331639e-18
9.701557031684395e+00 1.800652068273301e-15

-4.781928605606717e-01 6.437143143451220e-13
1.218698205270667e+00 -9.883206836916219e-14
9.701557031772046e+00 -3.309803832141066e-11
-1.755906797206084e-01 8.224485197678061e-15

1.218698205270406e+00 -1.102850151726024e-16
-4.781928605589676e-01 3.485841772667176e-17
-1.755906797205060e-01 2.017526539552262e-17
9.701557031684397e+00 1.189534513777716e-15

