5.8046686383114177e-01 -1.3707237052350404e-01
5.8046686383114177e-01 1.3707237052350404e-01
-6.8850086060941687e-02 -7.5056447535464961e-64
2.0707076906257198e+00 4.1271895259256510e-62
5.8046686383114177e-01 1.3707237052350404e-01
5.8046686383114177e-01 -1.3707237052350404e-01
-6.8850086060941687e-02 -7.5056447535464961e-64
2.0707076906257198e+00 4.1271895259256510e-62
5.8046686383114177e-01 -1.3707237052350404e-01
5.8046686383114177e-01 1.3707237052350404e-01
2.0707076906257198e+00 4.1271895259256510e-62
-6.8850086060941687e-02 -7.5056447535464961e-64
5.8046686383114177e-01 1.3707237052350404e-01
5.8046686383114177e-01 -1.3707237052350404e-01
2.0707076906257198e+00 4.1271895259256510e-62
-6.8850086060941687e-02 -7.5056447535464961e-64
3.3057788207597266e-01 -7.4230194409979025e-60
-8.7088082000820444e-01 5.7640715773067081e-60
-8.8491407585559928e-02 -2.0904749538454775e-60
-1.1229886252751242e+00 3.6622267107368969e-60
-8.7088082000820444e-01 5.7640715773067081e-60
3.3057788207597266e-01 -7.4230194409979025e-60
-8.8491407585559928e-02 -2.0904749538454775e-60
-1.1229886252751242e+00 3.6622267107368969e-60
3.3057788207597266e-01 -7.4230194409979025e-60
-8.7088082000820444e-01 5.7640715773067081e-60
-1.1229886252751242e+00 3.6622267107368969e-60
-8.8491407585559928e-02 -2.0904749538454775e-60
-8.7088082000820444e-01 5.7640715773067081e-60
3.3057788207597266e-01 -7.4230194409979025e-60
-1.1229886252751242e+00 3.6622267107368969e-60
-8.8491407585559928e-02 -2.0904749538454775e-60
7.8401698575641121e-01 3.2100370898513595e+00
7.8401698575641121e-01 -3.2100370898513595e+00
1.1834773804338031e-01 9.2547864047754669e-01
1.1834773804338031e-01 -9.2547864047754669e-01
7.8401698575641121e-01 -3.2100370898513595e+00
7.8401698575641121e-01 3.2100370898513595e+00
1.1834773804338031e-01 9.2547864047754669e-01
1.1834773804338031e-01 -9.2547864047754669e-01
7.8401698575641121e-01 3.2100370898513595e+00
7.8401698575641121e-01 -3.2100370898513595e+00
1.1834773804338031e-01 -9.2547864047754669e-01
1.1834773804338031e-01 9.2547864047754669e-01
7.8401698575641121e-01 -3.2100370898513595e+00
7.8401698575641121e-01 3.2100370898513595e+00
1.1834773804338031e-01 -9.2547864047754669e-01
1.1834773804338031e-01 9.2547864047754669e-01
9.4574754884538731e-02 -1.6217201986721880e-01
9.4574754884538731e-02 1.6217201986721880e-01
-1.0644527070803975e-02 5.2321657858534355e-02
-1.0644527070803975e-02 -5.2321657858534355e-02
9.4574754884538731e-02 1.6217201986721880e-01
9.4574754884538731e-02 -1.6217201986721880e-01
-1.0644527070803975e-02 5.2321657858534355e-02
-1.0644527070803975e-02 -5.2321657858534355e-02
9.4574754884538731e-02 -1.6217201986721880e-01
9.4574754884538731e-02 1.6217201986721880e-01
-1.0644527070803975e-02 -5.2321657858534355e-02
-1.0644527070803975e-02 5.2321657858534355e-02
9.4574754884538731e-02 1.6217201986721880e-01
9.4574754884538731e-02 -1.6217201986721880e-01
-1.0644527070803975e-02 -5.2321657858534355e-02
-1.0644527070803975e-02 5.2321657858534355e-02
1.1943439191477158e-01 1.7970952591371839e-01
1.1943439191477158e-01 -1.7970952591371839e-01
1.8178390719333815e-03 2.0797182010754860e-02
1.8178390719333815e-03 -2.0797182010754860e-02
1.1943439191477158e-01 -1.7970952591371839e-01
1.1943439191477158e-01 1.7970952591371839e-01
1.8178390719333815e-03 2.0797182010754860e-02
1.8178390719333815e-03 -2.0797182010754860e-02
1.1943439191477158e-01 1.7970952591371839e-01
1.1943439191477158e-01 -1.7970952591371839e-01
1.8178390719333815e-03 -2.0797182010754860e-02
1.8178390719333815e-03 2.0797182010754860e-02
1.1943439191477158e-01 -1.7970952591371839e-01
1.1943439191477158e-01 1.7970952591371839e-01
1.8178390719333815e-03 -2.0797182010754860e-02
1.8178390719333815e-03 2.0797182010754860e-02
1.2186982052704058e+00 6.5788601564375613e-44
-4.7819286055896792e-01 -4.2888345779591694e-43
9.7015570316843984e+00 2.2061695840616244e-41
-1.7559067972050607e-01 -3.6655513453799240e-44
-4.7819286055896792e-01 -4.2888345779591694e-43
1.2186982052704058e+00 6.5788601564375613e-44
9.7015570316843984e+00 2.2061695840616244e-41
-1.7559067972050607e-01 -3.6655513453799240e-44
1.2186982052704058e+00 6.5788601564375613e-44
-4.7819286055896792e-01 -4.2888345779591694e-43
-1.7559067972050607e-01 -3.6655513453799240e-44
9.7015570316843984e+00 2.2061695840616244e-41
-4.7819286055896792e-01 -4.2888345779591694e-43
1.2186982052704058e+00 6.5788601564375613e-44
-1.7559067972050607e-01 -3.6655513453799240e-44
9.7015570316843984e+00 2.2061695840616244e-41
1.0407499432337259e+00 1.8655827449262050e+00
1.0407499432337259e+00 -1.8655827449262050e+00
3.7903855020656901e-01 -8.6672889073796344e-01
3.7903855020656901e-01 8.6672889073796344e-01
1.0407499432337259e+00 -1.8655827449262050e+00
1.0407499432337259e+00 1.8655827449262050e+00
3.7903855020656901e-01 -8.6672889073796344e-01
3.7903855020656901e-01 8.6672889073796344e-01
1.0407499432337259e+00 1.8655827449262050e+00
1.0407499432337259e+00 -1.8655827449262050e+00
3.7903855020656901e-01 8.6672889073796344e-01
3.7903855020656901e-01 -8.6672889073796344e-01
1.0407499432337259e+00 -1.8655827449262050e+00
1.0407499432337259e+00 1.8655827449262050e+00
3.7903855020656901e-01 8.6672889073796344e-01
3.7903855020656901e-01 -8.6672889073796344e-01
-2.7332423312795673e-01 4.5540514469903426e-01
-2.7332423312795673e-01 -4.5540514469903426e-01
-2.2389767049331455e-01 1.9641538813443926e-01
-2.2389767049331455e-01 -1.9641538813443926e-01
-2.7332423312795673e-01 -4.5540514469903426e-01
-2.7332423312795673e-01 4.5540514469903426e-01
-2.2389767049331455e-01 1.9641538813443926e-01
-2.2389767049331455e-01 -1.9641538813443926e-01
-2.7332423312795673e-01 4.5540514469903426e-01
-2.7332423312795673e-01 -4.5540514469903426e-01
-2.2389767049331455e-01 -1.9641538813443926e-01
-2.2389767049331455e-01 1.9641538813443926e-01
-2.7332423312795673e-01 -4.5540514469903426e-01
-2.7332423312795673e-01 4.5540514469903426e-01
-2.2389767049331455e-01 -1.9641538813443926e-01
-2.2389767049331455e-01 1.9641538813443926e-01
-6.1752825291737357e-01 1.2501040238218264e+00
-6.1752825291737357e-01 -1.2501040238218264e+00
-2.7939965630710822e-01 6.0613728407107759e-01
-2.7939965630710822e-01 -6.0613728407107759e-01
-6.1752825291737357e-01 -1.2501040238218264e+00
-6.1752825291737357e-01 1.2501040238218264e+00
-2.7939965630710822e-01 6.0613728407107759e-01
-2.7939965630710822e-01 -6.0613728407107759e-01
-6.1752825291737357e-01 1.2501040238218264e+00
-6.1752825291737357e-01 -1.2501040238218264e+00
-2.7939965630710822e-01 -6.0613728407107759e-01
-2.7939965630710822e-01 6.0613728407107759e-01
-6.1752825291737357e-01 -1.2501040238218264e+00
-6.1752825291737357e-01 1.2501040238218264e+00
-2.7939965630710822e-01 -6.0613728407107759e-01
-2.7939965630710822e-01 6.0613728407107759e-01
-2.5839403867350802e-01 4.4005233180126041e-01
-2.5839403867350802e-01 -4.4005233180126041e-01
-2.1184989450984362e-01 1.9250534012656437e-01
-2.1184989450984362e-01 -1.9250534012656437e-01
-2.5839403867350802e-01 -4.4005233180126041e-01
-2.5839403867350802e-01 4.4005233180126041e-01
-2.1184989450984362e-01 1.9250534012656437e-01
-2.1184989450984362e-01 -1.9250534012656437e-01
-2.5839403867350802e-01 4.4005233180126041e-01
-2.5839403867350802e-01 -4.4005233180126041e-01
-2.1184989450984362e-01 -1.9250534012656437e-01
-2.1184989450984362e-01 1.9250534012656437e-01
-2.5839403867350802e-01 -4.4005233180126041e-01
-2.5839403867350802e-01 4.4005233180126041e-01
-2.1184989450984362e-01 -1.9250534012656437e-01
-2.1184989450984362e-01 1.9250534012656437e-01
