240

1.005083571768418e+00 -1.438576977247739e+00;
1.005083571768418e+00 -1.438576977247739e+00;
1.005083571768418e+00 -1.438576977247739e+00;
1.005083571768418e+00 -1.438576977247739e+00;
1.005083571768418e+00 -1.438576977247739e+00;

-4.960449297641573e-01 -7.748090986745129e-01;
-4.960449297641573e-01 -7.748090986745129e-01;
-4.960449297641573e-01 -7.748090986745129e-01;
-4.960449297641573e-01 -7.748090986745129e-01;
7.748090986745129e-01 -4.960449297641574e-01;

-9.667513872348721e-01 -2.802710701591241e-03;
-9.667513872348721e-01 -2.802710701591241e-03;
-9.667513872348721e-01 -2.802710701591241e-03;
-9.667513872348721e-01 -2.802710701591241e-03;
9.667513872348721e-01 2.802710701591123e-03;

-5.720794494025758e-01 2.088940874638632e+00;
-5.720794494025758e-01 2.088940874638632e+00;
-5.720794494025758e-01 2.088940874638632e+00;
-5.720794494025758e-01 2.088940874638632e+00;
2.088940874638632e+00 5.720794494025755e-01;

-1.618104489513071e+00 1.557298785242036e-01;
-1.618104489513071e+00 1.557298785242036e-01;
-1.618104489513071e+00 1.557298785242036e-01;
-6.481297016862346e-01 -1.490785639801924e+00;
-1.618104489513071e+00 1.557298785242036e-01;

-6.156874731538355e-01 -1.572281915068370e-01;
-6.156874731538355e-01 -1.572281915068370e-01;
-6.156874731538355e-01 -1.572281915068370e-01;
-4.072499635042479e-02 -6.341397665147041e-01;
1.572281915068370e-01 -6.156874731538355e-01;

-4.735445048330466e-01 1.255336514523464e-01;
-4.735445048330466e-01 1.255336514523464e-01;
-4.735445048330466e-01 1.255336514523464e-01;
-2.657228968143595e-01 -4.115755554125144e-01;
4.735445048330466e-01 -1.255336514523465e-01;

-5.127574045904774e-01 4.695935527601645e-01;
-5.127574045904774e-01 4.695935527601645e-01;
-5.127574045904774e-01 4.695935527601645e-01;
-6.050607603727947e-01 -3.425488826625646e-01;
4.695935527601646e-01 5.127574045904773e-01;

-2.865586472618116e-01 7.940592719828811e-01;
-2.865586472618116e-01 7.940592719828811e-01;
-2.865586472618116e-01 7.940592719828811e-01;
-2.349055139977338e-01 -8.108423923525231e-01;
-2.865586472618116e-01 7.940592719828811e-01;

-6.053682485719936e-01 3.066729747174063e-01;
-6.053682485719936e-01 3.066729747174063e-01;
-6.053682485719936e-01 3.066729747174063e-01;
3.094953491341863e-01 -6.039301769786423e-01;
-3.066729747174064e-01 -6.053682485719936e-01;

-3.148590467490860e-01 2.819079476782206e-01;
-3.148590467490860e-01 2.819079476782206e-01;
-3.148590467490860e-01 2.819079476782206e-01;
8.902498550341031e-02 -4.131378247510231e-01;
3.148590467490859e-01 -2.819079476782207e-01;

-1.760478408915127e-01 4.195482034376969e-01;
-1.760478408915127e-01 4.195482034376969e-01;
-1.760478408915127e-01 4.195482034376969e-01;
-1.041785515022300e-01 -4.428999511145374e-01;
4.195482034376969e-01 1.760478408915126e-01;

3.361396834367001e-01 6.255657912840332e-01;
3.361396834367001e-01 6.255657912840332e-01;
3.361396834367001e-01 6.255657912840332e-01;
9.575563007132053e-02 -7.036713048827471e-01;
3.361396834367001e-01 6.255657912840332e-01;

-3.574877372582049e-01 1.151487728887858e+00;
-3.574877372582049e-01 1.151487728887858e+00;
-3.574877372582049e-01 1.151487728887858e+00;
9.660411599585702e-01 -7.214471216487097e-01;
-1.151487728887858e+00 -3.574877372582049e-01;

-2.049456823580293e-01 5.032025134176035e-01;
-2.049456823580293e-01 5.032025134176035e-01;
-2.049456823580293e-01 5.032025134176035e-01;
4.615795562547882e-01 -2.866353353559614e-01;
2.049456823580293e-01 -5.032025134176035e-01;

4.660196592106392e-02 4.597797119417441e-01;
4.660196592106392e-02 4.597797119417441e-01;
4.660196592106392e-02 4.597797119417441e-01;
2.325499515812157e-01 -3.993615489259267e-01;
4.597797119417441e-01 -4.660196592106400e-02;

8.483873653163458e-01 1.998600648183262e-01;
8.483873653163458e-01 1.998600648183262e-01;
8.483873653163458e-01 1.998600648183262e-01;
4.522443306883784e-01 -7.451041756008464e-01;
8.483873653163458e-01 1.998600648183262e-01;

2.686355845185656e+00 -2.435648154774684e+00;
2.686355845185656e+00 -2.435648154774684e+00;
2.686355845185656e+00 -2.435648154774684e+00;
-1.486309439899888e+00 -3.307532903794751e+00;
2.435648154774684e+00 2.686355845185656e+00;

-4.147338799562346e-01 1.235986319000292e+00;
-4.147338799562346e-01 1.235986319000292e+00;
-4.147338799562346e-01 1.235986319000292e+00;
1.047333025687352e+00 7.763761364467737e-01;
4.147338799562345e-01 -1.235986319000292e+00;

3.655369995940239e-01 6.428448553669506e-01;
3.655369995940239e-01 6.428448553669506e-01;
3.655369995940239e-01 6.428448553669506e-01;
7.243389336109354e-01 -1.489963603559826e-01;
6.428448553669505e-01 -3.655369995940240e-01;

4.936887736930499e-01 -3.940382747902735e-02;
4.936887736930499e-01 -3.940382747902735e-02;
-2.127196712433478e-01 4.472489333208816e-01;
4.936887736930499e-01 -3.940382747902735e-02;
4.936887736930499e-01 -3.940382747902735e-02;

6.957302124708933e-01 -3.850452374908810e-01;
6.957302124708933e-01 -3.850452374908810e-01;
-1.440614896213117e-02 7.950426569255791e-01;
6.957302124708933e-01 -3.850452374908810e-01;
3.850452374908810e-01 6.957302124708933e-01;

1.260633584007085e+00 5.867518664677498e-01;
1.260633584007085e+00 5.867518664677498e-01;
-1.138458814082548e+00 7.983647753800851e-01;
1.260633584007085e+00 5.867518664677498e-01;
-1.260633584007085e+00 -5.867518664677497e-01;

5.192918641013701e-01 2.495435144387761e-01;
5.192918641013701e-01 2.495435144387761e-01;
-4.757569549043139e-01 3.249481890709748e-01;
5.192918641013701e-01 2.495435144387761e-01;
2.495435144387761e-01 -5.192918641013701e-01;

8.344704120559228e-01 2.838936777454144e-01;
8.344704120559228e-01 2.838936777454144e-01;
-6.630943429292830e-01 5.807257366741904e-01;
-1.213339352642756e-02 8.813564940602251e-01;
8.344704120559228e-01 2.838936777454144e-01;

4.898243919201189e+00 -2.512738059692025e+00;
4.898243919201189e+00 -2.512738059692025e+00;
-2.730269668512799e-01 5.498372697806893e+00;
3.903396519039856e+00 3.882028034901836e+00;
2.512738059692026e+00 4.898243919201189e+00;

-3.721821161509126e-01 1.076888393279794e+00;
-3.721821161509126e-01 1.076888393279794e+00;
-7.465216475454529e-01 -8.607633640608378e-01;
-1.139192322644429e+00 -2.118941224525675e-02;
3.721821161509125e-01 -1.076888393279794e+00;

3.090987548537358e-01 6.312137247575477e-01;
3.090987548537358e-01 6.312137247575477e-01;
-7.011964982843025e-01 -4.791948839729995e-02;
-5.048031579156610e-01 4.890261530151564e-01;
6.312137247575476e-01 -3.090987548537359e-01;

3.501508403945203e-01 3.873468435410652e-01;
3.501508403945203e-01 3.873468435410652e-01;
-5.105276267795389e-01 1.095661011675925e-01;
-5.109547426293150e-01 -1.075566790805009e-01;
3.501508403945203e-01 3.873468435410652e-01;

3.430907765039763e-01 8.971848866969042e-01;
3.430907765039763e-01 8.971848866969042e-01;
-9.485302920229705e-01 -1.514671150918792e-01;
-8.049183137851477e-01 -5.241741218075469e-01;
-8.971848866969042e-01 3.430907765039764e-01;

-2.148678326013654e-02 5.296809247682109e-01;
-2.148678326013654e-02 5.296809247682109e-01;
-4.479737451192365e-01 -2.834485625329938e-01;
-2.939554631874918e-01 -4.411504840532336e-01;
2.148678326013648e-02 -5.296809247682109e-01;

1.360986682465447e-01 3.798425265764312e-01;
1.360986682465447e-01 3.798425265764312e-01;
-3.970026115761275e-01 -7.205635916547727e-02;
-3.333719708383908e-01 -2.273022691346855e-01;
3.798425265764312e-01 -1.360986682465448e-01;

2.967470783745251e-01 1.950913153174010e-01;
2.967470783745251e-01 1.950913153174010e-01;
-3.173275743098520e-01 1.594448507124502e-01;
-1.254016314421963e-01 -3.322557458761635e-01;
2.967470783745251e-01 1.950913153174010e-01;

4.389263878423566e-01 3.347432064056559e-01;
4.389263878423566e-01 3.347432064056559e-01;
-5.093593144127341e-01 2.127497990599942e-01;
-1.583417870137360e-01 -5.288074003494798e-01;
-3.347432064056559e-01 4.389263878423566e-01;

1.973084772229401e-01 3.999203017187125e-01;
1.973084772229401e-01 3.999203017187125e-01;
-4.449953793890125e-01 -2.908599720226673e-02;
7.544134423501458e-02 -4.395173335499244e-01;
-1.973084772229401e-01 -3.999203017187125e-01;

1.968436386426097e-01 2.541744514945315e-01;
1.968436386426097e-01 2.541744514945315e-01;
-3.185433513085447e-01 4.338436589059852e-02;
-9.849854798458230e-03 -3.213332385967215e-01;
2.541744514945314e-01 -1.968436386426098e-01;

3.426016866834853e-01 6.961064669826841e-02;
3.426016866834853e-01 6.961064669826841e-02;
-2.315854317563064e-01 2.618964406981609e-01;
1.720734026326259e-01 -3.043226937948440e-01;
3.426016866834853e-01 6.961064669826841e-02;

5.267416200108319e-01 3.377518011426267e-02;
5.267416200108319e-01 3.377518011426267e-02;
-2.926209740017623e-01 4.392840341028188e-01;
1.948942173646498e-01 -4.905239454717854e-01;
-3.377518011426264e-02 5.267416200108319e-01;

4.580558905705560e-01 3.282599786823667e-01;
4.580558905705560e-01 3.282599786823667e-01;
-5.133094258699458e-01 2.325580482460232e-01;
4.537408463246260e-01 -3.341991275684980e-01;
-4.580558905705561e-01 -3.282599786823666e-01;

3.041849737981869e-01 1.914356875490528e-01;
3.041849737981869e-01 1.914356875490528e-01;
-3.178806555075134e-01 1.677140709842073e-01;
2.760644844321074e-01 -2.301402207073264e-01;
1.914356875490527e-01 -3.041849737981869e-01;

2.755628223162012e-01 -3.407346587883598e-01;
2.755628223162012e-01 -3.407346587883598e-01;
-4.328662816186429e-01 -6.827707507018753e-02;
2.755628223162012e-01 -3.407346587883598e-01;
2.755628223162012e-01 -3.407346587883598e-01;

1.002324046721901e-01 -4.263496600223868e-01;
1.002324046721901e-01 -4.263496600223868e-01;
-4.193458388103407e-01 1.263710212826749e-01;
1.002324046721901e-01 -4.263496600223868e-01;
4.263496600223868e-01 1.002324046721901e-01;

4.309663438412042e-02 -7.607900047778861e-01;
4.309663438412042e-02 -7.607900047778861e-01;
-6.804117882749937e-01 3.430722221946851e-01;
4.309663438412042e-02 -7.607900047778861e-01;
-4.309663438412033e-02 7.607900047778861e-01;

5.748496884589048e-01 -5.021710297242863e-01;
5.748496884589048e-01 -5.021710297242863e-01;
-7.223177130152749e-01 -2.467489187008383e-01;
5.748496884589048e-01 -5.021710297242863e-01;
-5.021710297242864e-01 -5.748496884589047e-01;

2.750164930394806e-01 -6.917621045394822e-01;
2.750164930394806e-01 -6.917621045394822e-01;
-7.365918024263184e-01 1.077097828378450e-01;
7.428896273309227e-01 4.778998142655973e-02;
2.750164930394806e-01 -6.917621045394822e-01;

-1.363729656178770e-01 -5.559632260713041e-01;
-1.363729656178770e-01 -5.559632260713041e-01;
-4.132917945387616e-01 3.960840656501556e-01;
4.866108850263550e-01 -3.015004827009307e-01;
5.559632260713041e-01 -1.363729656178771e-01;

-6.345985791556339e-01 -5.756490776816662e-01;
-6.345985791556339e-01 -5.756490776816662e-01;
-1.812274353595872e-01 8.374030295951221e-01;
3.513730608631574e-01 -7.814244617375106e-01;
6.345985791556340e-01 5.756490776816661e-01;

4.166493631492554e-01 -2.917956144907505e+00;
4.166493631492554e-01 -2.917956144907505e+00;
-2.735348830193433e+00 1.098149139495891e+00;
2.903892939786387e+00 -5.054409457839008e-01;
-2.917956144907505e+00 -4.166493631492549e-01;

1.317157804036618e+00 -3.597799648739516e-01;
1.317157804036618e+00 -3.597799648739516e-01;
-9.701574913718244e-01 -9.608021366516599e-01;
-8.541296903159975e-01 1.065274037973312e+00;
1.317157804036618e+00 -3.597799648739516e-01;

-4.539308235261289e-01 -1.413588423077104e+00;
-4.539308235261289e-01 -1.413588423077104e+00;
-9.972380731172916e-01 1.099909836272971e+00;
1.198124178399348e+00 8.768032136914240e-01;
1.413588423077104e+00 -4.539308235261290e-01;

-1.304442359819039e+00 5.406012858390183e-01;
-1.304442359819039e+00 5.406012858390183e-01;
1.120395626764643e+00 8.593795784562999e-01;
7.375585740896400e-01 -1.204087608991938e+00;
1.304442359819039e+00 -5.406012858390185e-01;

4.418966873379337e-01 1.231368039548487e+00;
4.418966873379337e-01 1.231368039548487e+00;
8.454476599882631e-01 -9.983777768570835e-01;
-1.081281903605276e+00 -7.364573144707524e-01;
1.231368039548487e+00 -4.418966873379339e-01;

5.625449610371769e-01 -2.117294434124840e-02;
5.625449610371769e-01 -2.117294434124840e-02;
-2.996087881910238e-01 -4.765917548584981e-01;
-4.675535780104639e-01 -3.135263600560716e-01;
5.625449610371769e-01 -2.117294434124840e-02;

8.544978597886550e-01 -5.102309401128728e-01;
8.544978597886550e-01 -5.102309401128728e-01;
-8.691218858288922e-01 -4.849013839999717e-01;
-9.912095120877136e-01 -8.947573849203257e-02;
5.102309401128728e-01 8.544978597886550e-01;

1.257362533178097e+00 1.205555611171048e+00;
1.257362533178097e+00 1.205555611171048e+00;
4.153605183599531e-01 -1.691685701084510e+00;
-3.086198483666333e-01 -1.714374130888645e+00;
-1.257362533178097e+00 -1.205555611171048e+00;

5.359779179297484e-01 3.415958577381988e-01;
5.359779179297484e-01 3.415958577381988e-01;
2.784173166394075e-02 -6.349684216637524e-01;
-2.328302367921564e-01 -5.913967698318212e-01;
3.415958577381987e-01 -5.359779179297485e-01;

3.682893670847163e-01 -1.728041029661702e-01;
3.682893670847163e-01 -1.728041029661702e-01;
-3.337974265892435e-01 -2.325458963559716e-01;
-5.053879489174417e-02 -4.036634069624021e-01;
3.682893670847163e-01 -1.728041029661702e-01;

3.322847780837076e-01 -3.777271388077932e-01;
3.322847780837076e-01 -3.777271388077932e-01;
-4.932636869482137e-01 -9.890348970746857e-02;
-2.565582133447021e-01 -4.327457085904319e-01;
3.777271388077932e-01 3.322847780837076e-01;

7.976298938679411e-01 -5.351021805895463e-01;
7.976298938679411e-01 -5.351021805895463e-01;
-8.622270289449662e-01 -4.232166606127490e-01;
-2.624312233067548e-01 -9.239467756841790e-01;
-7.976298938679410e-01 5.351021805895464e-01;

5.596638012109653e-01 -4.148279232785769e-02;
5.596638012109653e-01 -4.148279232785769e-02;
-3.157570525813219e-01 -4.639416732633310e-01;
1.334931457531428e-01 -5.450907928796387e-01;
-4.148279232785779e-02 -5.596638012109653e-01;

9.396853359794064e-01 -2.408386306909228e-01;
2.408386306909228e-01 9.396853359794064e-01;
9.396853359794064e-01 -2.408386306909228e-01;
9.396853359794064e-01 -2.408386306909228e-01;
9.396853359794064e-01 -2.408386306909228e-01;

1.711618108735392e-01 -1.399014239504551e+00;
1.399014239504551e+00 1.711618108735392e-01;
1.711618108735392e-01 -1.399014239504551e+00;
1.711618108735392e-01 -1.399014239504551e+00;
1.399014239504551e+00 1.711618108735392e-01;

-2.075446977064058e+00 1.193066947598585e+00;
-1.193066947598585e+00 -2.075446977064058e+00;
-2.075446977064058e+00 1.193066947598585e+00;
-2.075446977064058e+00 1.193066947598585e+00;
2.075446977064058e+00 -1.193066947598585e+00;

7.499123911947203e-01 8.946609909894956e-01;
-8.946609909894956e-01 7.499123911947203e-01;
7.499123911947203e-01 8.946609909894956e-01;
7.499123911947203e-01 8.946609909894956e-01;
8.946609909894955e-01 -7.499123911947204e-01;

7.824708514290999e-01 3.528641377787320e+00;
-3.528641377787320e+00 7.824708514291001e-01;
7.824708514290999e-01 3.528641377787320e+00;
-3.114140585318713e+00 1.834584154853574e+00;
7.824708514290999e-01 3.528641377787320e+00;

-1.123873345262175e+00 -2.349152491517556e-01;
2.349152491517556e-01 -1.123873345262175e+00;
-1.123873345262175e+00 -2.349152491517556e-01;
-1.238782847281582e-01 -1.141459872727742e+00;
2.349152491517556e-01 -1.123873345262175e+00;

-5.830008399539524e-01 3.290610345740120e-01;
-3.290610345740120e-01 -5.830008399539524e-01;
-5.830008399539524e-01 3.290610345740120e-01;
-4.931128084710791e-01 -4.527812959737824e-01;
5.830008399539524e-01 -3.290610345740120e-01;

-2.507077158974988e-01 7.632887247485277e-01;
-7.632887247485277e-01 -2.507077158974987e-01;
-2.507077158974988e-01 7.632887247485277e-01;
-8.034036603199584e-01 -2.568019327713637e-03;
7.632887247485277e-01 2.507077158974986e-01;

1.476338505477040e-01 7.243885031040900e-01;
-7.243885031040900e-01 1.476338505477040e-01;
1.476338505477040e-01 7.243885031040900e-01;
-5.452231730929082e-01 -4.992656094499466e-01;
1.476338505477040e-01 7.243885031040900e-01;

-5.434611104378162e-01 7.421349483911897e-01;
-7.421349483911897e-01 -5.434611104378162e-01;
-5.434611104378162e-01 7.421349483911897e-01;
3.453296250896363e-03 -9.198382112778863e-01;
-7.421349483911897e-01 -5.434611104378162e-01;

-2.483245842739993e-01 4.074645180569831e-01;
-4.074645180569831e-01 -2.483245842739993e-01;
-2.483245842739993e-01 4.074645180569831e-01;
-3.860282574759565e-02 -4.756072481308132e-01;
2.483245842739992e-01 -4.074645180569832e-01;

-3.535600538150117e-02 4.440421226836946e-01;
-4.440421226836946e-01 -3.535600538150115e-02;
-3.535600538150117e-02 4.440421226836946e-01;
-2.323978019032742e-01 -3.800193620126539e-01;
4.440421226836946e-01 3.535600538150109e-02;

3.433253752055472e-01 3.722632306938591e-01;
-3.722632306938591e-01 3.433253752055472e-01;
3.433253752055472e-01 3.722632306938591e-01;
-5.894522616884184e-02 -5.029688722958542e-01;
3.433253752055472e-01 3.722632306938591e-01;

3.587606484729784e-01 8.442862031526942e-01;
-8.442862031526942e-01 3.587606484729784e-01;
3.587606484729784e-01 8.442862031526942e-01;
2.060155173995444e-01 -8.939161047421298e-01;
-8.442862031526942e-01 3.587606484729784e-01;

-5.991568556198560e-03 5.219318048701054e-01;
-5.219318048701054e-01 -5.991568556198528e-03;
-5.991568556198560e-03 5.219318048701054e-01;
3.116310983899679e-01 -4.187299444092714e-01;
5.991568556198496e-03 -5.219318048701054e-01;

1.395350759604603e-01 3.704508494257638e-01;
-3.704508494257638e-01 1.395350759604604e-01;
1.395350759604603e-01 3.704508494257638e-01;
1.048592982282719e-01 -3.817176925931463e-01;
3.704508494257638e-01 -1.395350759604604e-01;

5.222775660299629e-01 1.384563274678568e-01;
-1.384563274678568e-01 5.222775660299629e-01;
5.222775660299629e-01 1.384563274678568e-01;
2.930724361446431e-01 -4.539301243212580e-01;
5.222775660299629e-01 1.384563274678568e-01;

1.139856729640251e+00 3.373863673062148e-02;
-3.373863673062141e-02 1.139856729640251e+00;
1.139856729640251e+00 3.373863673062148e-02;
3.843224509250597e-01 -1.073642358250439e+00;
-3.373863673062141e-02 1.139856729640251e+00;

4.024954235203402e-01 8.819958054915573e-01;
-8.819958054915573e-01 4.024954235203402e-01;
4.024954235203402e-01 8.819958054915573e-01;
9.632057841836653e-01 -1.102442024536856e-01;
-4.024954235203403e-01 -8.819958054915573e-01;

3.603665254351374e-01 3.727401607682429e-01;
-3.727401607682429e-01 3.603665254351374e-01;
3.603665254351374e-01 3.727401607682429e-01;
4.658563393468497e-01 -2.275458881062936e-01;
3.727401607682428e-01 -3.603665254351374e-01;

3.723106555694550e-01 7.007137259283630e-03;
-7.007137259283608e-03 3.723106555694550e-01;
-1.922236866590715e-01 3.189269171931446e-01;
3.723106555694550e-01 7.007137259283630e-03;
3.723106555694550e-01 7.007137259283630e-03;

5.371105115485866e-01 -1.205333240585160e-01;
1.205333240585160e-01 5.371105115485866e-01;
-1.641703351370363e-01 5.254180096699891e-01;
5.371105115485866e-01 -1.205333240585160e-01;
1.205333240585160e-01 5.371105115485866e-01;

6.560602529278985e-01 2.549709833910279e-01;
-2.549709833910278e-01 6.560602529278985e-01;
-5.488414753084794e-01 4.406793537532904e-01;
6.560602529278985e-01 2.549709833910279e-01;
-6.560602529278985e-01 -2.549709833910278e-01;

3.771798589814068e-01 1.623890583588138e-01;
-1.623890583588138e-01 3.771798589814068e-01;
-3.292229793260698e-01 2.454528104943236e-01;
3.771798589814068e-01 1.623890583588138e-01;
1.623890583588138e-01 -3.771798589814068e-01;

5.163532964228341e-01 1.704876746358808e-01;
-1.704876746358808e-01 5.163532964228341e-01;
-4.058233054782256e-01 3.619312347120705e-01;
-2.581470214281881e-03 5.437647560673733e-01;
5.163532964228341e-01 1.704876746358808e-01;

1.171527124387425e+00 1.802134964746940e-01;
-1.802134964746939e-01 1.171527124387425e+00;
-7.418330282456145e-01 9.244655027046949e-01;
1.906285706603359e-01 1.169877538691593e+00;
-1.802134964746939e-01 1.171527124387425e+00;

3.130173795230781e-01 8.449298638750863e-01;
-8.449298638750863e-01 3.130173795230781e-01;
-8.882394162934915e-01 -1.513839294445224e-01;
-7.068483630434340e-01 5.587949055013692e-01;
-3.130173795230782e-01 -8.449298638750863e-01;

3.326524403357122e-01 3.816130007947537e-01;
-3.816130007947537e-01 3.326524403357122e-01;
-4.968127732705239e-01 9.727896356423735e-02;
-2.601402738247648e-01 4.342961735627632e-01;
3.816130007947536e-01 -3.326524403357123e-01;

3.014188645560619e-01 2.514075267480856e-01;
-2.514075267480856e-01 3.014188645560619e-01;
-3.684347371444888e-01 1.353326305113678e-01;
-3.916266203889048e-01 -2.622339830417969e-02;
3.014188645560619e-01 2.514075267480856e-01;

4.191477021527514e-01 4.751472206466302e-01;
-4.751472206466302e-01 4.191477021527514e-01;
-6.210634146939272e-01 1.254189476788412e-01;
-6.183821431586315e-01 -1.380333384754813e-01;
-4.751472206466302e-01 4.191477021527514e-01;

1.254736452707166e-01 4.414325287661553e-01;
-4.414325287661553e-01 1.254736452707166e-01;
-4.450286066036537e-01 -1.120529000731998e-01;
-3.609778416611025e-01 -2.833748594002230e-01;
-1.254736452707166e-01 -4.414325287661553e-01;

1.724007292935651e-01 2.908379198788756e-01;
-2.908379198788756e-01 1.724007292935652e-01;
-3.380733916457120e-01 3.884451259753739e-03;
-3.104253599533520e-01 -1.339582136274451e-01;
2.908379198788755e-01 -1.724007292935652e-01;

2.471068504238334e-01 1.436060913176288e-01;
-1.436060913176287e-01 2.471068504238334e-01;
-2.479199484311711e-01 1.421977642573868e-01;
-1.155040988034810e-01 -2.614255307912935e-01;
2.471068504238334e-01 1.436060913176288e-01;

3.419191400971141e-01 2.119683722505512e-01;
-2.119683722505512e-01 3.419191400971141e-01;
-3.545295652163708e-01 1.901264752389558e-01;
-1.520265118793188e-01 -3.724610434462986e-01;
-2.119683722505512e-01 3.419191400971141e-01;

2.159231828844928e-01 2.882842919214252e-01;
-2.882842919214252e-01 2.159231828844929e-01;
-3.576231117582096e-01 4.285281568325159e-02;
-5.236269174092638e-03 -3.601433539033368e-01;
-2.159231828844929e-01 -2.882842919214252e-01;

1.871124680001604e-01 1.939135926758026e-01;
-1.939135926758026e-01 1.871124680001604e-01;
-2.614903313964333e-01 6.508735431504051e-02;
-3.739761647768181e-02 -2.668613411255673e-01;
1.939135926758026e-01 -1.871124680001604e-01;

2.739171049820922e-01 6.153448864573360e-02;
-6.153448864573358e-02 2.739171049820922e-01;
-1.902489828671364e-01 2.064519271227141e-01;
1.431678168928681e-01 -2.414954448862185e-01;
2.739171049820922e-01 6.153448864573360e-02;

3.837243755784923e-01 4.976941244044298e-02;
-4.976941244044296e-02 3.837243755784923e-01;
-2.349637632940949e-01 3.074303510820739e-01;
1.659108772233334e-01 -3.495639736110612e-01;
-4.976941244044296e-02 3.837243755784923e-01;

3.511934724412430e-01 2.067428689185161e-01;
-2.067428689185161e-01 3.511934724412430e-01;
-3.546413127553326e-01 2.007710343181286e-01;
3.051489039804033e-01 -2.701177804839132e-01;
-3.511934724412430e-01 -2.067428689185160e-01;

2.516295912982721e-01 1.407473301592382e-01;
-1.407473301592382e-01 2.516295912982721e-01;
-2.477055590818719e-01 1.475439533285803e-01;
2.116164854978773e-01 -1.958206455648018e-01;
1.407473301592382e-01 -2.516295912982721e-01;

3.061125597462824e-01 -2.270800028690287e-01;
2.270800028690287e-01 3.061125597462824e-01;
-3.497133310491633e-01 -1.515612517232478e-01;
3.061125597462824e-01 -2.270800028690287e-01;
3.061125597462824e-01 -2.270800028690287e-01;

2.182830492365670e-01 -3.674944195803197e-01;
3.674944195803197e-01 2.182830492365670e-01;
-4.274010277238577e-01 -5.291456064236370e-03;
2.182830492365670e-01 -3.674944195803197e-01;
3.674944195803197e-01 2.182830492365670e-01;

4.229010342360527e-01 -6.226575252486997e-01;
6.226575252486997e-01 4.229010342360527e-01;
-7.506877518409508e-01 -5.491427631078405e-02;
4.229010342360527e-01 -6.226575252486997e-01;
-4.229010342360527e-01 6.226575252486997e-01;

5.224274779100865e-01 -2.049315532312276e-01;
2.049315532312276e-01 5.224274779100865e-01;
-4.386896700902895e-01 -3.499696908895545e-01;
5.224274779100865e-01 -2.049315532312276e-01;
-2.049315532312277e-01 -5.224274779100865e-01;

4.787005475403002e-01 -4.248723162804487e-01;
4.248723162804488e-01 4.787005475403002e-01;
-6.073004930337556e-01 -2.021306768351957e-01;
5.520041893984815e-01 3.239785089221541e-01;
4.787005475403002e-01 -4.248723162804487e-01;

1.127053807684892e-01 -6.537815476877037e-01;
6.537815476877037e-01 1.127053807684892e-01;
-6.225441192073032e-01 2.292850509551424e-01;
6.566110791768838e-01 -9.484042204285745e-02;
6.537815476877037e-01 1.127053807684892e-01;

-5.262926600981513e-01 -1.568659786633340e+00;
1.568659786633340e+00 -5.262926600981515e-01;
-1.095352895070473e+00 1.240112706786958e+00;
1.329250735942676e+00 -9.852765963269382e-01;
5.262926600981516e-01 1.568659786633340e+00;

1.348121665479917e+00 -2.333836095746117e-01;
2.333836095746118e-01 1.348121665479917e+00;
-8.761769674584818e-01 -1.050815804910489e+00;
6.385535078007708e-01 1.210020393146227e+00;
-2.333836095746120e-01 -1.348121665479917e+00;

7.251783107032120e-01 9.573519607344254e-03;
-9.573519607344209e-03 7.251783107032120e-01;
-3.542982441680178e-01 -6.328095991461383e-01;
-5.923087509487441e-01 4.185039762553938e-01;
7.251783107032120e-01 9.573519607344254e-03;

1.158708707380584e+00 -1.068778001049490e+00;
1.068778001049490e+00 1.158708707380584e+00;
-1.504943253605102e+00 -4.690821756530694e-01;
-3.092030888096007e-01 1.545731455964305e+00;
1.068778001049490e+00 1.158708707380584e+00;

7.722304808502316e-02 2.070435814145084e+00;
-2.070435814145084e+00 7.722304808502328e-02;
1.754438487912248e+00 -1.102095028471840e+00;
-1.279446395630858e+00 -1.629627190604454e+00;
-7.722304808502341e-02 -2.070435814145084e+00;

5.372698679281495e-01 5.373922533400732e-01;
-5.373922533400732e-01 5.372698679281495e-01;
1.967604092253911e-01 -7.339854809837244e-01;
-7.505316949289721e-01 -1.189601607282752e-01;
5.373922533400731e-01 -5.372698679281496e-01;

4.071877114899490e-01 2.401993889471052e-02;
-2.401993889471050e-02 4.071877114899490e-01;
-1.827919784648055e-01 -3.646448717064998e-01;
-3.153032126527346e-01 -2.587714704981830e-01;
4.071877114899490e-01 2.401993889471052e-02;

6.269159411551619e-01 -1.241407589638726e-01;
1.241407589638726e-01 6.269159411551619e-01;
-4.209670214853756e-01 -4.808547515958639e-01;
-5.801537577664494e-01 -2.680599609416830e-01;
1.241407589638726e-01 6.269159411551619e-01;

7.005962598111941e-01 3.923235115779146e-01;
-3.923235115779145e-01 7.005962598111941e-01;
-1.053600237720512e-02 -8.028959145818141e-01;
-3.361923061496886e-01 -7.291965374876751e-01;
-7.005962598111941e-01 -3.923235115779145e-01;

3.909730740589819e-01 2.066889250758751e-01;
-2.066889250758751e-01 3.909730740589819e-01;
-1.648867723288489e-02 -4.419370768687105e-01;
-1.948151592849480e-01 -3.970230599107956e-01;
2.066889250758750e-01 -3.909730740589820e-01;

3.187738290118985e-01 -9.163786340069623e-02;
9.163786340069624e-02 3.187738290118985e-01;
-2.387476321594806e-01 -2.302473022855928e-01;
1.135374340005290e-02 -3.314895844251483e-01;
3.187738290118985e-01 -9.163786340069623e-02;

3.556039568073699e-01 -2.295187489667908e-01;
2.295187489667908e-01 3.556039568073699e-01;
-3.765710456537493e-01 -1.932026857980510e-01;
-1.083976358963260e-01 -4.091246543004052e-01;
2.295187489667908e-01 3.556039568073699e-01;

6.152513843244282e-01 -1.476632936762826e-01;
1.476632936762826e-01 6.152513843244282e-01;
-4.355058556923571e-01 -4.589916817003562e-01;
4.968699590052676e-02 -6.307693054127114e-01;
-6.152513843244282e-01 1.476632936762827e-01;

4.078578069658917e-01 1.323291781083948e-02;
-1.323291781083945e-02 4.078578069658917e-01;
-1.924688604925675e-01 -3.598316808696916e-01;
1.386202463545543e-01 -3.838066285480459e-01;
1.323291781083940e-02 -4.078578069658917e-01;

5.203221644334335e-01 -3.992049012798637e-01;
-5.203221644334335e-01 3.992049012798637e-01;
5.203221644334335e-01 -3.992049012798637e-01;
5.203221644334335e-01 -3.992049012798637e-01;
5.203221644334335e-01 -3.992049012798637e-01;

1.499370061324258e-01 -6.941019241295332e-01;
-1.499370061324257e-01 6.941019241295332e-01;
1.499370061324258e-01 -6.941019241295332e-01;
1.499370061324258e-01 -6.941019241295332e-01;
6.941019241295332e-01 1.499370061324258e-01;

-6.339695871274115e-01 -1.948687004044651e+00;
6.339695871274117e-01 1.948687004044651e+00;
-6.339695871274115e-01 -1.948687004044651e+00;
-6.339695871274115e-01 -1.948687004044651e+00;
6.339695871274117e-01 1.948687004044651e+00;

1.312707249957284e+00 -2.713260037572053e-02;
-1.312707249957284e+00 2.713260037572069e-02;
1.312707249957284e+00 -2.713260037572053e-02;
1.312707249957284e+00 -2.713260037572053e-02;
-2.713260037572078e-02 -1.312707249957284e+00;

1.152624227848439e+00 -1.709813717524564e+00;
-1.152624227848438e+00 1.709813717524564e+00;
1.152624227848439e+00 -1.709813717524564e+00;
1.982309952236046e+00 5.678492868044313e-01;
1.152624227848439e+00 -1.709813717524564e+00;

-5.652841148046457e-01 -7.495656797890341e-01;
5.652841148046458e-01 7.495656797890340e-01;
-5.652841148046457e-01 -7.495656797890341e-01;
5.381969260297330e-01 -7.692456743981176e-01;
7.495656797890341e-01 -5.652841148046457e-01;

-9.147531455658626e-01 5.204647554559361e-02;
9.147531455658626e-01 -5.204647554559372e-02;
-9.147531455658626e-01 5.204647554559361e-02;
-3.321734073556249e-01 -8.538986944509942e-01;
9.147531455658626e-01 -5.204647554559372e-02;

-6.073229544974988e-01 1.748665277462873e+00;
6.073229544974986e-01 -1.748665277462873e+00;
-6.073229544974988e-01 1.748665277462873e+00;
-1.850752620963868e+00 -3.723116516106074e-02;
1.748665277462873e+00 6.073229544974985e-01;

7.311229462810557e-01 9.922162568359020e-01;
-7.311229462810558e-01 -9.922162568359019e-01;
7.311229462810557e-01 9.922162568359020e-01;
-1.174700971371840e+00 -3.729765284387155e-01;
7.311229462810557e-01 9.922162568359020e-01;

-1.892207858538975e+00 8.992129919846067e-01;
1.892207858538975e+00 -8.992129919846069e-01;
-1.892207858538975e+00 8.992129919846067e-01;
1.002284179089516e+00 -1.839690465599422e+00;
-8.992129919846068e-01 -1.892207858538975e+00;

-4.349803534590465e-01 5.526358182774536e-01;
4.349803534590465e-01 -5.526358182774536e-01;
-4.349803534590465e-01 5.526358182774536e-01;
2.707531429551960e-02 -7.027668054869599e-01;
4.349803534590465e-01 -5.526358182774536e-01;

1.345539963800927e-02 6.384416076033961e-01;
-1.345539963800934e-02 -6.384416076033961e-01;
1.345539963800927e-02 6.384416076033961e-01;
-3.861522083724304e-01 -5.086012249962857e-01;
6.384416076033961e-01 -1.345539963800938e-02;

5.149816290922464e-01 2.589498855735116e-01;
-5.149816290922464e-01 -2.589498855735116e-01;
5.149816290922464e-01 2.589498855735116e-01;
-2.644219659035896e-01 -5.121934649023938e-01;
5.149816290922464e-01 2.589498855735116e-01;

1.235471635728285e+00 6.415619553436778e-01;
-1.235471635728285e+00 -6.415619553436777e-01;
1.235471635728285e+00 6.415619553436778e-01;
-6.224168935894612e-01 -1.245226531924201e+00;
-6.415619553436777e-01 1.235471635728285e+00;

1.195869771842670e-01 7.860037881827036e-01;
-1.195869771842671e-01 -7.860037881827036e-01;
1.195869771842670e-01 7.860037881827036e-01;
3.652535380918089e-01 -7.061818838380423e-01;
-1.195869771842671e-01 -7.860037881827036e-01;

2.702891765842599e-01 4.150905514581911e-01;
-2.702891765842600e-01 -4.150905514581911e-01;
2.702891765842599e-01 4.150905514581911e-01;
2.531556726079722e-02 -4.946873021846493e-01;
4.150905514581911e-01 -2.702891765842600e-01;

4.951129228211149e-01 -4.900667344332751e-02;
-4.951129228211149e-01 4.900667344332757e-02;
4.951129228211149e-01 -4.900667344332751e-02;
1.063901911661508e-01 -4.860242664827324e-01;
4.951129228211149e-01 -4.900667344332751e-02;

6.794768024533738e-01 -4.037245372514993e-01;
-6.794768024533738e-01 4.037245372514994e-01;
6.794768024533738e-01 -4.037245372514993e-01;
-1.739949726996426e-01 -7.709785837015507e-01;
4.037245372514994e-01 6.794768024533738e-01;

1.333011186903386e+00 5.548444871771784e-01;
-1.333011186903386e+00 -5.548444871771783e-01;
1.333011186903386e+00 5.548444871771784e-01;
9.396115755053634e-01 -1.096312599825801e+00;
-1.333011186903386e+00 -5.548444871771783e-01;

5.316990809604106e-01 2.447906058840385e-01;
-5.316990809604106e-01 -2.447906058840384e-01;
5.316990809604106e-01 2.447906058840385e-01;
3.971137527641614e-01 -4.300314183740351e-01;
2.447906058840384e-01 -5.316990809604106e-01;

3.300749763341462e-01 -7.085502762080152e-02;
-3.300749763341462e-01 7.085502762080156e-02;
-1.036752342616108e-01 3.212808284693188e-01;
3.300749763341462e-01 -7.085502762080152e-02;
3.300749763341462e-01 -7.085502762080152e-02;

3.904897782554129e-01 -2.106277746134618e-01;
-3.904897782554129e-01 2.106277746134619e-01;
-1.283588556986534e-02 4.434879551940707e-01;
3.904897782554129e-01 -2.106277746134618e-01;
2.106277746134619e-01 3.904897782554129e-01;

6.445001593450068e-01 -6.614581306421538e-02;
-6.445001593450068e-01 6.614581306421546e-02;
-2.649661252049161e-01 5.912264172680023e-01;
6.445001593450068e-01 -6.614581306421538e-02;
-6.445001593450068e-01 6.614581306421546e-02;

4.028397498020955e-01 4.784518192389450e-02;
-4.028397498020955e-01 -4.784518192389445e-02;
-2.428550178958283e-01 3.249468660208348e-01;
4.028397498020955e-01 4.784518192389450e-02;
4.784518192389442e-02 -4.028397498020955e-01;

5.096478264733109e-01 -2.490365034624333e-02;
-5.096478264733109e-01 2.490365034624339e-02;
-2.332567193898435e-01 4.538197898825322e-01;
1.811746184678381e-01 4.770082352041432e-01;
5.096478264733109e-01 -2.490365034624333e-02;

7.529104546579436e-01 -3.919051249837667e-01;
-7.529104546579436e-01 3.919051249837668e-01;
-3.705543321971416e-02 8.479921430005541e-01;
6.053860486171508e-01 5.949550502865623e-01;
3.919051249837667e-01 7.529104546579436e-01;

1.213229414744084e+00 7.491492207425877e-01;
-1.213229414744084e+00 -7.491492207425876e-01;
-1.255396963760439e+00 6.761128834156096e-01;
-3.375747408331811e-01 1.385349581185525e+00;
-1.213229414744084e+00 -7.491492207425876e-01;

5.125030288204252e-01 2.773752076607400e-01;
-5.125030288204252e-01 -2.773752076607400e-01;
-4.964654906243974e-01 3.051530386445866e-01;
-1.054273531303233e-01 5.731329981661171e-01;
2.773752076607399e-01 -5.125030288204252e-01;

3.857214413389330e-01 1.707622969036167e-01;
-3.857214413389330e-01 -1.707622969036167e-01;
-3.407452077965793e-01 2.486634185320569e-01;
-4.124267609055308e-01 8.857177451849479e-02;
3.857214413389330e-01 1.707622969036167e-01;

6.832616125016574e-01 2.783339826518966e-01;
-6.832616125016574e-01 -2.783339826518965e-01;
-5.826751059638683e-01 4.525549225312063e-01;
-7.163708663324848e-01 1.764341772086026e-01;
-2.783339826518966e-01 6.832616125016574e-01;

3.012920423457139e-01 5.315944162999858e-01;
-3.012920423457140e-01 -5.315944162999858e-01;
-6.110202901986052e-01 -4.870645520507692e-03;
-5.562137406297760e-01 -2.529738977776290e-01;
-3.012920423457140e-01 -5.315944162999858e-01;

2.661176076874935e-01 2.897523570964050e-01;
-2.661176076874935e-01 -2.897523570964050e-01;
-3.839917058956537e-01 8.558843010350796e-02;
-3.856058294398366e-01 -7.799457587712726e-02;
2.897523570964050e-01 -2.661176076874935e-01;

2.777294725170236e-01 9.318173894817269e-02;
-2.777294725170236e-01 -9.318173894817267e-02;
-2.195624893564392e-01 1.939299091053082e-01;
-1.699170111683590e-01 -2.386308984469558e-01;
2.777294725170236e-01 9.318173894817269e-02;

4.001956227978063e-01 1.097858889490446e-01;
-4.001956227978063e-01 -1.097858889490445e-01;
-2.951751802058329e-01 2.916866313517129e-01;
-2.592345334838239e-01 -3.240477350148898e-01;
-1.097858889490446e-01 4.001956227978063e-01;

3.168144119151240e-01 2.618097924891794e-01;
-3.168144119151241e-01 -2.618097924891793e-01;
-3.851411372127236e-01 1.434644327589351e-01;
-1.024203083713478e-01 -3.980274104549472e-01;
-3.168144119151241e-01 -2.618097924891793e-01;

2.369544302211630e-01 1.698329744831358e-01;
-2.369544302211631e-01 -1.698329744831358e-01;
-2.655568854132515e-01 1.202920688692264e-01;
-9.187484318720242e-02 -2.766760821114692e-01;
1.698329744831358e-01 -2.369544302211631e-01;

2.710228425140907e-01 7.976074419979225e-03;
-2.710228425140907e-01 -7.976074419979192e-03;
-1.424189043272225e-01 2.307246294130821e-01;
9.133636175223529e-02 -2.552932978936883e-01;
2.710228425140907e-01 7.976074419979225e-03;

3.551476597612448e-01 -4.350446889459954e-02;
-3.551476597612448e-01 4.350446889459959e-02;
-1.398978546397492e-01 3.293191298951303e-01;
6.837145374854751e-02 -3.512091162825935e-01;
4.350446889459957e-02 3.551476597612448e-01;

4.053886668426168e-01 9.980681061827625e-02;
-4.053886668426168e-01 -9.980681061827619e-02;
-2.891295668874380e-01 3.011734785828744e-01;
2.201939049905202e-01 -3.547055325974666e-01;
-4.053886668426168e-01 -9.980681061827619e-02;

2.808917728128981e-01 8.855748394601656e-02;
-2.808917728128981e-01 -8.855748394601654e-02;
-2.171389171989319e-01 1.989806689970086e-01;
1.710235035528548e-01 -2.397781833889990e-01;
8.855748394601651e-02 -2.808917728128981e-01;

2.235262719854543e-01 -2.155251314132917e-01;
-2.235262719854543e-01 2.155251314132917e-01;
-2.984133749506173e-01 -8.581686424598733e-02;
2.235262719854543e-01 -2.155251314132917e-01;
2.235262719854543e-01 -2.155251314132917e-01;

1.531709507219713e-01 -2.923761989720511e-01;
-1.531709507219713e-01 2.923761989720511e-01;
-3.297906911327156e-01 1.353816503898413e-02;
1.531709507219713e-01 -2.923761989720511e-01;
2.923761989720511e-01 1.531709507219713e-01;

2.361924979867297e-01 -4.368695528018428e-01;
-2.361924979867296e-01 4.368695528018428e-01;
-4.964363798597078e-01 1.388607296110883e-02;
2.361924979867297e-01 -4.368695528018428e-01;
-2.361924979867296e-01 4.368695528018428e-01;

3.563820036837793e-01 -2.521191726406605e-01;
-3.563820036837793e-01 2.521191726406606e-01;
-3.965326101298164e-01 -1.825762823214218e-01;
3.563820036837793e-01 -2.521191726406605e-01;
-2.521191726406606e-01 -3.563820036837793e-01;

2.859228933892502e-01 -3.542406548538433e-01;
-2.859228933892501e-01 3.542406548538434e-01;
-4.497428528512888e-01 -7.049616177171851e-02;
4.252579162735448e-01 1.624624484674630e-01;
2.859228933892502e-01 -3.542406548538433e-01;

9.587047691114035e-02 -4.427056281469146e-01;
-9.587047691114030e-02 4.427056281469146e-01;
-4.313295588291454e-01 1.383265455954805e-01;
4.506636790740357e-01 -4.562532081616859e-02;
4.427056281469146e-01 9.587047691114033e-02;

1.221201569292204e-02 -8.028841042221331e-01;
-1.221201569292195e-02 8.028841042221331e-01;
-7.014240383975409e-01 3.908661362895822e-01;
7.673618795349434e-01 -2.364905156162935e-01;
-1.221201569292195e-02 8.028841042221331e-01;

6.198739063953113e-01 -5.303840986016136e-01;
-6.198739063953111e-01 5.303840986016137e-01;
-7.692630563499637e-01 -2.716345007806295e-01;
6.959768245601325e-01 4.256374179444564e-01;
-5.303840986016137e-01 -6.198739063953111e-01;

5.379364209553981e-01 -2.212872080472220e-01;
-5.379364209553981e-01 2.212872080472220e-01;
-4.606085541791257e-01 -3.552230021446431e-01;
-3.051303490350192e-01 4.952162068565659e-01;
5.379364209553981e-01 -2.212872080472220e-01;

4.046742559680729e-01 -6.584525752531990e-01;
-4.046742559680729e-01 6.584525752531990e-01;
-7.725737853405916e-01 -2.123189829931775e-02;
5.964036280362186e-02 7.705608830102495e-01;
6.584525752531990e-01 4.046742559680729e-01;

2.586978663322010e+00 -2.143829420257696e+00;
-2.586978663322010e+00 2.143829420257696e+00;
-3.150100070984636e+00 -1.168474531356322e+00;
-8.327983860546950e-01 3.254982340325439e+00;
-2.586978663322010e+00 2.143829420257696e+00;

8.332725065308555e-01 1.886093817859412e-01;
-8.332725065308555e-01 -1.886093817859411e-01;
-2.532957372467251e-01 -8.159398498238258e-01;
-7.849934317866483e-01 3.371970953162414e-01;
1.886093817859410e-01 -8.332725065308555e-01;

3.618804315798274e-01 -7.185292450165440e-02;
-3.618804315798274e-01 7.185292450165444e-02;
-2.431666737445519e-01 -2.774711846297795e-01;
-3.350015084359777e-01 -1.545777437584794e-01;
3.618804315798274e-01 -7.185292450165440e-02;

4.363298595957355e-01 -2.439340901503591e-01;
-4.363298595957354e-01 2.439340901503591e-01;
-4.294180487171222e-01 -2.559056977644245e-01;
-4.963791322879484e-01 -5.912143216618776e-02;
2.439340901503591e-01 4.363298595957355e-01;

7.686845154956427e-01 -3.775671778287926e-02;
-7.686845154956427e-01 3.775671778287935e-02;
-4.170405345113148e-01 -6.468219590235197e-01;
-6.440716782365929e-01 -4.212755955357556e-01;
-7.686845154956427e-01 3.775671778287935e-02;

4.391484026525543e-01 7.640932052315000e-02;
-4.391484026525543e-01 -7.640932052314994e-02;
-1.534017886673218e-01 -4.185183329900445e-01;
-3.103662490573326e-01 -3.199413934788390e-01;
7.640932052314992e-02 -4.391484026525543e-01;

2.605838885017089e-01 -1.261696634719275e-01;
-2.605838885017089e-01 1.261696634719275e-01;
-2.395580780044772e-01 -1.625874355234477e-01;
-3.946963059640879e-02 -2.868185753884736e-01;
2.605838885017089e-01 -1.261696634719275e-01;

2.542032827910270e-01 -2.261001165147320e-01;
-2.542032827910270e-01 2.261001165147320e-01;
-3.229100860958929e-01 -1.070964423650629e-01;
-1.364808547381014e-01 -3.116304669952338e-01;
2.261001165147320e-01 2.542032827910270e-01;

4.222878291663389e-01 -2.515061624421945e-01;
-4.222878291663388e-01 2.515061624421946e-01;
-4.289546404664457e-01 -2.399589065459352e-01;
-1.087024589489334e-01 -4.793392700654455e-01;
-4.222878291663388e-01 2.515061624421946e-01;

3.581007384105435e-01 -7.978767974410286e-02;
-3.581007384105435e-01 7.978767974410290e-02;
-2.481485267726820e-01 -2.702304967054450e-01;
3.477662112637548e-02 -3.652297897381271e-01;
-7.978767974410293e-02 -3.581007384105435e-01;

3.387000895676666e-01 -7.178974278342966e-01;
-7.178974278342967e-01 -3.387000895676665e-01;
3.387000895676666e-01 -7.178974278342966e-01;
3.387000895676666e-01 -7.178974278342966e-01;
3.387000895676666e-01 -7.178974278342966e-01;

-1.408723688215581e-01 -5.965935925117339e-01;
-5.965935925117339e-01 1.408723688215582e-01;
-1.408723688215581e-01 -5.965935925117339e-01;
-1.408723688215581e-01 -5.965935925117339e-01;
5.965935925117339e-01 -1.408723688215582e-01;

-7.261845129006731e-01 -5.956520781930759e-01;
-5.956520781930758e-01 7.261845129006732e-01;
-7.261845129006731e-01 -5.956520781930759e-01;
-7.261845129006731e-01 -5.956520781930759e-01;
7.261845129006732e-01 5.956520781930758e-01;

1.500774032356629e+00 -3.816734010370206e+00;
-3.816734010370207e+00 -1.500774032356628e+00;
1.500774032356629e+00 -3.816734010370206e+00;
1.500774032356629e+00 -3.816734010370206e+00;
-3.816734010370207e+00 -1.500774032356628e+00;

-7.469430472049082e-01 -1.141953948193843e+00;
-1.141953948193843e+00 7.469430472049085e-01;
-7.469430472049082e-01 -1.141953948193843e+00;
8.552446483222071e-01 -1.063268229131052e+00;
-7.469430472049082e-01 -1.141953948193843e+00;

-4.604990564743399e-01 -3.721659041572939e-01;
-3.721659041572938e-01 4.604990564743399e-01;
-4.604990564743399e-01 -3.721659041572939e-01;
2.116487739474722e-01 -5.529662175192126e-01;
3.721659041572938e-01 -4.604990564743399e-01;

-5.635302850036723e-01 -4.771492993997437e-02;
-4.771492993997427e-02 5.635302850036723e-01;
-5.635302850036723e-01 -4.771492993997437e-02;
-1.287608398671130e-01 -5.506938739192697e-01;
5.635302850036723e-01 4.771492993997430e-02;

-1.047338176132243e+00 3.688077128190199e-01;
3.688077128190201e-01 1.047338176132243e+00;
-1.047338176132243e+00 3.688077128190199e-01;
-6.744022738189657e-01 -8.821099462576190e-01;
3.688077128190201e-01 1.047338176132243e+00;

-8.235768299067748e-01 1.906658141962726e+00;
1.906658141962727e+00 8.235768299067745e-01;
-8.235768299067748e-01 1.906658141962726e+00;
-4.544178854410333e-01 -2.026605154060196e+00;
-8.235768299067748e-01 1.906658141962726e+00;

-9.062977772877132e-01 -5.177663536412967e-03;
-5.177663536412800e-03 9.062977772877132e-01;
-9.062977772877132e-01 -5.177663536412967e-03;
7.362536580580372e-01 -5.285196498830527e-01;
5.177663536412911e-03 -9.062977772877132e-01;

-4.805806418630789e-01 2.806445882366899e-01;
2.806445882366900e-01 4.805806418630788e-01;
-4.805806418630789e-01 2.806445882366899e-01;
2.238391563336310e-01 -5.095244550872101e-01;
4.805806418630788e-01 -2.806445882366899e-01;

-2.849757966095078e-01 6.038173221081439e-01;
6.038173221081439e-01 2.849757966095077e-01;
-2.849757966095078e-01 6.038173221081439e-01;
-1.243646545712706e-01 -6.560030455908281e-01;
6.038173221081439e-01 2.849757966095077e-01;

8.028868554360458e-01 5.197471053418861e-01;
5.197471053418860e-01 -8.028868554360459e-01;
8.028868554360458e-01 5.197471053418861e-01;
-3.440494271663596e-01 -8.924092938835584e-01;
8.028868554360458e-01 5.197471053418861e-01;

-2.230141902312273e+00 7.696582110043990e+00;
7.696582110043990e+00 2.230141902312271e+00;
-2.230141902312273e+00 7.696582110043990e+00;
6.328160156180243e+00 -4.915821204929145e+00;
-7.696582110043990e+00 -2.230141902312272e+00;

-3.718690337547525e-01 7.947071650132511e-01;
7.947071650132512e-01 3.718690337547523e-01;
-3.718690337547525e-01 7.947071650132511e-01;
7.679655194753355e-01 -4.243524682219604e-01;
3.718690337547524e-01 -7.947071650132511e-01;

1.806751117333922e-01 6.230022973988478e-01;
6.230022973988478e-01 -1.806751117333923e-01;
1.806751117333922e-01 6.230022973988478e-01;
2.200223267024654e-01 -6.102176122634857e-01;
6.230022973988478e-01 -1.806751117333923e-01;

6.877662556150579e-01 -2.119145682267317e-01;
-2.119145682267319e-01 -6.877662556150579e-01;
6.877662556150579e-01 -2.119145682267317e-01;
1.098873013276972e-02 -7.195897820283085e-01;
6.877662556150579e-01 -2.119145682267317e-01;

4.576420620417077e-01 -9.444747077225997e-01;
-9.444747077225998e-01 -4.576420620417075e-01;
4.576420620417077e-01 -9.444747077225997e-01;
-7.568296507438574e-01 -7.271022006791115e-01;
9.444747077225997e-01 4.576420620417076e-01;

-8.010009232184466e+00 1.341030368544946e+01;
1.341030368544946e+01 8.010009232184464e+00;
-8.010009232184466e+00 1.341030368544946e+01;
1.027872772769840e+01 1.176198321438624e+01;
8.010009232184464e+00 -1.341030368544946e+01;

8.564914675228866e-01 4.900504699131785e-01;
4.900504699131784e-01 -8.564914675228867e-01;
8.564914675228866e-01 4.900504699131785e-01;
7.307361117261406e-01 -6.631378680342394e-01;
4.900504699131784e-01 -8.564914675228867e-01;

3.943455521973436e-01 -1.476858878758952e-01;
-1.476858878758953e-01 -3.943455521973436e-01;
-6.927304541768622e-02 4.153562100102495e-01;
3.943455521973436e-01 -1.476858878758952e-01;
3.943455521973436e-01 -1.476858878758952e-01;

3.901550017914333e-01 -3.811396744245396e-01;
-3.811396744245397e-01 -3.901550017914332e-01;
1.349991395460649e-01 5.284539801772141e-01;
3.901550017914333e-01 -3.811396744245396e-01;
3.811396744245396e-01 3.901550017914333e-01;

9.796965825650946e-01 -4.185374634878054e-01;
-4.185374634878055e-01 -9.796965825650945e-01;
-1.273842154666057e-01 1.057710860246073e+00;
9.796965825650946e-01 -4.185374634878054e-01;
-9.796965825650946e-01 4.185374634878055e-01;

5.620572471138165e-01 2.518081125096329e-02;
2.518081125096319e-02 -5.620572471138165e-01;
-3.028358457881434e-01 4.741654487562314e-01;
5.620572471138165e-01 2.518081125096329e-02;
2.518081125096319e-02 -5.620572471138165e-01;

7.361144306568442e-01 -1.757368314388572e-01;
-1.757368314388573e-01 -7.361144306568442e-01;
-2.158646549217878e-01 7.253622127605742e-01;
3.946075275705918e-01 6.457807585628762e-01;
7.361144306568442e-01 -1.757368314388572e-01;

5.256503169488038e-01 -1.064746532763202e+00;
-1.064746532763202e+00 -5.256503169488036e-01;
6.592723874899317e-01 9.875997943666069e-01;
1.175069009222873e+00 1.708983859011413e-01;
1.064746532763202e+00 5.256503169488037e-01;

-2.480517843436020e+00 5.166999359316483e+00;
5.166999359316484e+00 2.480517843436020e+00;
-3.234493784787983e+00 -4.731691146614425e+00;
-5.680630578842850e+00 -7.624220468329698e-01;
2.480517843436020e+00 -5.166999359316483e+00;

7.842313975883668e-01 5.674721015608547e-01;
5.674721015608546e-01 -7.842313975883669e-01;
-8.835609546848264e-01 3.954282619764728e-01;
-2.973572106279344e-01 9.212069041756418e-01;
5.674721015608546e-01 -7.842313975883669e-01;

5.347379252735768e-01 2.676356579092678e-01;
2.676356579092677e-01 -5.347379252735768e-01;
-4.991482413447758e-01 3.292787986992685e-01;
-5.899243617897852e-01 9.778927076796556e-02;
5.347379252735768e-01 2.676356579092678e-01;

1.355805583708738e+00 6.980148829007982e-01;
6.980148829007979e-01 -1.355805583708738e+00;
-1.282401412666080e+00 8.251546366341573e-01;
-1.507152612338561e+00 2.322166244863998e-01;
-6.980148829007981e-01 1.355805583708738e+00;

9.050607802747050e-02 8.146222552277014e-01;
8.146222552277014e-01 -9.050607802747065e-02;
-7.507366065290954e-01 -3.289305648451644e-01;
-5.520439030305266e-01 -6.058451105678772e-01;
-9.050607802747060e-02 -8.146222552277014e-01;

2.716248743508641e-01 4.308295203442066e-01;
4.308295203442065e-01 -2.716248743508641e-01;
-5.089217464937795e-01 1.981928131550130e-02;
-4.729843777553735e-01 -1.888913083376362e-01;
4.308295203442065e-01 -2.716248743508641e-01;

3.493524264250440e-01 1.191689201263775e-01;
1.191689201263775e-01 -3.493524264250440e-01;
-2.778795253835236e-01 2.429636160946334e-01;
-2.125863162220797e-01 -3.017538856887823e-01;
3.493524264250440e-01 1.191689201263775e-01;

5.676325451417097e-01 1.465199086663822e-01;
1.465199086663821e-01 -5.676325451417097e-01;
-4.107062356361174e-01 4.183242497743467e-01;
-3.731021340986081e-01 -4.521831348809067e-01;
-1.465199086663821e-01 5.676325451417097e-01;

3.713655787383697e-01 4.131572066679498e-01;
4.131572066679498e-01 -3.713655787383697e-01;
-5.434874261002468e-01 1.150334219445636e-01;
-5.759335136745442e-02 -5.525344119343266e-01;
-3.713655787383697e-01 -4.131572066679498e-01;

2.758457555519739e-01 2.329913090995689e-01;
2.329913090995688e-01 -2.758457555519739e-01;
-3.396992703172060e-01 1.223937772843374e-01;
-8.621504866670071e-02 -3.506319956241424e-01;
2.329913090995688e-01 -2.758457555519739e-01;

3.313673523092078e-01 -1.128863772492517e-02;
-1.128863772492523e-02 -3.313673523092078e-01;
-1.559074291106992e-01 2.926168639470246e-01;
9.166201077619021e-02 -3.186374606014880e-01;
3.313673523092078e-01 -1.128863772492517e-02;

4.451737356772502e-01 -1.167010353559696e-01;
-1.167010353559697e-01 -4.451737356772502e-01;
-1.215208065724094e-01 4.438822818721024e-01;
2.657696963996506e-02 -4.594479853854513e-01;
1.167010353559696e-01 4.451737356772502e-01;

5.771807704493797e-01 1.261584308698158e-01;
1.261584308698157e-01 -5.771807704493797e-01;
-3.978467912595332e-01 4.367739943501295e-01;
2.983424646595937e-01 -5.099464336936897e-01;
-5.771807704493797e-01 -1.261584308698158e-01;

3.544193151103644e-01 1.118431060054618e-01;
1.118431060054618e-01 -3.544193151103644e-01;
-2.740686285940680e-01 2.510145774747267e-01;
2.158907062730162e-01 -3.025113786772110e-01;
1.118431060054618e-01 -3.544193151103644e-01;

1.893100276686446e-01 -2.813608767101397e-01;
-2.813608767101397e-01 -1.893100276686446e-01;
-3.383206806963647e-01 -2.326685479711123e-02;
1.893100276686446e-01 -2.813608767101397e-01;
1.893100276686446e-01 -2.813608767101397e-01;

8.226706554390813e-02 -3.245866375830085e-01;
-3.245866375830085e-01 -8.226706554390807e-02;
-3.222338066478121e-01 9.104795013568048e-02;
8.226706554390813e-02 -3.245866375830085e-01;
3.245866375830085e-01 8.226706554390811e-02;

7.114449134547692e-02 -4.941838107922852e-01;
-4.941838107922852e-01 -7.114449134547682e-02;
-4.635479799578598e-01 1.854789685516377e-01;
7.114449134547692e-02 -4.941838107922852e-01;
-7.114449134547686e-02 4.941838107922852e-01;

3.161852814853597e-01 -4.049590786116997e-01;
-4.049590786116998e-01 -3.161852814853597e-01;
-5.087974903135514e-01 -7.134494676320492e-02;
3.161852814853597e-01 -4.049590786116997e-01;
-4.049590786116998e-01 -3.161852814853597e-01;

1.688873446175860e-01 -4.584804279329834e-01;
-4.584804279329834e-01 -1.688873446175859e-01;
-4.814993700367171e-01 8.297948314996541e-02;
4.882298582011468e-01 1.894316579875012e-02;
1.688873446175860e-01 -4.584804279329834e-01;

-3.625804050453173e-02 -4.190115125327195e-01;
-4.190115125327195e-01 3.625804050453180e-02;
-3.447455940792107e-01 2.409061404347295e-01;
3.872992786982957e-01 -1.639651239012901e-01;
4.190115125327195e-01 -3.625804050453175e-02;

-2.564043874025843e-01 -5.716092054956472e-01;
-5.716092054956472e-01 2.564043874025844e-01;
-3.668258992949776e-01 5.078573158802484e-01;
4.643993465212345e-01 -4.204920220852114e-01;
2.564043874025843e-01 5.716092054956472e-01;

2.391891422934316e-01 -9.304891362574507e-01;
-9.304891362574507e-01 -2.391891422934314e-01;
-9.254218010911079e-01 2.581006945932032e-01;
9.588612662181354e-01 -6.005456377960162e-02;
-9.304891362574507e-01 -2.391891422934314e-01;

5.768932476553712e-01 -5.439098845558425e-01;
-5.439098845558427e-01 -5.768932476553711e-01;
-7.594864012225067e-01 -2.276492654633373e-01;
-1.470142325753246e-01 7.791216831331289e-01;
5.768932476553712e-01 -5.439098845558425e-01;

3.042567563683677e-03 -7.612989551599120e-01;
-7.612989551599120e-01 -3.042567563683538e-03;
-6.608255188248756e-01 3.780145367770757e-01;
4.450188095631111e-01 6.176921688672965e-01;
7.612989551599120e-01 3.042567563683631e-03;

-1.240443562518144e+00 -1.122944510640385e+00;
-1.122944510640384e+00 1.240443562518144e+00;
-3.522766919957853e-01 1.635727892421775e+00;
1.663590145137387e+00 1.793667604988287e-01;
1.240443562518144e+00 1.122944510640384e+00;

2.109182665814237e+00 2.121819395015361e-01;
2.121819395015357e-01 -2.109182665814237e+00;
-8.708363830745364e-01 -1.932696739567681e+00;
-1.831082035726590e+00 1.068087670400353e+00;
2.121819395015357e-01 -2.109182665814237e+00;

4.422277861791385e-01 -1.645398696710065e-01;
-1.645398696710065e-01 -4.422277861791385e-01;
-3.636096001600417e-01 -3.007105622549834e-01;
-4.544839032104768e-01 -1.268194200539635e-01;
4.422277861791385e-01 -1.645398696710065e-01;

4.189877759623928e-01 -4.632652201943460e-01;
-4.632652201943460e-01 -4.189877759623927e-01;
-6.106933373592918e-01 -1.312214477614019e-01;
-6.112686955192006e-01 1.285146004385607e-01;
4.632652201943460e-01 4.189877759623928e-01;

1.339787173360142e+00 -5.888207200830865e-01;
-5.888207200830867e-01 -1.339787173360142e+00;
-1.179827288546670e+00 -8.658793677528849e-01;
-1.430010727603001e+00 -3.111411725243995e-01;
-1.339787173360142e+00 5.888207200830866e-01;

6.420395550394838e-01 7.238040641090659e-02;
7.238040641090648e-02 -6.420395550394838e-01;
-2.583365068316550e-01 -5.922127681041034e-01;
-4.768767756446054e-01 -4.359383606868190e-01;
7.238040641090648e-02 -6.420395550394838e-01;

2.743033629733934e-01 -1.932299033340878e-01;
-1.932299033340878e-01 -2.743033629733934e-01;
-3.044936865448282e-01 -1.409387290114184e-01;
-9.900815793598859e-02 -3.205893247491820e-01;
2.743033629733934e-01 -1.932299033340878e-01;

2.174559142829720e-01 -3.088565614238931e-01;
-3.088565614238932e-01 -2.174559142829720e-01;
-3.762055854600863e-01 -3.389406526027838e-02;
-2.265424723019278e-01 -3.022547905899336e-01;
3.088565614238931e-01 2.174559142829720e-01;

3.947154696660366e-01 -4.594695496475221e-01;
-4.594695496475221e-01 -3.947154696660365e-01;
-5.952700370931678e-01 -1.120988491737323e-01;
-3.150077211619812e-01 -5.173806187472740e-01;
-3.947154696660365e-01 4.594695496475221e-01;

4.322852275435604e-01 -1.747981159411788e-01;
-1.747981159411789e-01 -4.322852275435603e-01;
-3.675222227104988e-01 -2.869709307628702e-01;
-3.265940547377274e-02 -4.651432709639829e-01;
-1.747981159411789e-01 -4.322852275435603e-01;

