4 4

13
1 1 0 0 1 0
1 0 3 0 -1482768177395561/200000000000000 0
1 0 2 0 -3302386462458743/1000000000000000 0
1 0 1 0 -203389315268621/62500000000000 0
1 0 0 0 -2095619969314001/1000000000000000 0
0 1 3 0 -1482768177395561/200000000000000 0
0 1 2 0 -3302386462458743/1000000000000000 0
0 1 1 0 -203389315268621/62500000000000 0
0 1 0 0 -2095619969314001/1000000000000000 0
0 0 3 0 4000011859128229/500000000000000 0
0 0 2 0 345159309640209/25000000000000 0
0 0 1 0 201374205864253/125000000000000 0
0 0 0 0 286799986193857/250000000000000 0

18
1 0 2 0 -1482768177395561/200000000000000 0
1 0 1 1 -1482768177395561/200000000000000 0
1 0 1 0 -3302386462458743/1000000000000000 0
1 0 0 2 -1482768177395561/200000000000000 0
1 0 0 1 -3302386462458743/1000000000000000 0
1 0 0 0 -203389315268621/62500000000000 0
0 1 2 0 -1482768177395561/200000000000000 0
0 1 1 1 -1482768177395561/200000000000000 0
0 1 1 0 -3302386462458743/1000000000000000 0
0 1 0 2 -1482768177395561/200000000000000 0
0 1 0 1 -3302386462458743/1000000000000000 0
0 1 0 0 -203389315268621/62500000000000 0
0 0 2 0 4000011859128229/500000000000000 0
0 0 1 1 4000011859128229/500000000000000 0
0 0 1 0 345159309640209/25000000000000 0
0 0 0 2 4000011859128229/500000000000000 0
0 0 0 1 345159309640209/25000000000000 0
0 0 0 0 201374205864253/125000000000000 0

18
2 1 0 0 1 0
2 0 3 0 -1482768177395561/200000000000000 0
2 0 2 0 -3302386462458743/1000000000000000 0
2 0 1 0 -203389315268621/62500000000000 0
2 0 0 0 -2095619969314001/1000000000000000 0
1 2 0 0 1 0
1 1 3 0 -1482768177395561/200000000000000 0
1 1 2 0 -3302386462458743/1000000000000000 0
1 1 1 0 -203389315268621/62500000000000 0
1 1 0 0 -2095619969314001/1000000000000000 0
0 2 3 0 -1482768177395561/200000000000000 0
0 2 2 0 -3302386462458743/1000000000000000 0
0 2 1 0 -203389315268621/62500000000000 0
0 2 0 0 -2095619969314001/1000000000000000 0
0 0 3 0 2368906927293421/250000000000000 0
0 0 2 0 4095567743159493/1000000000000000 0
0 0 1 0 1272553036897703/1000000000000000 0
0 0 0 0 1313180643044767/1000000000000000 0

24
2 0 2 0 -1482768177395561/200000000000000 0
2 0 1 1 -1482768177395561/200000000000000 0
2 0 1 0 -3302386462458743/1000000000000000 0
2 0 0 2 -1482768177395561/200000000000000 0
2 0 0 1 -3302386462458743/1000000000000000 0
2 0 0 0 -203389315268621/62500000000000 0
1 1 2 0 -1482768177395561/200000000000000 0
1 1 1 1 -1482768177395561/200000000000000 0
1 1 1 0 -3302386462458743/1000000000000000 0
1 1 0 2 -1482768177395561/200000000000000 0
1 1 0 1 -3302386462458743/1000000000000000 0
1 1 0 0 -203389315268621/62500000000000 0
0 2 2 0 -1482768177395561/200000000000000 0
0 2 1 1 -1482768177395561/200000000000000 0
0 2 1 0 -3302386462458743/1000000000000000 0
0 2 0 2 -1482768177395561/200000000000000 0
0 2 0 1 -3302386462458743/1000000000000000 0
0 2 0 0 -203389315268621/62500000000000 0
0 0 2 0 2368906927293421/250000000000000 0
0 0 1 1 2368906927293421/250000000000000 0
0 0 1 0 4095567743159493/1000000000000000 0
0 0 0 2 2368906927293421/250000000000000 0
0 0 0 1 4095567743159493/1000000000000000 0
0 0 0 0 1272553036897703/1000000000000000 0

