240

-5.379443754199037e-01 7.706575743535288e-01;
-5.379443754199037e-01 7.706575743535288e-01;
-5.379443754199037e-01 7.706575743535288e-01;
-5.379443754199037e-01 7.706575743535288e-01;
-5.379443754199037e-01 7.706575743535288e-01;

-2.431572114776859e-01 4.609928790350604e-01;
-2.431572114776859e-01 4.609928790350604e-01;
-2.431572114776859e-01 4.609928790350604e-01;
-2.431572114776859e-01 4.609928790350604e-01;
-4.609928790350604e-01 -2.431572114776858e-01;

-1.791489511384280e-02 5.035980847955738e-01;
-1.791489511384280e-02 5.035980847955738e-01;
-1.791489511384280e-02 5.035980847955738e-01;
-1.791489511384280e-02 5.035980847955738e-01;
1.791489511384273e-02 -5.035980847955738e-01;

1.552209951737036e-01 8.342254241379431e-01;
1.552209951737036e-01 8.342254241379431e-01;
1.552209951737036e-01 8.342254241379431e-01;
1.552209951737036e-01 8.342254241379431e-01;
8.342254241379431e-01 -1.552209951737038e-01;

-1.758800736826233e+00 -1.519901114363274e+00;
-1.758800736826233e+00 -1.519901114363274e+00;
-1.758800736826233e+00 -1.519901114363274e+00;
9.020125415409715e-01 -2.142394175730979e+00;
-1.758800736826233e+00 -1.519901114363274e+00;

-9.138629136482861e-01 8.118002267245154e-01;
-9.138629136482861e-01 8.118002267245154e-01;
-9.138629136482861e-01 8.118002267245154e-01;
-1.054467066402559e+00 -6.182752129303670e-01;
-8.118002267245155e-01 -9.138629136482861e-01;

2.904210263630014e-01 1.131060729408121e+00;
2.904210263630014e-01 1.131060729408121e+00;
2.904210263630014e-01 1.131060729408121e+00;
-9.859576443591606e-01 6.257237966488923e-01;
-2.904210263630015e-01 -1.131060729408121e+00;

2.003411888941597e+00 1.944839276649451e-02;
2.003411888941597e+00 1.944839276649451e-02;
2.003411888941597e+00 1.944839276649451e-02;
6.005917997437265e-01 1.911367815679214e+00;
1.944839276649414e-02 -2.003411888941597e+00;

-5.123120352759253e-01 -3.481974593891765e-01;
-5.123120352759253e-01 -3.481974593891765e-01;
-5.123120352759253e-01 -3.481974593891765e-01;
6.191344744757064e-01 -1.943179686310585e-02;
-5.123120352759253e-01 -3.481974593891765e-01;

-6.151825865511706e-01 -3.144236949528704e-02;
-6.151825865511706e-01 -3.144236949528704e-02;
-6.151825865511706e-01 -3.144236949528704e-02;
5.161745282498944e-01 -3.361578405768125e-01;
3.144236949528700e-02 -6.151825865511706e-01;

-1.178466302042019e+00 3.006601277901733e-01;
-1.178466302042019e+00 3.006601277901733e-01;
-1.178466302042019e+00 3.006601277901733e-01;
7.766756765827592e-01 -9.359242655771399e-01;
1.178466302042019e+00 -3.006601277901734e-01;

-7.894561176738100e-01 -9.607115172010002e-01;
-7.894561176738100e-01 -9.607115172010002e-01;
-7.894561176738100e-01 -9.607115172010002e-01;
1.203375477029655e+00 3.132012808066119e-01;
-9.607115172010001e-01 7.894561176738102e-01;

-4.441409033738448e-01 -2.786409398180346e-02;
-4.441409033738448e-01 -2.786409398180346e-02;
-4.441409033738448e-01 -2.786409398180346e-02;
3.429394352154863e-01 2.836019985071420e-01;
-4.441409033738448e-01 -2.786409398180346e-02;

-3.684885088071266e-01 9.965339971809212e-02;
-3.684885088071266e-01 9.965339971809212e-02;
-3.684885088071266e-01 9.965339971809212e-02;
3.566882645519494e-01 1.359708171968980e-01;
-9.965339971809214e-02 -3.684885088071266e-01;

-4.431917948253923e-01 2.522561770481269e-01;
-4.431917948253923e-01 2.522561770481269e-01;
-4.431917948253923e-01 2.522561770481269e-01;
5.068221544498452e-01 5.642206676740691e-02;
4.431917948253922e-01 -2.522561770481270e-01;

-6.978229481257388e-01 7.156089023431099e-02;
-6.978229481257388e-01 7.156089023431099e-02;
-6.978229481257388e-01 7.156089023431099e-02;
6.066130600191985e-01 3.522760612874068e-01;
7.156089023431111e-02 6.978229481257388e-01;

-4.334680598713395e-01 2.318118745949700e-01;
-4.334680598713395e-01 2.318118745949700e-01;
-4.334680598713395e-01 2.318118745949700e-01;
8.651719686916019e-02 4.838864316942151e-01;
-4.334680598713395e-01 2.318118745949700e-01;

-2.770034379093581e-01 2.375722929058501e-01;
-2.770034379093581e-01 2.375722929058501e-01;
-2.770034379093581e-01 2.375722929058501e-01;
1.403459074450125e-01 3.368598005603854e-01;
-2.375722929058501e-01 -2.770034379093581e-01;

-2.141896617128885e-01 3.531713485233491e-01;
-2.141896617128885e-01 3.531713485233491e-01;
-2.141896617128885e-01 3.531713485233491e-01;
2.696976668931745e-01 3.128424221151295e-01;
2.141896617128885e-01 -3.531713485233491e-01;

-3.891571365792885e-01 5.000278286156272e-01;
-3.891571365792885e-01 5.000278286156272e-01;
-3.891571365792885e-01 5.000278286156272e-01;
3.552985560485160e-01 5.246275273091278e-01;
5.000278286156273e-01 3.891571365792884e-01;

-1.054192423741448e+00 -1.034157657583092e+00;
-1.054192423741448e+00 -1.034157657583092e+00;
1.422703014855890e+00 -3.958785906456376e-01;
-1.054192423741448e+00 -1.034157657583092e+00;
-1.054192423741448e+00 -1.034157657583092e+00;

-1.076351857704685e+00 4.900940251851576e-01;
-1.076351857704685e+00 4.900940251851576e-01;
1.137420527990251e-01 -1.177195064775409e+00;
-1.076351857704685e+00 4.900940251851576e-01;
-4.900940251851577e-01 -1.076351857704685e+00;

1.349208251665454e-01 1.559385819871740e+00;
1.349208251665454e-01 1.559385819871740e+00;
-1.417928146893424e+00 -6.628480478420825e-01;
1.349208251665454e-01 1.559385819871740e+00;
-1.349208251665455e-01 -1.559385819871740e+00;

2.247809057662410e+00 -1.239080317983954e+00;
2.247809057662410e+00 -1.239080317983954e+00;
-5.082949612780036e-02 2.566199905784384e+00;
2.247809057662410e+00 -1.239080317983954e+00;
-1.239080317983954e+00 -2.247809057662410e+00;

-7.429536659353173e-02 -6.051405950251214e-01;
-7.429536659353173e-02 -6.051405950251214e-01;
5.612148114497522e-01 2.382286226590844e-01;
5.525643752926502e-01 -2.576578203782459e-01;
-7.429536659353173e-02 -6.051405950251214e-01;

-5.512662632835698e-01 -9.112632843999300e-01;
-5.512662632835698e-01 -9.112632843999300e-01;
1.064810285468168e+00 -2.177894605292739e-02;
6.963122409088800e-01 -8.058812131390281e-01;
9.112632843999300e-01 -5.512662632835699e-01;

8.859331709649036e-01 -1.353369046365339e+00;
8.859331709649036e-01 -1.353369046365339e+00;
7.290853893654521e-01 1.443925155293578e+00;
1.560898856206555e+00 4.243584802602938e-01;
-8.859331709649035e-01 1.353369046365339e+00;

2.851550555702971e-01 -6.124838705716591e-01;
2.851550555702971e-01 -6.124838705716591e-01;
3.878490635381285e-01 5.531934574272701e-01;
6.706245344360082e-01 8.193064896744923e-02;
-6.124838705716591e-01 -2.851550555702970e-01;

-1.848277750815678e-01 -3.444500893309822e-01;
-1.848277750815678e-01 -3.444500893309822e-01;
3.907164152372337e-01 1.215949611989684e-02;
3.519914937330751e-01 1.700269355757575e-01;
-1.848277750815678e-01 -3.444500893309822e-01;

-3.494023959471388e-01 -3.339555247319577e-01;
-3.494023959471388e-01 -3.339555247319577e-01;
4.639151661256071e-01 -1.356135886673924e-01;
4.789666085555986e-01 6.480211942017322e-02;
3.339555247319577e-01 -3.494023959471388e-01;

-3.817789675927295e-01 -6.504972411681058e-01;
-3.817789675927295e-01 -6.504972411681058e-01;
7.542366197396368e-01 -5.381663981846952e-03;
6.912183578929934e-01 3.018592761125637e-01;
3.817789675927296e-01 6.504972411681058e-01;

-9.572866164611726e-02 -4.893995373714176e-01;
-9.572866164611726e-02 -4.893995373714176e-01;
4.716967627870581e-01 1.617963158298861e-01;
3.651079446661565e-01 3.396646472354302e-01;
-4.893995373714176e-01 9.572866164611735e-02;

-3.162482254082177e-01 -2.221844107441539e-01;
-3.162482254082177e-01 -2.221844107441539e-01;
3.505414567334223e-01 -1.627867917331871e-01;
1.252534688714602e-01 3.656370071358203e-01;
-3.162482254082177e-01 -2.221844107441539e-01;

-3.866961199736761e-01 -1.066485862026548e-01;
-3.866961199736761e-01 -1.066485862026548e-01;
2.857084449160316e-01 -2.815643703407513e-01;
2.501572665697945e-01 3.135747951032569e-01;
1.066485862026548e-01 -3.866961199736761e-01;

-5.993428494674788e-01 -1.430060105082357e-01;
-5.993428494674788e-01 -1.430060105082357e-01;
4.235182627277359e-01 -4.475431279612715e-01;
4.008217267103729e-01 4.679791807828568e-01;
5.993428494674788e-01 1.430060105082357e-01;

-4.151164049234830e-01 -3.858152409347753e-01;
-4.151164049234830e-01 -3.858152409347753e-01;
5.416840022784707e-01 -1.665937317240163e-01;
1.090597174958016e-01 5.561303874037919e-01;
-3.858152409347753e-01 4.151164049234830e-01;

-5.687551872194964e-01 -1.320465857767404e-01;
-5.687551872194964e-01 -1.320465857767404e-01;
3.987332913754062e-01 -4.265331477778882e-01;
-3.013387843472251e-01 5.001136879275702e-01;
-5.687551872194964e-01 -1.320465857767404e-01;

-4.872677192942341e-01 1.090178196051069e-01;
-4.872677192942341e-01 1.090178196051069e-01;
1.492216584039051e-01 -4.764951331554650e-01;
-4.689189834451316e-02 4.971074985627394e-01;
-1.090178196051070e-01 -4.872677192942341e-01;

-6.277458575491394e-01 4.019262569006349e-01;
-6.277458575491394e-01 4.019262569006349e-01;
-3.420542014937086e-02 -7.446069882083195e-01;
1.882704475643101e-01 7.212238322672053e-01;
6.277458575491394e-01 -4.019262569006350e-01;

-1.168437279983380e+00 -1.401487127761458e-01;
-1.168437279983380e+00 -1.401487127761458e-01;
7.055909855635205e-01 -9.418220108063245e-01;
-4.943563229122339e-01 1.067941555022776e+00;
-1.401487127761456e-01 1.168437279983380e+00;

-5.823300834859775e-01 3.072110500573369e-02;
-5.823300834859775e-01 3.072110500573369e-02;
3.177702991102836e-01 4.889520931839025e-01;
-5.823300834859775e-01 3.072110500573369e-02;
-5.823300834859775e-01 3.072110500573369e-02;

-4.136592010590792e-01 1.893687904673743e-01;
-4.136592010590792e-01 1.893687904673743e-01;
3.708277837582183e-01 2.635549813926499e-01;
-4.136592010590792e-01 1.893687904673743e-01;
-1.893687904673744e-01 -4.136592010590792e-01;

-4.161891618378165e-01 4.257821764525941e-01;
-4.161891618378165e-01 4.257821764525941e-01;
5.768327622054832e-01 1.475392987050048e-01;
-4.161891618378165e-01 4.257821764525941e-01;
4.161891618378165e-01 -4.257821764525941e-01;

-9.546498685914528e-01 4.047815483235652e-01;
-9.546498685914528e-01 4.047815483235652e-01;
8.278760381271326e-01 6.243602637578912e-01;
-9.546498685914528e-01 4.047815483235652e-01;
4.047815483235654e-01 9.546498685914527e-01;

-4.503815089119962e-01 -3.351720802053684e-01;
-4.503815089119962e-01 -3.351720802053684e-01;
-6.507678164112607e-02 5.576278682152405e-01;
1.795920507534788e-01 -5.319121376930596e-01;
-4.503815089119962e-01 -3.351720802053684e-01;

-5.719739433434355e-01 -7.964667652443749e-02;
-5.719739433434355e-01 -7.964667652443749e-02;
2.170109264745535e-01 5.351673035003950e-01;
-1.010011781229564e-01 -5.685917225593446e-01;
7.964667652443745e-02 -5.719739433434355e-01;

-1.119829485181327e+00 5.948850302583426e-02;
-1.119829485181327e+00 5.948850302583426e-02;
6.114332974441440e-01 9.400565305609614e-01;
-4.026232701705422e-01 -1.046638170616240e+00;
1.119829485181327e+00 -5.948850302583440e-02;

-6.234149083568905e-01 -8.018071369795189e-01;
-6.234149083568905e-01 -8.018071369795189e-01;
-3.826778953814868e-01 9.407967162247746e-01;
5.699181012073525e-01 -8.406748424861594e-01;
-8.018071369795188e-01 6.234149083568906e-01;

-2.770651279923803e-01 -1.919640096911980e-01;
-2.770651279923803e-01 -1.919640096911980e-01;
-2.771314500870930e-02 3.359274441897873e-01;
3.369840109619212e-01 -7.552650009911383e-03;
-2.770651279923803e-01 -1.919640096911980e-01;

-3.334048286677002e-01 -1.058428631807550e-01;
-3.334048286677002e-01 -1.058428631807550e-01;
7.503980601003583e-02 3.416584829610041e-01;
3.319430464368949e-01 -1.103417662874398e-01;
1.058428631807550e-01 -3.334048286677002e-01;

-4.815775349529090e-01 -1.467104307909610e-01;
-4.815775349529090e-01 -1.467104307909610e-01;
1.137338074113238e-01 4.904135945565881e-01;
4.758386374625010e-01 -1.643729411187260e-01;
4.815775349529090e-01 1.467104307909609e-01;

-3.528072570349382e-01 -3.067813393743204e-01;
-3.528072570349382e-01 -3.067813393743204e-01;
-8.927680478770746e-02 4.589307169189228e-01;
4.657486136428330e-01 4.081641452403680e-02;
-3.067813393743204e-01 3.528072570349383e-01;

-2.777258003894255e-01 -7.659383440932434e-02;
-2.777258003894255e-01 -7.659383440932434e-02;
7.253069382297936e-02 2.788145156282708e-01;
1.796641660090970e-01 2.252088433515115e-01;
-2.777258003894255e-01 -7.659383440932434e-02;

-2.751070058923767e-01 -7.440723435111348e-03;
-2.751070058923767e-01 -7.440723435111348e-03;
1.311096474288478e-01 2.419700175794291e-01;
2.181926955369962e-01 1.677235125753265e-01;
7.440723435111331e-03 -2.751070058923767e-01;

-3.545760398948480e-01 2.372755011933312e-02;
-3.545760398948480e-01 2.372755011933312e-02;
1.978366811203351e-01 2.952080830625563e-01;
3.008047461062759e-01 1.892185757850354e-01;
3.545760398948480e-01 -2.372755011933316e-02;

-3.728085075539631e-01 -9.413615346464405e-02;
-3.728085075539631e-01 -9.413615346464405e-02;
1.048799534620495e-01 3.699297150210168e-01;
2.462765755446584e-01 2.952890906073717e-01;
-9.413615346464398e-02 3.728085075539631e-01;

-3.438531166794445e-01 2.103272194603319e-02;
-3.438531166794445e-01 2.103272194603319e-02;
1.901414298557216e-01 2.872691732418369e-01;
-8.625314936054099e-02 3.335232157856706e-01;
-3.438531166794445e-01 2.103272194603319e-02;

-2.858147556588219e-01 8.994344596051493e-02;
-2.858147556588219e-01 8.994344596051493e-02;
2.208006869351298e-01 2.025511161967243e-01;
-2.780316362910336e-03 2.996200391570735e-01;
-8.994344596051494e-02 -2.858147556588219e-01;

-3.265710524342206e-01 1.783055953127833e-01;
-3.265710524342206e-01 1.783055953127833e-01;
3.177027013948883e-01 1.936660298922631e-01;
6.866269324102309e-02 3.656869865947238e-01;
3.265710524342206e-01 -1.783055953127834e-01;

-4.594825662395032e-01 1.027134720783688e-01;
-4.594825662395032e-01 1.027134720783688e-01;
3.186937592505228e-01 3.465668389202913e-01;
-4.430160465558586e-02 4.687340971695717e-01;
1.027134720783689e-01 4.594825662395032e-01;

-1.045883435108114e-01 3.872743032927427e-01;
-3.872743032927427e-01 -1.045883435108113e-01;
-1.045883435108114e-01 3.872743032927427e-01;
-1.045883435108114e-01 3.872743032927427e-01;
-1.045883435108114e-01 3.872743032927427e-01;

-8.271327873171937e-02 2.855190282905165e-01;
-2.855190282905165e-01 -8.271327873171935e-02;
-8.271327873171937e-02 2.855190282905165e-01;
-8.271327873171937e-02 2.855190282905165e-01;
-2.855190282905165e-01 -8.271327873171935e-02;

-9.001098582902300e-03 2.840199055243616e-01;
-2.840199055243616e-01 -9.001098582902283e-03;
-9.001098582902300e-03 2.840199055243616e-01;
-9.001098582902300e-03 2.840199055243616e-01;
9.001098582902265e-03 -2.840199055243616e-01;

2.398654171392119e-02 3.698115215365483e-01;
-3.698115215365483e-01 2.398654171392122e-02;
2.398654171392119e-02 3.698115215365483e-01;
2.398654171392119e-02 3.698115215365483e-01;
3.698115215365483e-01 -2.398654171392126e-02;

-2.150412387485156e-01 7.352794922097804e-01;
-7.352794922097804e-01 -2.150412387485155e-01;
-2.150412387485156e-01 7.352794922097804e-01;
-7.657437496290350e-01 2.269748732424638e-02;
-2.150412387485156e-01 7.352794922097804e-01;

-1.376191658153673e-01 4.381300386058757e-01;
-4.381300386058757e-01 -1.376191658153673e-01;
-1.376191658153673e-01 4.381300386058757e-01;
-4.592130891894176e-01 4.506023259559146e-03;
-4.381300386058757e-01 -1.376191658153673e-01;

3.063548521674326e-02 4.208556716381238e-01;
-4.208556716381238e-01 3.063548521674328e-02;
3.063548521674326e-02 4.208556716381238e-01;
-3.907906433683149e-01 1.591876325605104e-01;
-3.063548521674331e-02 -4.208556716381238e-01;

1.776978201388369e-01 5.968728749263877e-01;
-5.968728749263877e-01 1.776978201388369e-01;
1.776978201388369e-01 5.968728749263877e-01;
-5.127481908122798e-01 3.534445316081713e-01;
5.968728749263877e-01 -1.776978201388370e-01;

-6.018691304175799e-01 2.740968462230512e-01;
-2.740968462230512e-01 -6.018691304175799e-01;
-6.018691304175799e-01 2.740968462230512e-01;
3.258122709877063e-01 -5.755188053685737e-01;
-6.018691304175799e-01 2.740968462230512e-01;

-3.413749548805019e-01 2.980538931768352e-01;
-2.980538931768352e-01 -3.413749548805019e-01;
-3.413749548805019e-01 2.980538931768352e-01;
1.009864571546070e-01 -4.417858288004423e-01;
-2.980538931768352e-01 -3.413749548805019e-01;

-2.251555877001317e-01 4.670200302543328e-01;
-4.670200302543328e-01 -2.251555877001317e-01;
-2.251555877001317e-01 4.670200302543328e-01;
-9.235278948079606e-02 -5.101702751106393e-01;
2.251555877001317e-01 -4.670200302543328e-01;

-4.848855613042968e-01 8.025604885053517e-01;
-8.025604885053517e-01 -4.848855613042967e-01;
-4.848855613042968e-01 8.025604885053517e-01;
-7.945255979387723e-02 -9.342936561989127e-01;
8.025604885053518e-01 4.848855613042966e-01;

-3.190916554847654e-01 1.947060168150352e-01;
-1.947060168150352e-01 -3.190916554847654e-01;
-3.190916554847654e-01 1.947060168150352e-01;
3.725958972668991e-01 3.003689271311799e-02;
-3.190916554847654e-01 1.947060168150352e-01;

-2.230041802125718e-01 1.924820526151707e-01;
-1.924820526151707e-01 -2.230041802125718e-01;
-2.230041802125718e-01 1.924820526151707e-01;
2.935522834668052e-01 -2.464268334932319e-02;
-1.924820526151707e-01 -2.230041802125718e-01;

-1.873205742129765e-01 2.687898918119498e-01;
-2.687898918119498e-01 -1.873205742129765e-01;
-1.873205742129765e-01 2.687898918119498e-01;
3.095362623067250e-01 -1.073513194187256e-01;
1.873205742129765e-01 -2.687898918119498e-01;

-2.947696529097197e-01 3.393247170595800e-01;
-3.393247170595800e-01 -2.947696529097197e-01;
-2.947696529097197e-01 3.393247170595800e-01;
4.379237230559052e-01 -1.012582079089665e-01;
3.393247170595801e-01 2.947696529097197e-01;

-1.914439486239385e-01 2.601676084585267e-01;
-2.601676084585267e-01 -1.914439486239384e-01;
-1.914439486239385e-01 2.601676084585267e-01;
1.882746657583667e-01 2.624702272436433e-01;
-1.914439486239385e-01 2.601676084585267e-01;

-1.367633345965096e-01 2.139561825266038e-01;
-2.139561825266038e-01 -1.367633345965096e-01;
-1.367633345965096e-01 2.139561825266038e-01;
1.612222269958533e-01 1.961857570105735e-01;
-2.139561825266038e-01 -1.367633345965096e-01;

-8.836272930413717e-02 2.456692365862109e-01;
-2.456692365862109e-01 -8.836272930413716e-02;
-8.836272930413717e-02 2.456692365862109e-01;
2.063397432842401e-01 1.599539186025831e-01;
8.836272930413715e-02 -2.456692365862109e-01;

-1.154969333618353e-01 3.177824428524466e-01;
-3.177824428524466e-01 -1.154969333618353e-01;
-1.154969333618353e-01 3.177824428524466e-01;
2.665385478320138e-01 2.080442864412720e-01;
3.177824428524466e-01 1.154969333618352e-01;

-3.749475055821518e-01 7.579775534698464e-01;
-7.579775534698464e-01 -3.749475055821517e-01;
-4.689540640121889e-01 -7.037028416546741e-01;
-3.749475055821518e-01 7.579775534698464e-01;
-3.749475055821518e-01 7.579775534698464e-01;

-1.925831238018912e-01 4.478150560401551e-01;
-4.478150560401551e-01 -1.925831238018912e-01;
-2.915276528269808e-01 -3.906894055726788e-01;
-1.925831238018912e-01 4.478150560401551e-01;
-4.478150560401551e-01 -1.925831238018912e-01;

3.003249338904373e-03 4.606698657634568e-01;
-4.606698657634568e-01 3.003249338904401e-03;
-4.004534311785730e-01 -2.277340426603383e-01;
3.003249338904373e-03 4.606698657634568e-01;
-3.003249338904429e-03 -4.606698657634568e-01;

1.578703707055245e-01 7.076891464935871e-01;
-7.076891464935871e-01 1.578703707055246e-01;
-6.918119641987357e-01 -2.171248217109425e-01;
1.578703707055245e-01 7.076891464935871e-01;
7.076891464935871e-01 -1.578703707055246e-01;

-3.605548522066537e+00 -1.404872768135812e+00;
1.404872768135812e+00 -3.605548522066537e+00;
3.019429767323846e+00 -2.420060230619153e+00;
2.219376333391389e-01 -3.863209977018282e+00;
-3.605548522066537e+00 -1.404872768135812e+00;

-6.491775125751498e-01 9.003285912230189e-01;
-9.003285912230189e-01 -6.491775125751498e-01;
-4.551186754650151e-01 -1.012368513067181e+00;
-1.056870257241265e+00 -3.391876683573071e-01;
-9.003285912230189e-01 -6.491775125751498e-01;

2.651436691063144e-01 9.057661438932380e-01;
-9.057661438932380e-01 2.651436691063144e-01;
-9.169883250525726e-01 -2.232619188479353e-01;
-7.795008936844187e-01 5.320637456504409e-01;
-2.651436691063145e-01 -9.057661438932380e-01;

1.545243073261112e+00 5.090015427265157e-01;
-5.090015427265155e-01 1.545243073261112e+00;
-1.213429803197189e+00 1.083718985102804e+00;
-6.582863936483090e-03 1.626903620950489e+00;
5.090015427265153e-01 -1.545243073261112e+00;

-6.005873334560294e-01 -3.458093088266527e-01;
3.458093088266527e-01 -6.005873334560294e-01;
5.997733130370342e-01 -3.472192335507510e-01;
6.891469712060211e-01 -7.325076966529946e-02;
-6.005873334560294e-01 -3.458093088266527e-01;

-6.477872772477067e-01 4.409368464461543e-02;
-4.409368464461547e-02 -6.477872772477067e-01;
2.857073875751564e-01 -5.830470806671750e-01;
4.981532984799303e-01 -4.164323484110011e-01;
-4.409368464461547e-02 -6.477872772477067e-01;

-1.079430306753725e+00 5.923517446977656e-01;
-5.923517446977657e-01 -1.079430306753725e+00;
2.672349449256304e-02 -1.230989939612438e+00;
5.251018427040631e-01 -1.113695843295522e+00;
1.079430306753725e+00 -5.923517446977657e-01;

-1.152205542087710e+00 -1.173851241872454e+00;
1.173851241872454e+00 -1.152205542087710e+00;
1.592687766769311e+00 -4.109136488929506e-01;
1.622126312919789e+00 2.724161782941413e-01;
-1.173851241872453e+00 1.152205542087710e+00;

-4.631725733169424e-01 1.003561598599035e-02;
-1.003561598599038e-02 -4.631725733169424e-01;
2.228951882719783e-01 -4.061370228216778e-01;
3.806132702160185e-01 2.641270239803659e-01;
-4.631725733169424e-01 1.003561598599035e-02;

-3.630053171740137e-01 1.294141848525944e-01;
-1.294141848525944e-01 -3.630053171740137e-01;
6.942668689460470e-02 -3.790789188078206e-01;
3.697452199360520e-01 1.086708970797071e-01;
-1.294141848525944e-01 -3.630053171740137e-01;

-4.086990380736014e-01 2.920958373855654e-01;
-2.920958373855654e-01 -4.086990380736014e-01;
-4.861289647878742e-02 -4.999916681667849e-01;
5.023340928574929e-01 3.916770774679288e-03;
4.086990380736013e-01 -2.920958373855654e-01;

-7.059564087934279e-01 1.762410183779599e-01;
-1.762410183779599e-01 -7.059564087934279e-01;
2.003490052925604e-01 -6.994966931685205e-01;
6.747226034533623e-01 2.723687868764163e-01;
1.762410183779600e-01 7.059564087934279e-01;

-4.034382791743835e-01 2.706912022381674e-01;
-2.706912022381674e-01 -4.034382791743835e-01;
-3.270631813201245e-02 -4.847333997431783e-01;
1.327733473461096e-01 4.673407860510803e-01;
-4.034382791743835e-01 2.706912022381674e-01;

-2.536062900898342e-01 2.505644522903888e-01;
-2.505644522903888e-01 -2.536062900898342e-01;
-9.019203592389369e-02 -3.449117159225165e-01;
1.599323015845589e-01 3.186225887073566e-01;
-2.505644522903888e-01 -2.536062900898342e-01;

-1.810303949748971e-01 3.490776663662811e-01;
-3.490776663662811e-01 -1.810303949748971e-01;
-2.117949294795397e-01 -3.313157540885321e-01;
2.760511207451050e-01 2.800410680522901e-01;
1.810303949748970e-01 -3.490776663662811e-01;

-3.119381696920532e-01 5.052878629261494e-01;
-5.052878629261494e-01 -3.119381696920531e-01;
-2.816230406719681e-01 -5.227903108264137e-01;
3.841631190117062e-01 4.528133656623896e-01;
5.052878629261495e-01 3.119381696920531e-01;

-3.068939582943205e-01 2.843318626079885e-01;
-2.843318626079885e-01 -3.068939582943205e-01;
3.996855952710251e-01 1.236120328468492e-01;
-3.068939582943205e-01 2.843318626079885e-01;
-3.068939582943205e-01 2.843318626079885e-01;

-2.007864955530423e-01 2.411071242395219e-01;
-2.411071242395219e-01 -2.007864955530423e-01;
3.091981424013579e-01 5.333264376602479e-02;
-2.007864955530423e-01 2.411071242395219e-01;
-2.411071242395219e-01 -2.007864955530423e-01;

-1.356333407805959e-01 3.053568639848618e-01;
-3.053568639848618e-01 -1.356333407805959e-01;
3.322634718211379e-01 -3.521651327628315e-02;
-1.356333407805959e-01 3.053568639848618e-01;
1.356333407805959e-01 -3.053568639848618e-01;

-2.057996686692541e-01 4.233470350155413e-01;
-4.233470350155413e-01 -2.057996686692541e-01;
4.695291212749060e-01 -3.344577634977643e-02;
-2.057996686692541e-01 4.233470350155413e-01;
4.233470350155413e-01 2.057996686692540e-01;

-6.170472094435133e-01 1.976106148696574e-01;
-1.976106148696574e-01 -6.170472094435133e-01;
4.796594172563431e-01 4.355732512775507e-01;
-3.786169370105629e-01 -5.257817311393869e-01;
-6.170472094435133e-01 1.976106148696574e-01;

-3.687992142478906e-01 2.720475356879893e-01;
-2.720475356879893e-01 -3.687992142478906e-01;
4.199996840666978e-01 1.833657205904184e-01;
-3.726978062728260e-01 -2.666815841095751e-01;
-2.720475356879893e-01 -3.687992142478906e-01;

-2.765035357880227e-01 4.694828540237533e-01;
-4.694828540237533e-01 -2.765035357880227e-01;
5.448358461198030e-01 4.717659216770406e-03;
-5.319490191713975e-01 -1.178923090288567e-01;
2.765035357880227e-01 -4.694828540237534e-01;

-6.523130122063723e-01 7.651117935369082e-01;
-7.651117935369082e-01 -6.523130122063723e-01;
9.887627560412232e-01 1.823637430214124e-01;
-9.292403633612302e-01 -3.839539941233897e-01;
7.651117935369083e-01 6.523130122063722e-01;

-4.017205543122730e-01 -2.518510404883167e-02;
2.518510404883165e-02 -4.017205543122730e-01;
1.790493372528942e-01 3.604927572812105e-01;
3.398021881657076e-01 -2.157502401869055e-01;
-4.017205543122730e-01 -2.518510404883167e-02;

-3.415800727020004e-01 8.264409822565812e-02;
-8.264409822565814e-02 -3.415800727020004e-01;
2.423619248872767e-01 2.544949712736386e-01;
2.277671016296959e-01 -2.676362091605765e-01;
-8.264409822565814e-02 -3.415800727020004e-01;

-4.147310846061096e-01 2.041035761922730e-01;
-2.041035761922730e-01 -4.147310846061096e-01;
3.841244242888160e-01 2.571158669118275e-01;
2.155554235159255e-01 -4.088960769509840e-01;
4.147310846061096e-01 -2.041035761922730e-01;

-6.005033258139246e-01 4.741632250263092e-02;
-4.741632250263095e-02 -6.005033258139246e-01;
3.413154027482767e-01 4.963429739605868e-01;
4.579467806771508e-01 -3.913276095813986e-01;
4.741632250263103e-02 6.005033258139246e-01;

-2.859253140141326e-01 5.160450118472292e-02;
-5.160450118472294e-02 -2.859253140141326e-01;
1.876534659826606e-01 2.218163349289201e-01;
2.616508029077162e-01 1.263137643899186e-01;
-2.859253140141326e-01 5.160450118472292e-02;

-2.361539100024333e-01 9.231552938903670e-02;
-9.231552938903671e-02 -2.361539100024333e-01;
1.980245486159315e-01 1.583575205706129e-01;
2.453142332125086e-01 6.412295345018365e-02;
-9.231552938903671e-02 -2.361539100024333e-01;

-2.570950538095113e-01 1.554178261484312e-01;
-1.554178261484312e-01 -2.570950538095113e-01;
2.631433125502506e-01 1.449419347121483e-01;
2.993465738550396e-01 2.538101848367859e-02;
2.570950538095113e-01 -1.554178261484312e-01;

-3.476095091833947e-01 1.217399615554307e-01;
-1.217399615554307e-01 -3.476095091833947e-01;
2.792346539544414e-01 2.401686847721445e-01;
3.527789543526355e-01 1.058300452617282e-01;
1.217399615554308e-01 3.476095091833947e-01;

-2.541254145299828e-01 1.480119166125143e-01;
-1.480119166125143e-01 -2.541254145299828e-01;
2.552447871142528e-01 1.460731064239590e-01;
6.223862599132375e-02 2.874258290482218e-01;
-2.541254145299828e-01 1.480119166125143e-01;

-1.916101117192059e-01 1.506988013858375e-01;
-1.506988013858375e-01 -1.916101117192059e-01;
2.263140461796038e-01 9.058982367788780e-02;
8.411229624055303e-02 2.288005359987517e-01;
-1.506988013858375e-01 -1.916101117192059e-01;

-1.748713264582047e-01 2.056409931926155e-01;
-2.056409931926155e-01 -1.748713264582047e-01;
2.655259873933702e-01 4.862251450997918e-02;
1.415379948887697e-01 2.298590761779137e-01;
1.748713264582046e-01 -2.056409931926155e-01;

-2.499132972617585e-01 2.361739584781456e-01;
-2.361739584781456e-01 -2.499132972617585e-01;
3.294892963852846e-01 9.834428493314191e-02;
1.473873262157001e-01 3.106634366681533e-01;
2.361739584781456e-01 2.499132972617585e-01;

1.305622437590664e-01 3.614052826847488e-01;
-1.305622437590665e-01 -3.614052826847488e-01;
1.305622437590664e-01 3.614052826847488e-01;
1.305622437590664e-01 3.614052826847488e-01;
1.305622437590664e-01 3.614052826847488e-01;

5.405342097132659e-02 2.957304250166657e-01;
-5.405342097132663e-02 -2.957304250166657e-01;
5.405342097132659e-02 2.957304250166657e-01;
5.405342097132659e-02 2.957304250166657e-01;
-2.957304250166657e-01 5.405342097132661e-02;

9.687766175241062e-02 2.423017181736924e-01;
-9.687766175241065e-02 -2.423017181736924e-01;
9.687766175241062e-02 2.423017181736924e-01;
9.687766175241062e-02 2.423017181736924e-01;
-9.687766175241065e-02 -2.423017181736924e-01;

1.644190310273761e-01 2.630308790473913e-01;
-1.644190310273762e-01 -2.630308790473913e-01;
1.644190310273761e-01 2.630308790473913e-01;
1.644190310273761e-01 2.630308790473913e-01;
2.630308790473912e-01 -1.644190310273762e-01;

3.844411211266257e-01 4.259407748390082e-01;
-3.844411211266258e-01 -4.259407748390082e-01;
3.844411211266257e-01 4.259407748390082e-01;
-2.862949097017605e-01 4.972481714017784e-01;
3.844411211266257e-01 4.259407748390082e-01;

1.674536893678857e-01 4.023695596704486e-01;
-1.674536893678858e-01 -4.023695596704486e-01;
1.674536893678857e-01 4.023695596704486e-01;
-3.309301558979316e-01 2.835969544083253e-01;
-4.023695596704486e-01 1.674536893678857e-01;

1.962778679787709e-01 2.766098794148836e-01;
-1.962778679787709e-01 -2.766098794148836e-01;
1.962778679787709e-01 2.766098794148836e-01;
-2.024184314640191e-01 2.721484988969339e-01;
-1.962778679787709e-01 -2.766098794148836e-01;

3.081478372322526e-01 2.443608343407761e-01;
-3.081478372322526e-01 -2.443608343407760e-01;
3.081478372322526e-01 2.443608343407761e-01;
-1.371780453424644e-01 3.685776591529332e-01;
2.443608343407760e-01 -3.081478372322526e-01;

3.357999662753239e-01 1.418388746292276e+00;
-3.357999662753241e-01 -1.418388746292276e+00;
3.357999662753239e-01 1.418388746292276e+00;
-1.105375866515481e+00 -9.501223324836812e-01;
3.357999662753239e-01 1.418388746292276e+00;

-5.709715687534477e-02 6.652500269898006e-01;
5.709715687534468e-02 -6.652500269898006e-01;
-5.709715687534477e-02 6.652500269898006e-01;
-3.448315847091283e-01 -5.717594441022985e-01;
-6.652500269898006e-01 -5.709715687534472e-02;

1.909538006134338e-01 4.875342810154542e-01;
-1.909538006134338e-01 -4.875342810154542e-01;
1.909538006134338e-01 4.875342810154542e-01;
-4.410503302046515e-01 -2.821836908120999e-01;
-1.909538006134338e-01 -4.875342810154542e-01;

5.240217353965467e-01 5.086014408482202e-01;
-5.240217353965468e-01 -5.086014408482201e-01;
5.240217353965467e-01 5.086014408482202e-01;
-7.228909155829447e-01 -1.034549610629958e-01;
5.086014408482201e-01 -5.240217353965468e-01;

-2.861574749136760e-01 5.476489058075069e-01;
2.861574749136760e-01 -5.476489058075069e-01;
-2.861574749136760e-01 5.476489058075069e-01;
5.534062105403489e-01 -2.748581281616059e-01;
-2.861574749136760e-01 5.476489058075069e-01;

-1.676995475520841e-01 3.657999999797103e-01;
1.676995475520840e-01 -3.657999999797103e-01;
-1.676995475520841e-01 3.657999999797103e-01;
3.506836291952863e-01 -1.973670956587057e-01;
-3.657999999797103e-01 -1.676995475520841e-01;

-3.235454696000087e-02 3.902310008736349e-01;
3.235454696000082e-02 -3.902310008736349e-01;
-3.235454696000087e-02 3.902310008736349e-01;
2.555474056367968e-01 -2.966859858910229e-01;
3.235454696000082e-02 -3.902310008736349e-01;

2.532604848139389e-02 5.801229368941502e-01;
-2.532604848139396e-02 -5.801229368941502e-01;
2.532604848139389e-02 5.801229368941502e-01;
3.204985032011670e-01 -4.842155925702802e-01;
5.801229368941502e-01 -2.532604848139400e-02;

-4.616355883739894e-02 3.890890307662471e-01;
4.616355883739889e-02 -3.890890307662471e-01;
-4.616355883739894e-02 3.890890307662471e-01;
3.557803339276208e-01 1.641392762793300e-01;
-4.616355883739894e-02 3.890890307662471e-01;

-5.046909493690085e-02 2.888884308581758e-01;
5.046909493690082e-02 -2.888884308581758e-01;
-5.046909493690085e-02 2.888884308581758e-01;
2.591534166237250e-01 1.372703962247465e-01;
-2.888884308581758e-01 -5.046909493690083e-02;

1.781897971896108e-02 2.731746587364673e-01;
-1.781897971896112e-02 -2.731746587364673e-01;
1.781897971896108e-02 2.731746587364673e-01;
2.653109068336036e-01 6.746875520669592e-02;
-1.781897971896112e-02 -2.731746587364673e-01;

6.365699771684992e-02 3.427161450506905e-01;
-6.365699771684996e-02 -3.427161450506905e-01;
6.365699771684992e-02 3.427161450506905e-01;
3.456135170954081e-01 4.536371058093697e-02;
3.427161450506905e-01 -6.365699771684999e-02;

4.525046802746092e-01 4.932947795312156e-01;
-4.525046802746092e-01 -4.932947795312155e-01;
-6.534581507655811e-01 1.452331586835591e-01;
4.525046802746092e-01 4.932947795312156e-01;
4.525046802746092e-01 4.932947795312156e-01;

1.710428228618364e-01 4.550698587209382e-01;
-1.710428228618365e-01 -4.550698587209382e-01;
-4.796234695798461e-01 -7.940749962711686e-02;
1.710428228618364e-01 4.550698587209382e-01;
-4.550698587209382e-01 1.710428228618365e-01;

2.124356169027785e-01 3.034419749615143e-01;
-2.124356169027785e-01 -3.034419749615143e-01;
-3.690062673425821e-01 3.225365342566801e-02;
2.124356169027785e-01 3.034419749615143e-01;
-2.124356169027785e-01 -3.034419749615143e-01;

3.468480915925819e-01 2.622474217763802e-01;
-3.468480915925820e-01 -2.622474217763802e-01;
-4.005369751316086e-01 1.692555476851376e-01;
3.468480915925819e-01 2.622474217763802e-01;
2.622474217763802e-01 -3.468480915925820e-01;

7.718923607015584e-01 -3.157267036225405e-02;
-7.718923607015584e-01 3.157267036225415e-02;
-3.586034457517550e-01 6.842647285358178e-01;
2.685552511698390e-01 7.243567678239315e-01;
7.718923607015584e-01 -3.157267036225405e-02;

6.256002122981995e-01 4.793079296171783e-01;
-6.256002122981996e-01 -4.793079296171782e-01;
-7.278929494328997e-01 3.021317116545897e-01;
-2.625278324896375e-01 7.430954542922134e-01;
-4.793079296171782e-01 6.256002122981995e-01;

4.093862784693756e-01 2.364079140470378e-01;
-4.093862784693757e-01 -2.364079140470377e-01;
-4.094283984551105e-01 2.363349600917309e-01;
-9.832996984722811e-02 4.624035508653886e-01;
-4.093862784693757e-01 -2.364079140470377e-01;

4.664980922291628e-01 5.136999805719118e-02;
-4.664980922291628e-01 -5.136999805719112e-02;
-2.777367694244661e-01 3.783141996588354e-01;
9.530006694794189e-02 4.595402528544829e-01;
5.136999805719109e-02 -4.664980922291628e-01;

5.237519237210708e-01 -1.253788186183003e+00;
-5.237519237210707e-01 1.253788186183003e+00;
8.239364583387589e-01 1.080476564314918e+00;
3.132339982099815e-01 1.322189606591648e+00;
5.237519237210708e-01 -1.253788186183003e+00;

-1.157039117811232e-01 6.870224463959905e+00;
1.157039117811223e-01 -6.870224463959905e+00;
-5.891936959600044e+00 -3.535314758899637e+00;
-3.944610188908006e+00 -5.626137399491570e+00;
-6.870224463959905e+00 -1.157039117811228e-01;

9.535027404578688e-01 5.006067198095145e-01;
-9.535027404578689e-01 -5.006067198095144e-01;
-9.102895068891724e-01 5.754542359098375e-01;
-1.065649168316043e+00 1.554555050373982e-01;
-9.535027404578689e-01 -5.006067198095144e-01;

8.015392038519332e-01 -2.841975460349295e-01;
-8.015392038519332e-01 2.841975460349296e-01;
-1.546473073665200e-01 8.362520856823926e-01;
-4.814117112769364e-01 7.010535676603311e-01;
-2.841975460349297e-01 -8.015392038519332e-01;

-1.571868751092576e+00 2.209134759458833e-01;
1.571868751092576e+00 -2.209134759458835e-01;
5.946176933388303e-01 -1.471735007834031e+00;
1.401518215754477e+00 7.451985141049436e-01;
-1.571868751092576e+00 2.209134759458833e-01;

-5.480789545307611e-01 5.494549244522766e-01;
5.480789545307609e-01 -5.494549244522767e-01;
-2.018024455447507e-01 -7.493777601293935e-01;
7.663666898671629e-01 -1.223656449598364e-01;
-5.494549244522766e-01 -5.480789545307611e-01;

-5.915954517826292e-02 8.302293761534494e-01;
5.915954517826282e-02 -8.302293761534494e-01;
-6.894199581278622e-01 -4.663483570774334e-01;
5.358576607516849e-01 -6.368965663493381e-01;
5.915954517826282e-02 -8.302293761534494e-01;

1.115029974813912e+00 2.076417194364890e+00;
-1.115029974813913e+00 -2.076417194364890e+00;
-2.355745026581761e+00 -7.256431301247344e-02;
3.184092055922711e-01 -2.335254972713209e+00;
2.076417194364890e+00 -1.115029974813913e+00;

-1.214637853154018e-01 8.240297360437925e-01;
1.214637853154017e-01 -8.240297360437925e-01;
-6.528987922300090e-01 -5.172055917448533e-01;
7.461644762218550e-01 3.701581168259223e-01;
-1.214637853154018e-01 8.240297360437925e-01;

-1.082074264898528e-01 4.721347483072482e-01;
1.082074264898528e-01 -4.721347483072482e-01;
-3.547769727985225e-01 -3.297777543719738e-01;
4.155888952440383e-01 2.488090389365814e-01;
-4.721347483072482e-01 -1.082074264898528e-01;

6.710863073933152e-02 4.244630361159801e-01;
-6.710863073933157e-02 -4.244630361159801e-01;
-4.011500876135762e-01 -1.541137390245396e-01;
4.244260437922145e-01 6.734219107953834e-02;
-6.710863073933157e-02 -4.244630361159801e-01;

2.503771606446642e-01 5.681475926960505e-01;
-2.503771606446643e-01 -5.681475926960505e-01;
-6.172188286960860e-01 -6.724081470232855e-02;
6.177112678935310e-01 -6.255556870629114e-02;
5.681475926960505e-01 -2.503771606446643e-01;

-7.770164845016388e-02 5.902235250573902e-01;
7.770164845016381e-02 -5.902235250573902e-01;
5.499993908359829e-01 -2.278201610549257e-01;
-7.770164845016388e-02 5.902235250573902e-01;
-7.770164845016388e-02 5.902235250573902e-01;

-7.828552815575736e-02 3.857166171064976e-01;
7.828552815575732e-02 -3.857166171064976e-01;
3.731831531539009e-01 -1.250610524216812e-01;
-7.828552815575736e-02 3.857166171064976e-01;
-3.857166171064976e-01 -7.828552815575733e-02;

4.087956867916347e-02 3.555127120577176e-01;
-4.087956867916352e-02 -3.555127120577176e-01;
2.874432556707038e-01 -2.131591010007652e-01;
4.087956867916347e-02 3.555127120577176e-01;
-4.087956867916352e-02 -3.555127120577176e-01;

1.449955187770956e-01 4.674404313350610e-01;
-1.449955187770957e-01 -4.674404313350610e-01;
3.323175289035704e-01 -3.592900183633990e-01;
1.449955187770956e-01 4.674404313350610e-01;
4.674404313350610e-01 -1.449955187770957e-01;

2.417174982766049e-01 1.924095729602761e+00;
-2.417174982766051e-01 -1.924095729602761e+00;
1.545457032010842e+00 -1.171381358848142e+00;
-1.755228966809116e+00 8.244652810900446e-01;
2.417174982766049e-01 1.924095729602761e+00;

-1.209145185249230e-01 7.282907206670065e-01;
1.209145185249229e-01 -7.282907206670065e-01;
6.911755247005654e-01 -2.594303156045562e-01;
-7.300102767385156e-01 1.100576687738638e-01;
-7.282907206670065e-01 -1.209145185249229e-01;

2.012240531320345e-01 5.416223538101110e-01;
-2.012240531320346e-01 -5.416223538101110e-01;
3.684466910910620e-01 -4.450763187698673e-01;
-4.529318168674193e-01 3.587459588272285e-01;
-2.012240531320346e-01 -5.416223538101110e-01;

6.230958596960944e-01 5.592382609439560e-01;
-6.230958596960945e-01 -5.592382609439559e-01;
1.727666108976492e-01 -8.192359739617002e-01;
-3.393199824615578e-01 7.654135041768751e-01;
5.592382609439559e-01 -6.230958596960945e-01;

-1.042453994111899e+00 -1.262868614749769e-01;
1.042453994111899e+00 1.262868614749768e-01;
4.118593668544138e-01 9.659350719149467e-01;
9.175925518238618e-01 -5.105708668328280e-01;
-1.042453994111899e+00 -1.262868614749769e-01;

-6.094094821575288e-01 3.513693837685553e-01;
6.094094821575288e-01 -3.513693837685553e-01;
6.089995535344170e-01 3.520794009712616e-01;
2.864928857124259e-01 -6.424657089912025e-01;
-3.513693837685553e-01 -6.094094821575288e-01;

-3.514109322025151e-01 8.602746150880327e-01;
3.514109322025150e-01 -8.602746150880327e-01;
9.207251369983736e-01 -1.258065130890677e-01;
-2.213593155093525e-01 -9.025309468785735e-01;
3.514109322025150e-01 -8.602746150880327e-01;

-2.743099201895741e+00 3.896443059989123e+00;
2.743099201895741e+00 -3.896443059989124e+00;
4.745968275298025e+00 4.273720639479668e-01;
-7.105789546895361e-02 -4.764641909595094e+00;
3.896443059989124e+00 2.743099201895741e+00;

-4.801866824105895e-01 1.690246488701508e-01;
4.801866824105895e-01 -1.690246488701508e-01;
3.864729809925902e-01 3.313415410914652e-01;
4.878293824224808e-01 1.455028368639837e-01;
-4.801866824105895e-01 1.690246488701508e-01;

-3.165881868583671e-01 2.185746421161933e-01;
3.165881868583671e-01 -2.185746421161933e-01;
3.475852861248991e-01 1.648860912993039e-01;
3.846001745477741e-01 9.255267273939412e-03;
-2.185746421161933e-01 -3.165881868583671e-01;

-2.718186591602180e-01 3.645599959500098e-01;
2.718186591602180e-01 -3.645599959500098e-01;
4.516275472763696e-01 5.312186608036740e-02;
4.341889038440473e-01 -1.351642330405294e-01;
2.718186591602180e-01 -3.645599959500098e-01;

-5.306194717650439e-01 4.841870137695937e-01;
5.306194717650438e-01 -4.841870137695937e-01;
6.846279899895160e-01 2.174364354064105e-01;
7.138781562494778e-01 -7.982522251254290e-02;
4.841870137695938e-01 5.306194717650438e-01;

-2.784813842105960e-01 3.475271738157883e-01;
2.784813842105959e-01 -3.475271738157883e-01;
4.402080531351809e-01 6.740836629953641e-02;
2.444625029090107e-01 3.722433378365564e-01;
-2.784813842105960e-01 3.475271738157883e-01;

-1.779728166518021e-01 2.713256685496021e-01;
1.779728166518021e-01 -2.713256685496021e-01;
3.239613299886529e-01 1.846614612872959e-02;
2.030494202300546e-01 2.531064495920702e-01;
-2.713256685496021e-01 -1.779728166518021e-01;

-9.676478889592434e-02 3.200234288612378e-01;
9.676478889592430e-02 -3.200234288612378e-01;
3.255308136479962e-01 -7.621094905491023e-02;
2.744584031596539e-01 1.909214611436582e-01;
9.676478889592430e-02 -3.200234288612378e-01;

-1.290472390896429e-01 4.538855915652181e-01;
1.290472390896428e-01 -4.538855915652181e-01;
4.576000722520281e-01 -1.151846084427343e-01;
3.917930595547147e-01 2.629895789416821e-01;
4.538855915652181e-01 1.290472390896428e-01;

5.473612096120023e-01 5.404217657860062e-01;
5.404217657860061e-01 -5.473612096120024e-01;
5.473612096120023e-01 5.404217657860062e-01;
5.473612096120023e-01 5.404217657860062e-01;
5.473612096120023e-01 5.404217657860062e-01;

1.863548096080898e-01 5.068594593475063e-01;
5.068594593475063e-01 -1.863548096080898e-01;
1.863548096080898e-01 5.068594593475063e-01;
1.863548096080898e-01 5.068594593475063e-01;
-5.068594593475063e-01 1.863548096080898e-01;

2.345814061737146e-01 3.244209248359882e-01;
3.244209248359881e-01 -2.345814061737147e-01;
2.345814061737146e-01 3.244209248359882e-01;
2.345814061737146e-01 3.244209248359882e-01;
-2.345814061737147e-01 -3.244209248359881e-01;

3.887932656476533e-01 2.665379491578079e-01;
2.665379491578079e-01 -3.887932656476534e-01;
3.887932656476533e-01 2.665379491578079e-01;
3.887932656476533e-01 2.665379491578079e-01;
2.665379491578079e-01 -3.887932656476534e-01;

7.958917949949139e-01 -1.582764865326067e-01;
-1.582764865326069e-01 -7.958917949949139e-01;
7.958917949949139e-01 -1.582764865326067e-01;
3.964739742301479e-01 7.080279537472263e-01;
7.958917949949139e-01 -1.582764865326067e-01;

7.736819496916797e-01 4.899722396876388e-01;
4.899722396876386e-01 -7.736819496916798e-01;
7.736819496916797e-01 4.899722396876388e-01;
-2.269104206627875e-01 8.872250086296466e-01;
-4.899722396876387e-01 7.736819496916797e-01;

4.585666144368250e-01 2.284437274708730e-01;
2.284437274708730e-01 -4.585666144368251e-01;
4.585666144368250e-01 2.284437274708730e-01;
-7.555801870396492e-02 5.067157608624084e-01;
-4.585666144368251e-01 -2.284437274708730e-01;

4.915748743579901e-01 1.106480142844160e-02;
1.106480142844151e-02 -4.915748743579901e-01;
4.915748743579901e-01 1.106480142844160e-02;
1.413817386843172e-01 4.709346991859105e-01;
1.106480142844151e-02 -4.915748743579901e-01;

2.517134725426879e-01 -1.096216175696828e+00;
-1.096216175696828e+00 -2.517134725426877e-01;
2.517134725426879e-01 -1.096216175696828e+00;
4.406992243988842e-01 1.034810982611366e+00;
2.517134725426879e-01 -1.096216175696828e+00;

-9.316282572596098e+00 -4.483750830293610e+00;
-4.483750830293609e+00 9.316282572596098e+00;
-9.316282572596098e+00 -4.483750830293610e+00;
1.017251353863011e+01 -1.848542882111058e+00;
4.483750830293610e+00 -9.316282572596098e+00;

1.222049488927107e+00 4.046452345826633e-01;
4.046452345826630e-01 -1.222049488927107e+00;
1.222049488927107e+00 4.046452345826633e-01;
-1.226503305807367e+00 3.909377956926960e-01;
-1.222049488927107e+00 -4.046452345826631e-01;

7.392663537597942e-01 -4.191990206639966e-01;
-4.191990206639967e-01 -7.392663537597941e-01;
7.392663537597942e-01 -4.191990206639966e-01;
-3.516800414395303e-01 7.736689919985453e-01;
-4.191990206639967e-01 -7.392663537597941e-01;

-1.383862630973792e+00 -1.948755922680917e-01;
-1.948755922680915e-01 1.383862630973792e+00;
-1.383862630973792e+00 -1.948755922680917e-01;
1.005023387171279e+00 9.710717116188252e-01;
-1.383862630973792e+00 -1.948755922680917e-01;

-6.566623673462298e-01 4.784994062947196e-01;
4.784994062947197e-01 6.566623673462297e-01;
-6.566623673462298e-01 4.784994062947196e-01;
8.125059090003248e-01 -1.137696229174548e-03;
-4.784994062947197e-01 -6.566623673462298e-01;

-1.618512420743787e-01 9.619437002751531e-01;
9.619437002751531e-01 1.618512420743785e-01;
-1.618512420743787e-01 9.619437002751531e-01;
6.963567259562518e-01 -6.830950279979808e-01;
1.618512420743786e-01 -9.619437002751531e-01;

2.407866332675805e+00 3.867041693446577e+00;
3.867041693446577e+00 -2.407866332675806e+00;
2.407866332675805e+00 3.867041693446577e+00;
3.249852940900011e-01 -4.543810767793157e+00;
3.867041693446577e+00 -2.407866332675806e+00;

-2.432254204095020e-01 9.365506243219482e-01;
9.365506243219482e-01 2.432254204095019e-01;
-2.432254204095020e-01 9.365506243219482e-01;
8.155517857311561e-01 5.207311800170339e-01;
-2.432254204095020e-01 9.365506243219482e-01;

-1.504616722832075e-01 5.029717652839196e-01;
5.029717652839196e-01 1.504616722832074e-01;
-1.504616722832075e-01 5.029717652839196e-01;
4.318593611481632e-01 2.985243770411087e-01;
-5.029717652839196e-01 -1.504616722832075e-01;

6.146686681557051e-02 4.655931371706507e-01;
4.655931371706507e-01 -6.146686681557059e-02;
6.146686681557051e-02 4.655931371706507e-01;
4.617996934854435e-01 8.541772762888231e-02;
-6.146686681557056e-02 -4.655931371706507e-01;

2.861477228804230e-01 6.517194642887637e-01;
6.517194642887637e-01 -2.861477228804231e-01;
2.861477228804230e-01 6.517194642887637e-01;
7.082465525799591e-01 -7.075026643828168e-02;
6.517194642887637e-01 -2.861477228804231e-01;

8.133907366105354e-01 -3.354105843143474e-01;
-3.354105843143476e-01 -8.133907366105353e-01;
-1.162212815908602e-01 8.721223332648346e-01;
8.133907366105354e-01 -3.354105843143474e-01;
8.133907366105354e-01 -3.354105843143474e-01;

1.036397860512578e+00 5.303918790014717e-01;
5.303918790014714e-01 -1.036397860512578e+00;
-9.775317714325252e-01 6.323509361309977e-01;
1.036397860512578e+00 5.303918790014717e-01;
-5.303918790014716e-01 1.036397860512578e+00;

5.324848349972847e-01 2.269816185609089e-01;
2.269816185609088e-01 -5.324848349972847e-01;
-4.628142653644988e-01 3.476545849571593e-01;
5.324848349972847e-01 2.269816185609089e-01;
-5.324848349972847e-01 -2.269816185609088e-01;

5.299715442040775e-01 -4.158770406948141e-02;
-4.158770406948151e-02 -5.299715442040775e-01;
-2.289697638927983e-01 4.797626725983395e-01;
5.299715442040775e-01 -4.158770406948141e-02;
-4.158770406948151e-02 -5.299715442040775e-01;

3.103677626344746e-01 -3.691658953341934e-01;
-3.691658953341935e-01 -3.103677626344745e-01;
1.645231622530015e-01 4.533693146242903e-01;
4.470065435117017e-01 1.810987476995556e-01;
3.103677626344746e-01 -3.691658953341934e-01;

6.239167513549327e-01 -4.538551149064795e-01;
-4.538551149064796e-01 -6.239167513549326e-01;
8.109168346905046e-02 7.672553139732705e-01;
6.244427437295758e-01 4.531311485117152e-01;
4.538551149064795e-01 6.239167513549327e-01;

5.015309140527006e-01 -1.275626937047164e-01;
-1.275626937047165e-01 -5.015309140527006e-01;
-1.402929237028925e-01 4.981198592052268e-01;
2.763009067307190e-01 4.375652037302820e-01;
-5.015309140527006e-01 1.275626937047165e-01;

3.398127492788576e-01 -2.047690036806980e-01;
-2.047690036806981e-01 -3.398127492788575e-01;
7.428784455685004e-03 3.966709752456719e-01;
2.997548097182343e-01 2.599040274632669e-01;
-2.047690036806981e-01 -3.398127492788575e-01;

6.487095498878419e-02 -4.423146623524306e-01;
-4.423146623524306e-01 -6.487095498878410e-02;
3.506202565691492e-01 2.773372261642592e-01;
2.075043303762248e-01 3.959702693488693e-01;
6.487095498878419e-02 -4.423146623524306e-01;

1.993512353856245e-02 -7.195808512956383e-01;
-7.195808512956383e-01 -1.993512353856232e-02;
6.132077355295741e-01 3.770547490597952e-01;
4.068311584959784e-01 5.938707091435588e-01;
7.195808512956383e-01 1.993512353856241e-02;

4.402498469258442e-01 -5.623877372398872e-01;
-5.623877372398873e-01 -4.402498469258441e-01;
2.669171437636682e-01 6.624614200699350e-01;
-2.560638991423689e-02 7.137536042021713e-01;
-4.402498469258442e-01 5.623877372398872e-01;

2.282698574799544e-01 -3.827894930706351e-01;
-3.827894930706351e-01 -2.282698574799543e-01;
2.173704965609602e-01 3.890822420312112e-01;
4.032382475460090e-02 4.438568609319368e-01;
-3.827894930706351e-01 -2.282698574799543e-01;

-2.396876312990790e-01 -5.947427015355344e-01;
-5.947427015355344e-01 2.396876312990791e-01;
6.349061038946985e-01 8.979577308984654e-02;
-1.556696218087397e-01 6.220418076572289e-01;
-2.396876312990790e-01 -5.947427015355344e-01;

-7.610023222328534e-01 -5.445438277291238e-01;
-5.445438277291237e-01 7.610023222328535e-01;
8.520899494038647e-01 -3.867754295280406e-01;
2.955889802791063e-01 8.878511527836405e-01;
5.445438277291238e-01 -7.610023222328534e-01;

-3.877269628801143e-01 -2.927091744147517e+00;
-2.927091744147517e+00 3.877269628801148e-01;
2.728799291079507e+00 1.127764472487393e+00;
-1.406823657169566e+00 2.595967155807029e+00;
3.877269628801146e-01 2.927091744147517e+00;

1.720216420174939e-01 -8.259905220781329e-01;
-8.259905220781329e-01 -1.720216420174938e-01;
6.293179543960875e-01 5.619703730269286e-01;
-6.246734792033229e-01 5.671285853008267e-01;
-8.259905220781329e-01 -1.720216420174938e-01;

-9.721803369210531e-01 -2.510294008163282e+00;
-2.510294008163282e+00 9.721803369210535e-01;
2.660068550497790e+00 4.132141352482938e-01;
-2.687851719986136e+00 1.488749350427290e-01;
-9.721803369210531e-01 -2.510294008163282e+00;

-1.036956078214612e+00 1.179834781940817e+00;
1.179834781940817e+00 1.036956078214612e+00;
-5.032888543219155e-01 -1.487947697312946e+00;
8.016525069277738e-01 1.350792833472247e+00;
-1.179834781940817e+00 -1.036956078214612e+00;

5.407783720582851e-01 1.022291588346660e+00;
1.022291588346660e+00 -5.407783720582853e-01;
-1.155719671612494e+00 -4.281798615366200e-02;
1.139366783807242e+00 -1.984053206118414e-01;
-5.407783720582852e-01 -1.022291588346660e+00;

1.437394425148335e+00 -1.254889182426041e-01;
-1.254889182426043e-01 -1.437394425148335e+00;
-6.100206214826435e-01 1.307564546557890e+00;
3.248322515731850e-01 -1.405821542866343e+00;
-1.254889182426043e-01 -1.437394425148335e+00;

-3.637058160058765e+00 2.677181599378872e+00;
2.677181599378873e+00 3.637058160058765e+00;
4.137036355635741e+00 1.811193961962942e+00;
-3.637058160058765e+00 2.677181599378872e+00;
-3.637058160058765e+00 2.677181599378872e+00;

-4.112452501724591e-01 8.463546553331526e-01;
8.463546553331527e-01 4.112452501724589e-01;
9.385872572159624e-01 -6.702849383154040e-02;
-4.112452501724591e-01 8.463546553331526e-01;
-8.463546553331526e-01 -4.112452501724591e-01;

2.153661126312516e-01 7.427117893198981e-01;
7.427117893198981e-01 -2.153661126312518e-01;
5.355242209256016e-01 -5.578684193129139e-01;
2.153661126312516e-01 7.427117893198981e-01;
-2.153661126312517e-01 -7.427117893198981e-01;

1.091894931788067e+00 7.051962544320756e-01;
7.051962544320753e-01 -1.091894931788068e+00;
6.477040509777761e-02 -1.298206876407981e+00;
1.091894931788067e+00 7.051962544320756e-01;
7.051962544320753e-01 -1.091894931788068e+00;

9.956579003024342e-02 -9.677545922029154e-01;
-9.677545922029154e-01 -9.956579003024324e-02;
-8.878829564918961e-01 3.976507925873999e-01;
9.511568322668547e-01 -2.043599219667599e-01;
9.956579003024342e-02 -9.677545922029154e-01;

-2.516391978614481e+00 -2.752440947485786e+00;
-2.752440947485785e+00 2.516391978614481e+00;
-1.125487793631958e+00 3.555479853102422e+00;
1.840119012923289e+00 -3.243782017600747e+00;
2.752440947485786e+00 -2.516391978614481e+00;

1.524949802055657e+00 2.090213479596972e-01;
2.090213479596969e-01 -1.524949802055657e+00;
-5.814571037614648e-01 -1.425155942056098e+00;
2.724442893820435e-01 1.514904594974743e+00;
-1.524949802055657e+00 -2.090213479596970e-01;

6.609485503734819e-01 -5.234522880228543e-01;
-5.234522880228544e-01 -6.609485503734818e-01;
-7.837972542836218e-01 -3.106720912065065e-01;
7.020770439666351e-01 4.668437730250237e-01;
-5.234522880228544e-01 -6.609485503734818e-01;

-2.557761075595333e-01 -4.662261243430195e-01;
-4.662261243430195e-01 2.557761075595334e-01;
-2.758756138092505e-01 4.546216689991668e-01;
4.809680578930406e-01 2.268434339028031e-01;
-2.557761075595333e-01 -4.662261243430195e-01;

-5.678607474426348e-01 -3.930458435373823e-01;
-3.930458435373822e-01 5.678607474426349e-01;
-5.645731163393905e-02 6.883047548660322e-01;
6.904355454256798e-01 -1.579940571238269e-02;
3.930458435373823e-01 -5.678607474426348e-01;

-8.645426944710198e-01 -1.270682694227917e+00;
-1.270682694227916e+00 8.645426944710201e-01;
-6.681721461151192e-01 1.384057283182110e+00;
1.446318280200198e+00 5.198384483012664e-01;
8.645426944710199e-01 1.270682694227917e+00;

-4.288094597066023e-02 -7.314045789178849e-01;
-7.314045789178849e-01 4.288094597066036e-02;
-6.119744728018183e-01 4.028382780078425e-01;
4.646002389722572e-01 5.665139464623168e-01;
-7.314045789178849e-01 4.288094597066036e-02;

-4.461795547297013e-01 -2.171571648783110e-01;
-2.171571648783109e-01 4.461795547297014e-01;
3.502615596642775e-02 4.949814114843061e-01;
2.333250633738592e-01 4.379415989813768e-01;
-4.461795547297013e-01 -2.171571648783110e-01;

-4.762558844975316e-01 -1.301107399221951e-02;
-1.301107399221942e-02 4.762558844975316e-01;
2.268600216409849e-01 4.189552316727995e-01;
3.776513868204624e-01 2.904623651999320e-01;
1.301107399221948e-02 -4.762558844975316e-01;

-7.606543239012853e-01 1.366595874226826e-01;
1.366595874226827e-01 7.606543239012853e-01;
4.986778363293864e-01 5.904161742856483e-01;
6.957087649523523e-01 3.365414650124585e-01;
7.606543239012853e-01 -1.366595874226826e-01;

-7.424408705104800e-01 -4.479721018865365e-01;
-4.479721018865364e-01 7.424408705104801e-01;
-1.673478516521104e-02 8.669587056131769e-01;
3.373358866341408e-01 7.988128378173193e-01;
-4.479721018865364e-01 7.424408705104801e-01;

-7.152360351911136e-01 1.144535603573667e-01;
1.144535603573668e-01 7.152360351911136e-01;
4.567377084186122e-01 5.621857959988814e-01;
-1.121682854723576e-01 7.155979871747634e-01;
-7.152360351911136e-01 1.144535603573667e-01;

-4.331644602840204e-01 2.738513648308035e-01;
2.738513648308036e-01 4.331644602840203e-01;
4.537444689465265e-01 2.382057442071352e-01;
1.265929454316430e-01 4.965886082460829e-01;
-2.738513648308035e-01 -4.331644602840204e-01;

-3.371707148055222e-01 5.432542207526373e-01;
5.432542207526374e-01 3.371707148055221e-01;
6.390573132876644e-01 2.037129405742120e-02;
4.124739857711866e-01 4.885431918981707e-01;
3.371707148055221e-01 -5.432542207526373e-01;

-9.893737233459740e-01 9.262575758618157e-01;
9.262575758618159e-01 9.893737233459737e-01;
1.296849452817112e+00 3.936939903235021e-01;
5.751900089892090e-01 1.227179658749230e+00;
9.262575758618159e-01 9.893737233459737e-01;

