12                                               

-2.894383049491786e-01 -3.883075616775101e-17
1.177479170054910e+00 -7.247387114271567e-18
-1.612769085781246e-01 5.811666974464745e-18
5.165770019902654e+00 -5.462492510537203e-16

9.957208426690476e-01 9.543097396916003e-17
7.380616772901399e-02 6.376940710663814e-17
-1.151490037992047e-01 -2.574220673691324e-17
2.856472547980579e+00 1.040947842121669e-15

9.957208426691418e-01 2.155815896715477e-14
7.380616772886758e-02 -3.387475017068480e-14
2.856472547981029e+00 1.037267082442908e-13
-1.151490037992246e-01 -2.694413820804931e-15

1.177479170054911e+00 4.467545163414974e-17
-2.894383049491788e-01 1.822858762282837e-17
-1.612769085781247e-01 3.188166020389542e-18
5.165770019902659e+00 -7.281142667811049e-16

-2.894383049489911e-01 2.401273337037860e-13
1.177479170054845e+00 -8.360149174292585e-14
5.165770019900256e+00 -3.066518660012721e-12
-1.612769085781003e-01 4.004081012135850e-14

1.177479170055025e+00 1.334257893615288e-13
-2.894383049495078e-01 -3.817823390952524e-13
5.165770019906859e+00 4.880637670076155e-12
-1.612769085781898e-01 -6.138216363921554e-14

-7.043815050827894e-01 -2.283212705027395e-15
7.107887570640385e-02 2.947064581358199e-15
-8.627371426151161e-01 -2.210293306691040e-15
-1.155869462545545e-01 4.735896607077853e-16

7.380616772901405e-02 -2.431016503486428e-19
9.957208426690478e-01 -2.802314475197422e-17
-1.151490037992047e-01 3.687828532606275e-18
2.856472547980580e+00 2.597235943447076e-16

-7.043815050827861e-01 2.927916916973858e-17
7.107887570639948e-02 -2.956542659187388e-17
-1.155869462545553e-01 -1.285353401706769e-17
-8.627371426151125e-01 7.106606543413597e-17

7.380616772894905e-02 -3.195915423578037e-14
9.957208426690896e-01 2.045617666313577e-14
2.856472547980778e+00 9.785167721551381e-14
-1.151490037992081e-01 -5.193663728890223e-15

7.107887570639962e-02 -7.963152155383541e-20
-7.043815050827862e-01 6.080358778321109e-17
-1.155869462545552e-01 2.231031652615882e-17
-8.627371426151126e-01 -1.613836615934684e-16

7.107887570639725e-02 -1.062143240192990e-15
-7.043815050827844e-01 7.729016286347584e-16
-8.627371426151111e-01 8.865039257492548e-16
-1.155869462545557e-01 -2.367169729467815e-16

