8                                                

1.121477920845333e+00 -7.792826233032487e-15
7.050848435856827e-02 1.328359093609133e-14
2.785776022192187e+00 -3.968817986077636e-14
-2.687752334612880e-01 4.542729814497194e-15

1.330758643310457e+00 5.843189500716946e-16
-8.702804593155944e-01 -5.467792524352624e-16
-4.507008931440027e-01 -4.724132237906598e-17
-7.387471875525659e+00 -8.672316647811686e-16

1.330758643310352e+00 -6.636236589622874e-14
-8.702804593159561e-01 -2.278095208345172e-13
-7.387471875511340e+00 9.009680276202974e-12
-4.507008931441401e-01 -4.184991669125549e-14

1.121477920845343e+00 -4.738002186001474e-17
7.050848435855187e-02 2.103702943410644e-17
-2.687752334612883e-01 1.964092977021359e-17
2.785776022192236e+00 -3.282902201806961e-16

7.050848435864454e-02 -4.035905000694646e-14
1.121477920845289e+00 2.363209214354236e-14
2.785776022191955e+00 1.227188151246909e-13
-2.687752334612780e-01 -7.743365687188648e-15

7.050848435855187e-02 -1.004539915625435e-16
1.121477920845343e+00 3.372719472693695e-16
-2.687752334612882e-01 -1.829019293717000e-17
2.785776022192236e+00 -2.808819762939437e-17

-8.702804593155951e-01 -2.235120468718423e-16
1.330758643310457e+00 1.774028242804811e-16
-4.507008931440031e-01 -1.252614183994300e-16
-7.387471875525655e+00 3.130811561338356e-15

-0.870280459315595115413e0 -0.190006430728084652060e-15
0.133075864331045660234e1 -0.805833264699851170576e-16
-0.738747187552563997588e1 0.795880288756434239872e-14
-0.450700893144003031344e0 -0.729058198360721387843e-16

