10                                               

1.659760941444506e-01 -1.812368559825783e+00
7.793598785059476e-01 6.190298871237631e-01
1.093388348799077e+00 -2.590156358413724e-01
-2.774556674529198e-01 1.445756939633524e-01
-1.601167693013636e+00 -4.618370617499143e-01
1.133408554644511e+00 1.354535275634189e-01

1.296204074938312e+00 1.225101063543732e-03
8.432224877362373e-01 3.253848742312162e+00
9.350057731664052e-01 4.962233998113835e-02
9.002562036472506e-01 -2.504915953402187e-03
1.029547815408969e+00 -9.190131088488984e-03
-5.054064746781928e-01 1.223602014156984e+00

3.074841204543414e-01 -1.751993515089378e+00
1.333931980851205e-01 4.787774883042872e-01
9.167217240682929e-01 -5.783173268909517e-01
-5.404656039680952e-01 -1.837410855789354e-01
-1.550235655551290e+00 -3.635791774764236e-01
-9.176048239792075e-01 9.262918858317021e-01

8.268190302250271e-01 2.881560264384064e-02
-6.258883000307689e-01 -7.456228631452908e-01
7.663604835292290e-01 1.363724105936889e+00
2.666280458265018e-01 4.544464296707828e-01
1.090969494060143e+00 4.878954898204619e-01
-4.614448464823655e-01 5.661574157038878e-01

6.119447748210964e-01 6.569555038773366e-01
-1.079311694779033e+00 1.391045785171425e-01
-5.816667508259005e-01 3.552571301765204e-01
5.949039478106262e-01 -6.118793260327819e-01
-5.260584699553621e-01 -9.435345435774304e-01
6.697111298737066e-01 -3.777675228321148e-02

1.231054472473736e-01 7.609048024476520e-01
-9.842857429264200e-01 -1.747943082986806e-01
3.300662310912205e-01 -5.334402305187783e-01
-7.445740881938143e-01 1.245409910467615e+00
-1.520149173186417e-01 8.812762824602272e-01
-4.234292661675166e-01 -1.099939859198183e+00

-9.653688830538283e-01 7.146457104166937e-02
2.597652803208669e-01 -1.762985755043688e+00
9.147231778000350e-01 1.798803383962976e-01
-8.078399908471554e-01 4.562104708616967e-01
-4.164068883482986e-01 -1.248764703479274e-01
-1.911749883103809e+00 -5.688212479536836e-01

-8.955572449448632e-01 3.603382553349672e-01
4.210727108514952e-01 -1.012245306343781e+00
5.272290847046158e-01 2.917498982423994e+00
9.530798894965089e-01 4.315534642798290e-01
7.785909588085396e-01 1.600338762744590e+00
-4.841012118071078e-01 -3.989774371262104e-01

-3.912820634203358e-01 1.509279598553829e+00
-6.300598897932442e-01 -3.786763544539783e-01
-2.985113052584996e-01 5.409944015146935e-02
-1.629006698572974e-01 -2.003058502295321e-01
1.800521236310551e-01 -2.088618449590360e-01
4.309244074358232e-03 9.097477229150752e-01

-1.533569255492666e+00 -1.665719346650558e-01
3.298831073161796e-01 -1.900526981491585e+00
7.629680434432107e-01 3.315409713132521e-01
-2.998682556943286e-01 2.562905361635389e-01
5.164675145628133e-01 1.061518982099795e+00
-1.794263004472832e+00 -5.918201614140003e-01