40

3.893452370815270e-58
3.204218995428046e-61
1.215101831794475e3

1.180612803020878e-56
1.599346183087580e-61
7.381846503936212e4

2.331933589726120e-58
2.159276970502443e-61
1.079960385620887e3

4.873653909861199e-59
4.512808038842327e-62
1.079960385620887e3

9.783338781668602e-46
1.515576094052153e-50
6.455194707849454e4

1.634903319266836e-46
1.734438673421073e-51
9.426123531033187e4

5.226266581899403e-57
3.049836594556500e-60
1.713621835093560e3

2.985172385782593e-58
9.012827118885160e-62
3.312137630519471e3

6.663185630543680e-52
7.753949057676020e-56
8.593280122143002e3

2.807848663658424e-57
4.719697321260742e-61
5.949213418856236e3

3.207676325411858e-57
4.433143892617678e-61
7.235669319810399e3

1.375433181195368e-58
8.331232124146700e-62
1.650936092884631e3

6.226393513641531e-45
6.605465643583671e-50
9.426123531033187e4

2.301152395763600e-58
1.893793866120040e-61
1.215101831794475e3

5.859691016663629e-46
9.077481442253479e-51
6.455194707849454e4

1.466002710285378e-51
2.307888584882462e-55
6.352138139978881e3

4.334390675970776e-59
3.654522042562428e-62
1.186034897447669e3

3.075218361741696e-59
2.592856557896841e-62
1.186034897447669e3

8.525072513857776e-59
2.632130720296902e-62
3.238848453885359e3

8.493177640570124e-61
4.956273004134786e-64
1.713621835093560e3

5.605377171490068e-59
3.395272049383790e-62
1.650936092884631e3

1.128035237663366e-56
1.896108204973820e-60
5.949213418856236e3

2.277431407349653e-53
2.650246908024342e-57
8.593280122143002e3

2.685219948629972e-54
4.227269447636570e-58
6.352138139978881e3

2.916360943426394e-57
1.782505493614137e-60
1.636102078716906e3

2.631929413907790e-57
5.570626957099084e-62
4.724655652186003e4

1.396723546002756e-57
8.043067818193207e-61
1.736555724226774e3

1.101797131267122e-58
6.734281103848933e-62
1.636102078716906e3

3.203006463219576e-57
4.426689946222565e-61
7.235669319810399e3

1.993411078670808e-59
1.218390407665833e-62
1.636102078716906e3

4.761485862836093e-59
1.437586958634116e-62
3.312137630519471e3

1.845554048608912e-58
1.062766960404148e-61
1.736555724226774e3

1.106378926392484e-59
3.415963859208232e-63
3.238848453885359e3

1.868383407729303e-56
2.531051555641299e-61
7.381846503936212e4

1.901106001129206e-57
4.023798010019210e-62
4.724655652186003e4

8.228388545682368e-59
4.738338327349775e-62
1.736555724226774e3

1.171745256062281e-58
7.161810203072468e-62
1.636102078716906e3

7.125757954724222e-61
6.008050833966822e-64
1.186034897447669e3

3.233723750791284e-60
2.726499665187098e-63
1.186034897447669e3

2.206921550548580e-57
1.270861349140549e-60
1.736555724226774e3

