4 4

13
1 1 0 0 1 0
1 0 3 0 -1542356268807269/250000000000000 0
1 0 2 0 -2327495277584137/1000000000000000 0
1 0 1 0 -2039485555137279/10000000000000000 0
1 0 0 0 -1181935875584211/1000000000000000 0
0 1 3 0 -1542356268807269/250000000000000 0
0 1 2 0 -2327495277584137/1000000000000000 0
0 1 1 0 -2039485555137279/10000000000000000 0
0 1 0 0 -1181935875584211/1000000000000000 0
0 0 3 0 5957294167267797/1000000000000000 0
0 0 2 0 90877503756139/6250000000000 0
0 0 1 0 1768406339066357/500000000000000 0
0 0 0 0 3009473888132123/100000000000000000 0

18
1 0 2 0 -1542356268807269/250000000000000 0
1 0 1 1 -1542356268807269/250000000000000 0
1 0 1 0 -2327495277584137/1000000000000000 0
1 0 0 2 -1542356268807269/250000000000000 0
1 0 0 1 -2327495277584137/1000000000000000 0
1 0 0 0 -2039485555137279/10000000000000000 0
0 1 2 0 -1542356268807269/250000000000000 0
0 1 1 1 -1542356268807269/250000000000000 0
0 1 1 0 -2327495277584137/1000000000000000 0
0 1 0 2 -1542356268807269/250000000000000 0
0 1 0 1 -2327495277584137/1000000000000000 0
0 1 0 0 -2039485555137279/10000000000000000 0
0 0 2 0 5957294167267797/1000000000000000 0
0 0 1 1 5957294167267797/1000000000000000 0
0 0 1 0 90877503756139/6250000000000 0
0 0 0 2 5957294167267797/1000000000000000 0
0 0 0 1 90877503756139/6250000000000 0
0 0 0 0 1768406339066357/500000000000000 0

18
2 1 0 0 1 0
2 0 3 0 -1542356268807269/250000000000000 0
2 0 2 0 -2327495277584137/1000000000000000 0
2 0 1 0 -2039485555137279/10000000000000000 0
2 0 0 0 -1181935875584211/1000000000000000 0
1 2 0 0 1 0
1 1 3 0 -1542356268807269/250000000000000 0
1 1 2 0 -2327495277584137/1000000000000000 0
1 1 1 0 -2039485555137279/10000000000000000 0
1 1 0 0 -1181935875584211/1000000000000000 0
0 2 3 0 -1542356268807269/250000000000000 0
0 2 2 0 -2327495277584137/1000000000000000 0
0 2 1 0 -2039485555137279/10000000000000000 0
0 2 0 0 -1181935875584211/1000000000000000 0
0 0 3 0 34175386498163/3125000000000 0
0 0 2 0 4824043231758887/1000000000000000 0
0 0 1 0 3804557697656439/5000000000000000 0
0 0 0 0 1735117283594993/1000000000000000 0

24
2 0 2 0 -1542356268807269/250000000000000 0
2 0 1 1 -1542356268807269/250000000000000 0
2 0 1 0 -2327495277584137/1000000000000000 0
2 0 0 2 -1542356268807269/250000000000000 0
2 0 0 1 -2327495277584137/1000000000000000 0
2 0 0 0 -2039485555137279/10000000000000000 0
1 1 2 0 -1542356268807269/250000000000000 0
1 1 1 1 -1542356268807269/250000000000000 0
1 1 1 0 -2327495277584137/1000000000000000 0
1 1 0 2 -1542356268807269/250000000000000 0
1 1 0 1 -2327495277584137/1000000000000000 0
1 1 0 0 -2039485555137279/10000000000000000 0
0 2 2 0 -1542356268807269/250000000000000 0
0 2 1 1 -1542356268807269/250000000000000 0
0 2 1 0 -2327495277584137/1000000000000000 0
0 2 0 2 -1542356268807269/250000000000000 0
0 2 0 1 -2327495277584137/1000000000000000 0
0 2 0 0 -2039485555137279/10000000000000000 0
0 0 2 0 34175386498163/3125000000000 0
0 0 1 1 34175386498163/3125000000000 0
0 0 1 0 4824043231758887/1000000000000000 0
0 0 0 2 34175386498163/3125000000000 0
0 0 0 1 4824043231758887/1000000000000000 0
0 0 0 0 3804557697656439/5000000000000000 0

