40

1.579271412791221e-50
4.478657957258910e-57
3.526215727708281e6

3.848706167921092e-57
1.983115105115681e-60
1.940737659651170e3

9.867225048033812e-56
1.630311027377221e-59
6.052357422808952e3

5.540145636883450e-57
2.917546037785942e-60
1.898905986445971e3

3.229497740749496e-50
9.158537055384230e-57
3.526215727708281e6

1.204389314823739e-56
4.153122169751312e-60
2.899961199301433e3

1.560853276849975e-56
8.042577362725695e-60
1.940737659651170e3

8.232470799396535e-57
2.838821016425889e-60
2.899961199301433e3

1.741742301168915e-52
2.573328151811988e-56
6.768442260045543e3

5.762575597454949e-57
3.091427684938052e-60
1.864049942209928e3

2.764061039265953e-48
5.341094999260916e-56
5.175083086236877e7

3.320513217428561e-36
7.175195927417462e-43
4.627766615738532e6

1.810858393213836e-45
3.913028775166195e-52
4.627766615738532e6

4.282174300159620e-57
2.206467359905461e-60
1.940737659651170e3

2.943649040930657e-57
4.863640454936126e-61
6.052357422808952e3

1.482422748851000e-57
7.806720076887698e-61
1.898905986445971e3

3.713458999685422e-56
1.280520236125901e-59
2.899961199301433e3

1.859954706805288e-51
5.274648094244900e-58
3.526215727708281e6

2.918443546998995e-39
1.325739309390975e-49
2.201370606065597e10

1.017107750586796e-58
6.414060543184985e-62
1.585747037681901e3

2.002728561800401e-53
2.958920952347646e-57
6.768442260045543e3

1.252299178852931e-39
5.688724903486853e-50
2.201370606065597e10

1.200042454916806e-59
7.567678995453579e-63
1.585747037681901e3

3.584712078867783e-48
6.926868649512733e-56
5.175083086236877e7

5.172515535438364e-48
9.995038628837975e-56
5.175083086236877e7

1.612783160502115e-58
1.021926873412562e-61
1.578178637299636e3

1.436904879127094e-56
9.104830373231573e-60
1.578178637299636e3

2.644872573866780e-58
1.317980105208149e-61
2.006762138074213e3

2.168040256408136e-48
4.189382508995913e-56
5.175083086236877e7

2.239224431725192e-46
4.838671907329624e-53
4.627766615738532e6

6.011863001185412e-57
2.073083944238150e-60
2.899961199301433e3

3.440643953088914e-56
1.845789576329619e-59
1.864049942209928e3

4.110992089093830e-51
1.165836808222054e-57
3.526215727708281e6

3.470949430674784e-57
1.788469149044418e-60
1.940737659651170e3

5.126448220405602e-41
2.328752917060093e-51
2.201370606065597e10

5.116607228198772e-58
2.549682959988930e-61
2.006762138074213e3

1.384660913922213e-36
2.992071616604717e-43
4.627766615738532e6

5.658348173423714e-58
2.790533357442469e-61
2.027694153281724e3

6.326576643274035e-56
3.120084275547562e-59
2.027694153281724e3

5.389110723542007e-41
2.448070628676970e-51
2.201370606065597e10

