240

1.723905672360368e+00 1.081251368128654e+00;
1.723905672360368e+00 1.081251368128654e+00;
1.723905672360368e+00 1.081251368128654e+00;
1.723905672360368e+00 1.081251368128654e+00;
1.723905672360368e+00 1.081251368128654e+00;

-1.324090540590066e+00 -5.678061963714016e-01;
-1.324090540590066e+00 -5.678061963714016e-01;
-1.324090540590066e+00 -5.678061963714016e-01;
-1.324090540590066e+00 -5.678061963714016e-01;
5.678061963714015e-01 -1.324090540590066e+00;

-5.908980003518992e-01 3.933981525259191e-01;
-5.908980003518992e-01 3.933981525259191e-01;
-5.908980003518992e-01 3.933981525259191e-01;
-5.908980003518992e-01 3.933981525259191e-01;
5.908980003518992e-01 -3.933981525259192e-01;

-6.786454700159655e-02 7.541508125590866e-01;
-6.786454700159655e-02 7.541508125590866e-01;
-6.786454700159655e-02 7.541508125590866e-01;
-6.786454700159655e-02 7.541508125590866e-01;
7.541508125590866e-01 6.786454700159641e-02;

-2.038906578239173e-03 7.498091293759601e-01;
-2.038906578239173e-03 7.498091293759601e-01;
-2.038906578239173e-03 7.498091293759601e-01;
-7.137409152532215e-01 2.297646481273039e-01;
-2.038906578239173e-03 7.498091293759601e-01;

-6.019274486632498e-01 4.546307522614740e-01;
-6.019274486632498e-01 4.546307522614740e-01;
-6.019274486632498e-01 4.546307522614740e-01;
-6.183853504641404e-01 -4.319783937738381e-01;
-4.546307522614741e-01 -6.019274486632498e-01;

-2.667291704697088e-01 3.103921293582424e-01;
-2.667291704697088e-01 3.103921293582424e-01;
-2.667291704697088e-01 3.103921293582424e-01;
-3.776243038035571e-01 -1.577580727692934e-01;
2.667291704697087e-01 -3.103921293582425e-01;

-8.983902955576101e-02 3.985267351254547e-01;
-8.983902955576101e-02 3.985267351254547e-01;
-8.983902955576101e-02 3.985267351254547e-01;
-4.067832352497796e-01 3.770953938988942e-02;
3.985267351254547e-01 8.983902955576094e-02;

1.756379675509442e-01 4.089496736855857e-01;
1.756379675509442e-01 4.089496736855857e-01;
1.756379675509442e-01 4.089496736855857e-01;
-3.824686877283960e-01 -2.276098287866591e-01;
1.756379675509442e-01 4.089496736855857e-01;

-7.075170652500862e-02 6.459270552422620e-01;
-7.075170652500862e-02 6.459270552422620e-01;
-7.075170652500862e-02 6.459270552422620e-01;
-3.224270641683465e-01 -5.641527744874806e-01;
-6.459270552422620e-01 -7.075170652500858e-02;

-9.793583387591330e-02 3.603759135212306e-01;
-9.793583387591330e-02 3.603759135212306e-01;
-9.793583387591330e-02 3.603759135212306e-01;
-1.325918932853115e-01 -3.491154772252993e-01;
9.793583387591326e-02 -3.603759135212306e-01;

3.573435277187964e-02 3.166121423365162e-01;
3.573435277187964e-02 3.166121423365162e-01;
3.573435277187964e-02 3.166121423365162e-01;
-2.150096466375697e-01 -2.351404782161738e-01;
3.166121423365162e-01 -3.573435277187970e-02;

3.356653948515073e-01 2.609644237162715e-01;
3.356653948515073e-01 2.609644237162715e-01;
3.356653948515073e-01 2.609644237162715e-01;
-1.181679692250179e-01 -4.084238225123741e-01;
3.356653948515073e-01 2.609644237162715e-01;

5.458696760201057e-01 6.181887167729516e-01;
5.458696760201057e-01 6.181887167729516e-01;
5.458696760201057e-01 6.181887167729516e-01;
-7.825563376146276e-02 -8.209793228384473e-01;
-6.181887167729516e-01 5.458696760201057e-01;

6.824735487878987e-02 5.000693266470979e-01;
6.824735487878987e-02 5.000693266470979e-01;
6.824735487878987e-02 5.000693266470979e-01;
2.387201054089126e-01 -4.446793723288624e-01;
-6.824735487878993e-02 -5.000693266470979e-01;

1.655333309069659e-01 3.127272600879411e-01;
1.655333309069659e-01 3.127272600879411e-01;
1.655333309069659e-01 3.127272600879411e-01;
4.989719363029712e-02 -3.502997186854230e-01;
3.127272600879411e-01 -1.655333309069660e-01;

6.115211947073524e-01 1.284849051012761e-01;
6.115211947073524e-01 1.284849051012761e-01;
6.115211947073524e-01 1.284849051012761e-01;
3.111668478271759e-01 -5.418871978820783e-01;
6.115211947073524e-01 1.284849051012761e-01;

1.682117165939692e+00 -6.756644656357217e-01;
1.682117165939692e+00 -6.756644656357217e-01;
1.682117165939692e+00 -6.756644656357217e-01;
-1.227923020667482e-01 -1.808580294215586e+00;
6.756644656357218e-01 1.682117165939692e+00;

-3.160071383437809e-02 1.177542474253468e+00;
-3.160071383437809e-02 1.177542474253468e+00;
-3.160071383437809e-02 1.177542474253468e+00;
1.110144285743877e+00 3.939347009544090e-01;
3.160071383437794e-02 -1.177542474253468e+00;

3.464305946773582e-01 4.645974112293058e-01;
3.464305946773582e-01 4.645974112293058e-01;
3.464305946773582e-01 4.645974112293058e-01;
5.489113365302133e-01 -1.859065788994453e-01;
4.645974112293058e-01 -3.464305946773583e-01;

-9.651801200755754e-03 -6.363290609411807e-01;
-9.651801200755754e-03 -6.363290609411807e-01;
5.559030325417367e-01 3.098058254384586e-01;
-9.651801200755754e-03 -6.363290609411807e-01;
-9.651801200755754e-03 -6.363290609411807e-01;

-1.926242567830730e-01 -3.762607783364471e-01;
-1.926242567830730e-01 -3.762607783364471e-01;
4.221635208786052e-01 2.131288940898524e-02;
-1.926242567830730e-01 -3.762607783364471e-01;
3.762607783364471e-01 -1.926242567830730e-01;

-4.350794586443651e-01 -2.836959427297590e-01;
-4.350794586443651e-01 -2.836959427297590e-01;
4.632276226767290e-01 -2.349418924859219e-01;
-4.350794586443651e-01 -2.836959427297590e-01;
4.350794586443652e-01 2.836959427297590e-01;

-9.643783425150595e-01 -8.925781776270981e-01;
-9.643783425150595e-01 -8.925781776270981e-01;
1.255184547946216e+00 -3.888870546640233e-01;
-9.643783425150595e-01 -8.925781776270981e-01;
-8.925781776270979e-01 9.643783425150596e-01;

-9.960370107936247e-01 -1.119120229783493e+00;
-9.960370107936247e-01 -1.119120229783493e+00;
1.467205054278395e+00 -3.030332395650480e-01;
7.565542236916674e-01 -1.293114659338318e+00;
-9.960370107936247e-01 -1.119120229783493e+00;

-4.523420946620188e-01 -3.120120483259153e-01;
-4.523420946620188e-01 -3.120120483259153e-01;
4.963814074680699e-01 -2.357337210154160e-01;
1.569596972012351e-01 -5.266199221053574e-01;
3.120120483259153e-01 -4.523420946620188e-01;

-4.919121755771707e-01 5.072170023435103e-03;
-4.919121755771707e-01 5.072170023435103e-03;
2.415634596959765e-01 -4.285445254924185e-01;
-1.568331423458436e-01 -4.662688932919932e-01;
4.919121755771707e-01 -5.072170023435163e-03;

-7.728184670019372e-01 4.388654896425465e-01;
-7.728184670019372e-01 4.388654896425465e-01;
6.340570626226722e-03 -8.887131697586967e-01;
-6.561999235720002e-01 -5.993771444111942e-01;
4.388654896425466e-01 7.728184670019371e-01;

1.762767966661818e+00 9.167239312570789e-01;
1.762767966661818e+00 9.167239312570789e-01;
-1.675290196056678e+00 1.068239874478035e+00;
-1.964946049385671e+00 2.944837744802189e-01;
1.762767966661818e+00 9.167239312570789e-01;

-1.318846692451501e+00 -6.563929075588329e-01;
-1.318846692451501e+00 -6.563929075588329e-01;
1.227876279035630e+00 -8.139582855806661e-01;
1.452787457940912e+00 -2.441656186554195e-01;
6.563929075588328e-01 -1.318846692451501e+00;

-6.108342863097129e-01 4.019780136354886e-01;
-6.108342863097129e-01 4.019780136354886e-01;
-4.270602841628432e-02 -7.299870162644928e-01;
2.578985702106871e-01 -6.842464294836420e-01;
6.108342863097129e-01 -4.019780136354887e-01;

-5.301260061167895e-02 7.737024963546976e-01;
-5.301260061167895e-02 7.737024963546976e-01;
-6.435397165087657e-01 -4.327615070277411e-01;
-4.118828222083023e-01 -6.570984929664869e-01;
7.737024963546976e-01 5.301260061167881e-02;

6.564611701024516e-01 -1.800991928072008e-01;
6.564611701024516e-01 -1.800991928072008e-01;
-1.722601088791182e-01 6.585616463103812e-01;
-6.369478922419978e-01 -2.401548868346459e-01;
6.564611701024516e-01 -1.800991928072008e-01;

3.683778078654305e-01 -9.384197416252484e-01;
3.683778078654305e-01 -9.384197416252484e-01;
6.285064317275793e-01 7.882344106145098e-01;
-8.496131915011564e-01 5.426704760966431e-01;
9.384197416252484e-01 3.683778078654304e-01;

-3.680510528461300e+00 2.797423257225985e+00;
-3.680510528461300e+00 2.797423257225985e+00;
-5.823843416644642e-01 -4.586127245156567e+00;
4.621879700518518e+00 -9.981314601881351e-02;
3.680510528461300e+00 -2.797423257225986e+00;

7.224134203505278e-01 5.451285969516305e-01;
7.224134203505278e-01 5.451285969516305e-01;
-8.333019234647441e-01 3.530640755825481e-01;
-2.640261841370535e-01 -8.656422535938436e-01;
5.451285969516304e-01 -7.224134203505279e-01;

3.192043454075615e-01 -4.261405567867472e-01;
3.192043454075615e-01 -4.261405567867472e-01;
2.094463750563877e-01 4.895093505147044e-01;
-3.066441859804138e-01 -4.352660467690975e-01;
3.192043454075615e-01 -4.261405567867472e-01;

1.725795786225500e-02 -4.900981614114737e-01;
1.725795786225500e-02 -4.900981614114737e-01;
4.158084791992550e-01 2.599949106318910e-01;
-4.607780477670125e-01 -1.678619540709061e-01;
4.900981614114737e-01 1.725795786225497e-02;

-3.916827577206127e-01 -8.322946362448393e-01;
-3.916827577206127e-01 -8.322946362448393e-01;
9.166296772818658e-01 7.694009971202341e-02;
-9.125958658174734e-01 1.153192521238744e-01;
3.916827577206128e-01 8.322946362448393e-01;

1.072708144283185e+00 -8.144849962100702e-01;
1.072708144283185e+00 -8.144849962100702e-01;
1.690106255776011e-01 1.336235001900736e+00;
-4.431362164823040e-01 -1.271895776195731e+00;
-8.144849962100704e-01 -1.072708144283184e+00;

-6.922902532911912e-01 -1.363373598985566e-01;
-6.922902532911912e-01 -1.363373598985566e-01;
2.280735094885442e-01 6.677096260918133e-01;
-6.922902532911912e-01 -1.363373598985566e-01;
-6.922902532911912e-01 -1.363373598985566e-01;

-3.687084193175702e-01 -1.219367751882103e-01;
-3.687084193175702e-01 -1.219367751882103e-01;
7.875386469024317e-02 3.802792453123259e-01;
-3.687084193175702e-01 -1.219367751882103e-01;
1.219367751882103e-01 -3.687084193175702e-01;

-3.333648869025237e-01 2.749199091030421e-02;
-3.333648869025237e-01 2.749199091030421e-02;
1.904912059801963e-01 2.749564653321596e-01;
-3.333648869025237e-01 2.749199091030421e-02;
3.333648869025237e-01 -2.749199091030426e-02;

-4.461206895273189e-01 1.808334149451442e-01;
-4.461206895273189e-01 1.808334149451442e-01;
3.796666759592471e-01 2.959351428119162e-01;
-4.461206895273189e-01 1.808334149451442e-01;
1.808334149451443e-01 4.461206895273189e-01;

-4.623566770804127e-01 2.039703578487517e-01;
-4.623566770804127e-01 2.039703578487517e-01;
4.078218500562282e-01 2.984274490366197e-01;
-3.368634086436870e-01 -3.766970236658969e-01;
-4.623566770804127e-01 2.039703578487517e-01;

-3.461346901786068e-01 3.190189406394769e-02;
-3.461346901786068e-01 3.190189406394769e-02;
2.006951957775222e-01 2.838104877937556e-01;
-1.373020058395719e-01 -3.193354251916590e-01;
-3.190189406394771e-02 -3.461346901786068e-01;

-2.557152731044026e-01 9.916484650121474e-02;
-2.557152731044026e-01 9.916484650121474e-02;
2.137369127846377e-01 1.718734993934808e-01;
-1.733317385628803e-01 -2.125560539886784e-01;
2.557152731044026e-01 -9.916484650121477e-02;

-2.625238916067787e-01 2.074231089523710e-01;
-2.625238916067787e-01 2.074231089523710e-01;
3.108956274880901e-01 1.236408047556371e-01;
-2.783954433352933e-01 -1.855777921034205e-01;
2.074231089523710e-01 2.625238916067786e-01;

-2.888075516878535e-01 4.800478805551741e-01;
-2.888075516878535e-01 4.800478805551741e-01;
5.601374354375853e-01 1.009073628888111e-02;
-4.851484716529558e-02 -5.581237131156271e-01;
-2.888075516878535e-01 4.800478805551741e-01;

-4.039272570222243e-01 2.035254342694310e-01;
-4.039272570222243e-01 2.035254342694310e-01;
3.782218249046995e-01 2.480485487274968e-01;
2.071547666922441e-01 -4.020780197881258e-01;
-2.035254342694311e-01 -4.039272570222243e-01;

-2.390917368510753e-01 1.952566723461011e-01;
-2.390917368510753e-01 1.952566723461011e-01;
2.886431069356757e-01 1.094311817749245e-01;
7.866028591040090e-02 -2.985005630591516e-01;
2.390917368510752e-01 -1.952566723461012e-01;

-1.654685290755019e-01 2.938620775204400e-01;
-1.654685290755019e-01 2.938620775204400e-01;
3.372262888793240e-01 -3.631089053991529e-03;
-3.886094331823604e-02 -3.349993758254725e-01;
2.938620775204400e-01 1.654685290755018e-01;

6.034263445946906e-02 1.097232704263942e+00;
6.034263445946906e-02 1.097232704263942e+00;
9.200600785259371e-01 -6.008746065051500e-01;
5.961189851362678e-01 -9.231484151532615e-01;
6.034263445946906e-02 1.097232704263942e+00;

-8.744952315731347e-01 3.256422693945551e-01;
-8.744952315731347e-01 3.256422693945551e-01;
7.192620936282681e-01 5.945139513334122e-01;
8.988892273156931e-01 2.505652702917597e-01;
-3.256422693945552e-01 -8.744952315731347e-01;

-3.491181408104989e-01 3.239967220254505e-01;
-3.491181408104989e-01 3.239967220254505e-01;
4.551484624221748e-01 1.403468178511593e-01;
4.728830039579431e-01 -5.691235976418709e-02;
3.491181408104988e-01 -3.239967220254505e-01;

-1.185730238019517e-01 4.801789666188029e-01;
-1.185730238019517e-01 4.801789666188029e-01;
4.751336953558190e-01 -1.374022324933746e-01;
3.781697063697761e-01 -3.187774696255005e-01;
4.801789666188029e-01 1.185730238019516e-01;

-2.398942245340378e+00 -2.051952177139736e+00;
-2.398942245340378e+00 -2.051952177139736e+00;
-5.775715900836074e-01 3.103521015246317e+00;
-2.692836411528944e+00 1.647441560265843e+00;
-2.398942245340378e+00 -2.051952177139736e+00;

-5.819061220227710e-01 -3.327884747802934e-01;
-5.819061220227710e-01 -3.327884747802934e-01;
2.749787764974790e-03 6.703397216795538e-01;
-4.963195283235814e-01 4.505883149825700e-01;
3.327884747802933e-01 -5.819061220227710e-01;

-5.309549200535300e-01 9.102156799130343e-02;
-5.309549200535300e-01 9.102156799130343e-02;
3.443044501995265e-01 4.143096650350407e-01;
-7.750743818200069e-02 5.330953479398495e-01;
5.309549200535300e-01 -9.102156799130350e-02;

-5.870238715247378e-01 6.422340187854696e-01;
-5.870238715247378e-01 6.422340187854696e-01;
8.497029112051580e-01 1.872605759755803e-01;
4.294004961474254e-01 7.567541044048401e-01;
6.422340187854697e-01 5.870238715247377e-01;

5.478208316009155e-01 -4.267357327297269e-01;
4.267357327297270e-01 5.478208316009155e-01;
5.478208316009155e-01 -4.267357327297269e-01;
5.478208316009155e-01 -4.267357327297269e-01;
5.478208316009155e-01 -4.267357327297269e-01;

4.046836155127663e-02 -7.020773629290656e-01;
7.020773629290656e-01 4.046836155127659e-02;
4.046836155127663e-02 -7.020773629290656e-01;
4.046836155127663e-02 -7.020773629290656e-01;
7.020773629290656e-01 4.046836155127659e-02;

-1.337472956207266e+00 -1.079198680968334e+00;
1.079198680968334e+00 -1.337472956207266e+00;
-1.337472956207266e+00 -1.079198680968334e+00;
-1.337472956207266e+00 -1.079198680968334e+00;
1.337472956207266e+00 1.079198680968334e+00;

1.540747795634386e+00 4.336804773660477e-01;
-4.336804773660476e-01 1.540747795634386e+00;
1.540747795634386e+00 4.336804773660477e-01;
1.540747795634386e+00 4.336804773660477e-01;
4.336804773660474e-01 -1.540747795634386e+00;

1.306729388886178e+00 3.423075347374619e-01;
-3.423075347374619e-01 1.306729388886178e+00;
1.306729388886178e+00 3.423075347374619e-01;
7.824777672602576e-02 1.348552345871051e+00;
1.306729388886178e+00 3.423075347374619e-01;

-1.440110725190803e+00 -1.478326911526900e+00;
1.478326911526900e+00 -1.440110725190803e+00;
-1.440110725190803e+00 -1.478326911526900e+00;
9.609537545565588e-01 -1.826454828282894e+00;
1.478326911526900e+00 -1.440110725190803e+00;

-6.916877540938091e-01 5.604310958901492e-01;
-5.604310958901492e-01 -6.916877540938091e-01;
-6.916877540938091e-01 5.604310958901492e-01;
-7.467449164967871e-01 -4.846514129662450e-01;
6.916877540938090e-01 -5.604310958901493e-01;

1.152058277659951e-01 7.884314633968029e-01;
-7.884314633968029e-01 1.152058277659952e-01;
1.152058277659951e-01 7.884314633968029e-01;
-7.142423222849276e-01 3.532059743015483e-01;
7.884314633968029e-01 -1.152058277659953e-01;

4.691561522793105e-01 2.682230532721138e-01;
-2.682230532721137e-01 4.691561522793105e-01;
4.691561522793105e-01 2.682230532721138e-01;
-5.372128552477298e-01 5.876605895178365e-02;
4.691561522793105e-01 2.682230532721138e-01;

1.221202445839829e+00 8.486703571982231e-01;
-8.486703571982230e-01 1.221202445839829e+00;
1.221202445839829e+00 8.486703571982231e-01;
-1.486809452275574e+00 3.121604613252993e-02;
-8.486703571982230e-01 1.221202445839829e+00;

8.469199654345665e-03 6.953208464852281e-01;
-6.953208464852281e-01 8.469199654345708e-03;
8.469199654345665e-03 6.953208464852281e-01;
-4.155510656246559e-01 -5.575483106941785e-01;
-8.469199654345750e-03 -6.953208464852281e-01;

2.126497595767645e-01 3.914004285310630e-01;
-3.914004285310630e-01 2.126497595767646e-01;
2.126497595767645e-01 3.914004285310630e-01;
-4.020966689788623e-01 -1.916572057045047e-01;
3.914004285310630e-01 -2.126497595767646e-01;

3.830041565845778e-01 4.422722750637173e-02;
-4.422722750637171e-02 3.830041565845778e-01;
3.830041565845778e-01 4.422722750637173e-02;
-2.838607595151375e-01 -2.609047734738738e-01;
3.830041565845778e-01 4.422722750637173e-02;

6.413177557126136e-01 -9.990045810420159e-02;
9.990045810420163e-02 6.413177557126136e-01;
6.413177557126136e-01 -9.990045810420159e-02;
-5.775569791368173e-01 -2.961359504890396e-01;
9.990045810420163e-02 6.413177557126136e-01;

6.010906020480741e-01 4.972725907711752e-01;
-4.972725907711751e-01 6.010906020480741e-01;
6.010906020480741e-01 4.972725907711752e-01;
-1.940030169913936e-01 -7.556141679462011e-01;
-6.010906020480742e-01 -4.972725907711751e-01;

3.405082360367465e-01 2.254193297059982e-01;
-2.254193297059982e-01 3.405082360367465e-01;
3.405082360367465e-01 2.254193297059982e-01;
-1.429787920955235e-01 -3.825137880192860e-01;
2.254193297059981e-01 -3.405082360367466e-01;

3.879129791704402e-01 -1.386465981274352e-01;
1.386465981274352e-01 3.879129791704402e-01;
3.879129791704402e-01 -1.386465981274352e-01;
-1.198904770897179e-02 -4.117713216291646e-01;
3.879129791704402e-01 -1.386465981274352e-01;

3.683150333990541e-01 -4.042097723977386e-01;
4.042097723977386e-01 3.683150333990541e-01;
3.683150333990541e-01 -4.042097723977386e-01;
-2.706107333849663e-01 -4.751961015269682e-01;
4.042097723977386e-01 3.683150333990541e-01;

1.213702031341201e+00 -5.179759158532495e-01;
5.179759158532496e-01 1.213702031341201e+00;
1.213702031341201e+00 -5.179759158532495e-01;
-1.175698162643574e-01 -1.314362586423295e+00;
-1.213702031341201e+00 5.179759158532496e-01;

5.607437701833216e-01 7.595816119678588e-02;
-7.595816119678585e-02 5.607437701833216e-01;
5.607437701833216e-01 7.595816119678588e-02;
2.455198586485270e-01 -5.098266539334816e-01;
7.595816119678578e-02 -5.607437701833216e-01;

8.845432957578607e-02 -3.453685983755460e-01;
3.453685983755460e-01 8.845432957578604e-02;
2.548708150747548e-01 2.492879956751249e-01;
8.845432957578607e-02 -3.453685983755460e-01;
8.845432957578607e-02 -3.453685983755460e-01;

-3.347683814098717e-02 -3.038246657448271e-01;
3.038246657448271e-01 -3.347683814098719e-02;
2.798582979018296e-01 1.229205406039388e-01;
-3.347683814098717e-02 -3.038246657448271e-01;
3.038246657448271e-01 -3.347683814098719e-02;

-1.586921261499300e-01 -3.905476774936915e-01;
3.905476774936915e-01 -1.586921261499301e-01;
4.175702731735139e-01 5.784242612044144e-02;
-1.586921261499300e-01 -3.905476774936915e-01;
1.586921261499301e-01 3.905476774936915e-01;

5.776447047991539e-02 -5.957258662378695e-01;
5.957258662378695e-01 5.776447047991536e-02;
4.870314986135278e-01 3.478884319906976e-01;
5.776447047991539e-02 -5.957258662378695e-01;
-5.957258662378695e-01 -5.776447047991528e-02;

9.923748517371879e-02 -5.913721074562190e-01;
5.913721074562190e-01 9.923748517371875e-02;
4.625245255597672e-01 3.816282368962314e-01;
5.930943657491459e-01 -8.836357426809036e-02;
9.923748517371879e-02 -5.913721074562190e-01;

-1.453248768808280e-01 -4.069589461790741e-01;
4.069589461790741e-01 -1.453248768808281e-01;
4.250992241288363e-01 7.762443790889399e-02;
3.421331009665943e-01 -2.639694015195559e-01;
4.069589461790741e-01 -1.453248768808281e-01;

-4.391585503195096e-01 -3.763395925371026e-01;
3.763395925371026e-01 -4.391585503195096e-01;
5.454989227467701e-01 -1.921526645972908e-01;
2.222127665484804e-01 -5.339599307182105e-01;
4.391585503195096e-01 3.763395925371025e-01;

-6.225299666134680e-01 -1.420917920340952e+00;
1.420917920340952e+00 -6.225299666134682e-01;
1.541815999014552e+00 1.713321944661339e-01;
1.159000908069590e+00 -1.031148966334005e+00;
-1.420917920340952e+00 6.225299666134683e-01;

5.312535185468391e-01 -4.162698569035846e-01;
4.162698569035846e-01 5.312535185468391e-01;
9.487351163479792e-02 6.682139713632224e-01;
-1.851158419640539e-01 6.490323719113453e-01;
5.312535185468391e-01 -4.162698569035846e-01;

5.308419235299748e-02 -6.862515867738630e-01;
6.862515867738630e-01 5.308419235299744e-02;
5.677692113570477e-01 3.890980525040068e-01;
3.604225483217416e-01 5.863913015117778e-01;
6.862515867738630e-01 5.308419235299744e-02;

-1.265047874497794e+00 -1.180246549925632e+00;
1.180246549925632e+00 -1.265047874497794e+00;
1.654647432213433e+00 -5.054403213557828e-01;
1.717176745281980e+00 2.112630323684926e-01;
1.265047874497795e+00 1.180246549925631e+00;

1.508729662831111e+00 3.353244173404473e-01;
-3.353244173404472e-01 1.508729662831111e+00;
-1.044764295341598e+00 1.138936006784650e+00;
-1.417686684394235e+00 6.155258932510237e-01;
3.353244173404470e-01 -1.508729662831111e+00;

3.087434946665378e-01 -2.217888690852479e-01;
2.217888690852479e-01 3.087434946665378e-01;
3.770304757117694e-02 3.782741441770310e-01;
-3.801429604588747e-01 -2.043908653064811e-03;
3.087434946665378e-01 -2.217888690852479e-01;

1.984390006830914e-01 -3.794552704733909e-01;
3.794552704733909e-01 1.984390006830913e-01;
2.293984034883061e-01 3.615808509298501e-01;
-3.835787357883134e-01 1.903462443369384e-01;
3.794552704733909e-01 1.984390006830913e-01;

4.115669741767194e-01 -7.630714782050695e-01;
7.630714782050695e-01 4.115669741767194e-01;
4.550557979405742e-01 7.379631940982677e-01;
-7.814868377663983e-01 3.754247960390008e-01;
-4.115669741767193e-01 7.630714782050695e-01;

5.727658721598552e-01 -1.718195234514592e-01;
1.718195234514592e-01 5.727658721598552e-01;
-1.375828639048277e-01 5.819395574369143e-01;
-5.643703063159998e-01 -1.976584182343635e-01;
-1.718195234514593e-01 -5.727658721598552e-01;

1.770423775031022e-01 -2.541163757625259e-01;
2.541163757625259e-01 1.770423775031022e-01;
1.315500481764286e-01 2.803813843453440e-01;
-1.869699316932547e-01 -2.469035854443023e-01;
1.770423775031022e-01 -2.541163757625259e-01;

7.353332594358621e-02 -2.957953883491629e-01;
2.957953883491629e-01 7.353332594358619e-02;
2.193996576608656e-01 2.115794224664884e-01;
-2.585950842100466e-01 -1.613401506611317e-01;
2.957953883491629e-01 7.353332594358619e-02;

5.581527273432084e-02 -4.628146785271017e-01;
4.628146785271017e-01 5.581527273432081e-02;
3.729016324816380e-01 2.797447833706295e-01;
-4.229150480296691e-01 -1.961010797538194e-01;
-5.581527273432078e-02 4.628146785271017e-01;

3.075411654365601e-01 -3.741526884277630e-01;
3.741526884277630e-01 3.075411654365601e-01;
1.702551503544067e-01 4.534148061914153e-01;
-2.608049058288001e-01 -4.081085686326998e-01;
-3.741526884277631e-01 -3.075411654365601e-01;

-2.720028611204133e-01 -5.757667374041497e-01;
5.757667374041497e-01 -2.720028611204134e-01;
-3.626271906858707e-01 5.234447563344036e-01;
-2.720028611204133e-01 -5.757667374041497e-01;
-2.720028611204133e-01 -5.757667374041497e-01;

-2.538245763714395e-01 -2.876029117269047e-01;
2.876029117269047e-01 -2.538245763714395e-01;
-1.221591395721530e-01 3.636199871059423e-01;
-2.538245763714395e-01 -2.876029117269047e-01;
2.876029117269047e-01 -2.538245763714395e-01;

-3.819069610027811e-01 -1.521676096700267e-01;
1.521676096700267e-01 -3.819069610027811e-01;
5.917246489399303e-02 4.068249349455347e-01;
-3.819069610027811e-01 -1.521676096700267e-01;
3.819069610027811e-01 1.521676096700267e-01;

-7.596472318062069e-01 -2.304440701124841e-01;
2.304440701124841e-01 -7.596472318062069e-01;
1.802531970342102e-01 7.730958357149433e-01;
-7.596472318062069e-01 -2.304440701124841e-01;
-2.304440701124840e-01 7.596472318062069e-01;

-8.323932750435854e-01 -2.650942731517366e-01;
2.650942731517365e-01 -8.323932750435854e-01;
1.866182625746182e-01 8.534208587029405e-01;
-5.104032078401356e-03 -8.735716838658268e-01;
-8.323932750435854e-01 -2.650942731517366e-01;

-3.987770409771160e-01 -1.639828279877716e-01;
1.639828279877716e-01 -3.987770409771160e-01;
5.737522566673416e-02 4.273424619260562e-01;
3.272805448979380e-02 -4.299329840040708e-01;
1.639828279877716e-01 -3.987770409771160e-01;

-3.716509499850233e-01 2.388232551595014e-02;
-2.388232551595017e-02 -3.716509499850233e-01;
2.065081755907739e-01 3.099180012696748e-01;
-1.375599008271922e-01 -3.460810133209176e-01;
3.716509499850233e-01 -2.388232551595019e-02;

-5.173825026641692e-01 2.250027755654568e-01;
-2.250027755654568e-01 -5.173825026641692e-01;
4.535493708937789e-01 3.355650029980119e-01;
-3.738703418014934e-01 -4.225303191445944e-01;
2.250027755654568e-01 5.173825026641692e-01;

-1.070664462641371e+00 2.048244118207760e+00;
-2.048244118207760e+00 -1.070664462641371e+00;
2.309163670840662e+00 -9.689943552723926e-02;
-3.377419402271330e-01 -2.286385081552850e+00;
-1.070664462641371e+00 2.048244118207760e+00;

-7.856101484320023e-01 -9.468744239702731e-02;
9.468744239702727e-02 -7.856101484320023e-01;
3.108033436808001e-01 7.277020672114910e-01;
6.912278432531804e-01 -3.851663092465378e-01;
9.468744239702727e-02 -7.856101484320023e-01;

-4.454234943832309e-01 2.247876575381530e-01;
-2.247876575381530e-01 -4.454234943832309e-01;
4.173835690768526e-01 2.733542328092364e-01;
2.282283066516103e-01 -4.436703960971439e-01;
4.454234943832309e-01 -2.247876575381531e-01;

-2.819413413407241e-01 5.514033764091694e-01;
-5.514033764091694e-01 -2.819413413407240e-01;
6.185000023732157e-01 -3.153332422645818e-02;
-9.601143615607152e-02 -6.118156647223798e-01;
5.514033764091694e-01 2.819413413407240e-01;

1.186290196492849e+00 -3.659278572163555e-01;
3.659278572163555e-01 1.186290196492849e+00;
-9.100479185481933e-01 -8.443935178150619e-01;
-1.174815927097870e+00 -4.012420272343956e-01;
1.186290196492849e+00 -3.659278572163555e-01;

-4.201917187256675e-01 -1.140329189996655e+00;
1.140329189996655e+00 -4.201917187256676e-01;
-7.774581878512006e-01 9.340612978746012e-01;
-3.303264392939723e-01 1.169528189291486e+00;
1.140329189996655e+00 -4.201917187256676e-01;

-1.091292937464113e+00 3.758450690570730e-01;
-3.758450690570731e-01 -1.091292937464113e+00;
8.711378464225989e-01 7.571648722859280e-01;
1.103790720988418e+00 3.373808464531401e-01;
1.091292937464113e+00 -3.758450690570732e-01;

3.253732669155827e-01 1.130657102850740e+00;
-1.130657102850740e+00 3.253732669155828e-01;
8.164911405802634e-01 -8.471100662865997e-01;
4.013510680053963e-01 -1.105970418800193e+00;
1.130657102850740e+00 -3.253732669155829e-01;

2.328424566279483e-01 -6.571586494951666e-01;
6.571586494951666e-01 2.328424566279483e-01;
-6.855373130934621e-01 1.269318422282041e-01;
-5.530427397320534e-01 -4.245195263406777e-01;
2.328424566279483e-01 -6.571586494951666e-01;

-1.478561819299008e-01 -4.849623874277763e-01;
4.849623874277763e-01 -1.478561819299008e-01;
-3.460616564274548e-01 3.705284033717561e-01;
-5.069167116609749e-01 -9.242034048876194e-03;
4.849623874277763e-01 -1.478561819299008e-01;

-5.766372477253575e-01 -4.324821222068170e-01;
4.324821222068169e-01 -5.766372477253575e-01;
-8.622188065103051e-02 7.156235664019086e-01;
-5.895056496426820e-01 4.147702864624548e-01;
5.766372477253575e-01 4.324821222068169e-01;

-6.064897341754902e-01 -3.245254646424612e+00;
3.245254646424612e+00 -6.064897341754905e-01;
-2.507228098465454e+00 2.147862840142753e+00;
-3.273836213293423e+00 -4.260328230657499e-01;
-3.245254646424612e+00 6.064897341754908e-01;

-3.886162405117513e-03 -6.231411709846261e-01;
3.886162405117590e-03 6.231411709846261e-01;
-3.886162405117513e-03 -6.231411709846261e-01;
-3.886162405117513e-03 -6.231411709846261e-01;
-3.886162405117513e-03 -6.231411709846261e-01;

-1.863960356783608e-01 -3.747017026343425e-01;
1.863960356783608e-01 3.747017026343425e-01;
-1.863960356783608e-01 -3.747017026343425e-01;
-1.863960356783608e-01 -3.747017026343425e-01;
3.747017026343425e-01 -1.863960356783608e-01;

-4.281955907454733e-01 -2.906081475381416e-01;
4.281955907454733e-01 2.906081475381416e-01;
-4.281955907454733e-01 -2.906081475381416e-01;
-4.281955907454733e-01 -2.906081475381416e-01;
4.281955907454733e-01 2.906081475381416e-01;

-9.082494393078012e-01 -9.179202889770908e-01;
9.082494393078013e-01 9.179202889770907e-01;
-9.082494393078012e-01 -9.179202889770908e-01;
-9.082494393078012e-01 -9.179202889770908e-01;
-9.179202889770905e-01 9.082494393078014e-01;

-9.185935855675975e-01 -1.136989837097627e+00;
9.185935855675976e-01 1.136989837097627e+00;
-9.185935855675975e-01 -1.136989837097627e+00;
7.974805646688581e-01 -1.224983597475763e+00;
-9.185935855675975e-01 -1.136989837097627e+00;

-4.442439710096620e-01 -3.193248316313907e-01;
4.442439710096621e-01 3.193248316313907e-01;
-4.442439710096620e-01 -3.193248316313907e-01;
1.664170252472899e-01 -5.211779231535929e-01;
3.193248316313907e-01 -4.442439710096620e-01;

-4.953137871640905e-01 -3.091057777571953e-03;
4.953137871640905e-01 3.091057777571893e-03;
-4.953137871640905e-01 -3.091057777571953e-03;
-1.501206071403151e-01 -4.720265942771036e-01;
4.953137871640905e-01 3.091057777571893e-03;

-8.018147111067295e-01 4.339626334404682e-01;
8.018147111067295e-01 -4.339626334404683e-01;
-8.018147111067295e-01 4.339626334404682e-01;
-6.604973624339807e-01 -6.284692772025606e-01;
4.339626334404684e-01 8.018147111067294e-01;

1.831241042489556e+00 7.902452754531284e-01;
-1.831241042489556e+00 -7.902452754531282e-01;
1.831241042489556e+00 7.902452754531284e-01;
-1.945999642776098e+00 4.370546206019633e-01;
1.831241042489556e+00 7.902452754531284e-01;

-1.275516639418401e+00 -7.216784366989278e-01;
1.275516639418401e+00 7.216784366989277e-01;
-1.275516639418401e+00 -7.216784366989278e-01;
1.456106579886626e+00 -1.658797499404154e-01;
7.216784366989277e-01 -1.275516639418401e+00;

-6.306638160093097e-01 4.013580632420659e-01;
6.306638160093097e-01 -4.013580632420659e-01;
-6.306638160093097e-01 4.013580632420659e-01;
2.743053944265303e-01 -6.954003841970121e-01;
6.306638160093097e-01 -4.013580632420659e-01;

-4.718052555055287e-02 7.953565274705412e-01;
4.718052555055277e-02 -7.953565274705412e-01;
-4.718052555055287e-02 7.953565274705412e-01;
-4.293289901877988e-01 -6.711889644247356e-01;
7.953565274705412e-01 4.718052555055272e-02;

6.430310418082487e-01 -1.897945436969984e-01;
-6.430310418082487e-01 1.897945436969984e-01;
6.430310418082487e-01 -1.897945436969984e-01;
-6.317814744841754e-01 -2.244171518506430e-01;
6.430310418082487e-01 -1.897945436969984e-01;

3.559096816833373e-01 -9.050909858426004e-01;
-3.559096816833371e-01 9.050909858426004e-01;
3.559096816833373e-01 -9.050909858426004e-01;
-8.199361144055338e-01 5.230355269606646e-01;
9.050909858426004e-01 3.559096816833372e-01;

-4.582822311584195e+00 2.816282873943454e+00;
4.582822311584195e+00 -2.816282873943455e+00;
-4.582822311584195e+00 2.816282873943454e+00;
5.362950671860118e+00 4.152946626387183e-01;
4.582822311584195e+00 -2.816282873943455e+00;

7.453141899939059e-01 5.258117575460337e-01;
-7.453141899939060e-01 -5.258117575460336e-01;
7.453141899939059e-01 5.258117575460337e-01;
-2.939074492863242e-01 -8.634753368996290e-01;
5.258117575460336e-01 -7.453141899939060e-01;

3.113541863045921e-01 -4.197861947370335e-01;
-3.113541863045921e-01 4.197861947370335e-01;
3.113541863045921e-01 -4.197861947370335e-01;
-3.030266611174996e-01 -4.258364959384920e-01;
3.113541863045921e-01 -4.197861947370335e-01;

1.991166278057698e-02 -4.819336205248614e-01;
-1.991166278057692e-02 4.819336205248614e-01;
1.991166278057698e-02 -4.819336205248614e-01;
-4.521930680364238e-01 -1.678627955405684e-01;
4.819336205248614e-01 1.991166278057695e-02;

-3.632249638839850e-01 -8.227237348490157e-01;
3.632249638839851e-01 8.227237348490157e-01;
-3.632249638839850e-01 -8.227237348490157e-01;
-8.946994557602204e-01 9.121185303896193e-02;
3.632249638839851e-01 8.227237348490157e-01;

1.010190064905917e+00 -8.055145639621548e-01;
-1.010190064905917e+00 8.055145639621549e-01;
1.010190064905917e+00 -8.055145639621548e-01;
-4.539239774221973e-01 -1.209665533406228e+00;
-8.055145639621550e-01 -1.010190064905917e+00;

-3.746393411131288e-02 -2.860468734370284e-01;
3.746393411131291e-02 2.860468734370284e-01;
2.664558261252352e-01 1.105787180524108e-01;
-3.746393411131288e-02 -2.860468734370284e-01;
-3.746393411131288e-02 -2.860468734370284e-01;

-8.340448583522364e-02 -2.201929017517627e-01;
8.340448583522367e-02 2.201929017517627e-01;
2.323948895676493e-01 3.786604735299823e-02;
-8.340448583522364e-02 -2.201929017517627e-01;
2.201929017517627e-01 -8.340448583522365e-02;

-1.609475479594349e-01 -2.302793346243456e-01;
1.609475479594349e-01 2.302793346243456e-01;
2.799015277309782e-01 -2.424499789751218e-02;
-1.609475479594349e-01 -2.302793346243456e-01;
1.609475479594349e-01 2.302793346243456e-01;

-1.481522651184499e-01 -3.584512883328452e-01;
1.481522651184500e-01 3.584512883328452e-01;
3.845040542747295e-01 5.092201894563770e-02;
-1.481522651184499e-01 -3.584512883328452e-01;
-3.584512883328452e-01 1.481522651184500e-01;

-1.370734053430728e-01 -3.724948582605489e-01;
1.370734053430729e-01 3.724948582605489e-01;
3.911267127042555e-01 6.753837791993168e-02;
3.119056505072794e-01 -2.454717968820932e-01;
-1.370734053430728e-01 -3.724948582605489e-01;

-1.589324911119215e-01 -2.394418910721425e-01;
1.589324911119215e-01 2.394418910721424e-01;
2.868290059546225e-01 -1.791862925359735e-02;
1.786099300662664e-01 -2.251453948295816e-01;
2.394418910721425e-01 -1.589324911119215e-01;

-2.602066953856346e-01 -1.952213829752215e-01;
2.602066953856346e-01 1.952213829752215e-01;
2.991700247112900e-01 -1.277349169511480e-01;
1.052582774744298e-01 -3.077979982348594e-01;
2.602066953856346e-01 1.952213829752215e-01;

-3.806988927607173e-01 -3.550729180798642e-01;
3.806988927607174e-01 3.550729180798642e-01;
4.978516136333919e-01 -1.521584532834569e-01;
2.200519848970028e-01 -4.717897286354116e-01;
-3.550729180798642e-01 3.806988927607174e-01;

7.572897146859688e-03 -6.120487378544042e-01;
-7.572897146859613e-03 6.120487378544042e-01;
5.262633067626866e-01 3.125826902366292e-01;
3.536266193065777e-01 4.996090675700020e-01;
7.572897146859688e-03 -6.120487378544042e-01;

-1.791866475199284e-01 -3.757440418418629e-01;
1.791866475199285e-01 3.757440418418629e-01;
4.149972093156605e-01 3.269183214970547e-02;
3.658218494401086e-01 1.986600465652548e-01;
3.757440418418629e-01 -1.791866475199284e-01;

-4.237540224599735e-01 -3.009399711498649e-01;
4.237540224599735e-01 3.009399711498649e-01;
4.724986712599257e-01 -2.165117628312462e-01;
5.197122824720747e-01 -5.610814054638777e-03;
4.237540224599735e-01 3.009399711498649e-01;

-8.569410557385556e-01 -9.650729587170213e-01;
8.569410557385557e-01 9.650729587170211e-01;
1.264248226623629e+00 -2.595962444569354e-01;
1.260535529790229e+00 2.770631097667169e-01;
-9.650729587170211e-01 8.569410557385558e-01;

1.633322544833754e-01 -3.718092683969457e-01;
-1.633322544833753e-01 3.718092683969457e-01;
2.403301445525740e-01 3.273545158384606e-01;
-3.506825742360029e-01 2.047957263902359e-01;
1.633322544833754e-01 -3.718092683969457e-01;

-8.204083129540485e-03 -3.583430470690450e-01;
8.204083129540529e-03 3.583430470690450e-01;
3.144362235960860e-01 1.720665791295810e-01;
-2.039915156536691e-01 2.947278539670845e-01;
3.583430470690450e-01 -8.204083129540508e-03;

-1.776989804596847e-01 -5.150888253198060e-01;
1.776989804596848e-01 5.150888253198060e-01;
5.349294981622795e-01 1.036525813552214e-01;
-1.590001200686491e-01 5.211644533579628e-01;
1.776989804596848e-01 5.150888253198060e-01;

2.764719034614105e-01 -7.281863232825402e-01;
-2.764719034614104e-01 7.281863232825402e-01;
4.923919029203624e-01 6.035248534714903e-01;
-6.516876501140272e-01 4.266090030791391e-01;
-7.281863232825402e-01 -2.764719034614104e-01;

5.909484090927569e-02 -2.845484568869235e-01;
-5.909484090927566e-02 2.845484568869235e-01;
2.168787718170990e-01 1.934518619034943e-01;
-2.523603540031891e-01 -1.441328424274184e-01;
5.909484090927569e-02 -2.845484568869235e-01;

-2.307599374853305e-02 -2.540711790483793e-01;
2.307599374853308e-02 2.540711790483793e-01;
2.315700922996276e-01 1.070511927203891e-01;
-2.487669246671406e-01 -5.656573788230063e-02;
2.540711790483793e-01 -2.307599374853306e-02;

-9.979847298383711e-02 -3.197985663198506e-01;
9.979847298383715e-02 3.197985663198506e-01;
3.268529190187517e-01 7.347127029702730e-02;
-3.349859345650165e-01 -3.909203721993321e-03;
9.979847298383715e-02 3.197985663198506e-01;

3.063895178084942e-02 -4.298188113895003e-01;
-3.063895178084937e-02 4.298188113895003e-01;
3.569145337973148e-01 2.414435162822921e-01;
-3.993140246081048e-01 -1.619606919650255e-01;
-4.298188113895003e-01 -3.063895178084934e-02;

-2.305901315959792e-01 -2.715599069343267e-01;
2.305901315959792e-01 2.715599069343267e-01;
-1.198827122564751e-01 3.354768652912781e-01;
-2.305901315959792e-01 -2.715599069343267e-01;
-2.305901315959792e-01 -2.715599069343267e-01;

-1.864916493645415e-01 -1.737116720538049e-01;
1.864916493645415e-01 1.737116720538049e-01;
-5.719289625019554e-02 2.483623419702554e-01;
-1.864916493645415e-01 -1.737116720538049e-01;
1.737116720538049e-01 -1.864916493645415e-01;

-2.394378806238183e-01 -1.138998080880122e-01;
2.394378806238184e-01 1.138998080880122e-01;
2.107881302151849e-02 2.643091912925386e-01;
-2.394378806238183e-01 -1.138998080880122e-01;
2.394378806238184e-01 1.138998080880122e-01;

-3.505621293234361e-01 -1.618153009233810e-01;
3.505621293234361e-01 1.618153009233809e-01;
3.514490334104682e-02 3.845033600605519e-01;
-3.505621293234361e-01 -1.618153009233810e-01;
-1.618153009233809e-01 3.505621293234362e-01;

-3.641801559476834e-01 -1.737414576460767e-01;
3.641801559476834e-01 1.737414576460767e-01;
3.162556196180135e-02 4.022599954279106e-01;
5.270008824296693e-02 -4.000449734595424e-01;
-3.641801559476834e-01 -1.737414576460767e-01;

-2.456613587270500e-01 -1.195670395688647e-01;
2.456613587270500e-01 1.195670395688647e-01;
1.928258564158912e-02 2.725324971702596e-01;
3.780147740819047e-02 -2.705860832131631e-01;
1.195670395688647e-01 -2.456613587270500e-01;

-2.561429358311964e-01 -3.666095356390214e-02;
2.561429358311964e-01 3.666095356390210e-02;
9.632215080229739e-02 2.401567662116944e-01;
-4.428588138038819e-02 -2.549352659064672e-01;
2.561429358311964e-01 3.666095356390210e-02;

-3.608118297169924e-01 -1.678021833420649e-03;
3.608118297169924e-01 1.678021833420605e-03;
1.789527053226491e-01 3.133112214375707e-01;
-1.099010935549101e-01 -3.436709790721821e-01;
-1.678021833420583e-03 3.608118297169924e-01;

-6.990555108235145e-01 -1.745967264890858e-01;
6.990555108235145e-01 1.745967264890857e-01;
1.983225548546059e-01 6.926981942732139e-01;
6.681731691965104e-01 -2.696428009039383e-01;
-6.990555108235145e-01 -1.745967264890858e-01;

-3.680904739604037e-01 -1.335414367044197e-01;
3.680904739604037e-01 1.335414367044196e-01;
6.839496033630296e-02 3.855464196929738e-01;
3.762851359663023e-01 -1.083208603561501e-01;
1.335414367044196e-01 -3.680904739604037e-01;

-3.393454574590362e-01 2.118512784041820e-02;
3.393454574590362e-01 -2.118512784041824e-02;
1.880195876217413e-01 2.832892228981676e-01;
2.620839363357725e-01 -2.166013837777685e-01;
3.393454574590362e-01 -2.118512784041824e-02;

-4.640015972694850e-01 1.770802636006700e-01;
4.640015972694850e-01 -1.770802636006701e-01;
3.853568054217678e-01 3.132970388315950e-01;
2.713000101915961e-01 -4.159942385364923e-01;
1.770802636006701e-01 4.640015972694850e-01;

-3.557657149178002e-01 -9.048498476247053e-01;
3.557657149178003e-01 9.048498476247053e-01;
-6.057400971945727e-01 7.605270707267004e-01;
-2.440368865884400e-01 9.411527445859396e-01;
-3.557657149178002e-01 -9.048498476247053e-01;

-3.348579500125977e-01 -3.492025830299851e-01;
3.348579500125977e-01 3.492025830299851e-01;
-1.349893329648128e-01 4.645967828850819e-01;
6.564964389428508e-02 4.793353887811816e-01;
3.492025830299851e-01 -3.348579500125977e-01;

-4.848019260131889e-01 -1.079569473176698e-01;
4.848019260131889e-01 1.079569473176697e-01;
1.489075041144744e-01 4.738292573898802e-01;
3.287574955345340e-01 3.722984274343748e-01;
4.848019260131889e-01 1.079569473176697e-01;

-1.085361108262976e+00 1.156174350258217e-01;
1.085361108262976e+00 -1.156174350258218e-01;
6.428081899842468e-01 8.821415745224586e-01;
9.460338048344361e-01 5.444227830668605e-01;
1.156174350258219e-01 1.085361108262976e+00;

-1.408148122809056e-01 -4.373500888986686e-01;
1.408148122809057e-01 4.373500888986686e-01;
-3.083488811931766e-01 3.406242491137357e-01;
-4.594588220038613e-01 -1.225765150448396e-03;
-1.408148122809056e-01 -4.373500888986686e-01;

-1.764303293668295e-01 -2.671559667838878e-01;
1.764303293668296e-01 2.671559667838878e-01;
-1.431486893240236e-01 2.863711306216740e-01;
-3.086003931744677e-01 8.523948053153321e-02;
2.671559667838878e-01 -1.764303293668296e-01;

-3.008522912809610e-01 -2.069969956961566e-01;
3.008522912809610e-01 2.069969956961565e-01;
-2.883851113944902e-02 3.640442248841461e-01;
-2.898343124128083e-01 2.221619426104154e-01;
3.008522912809610e-01 2.069969956961565e-01;

-4.846761431925100e-01 -4.103785023969501e-01;
4.846761431925101e-01 4.103785023969500e-01;
-1.130601366465166e-01 6.249311038114530e-01;
-5.400663138666566e-01 3.341404729092420e-01;
-4.103785023969500e-01 4.846761431925101e-01;

-9.823082105270974e-01 -6.173635481211003e-01;
-6.173635481211001e-01 9.823082105270975e-01;
-9.823082105270974e-01 -6.173635481211003e-01;
-9.823082105270974e-01 -6.173635481211003e-01;
-9.823082105270974e-01 -6.173635481211003e-01;

-4.278874915117512e-01 -2.382444879048977e-01;
-2.382444879048976e-01 4.278874915117513e-01;
-4.278874915117512e-01 -2.382444879048977e-01;
-4.278874915117512e-01 -2.382444879048977e-01;
2.382444879048977e-01 -4.278874915117512e-01;

-4.309852039147737e-01 1.132318904321798e-02;
1.132318904321806e-02 4.309852039147737e-01;
-4.309852039147737e-01 1.132318904321798e-02;
-4.309852039147737e-01 1.132318904321798e-02;
4.309852039147737e-01 -1.132318904321804e-02;

-6.472596394836643e-01 3.048804140161409e-01;
3.048804140161410e-01 6.472596394836642e-01;
-6.472596394836643e-01 3.048804140161409e-01;
-6.472596394836643e-01 3.048804140161409e-01;
3.048804140161410e-01 6.472596394836642e-01;

-6.768158111975859e-01 3.614031624058167e-01;
3.614031624058168e-01 6.768158111975858e-01;
-6.768158111975859e-01 3.614031624058167e-01;
-5.528624203374476e-01 -5.320103685668078e-01;
-6.768158111975859e-01 3.614031624058167e-01;

-4.531499612104278e-01 1.629203242255949e-02;
1.629203242255957e-02 4.531499612104278e-01;
-4.531499612104278e-01 1.629203242255949e-02;
-1.555256826135376e-01 -4.259367085765949e-01;
-1.629203242255952e-02 -4.531499612104278e-01;

-3.117473831838399e-01 1.290280959811079e-01;
1.290280959811080e-01 3.117473831838399e-01;
-3.117473831838399e-01 1.290280959811079e-01;
-2.190482508237145e-01 -2.566175058049489e-01;
3.117473831838399e-01 -1.290280959811080e-01;

-2.997208931922692e-01 2.968337084254976e-01;
2.968337084254977e-01 2.997208931922692e-01;
-2.997208931922692e-01 2.968337084254976e-01;
-3.749244822197748e-01 -1.933248481334946e-01;
2.968337084254977e-01 2.997208931922692e-01;

-1.383062468201247e-01 7.169663802062872e-01;
7.169663802062872e-01 1.383062468201245e-01;
-1.383062468201247e-01 7.169663802062872e-01;
-3.095301605690770e-01 -6.613323581631683e-01;
-1.383062468201247e-01 7.169663802062872e-01;

-5.515246411085392e-01 3.400978501871678e-01;
3.400978501871679e-01 5.515246411085390e-01;
-5.515246411085392e-01 3.400978501871678e-01;
2.462883067969597e-01 -5.993229908713021e-01;
-3.400978501871679e-01 -5.515246411085392e-01;

-2.681893216170631e-01 2.705077985814501e-01;
2.705077985814501e-01 2.681893216170630e-01;
-2.681893216170631e-01 2.705077985814501e-01;
5.796922426181332e-02 -3.764831342321811e-01;
2.681893216170630e-01 -2.705077985814501e-01;

-1.243550416347216e-01 3.756852383690235e-01;
3.756852383690235e-01 1.243550416347215e-01;
-1.243550416347216e-01 3.756852383690235e-01;
-1.202169005986006e-01 -3.770298018974489e-01;
3.756852383690235e-01 1.243550416347215e-01;

6.906422664022891e-01 7.033566114093140e-01;
7.033566114093139e-01 -6.906422664022892e-01;
6.906422664022891e-01 7.033566114093140e-01;
-1.453186872642791e-01 -9.749767905372260e-01;
6.906422664022891e-01 7.033566114093140e-01;

-2.233829421411733e+00 1.230308654442455e+00;
1.230308654442456e+00 2.233829421411733e+00;
-2.233829421411733e+00 1.230308654442455e+00;
2.530363247305920e+00 3.176713802723235e-01;
-1.230308654442456e+00 -2.233829421411733e+00;

-3.789695045688256e-01 5.365997141431149e-01;
5.365997141431150e-01 3.789695045688254e-01;
-3.789695045688256e-01 5.365997141431149e-01;
6.219981679037139e-01 -2.113656020643782e-01;
3.789695045688255e-01 -5.365997141431149e-01;

5.515554440587881e-02 5.569437608922617e-01;
5.569437608922617e-01 -5.515554440587891e-02;
5.515554440587881e-02 5.569437608922617e-01;
2.827415562504188e-01 -4.829965830568752e-01;
5.569437608922617e-01 -5.515554440587891e-02;

1.276404296524867e+00 -1.187183244747474e+00;
-1.187183244747474e+00 -1.276404296524867e+00;
1.276404296524867e+00 -1.187183244747474e+00;
-7.346477416341259e-01 -1.580792421701268e+00;
1.276404296524867e+00 -1.187183244747474e+00;

-5.039164958760519e-01 -7.353067246428777e-01;
-7.353067246428776e-01 5.039164958760520e-01;
-5.039164958760519e-01 -7.353067246428777e-01;
-8.550370129188281e-01 2.520307930787101e-01;
7.353067246428777e-01 -5.039164958760519e-01;

-8.452742205542673e-01 9.318881213207207e-02;
9.318881213207222e-02 8.452742205542673e-01;
-8.452742205542673e-01 9.318881213207207e-02;
-1.725762720342938e-01 8.327004821488674e-01;
8.452742205542673e-01 -9.318881213207217e-02;

-2.527725415726873e-01 1.463424587089230e+00;
1.463424587089230e+00 2.527725415726870e-01;
-2.527725415726873e-01 1.463424587089230e+00;
1.313688478600449e+00 6.926240401999039e-01;
1.463424587089230e+00 2.527725415726870e-01;

-1.768042676428636e-01 -3.462196489153401e-01;
-3.462196489153400e-01 1.768042676428637e-01;
3.882371450714458e-01 1.999283718144702e-02;
-1.768042676428636e-01 -3.462196489153401e-01;
-1.768042676428636e-01 -3.462196489153401e-01;

-1.720045819692208e-01 -2.185178844268113e-01;
-2.185178844268113e-01 1.720045819692208e-01;
2.752443300794609e-01 -3.970139533926242e-02;
-1.720045819692208e-01 -2.185178844268113e-01;
2.185178844268113e-01 -1.720045819692208e-01;

-2.566648254530919e-01 -1.647969806302554e-01;
-1.647969806302554e-01 2.566648254530920e-01;
2.710507844193192e-01 -1.398797687851488e-01;
-2.566648254530919e-01 -1.647969806302554e-01;
2.566648254530919e-01 1.647969806302554e-01;

-3.843515786933108e-01 -2.788490797788215e-01;
-2.788490797788214e-01 3.843515786933108e-01;
4.336661762570283e-01 -1.934336912436503e-01;
-3.843515786933108e-01 -2.788490797788215e-01;
-2.788490797788214e-01 3.843515786933108e-01;

-3.962736233931970e-01 -3.036811845087081e-01;
-3.036811845087080e-01 3.962736233931970e-01;
4.611324321324889e-01 -1.913424324538621e-01;
1.663626853522020e-01 -4.707212586490964e-01;
-3.962736233931970e-01 -3.036811845087081e-01;

-2.627203596525188e-01 -1.741848376978847e-01;
-1.741848376978847e-01 2.627203596525189e-01;
2.822086742266969e-01 -1.404300867015232e-01;
8.447456903146038e-02 -3.036879850220228e-01;
1.741848376978847e-01 -2.627203596525188e-01;

-3.000881559566809e-01 -6.596966472591657e-02;
-6.596966472591652e-02 3.000881559566809e-01;
2.071754835101263e-01 -2.268991340703539e-01;
-2.999146048586453e-02 -3.057865436991234e-01;
3.000881559566809e-01 6.596966472591653e-02;

-4.679058027093420e-01 -3.614696260793428e-02;
-3.614696260793419e-02 4.679058027093420e-01;
2.652570892427882e-01 -3.871448304204727e-01;
-1.102130404712849e-01 -4.561748884199217e-01;
-3.614696260793419e-02 4.679058027093420e-01;

-9.621611404582470e-01 -6.705691740683126e-01;
-6.705691740683124e-01 9.621611404582471e-01;
1.061810509967031e+00 -4.979714031368932e-01;
1.172555385117201e+00 -2.304227096502733e-02;
-9.621611404582470e-01 -6.705691740683126e-01;

-4.256076121496046e-01 -2.480711198975585e-01;
-2.480711198975584e-01 4.256076121496046e-01;
4.276396978513432e-01 -2.445514442168129e-01;
4.901363369598342e-01 -4.947212587420243e-02;
2.480711198975585e-01 -4.256076121496046e-01;

-4.368925029702034e-01 6.113299808187647e-03;
6.113299808187728e-03 4.368925029702034e-01;
2.131519785502606e-01 -3.814166561992583e-01;
3.498601521478066e-01 -2.617447335195640e-01;
4.368925029702034e-01 -6.113299808187701e-03;

-6.691596290715021e-01 3.072468719930005e-01;
3.072468719930007e-01 6.691596290715019e-01;
6.849621815650682e-02 -7.331326739593930e-01;
3.607663316980022e-01 -6.418901023086121e-01;
3.072468719930007e-01 6.691596290715019e-01;

2.078772011288031e-01 -8.514312353482750e-01;
-8.514312353482750e-01 -2.078772011288029e-01;
6.334224788227718e-01 6.057425547192881e-01;
-6.686349119351784e-01 5.666351858270633e-01;
2.078772011288031e-01 -8.514312353482750e-01;

-2.364690482133327e-01 -4.958336594615814e-01;
-4.958336594615813e-01 2.364690482133328e-01;
5.476390692517982e-01 4.312862676931720e-02;
-1.001362339734708e-01 5.401308760509745e-01;
4.958336594615814e-01 -2.364690482133328e-01;

-6.323836159522715e-01 -2.824780477414016e-01;
-2.824780477414015e-01 6.323836159522715e-01;
5.608249733316228e-01 -4.064212524810287e-01;
3.455726617109028e-01 6.002353044087839e-01;
6.323836159522715e-01 2.824780477414015e-01;

-3.634104363603676e+00 -7.457995413302936e-01;
-7.457995413302929e-01 3.634104363603676e+00;
2.462933530724654e+00 -2.774326928219518e+00;
2.501682217927090e+00 2.739437453551212e+00;
-7.457995413302929e-01 3.634104363603676e+00;

-4.062307145327120e-03 -4.498133036864450e-01;
-4.498133036864450e-01 4.062307145327203e-03;
3.915809015253294e-01 2.213885906573941e-01;
-4.290531955315212e-01 -1.351364714532949e-01;
-4.062307145327120e-03 -4.498133036864450e-01;

-1.226562454552118e-01 -3.148457195528582e-01;
-3.148457195528582e-01 1.226562454552119e-01;
3.339925141331721e-01 5.119943527939601e-02;
-3.373389375202676e-01 1.936034355643523e-02;
3.148457195528582e-01 -1.226562454552118e-01;

-2.930534058605307e-01 -3.102514508411107e-01;
-3.102514508411107e-01 2.930534058605308e-01;
4.152123409196462e-01 -9.866596872021584e-02;
-3.856251466828267e-01 1.828373804267594e-01;
2.930534058605308e-01 3.102514508411107e-01;

-3.314539873213678e-01 -6.983013492111722e-01;
-6.983013492111720e-01 3.314539873213679e-01;
7.704737015745076e-01 6.210310139963611e-02;
-7.665489634406240e-01 9.944449039279132e-02;
-6.983013492111720e-01 3.314539873213679e-01;

-3.417849016921961e-01 -1.338786528303079e-01;
-1.338786528303079e-01 3.417849016921961e-01;
5.495013647061414e-02 3.629337339105628e-01;
-3.417849016921961e-01 -1.338786528303079e-01;
-3.417849016921961e-01 -1.338786528303079e-01;

-2.357774440936222e-01 -1.003475540372151e-01;
-1.003475540372150e-01 2.357774440936222e-01;
3.098519104295126e-02 2.543630332430496e-01;
-2.357774440936222e-01 -1.003475540372151e-01;
1.003475540372151e-01 -2.357774440936222e-01;

-2.392349720276181e-01 -2.748935609788805e-02;
-2.748935609788801e-02 2.392349720276181e-01;
9.581100529936143e-02 2.209282412985208e-01;
-2.392349720276181e-01 -2.748935609788805e-02;
2.392349720276181e-01 2.748935609788803e-02;

-3.254693630651970e-01 6.424782241634190e-03;
6.424782241634250e-03 3.254693630651970e-01;
1.682987061676370e-01 2.786523454471841e-01;
-3.254693630651970e-01 6.424782241634190e-03;
6.424782241634250e-03 3.254693630651970e-01;

-3.379910199845282e-01 9.025173597191689e-03;
9.025173597191752e-03 3.379910199845282e-01;
1.768115396009968e-01 2.881962227590193e-01;
-1.130284192816458e-01 -3.186596299868147e-01;
-3.379910199845282e-01 9.025173597191689e-03;

-2.461499852568261e-01 -2.796874905901963e-02;
-2.796874905901959e-02 2.461499852568261e-01;
9.885334543123006e-02 2.271565149030862e-01;
-4.946466756429749e-02 -2.427453662351058e-01;
2.796874905901962e-02 -2.461499852568261e-01;

-2.162508176562229e-01 2.847409801290704e-02;
2.847409801290708e-02 2.162508176562229e-01;
1.327847010571370e-01 1.730416526729918e-01;
-9.390565416405294e-02 -1.968677691006196e-01;
2.162508176562229e-01 -2.847409801290707e-02;

-2.591325895352950e-01 8.410910206611616e-02;
8.410910206611620e-02 2.591325895352950e-01;
2.024069138464024e-01 1.823608544529529e-01;
-1.600688835625078e-01 -2.204585959419327e-01;
8.410910206611620e-02 2.591325895352950e-01;

-4.195326558061384e-01 1.644140735463750e-01;
1.644140735463751e-01 4.195326558061383e-01;
3.521530923339131e-01 2.811189008720812e-01;
2.427688805425321e-01 -3.796088875513722e-01;
-4.195326558061384e-01 1.644140735463750e-01;

-3.179910329282428e-01 2.803301624283609e-02;
2.803301624283615e-02 3.179910329282428e-01;
1.832728206751194e-01 2.613718045700941e-01;
2.407827561729775e-01 -2.095896260605147e-01;
-2.803301624283611e-02 -3.179910329282428e-01;

-2.416266369574086e-01 8.787570240713288e-02;
8.787570240713292e-02 2.416266369574086e-01;
1.969159091386828e-01 1.653169546325492e-01;
1.438280136824544e-01 -2.131175104045982e-01;
2.416266369574086e-01 -8.787570240713291e-02;

-2.540140281486962e-01 1.820428364390531e-01;
1.820428364390532e-01 2.540140281486961e-01;
2.846607350075437e-01 1.289611830748597e-01;
9.849957103756515e-02 -2.965814480046217e-01;
1.820428364390532e-01 2.540140281486961e-01;

-8.860176648140439e-01 1.526802109930801e-01;
1.526802109930803e-01 8.860176648140439e-01;
5.752337737821978e-01 6.909737004341874e-01;
8.065465244896031e-01 3.972672312501561e-01;
-8.860176648140439e-01 1.526802109930801e-01;

-4.533225736224849e-01 -7.289785686013858e-02;
-7.289785686013850e-02 4.533225736224849e-01;
1.635298908889209e-01 4.290377932960826e-01;
3.238973808082614e-01 3.254319283599300e-01;
7.289785686013855e-02 -4.533225736224849e-01;

-3.481986387503146e-01 9.187278647906699e-02;
9.187278647906706e-02 3.481986387503146e-01;
2.536634863824930e-01 2.556124734813995e-01;
3.357000851466386e-01 1.303393791436033e-01;
3.481986387503146e-01 -9.187278647906703e-02;

-3.878408316443413e-01 2.956458934742462e-01;
2.956458934742462e-01 3.878408316443412e-01;
4.499572700954160e-01 1.880570660917598e-01;
4.875461199977784e-01 -1.121543106043884e-02;
2.956458934742462e-01 3.878408316443412e-01;

-4.988384748555733e-01 -3.329659888394215e-01;
-3.329659888394214e-01 4.988384748555733e-01;
-3.893776750335795e-02 5.984897860297221e-01;
-4.708190395688431e-01 3.715314329898888e-01;
-4.988384748555733e-01 -3.329659888394215e-01;

-3.016897840796567e-01 -1.804845106832378e-01;
-1.804845106832378e-01 3.016897840796567e-01;
-5.459279201459338e-03 3.515132724168437e-01;
-2.648782402855579e-01 2.311512540260682e-01;
1.804845106832378e-01 -3.016897840796567e-01;

-3.299111637486440e-01 -4.502378932600026e-02;
-4.502378932600020e-02 3.299111637486440e-01;
1.259638365433673e-01 3.082233434614135e-01;
-1.447683244591397e-01 2.998510460287739e-01;
3.299111637486440e-01 4.502378932600022e-02;

-5.181162557191155e-01 3.466861325251792e-02;
3.466861325251802e-02 5.181162557191155e-01;
2.890820276502163e-01 4.313675329401693e-01;
-1.271349175343989e-01 5.034710318665514e-01;
3.466861325251802e-02 5.181162557191155e-01;

