5
0
0
52
-2.104775688972880e-01 1.899829254968097e-01
-2.189041384663657e-01 1.975889822705698e-01
-5.290704825985378e-03 4.775537773677417e-03
2.654955230705388e-02 -2.396436658001357e-02
-6.393668307944409e-01 5.771103382480997e-01
3.140184917367550e-16
1.360101289010429e+04
1.420609378067923e-16
2.441406250000000e-05
2.052535757585398e-13
0.000000000000000e+00
1
1
2
52
2.440237527778228e-01 -2.961325281797781e-01
2.537933597723536e-01 -3.079883347792950e-01
6.133944121641644e-03 -7.443785122402390e-03
7.412699332738214e-01 -8.995605423868198e-01
-3.078105387895379e-02 3.735403296380314e-02
1.274618960184944e-15
2.199098344833664e+04
7.022120055909138e-14
9.536743164062501e-08
2.487043814008920e-12
0.000000000000000e+00
1
1
21
52
-6.488754086300190e-01 5.087291822603696e-01
-1.840190659708406e-01 1.442740281209230e-01
-1.565678870600400e-02 1.227518443339608e-02
8.188177320245910e-02 -6.419668085628996e-02
-1.121058888435804e-01 8.789289345758708e-02
2.220446049250313e-16
9.023433744707961e+02
1.149073661286864e-16
6.103515625000000e-06
2.781891854493334e-13
0.000000000000000e+00
1
1
29
52
-1.394881711309602e-01 1.267787458627256e-01
-1.662223668671154e-01 1.510770629142573e-01
4.092597585424319e-02 -3.719701713730127e-02
2.321070320367571e-02 -2.109586654477845e-02
-7.247079706885580e-01 6.586764088716593e-01
2.220446049250313e-16
1.136123655014735e+05
3.783993941885513e-16
2.441406250000000e-05
2.038133930262834e-13
0.000000000000000e+00
1
1
32
52
2.495094481803627e-01 -4.282584848056473e-01
-5.483424301942895e-01 -9.372622676161952e-01
1.085781239919875e+00 1.480128664984696e-02
4.866822033859122e-01 5.337946712505288e-02
-2.864500483032698e-01 -3.970583136394145e-01
4.449557262054371e-16
2.305538757560299e+01
6.304260109096317e-16
9.765625000000001e-05
1.241479737345028e-12
0.000000000000000e+00
1
1
33
52
-9.953371778615397e-02 1.288790801729412e-01
-5.112211930096118e-01 -2.227061229257196e-01
3.446990261329496e-01 4.383237465090998e-01
1.102291613802779e-01 1.116365102038259e-01
-1.358745383574638e-01 -7.843014889208327e-02
1.908195823574488e-17
2.662545841958919e+02
5.603037840258441e-16
2.441406250000000e-05
2.465406635074266e-12
0.000000000000000e+00
1
1
37
52
2.739940195965878e-01 5.432308087353404e-02
3.987304822926487e-01 -4.642397109788104e-01
1.914476485870792e-01 5.812506383734092e-01
1.589751041395385e-01 -2.255225832058168e-01
6.090600025824846e-02 2.691170347721301e-01
1.000741510621680e-16
5.905777220007845e+01
2.328692444314364e-16
9.765625000000001e-05
4.938103343114194e-13
0.000000000000000e+00
1
1
41
52
-1.023665394220822e-01 2.196185839318544e-01
-5.292517029512501e-01 4.122509013562638e-02
3.087560403462741e-01 4.318293420822387e-01
1.571632564137828e-01 1.805231422210016e-01
-2.393127419195143e-01 -4.278504282139036e-03
8.441528768080324e-17
9.411207911460123e+01
1.051403522701365e-16
9.765625000000001e-05
8.977483070583583e-13
0.000000000000000e+00
1
1
42
52
-1.141236407785535e+00 5.001391993679424e-01
-1.859398620728586e-01 8.148689711727143e-02
2.079319463910089e-01 -9.112478052887367e-02
-2.196691363568048e-02 9.626852528874226e-03
1.607156580474857e-01 -7.043255892767381e-02
8.063759033315297e-16
1.174267130211153e+03
3.220179070802984e-16
1.525878906250000e-06
3.350454369794330e-12
0.000000000000000e+00
1
1
47
52
-7.925062103695744e-01 4.527044395071256e-01
-1.291217967133890e-01 7.375842592076075e-02
1.443937099490742e-01 -8.248222244260607e-02
1.116054099197655e-01 -6.375251560505635e-02
-1.525443401574358e-02 8.713811842401652e-03
5.467214348906571e-16
1.545702828209236e+03
2.145174886224506e-16
1.525878906250000e-06
4.017959798566858e-12
0.000000000000000e+00
1
1
58
52
-1.031426497834748e+00 -6.426963814708099e-01
-2.646401227172802e-02 -1.649009886981172e-02
7.072891699449029e-01 4.407218460368774e-01
1.300147482630259e-01 8.101402128207945e-02
8.902865221668894e-01 5.547500742612926e-01
5.024295867788081e-15
3.298031376445634e+02
2.715888135823732e-16
6.103515625000000e-06
2.638970003411226e-15
0.000000000000000e+00
1
1
63
52
1.914360887864222e-01 -7.648954805678243e-02
-5.616754943301915e-02 2.244211370398791e-02
2.281265825185438e-01 -9.114947608468031e-02
9.946023257478102e-01 -3.973998992300153e-01
-3.185478885606956e-02 1.272779034763766e-02
2.122442193218141e-16
2.255483214550088e+05
3.951057636128386e-13
5.960464477539063e-09
4.808353233212055e-13
0.000000000000000e+00
1
1
66
52
-5.750365444462472e-01 1.159176775881807e+00
-1.387512233455445e-02 2.796990857028479e-02
-1.630785916691045e-01 3.287389609096556e-01
-9.934878418153265e-02 2.002704079376844e-01
7.256402583492064e-02 -1.462768485319985e-01
6.772717916454678e-16
4.364292395605598e+02
1.441024962996126e-15
6.103515625000000e-06
5.390277223807337e-14
0.000000000000000e+00
1
1
76
52
-2.155691792268327e-01 6.615820466074573e-02
-3.583873474023330e-01 -3.400263465690540e-01
-1.059447407895421e-01 4.825299151744021e-01
-1.462149765166196e-01 -1.680367284847615e-01
-2.678000079094630e-02 2.211289059242459e-01
8.326672684688674e-17
1.044398891088499e+02
1.168917183473338e-16
9.765625000000001e-05
3.016198914769359e-13
0.000000000000000e+00
1
1
85
52
-9.378575617031436e-01 6.056421969285205e-01
-1.843476945509441e-02 1.190465879741815e-02
1.468664326319206e-01 -9.484223676004802e-02
5.581676657399908e-02 -3.604490757843189e-02
1.171291299167164e-01 -7.563871792883167e-02
6.707437923744493e-16
2.752970960661929e+03
5.964370239125106e-16
1.525878906250000e-06
4.555377115121976e-12
0.000000000000000e+00
1
1
89
52
-8.091771153733301e-01 5.546282685573427e-01
-1.590539350469927e-02 1.090191590028424e-02
1.267153575927402e-01 -8.685356771225637e-02
1.010582153862256e-01 -6.926758302760121e-02
4.815832596561281e-02 -3.300880417831013e-02
7.006565084435500e-16
2.733496719068092e+03
6.702460220656057e-16
1.525878906250000e-06
3.495466647849515e-12
0.000000000000000e+00
1
1
111
52
-6.509200759328697e-01 3.599171796975477e-01
1.082975853022523e-01 -3.592792359919684e-01
3.618671227427644e-01 9.930821655403781e-02
1.578885521421050e-01 -8.730227334296597e-02
3.362487669390643e-01 -1.859240670984736e-01
1.355484107964908e-15
3.745037293471962e+02
1.063332597831650e-15
2.441406250000000e-05
3.820355495845996e-12
0.000000000000000e+00
1
1
115
52
-2.112664361609740e-01 2.764953414711006e-01
-2.056635026937896e-01 -4.343794908083917e-01
4.731563220190239e-01 8.429776573946483e-02
2.327609669090289e-01 4.372516147127543e-02
-1.033496232450871e-01 -2.130924983128543e-01
2.665835984225005e-16
4.430899085968520e+01
1.222902767433437e-16
3.906250000000000e-04
9.654442644489999e-13
0.000000000000000e+00
1
1
122
52
-4.168957524765379e-01 1.736078477651796e+00
2.858815934452833e-01 -1.190496373706971e+00
-1.069657831433556e-02 4.454374813300672e-02
5.255109930174198e-02 -2.188384792426757e-01
3.598479100136036e-01 -1.498514216303407e+00
2.009718347115232e-14
4.768373752336070e+02
7.733733913552015e-16
6.103515625000000e-06
3.552713678800501e-15
0.000000000000000e+00
1
1
131
52
-3.033198964970651e-01 4.209184171096051e-01
2.079982221433649e-01 -2.886400906675864e-01
-7.782485208602910e-03 1.079979056109821e-02
2.618137272246615e-01 -3.633201148808762e-01
3.823448405583910e-02 -5.305816958810084e-02
2.288783399261119e-16
5.417849176981580e+02
1.487935902495904e-14
6.103515625000000e-06
7.985313352820170e-15
0.000000000000000e+00
1
1
137
52
-4.196392444688822e-01 6.207633764001773e-01
-1.012552316825855e-02 1.497847027558563e-02
-1.190083963497895e-01 1.760465802753204e-01
5.295439615287444e-02 -7.833430782360606e-02
-7.250086822392823e-02 1.072489867042627e-01
3.376611507232130e-16
8.888413938260064e+02
1.351363957333694e-16
6.103515625000000e-06
2.378461424186608e-13
0.000000000000000e+00
1
1
141
52
-6.758389567879957e-01 8.048867001943656e-01
1.058348950525916e-01 -1.260434880065950e-01
-1.328446436421831e-02 1.582106000042224e-02
4.022268074924479e-02 -4.790298111120383e-02
8.440559868029890e-02 -1.005223849814663e-01
4.775832669052630e-16
2.809774147940197e+03
8.863468541009249e-16
1.525878906250000e-06
3.338395659082183e-12
0.000000000000000e+00
1
1
148
52
-6.030302329326013e-01 7.054088925111479e-01
9.443320893971779e-02 -1.104654819883390e-01
-1.185331736130192e-02 1.386569862634751e-02
7.531250946956419e-02 -8.809859107528054e-02
3.588945605720608e-02 -4.198254095325064e-02
4.785322041280423e-16
3.641447672372445e+03
3.010599586543088e-16
1.525878906250000e-06
3.092661824410278e-12
0.000000000000000e+00
1
1
167
52
-2.820557802054073e-01 5.276611407255629e-02
1.137883362874648e-01 -3.796402254030696e-01
2.433336809393304e-01 3.128309542543366e-01
5.431517658361082e-02 -1.875959110291370e-01
1.184582093258822e-01 1.552740058266875e-01
7.473417450352271e-17
9.464081718955963e+01
6.478861033449214e-17
3.906250000000000e-04
2.175072055088659e-13
0.000000000000000e+00
1
1
170
52
-7.023850450552249e-02 1.438434114236644e-01
2.060805096320558e-02 -4.220380792855794e-02
-8.370036232787859e-02 1.714123291689987e-01
1.168762245808721e-02 -2.393541117708330e-02
-3.649227289431305e-01 7.473355335047878e-01
4.449557262054371e-16
1.683262484380221e+05
1.696033571165549e-16
2.441406250000000e-05
1.249444912992017e-14
0.000000000000000e+00
1
1
174
52
3.817423454804711e-01 -9.491936773001439e-02
9.595730699915742e-03 -2.385956658325601e-03
3.970255818296469e-01 -9.871950975851788e-02
1.159617126369464e+00 -2.883361663880264e-01
-4.815281942988273e-02 1.197308925460438e-02
1.454842240074372e-15
1.959845526140023e+04
1.257575448719110e-13
9.536743164062501e-08
2.781318830841247e-12
0.000000000000000e+00
1
1
178
52
-4.480455726579173e-01 2.981717968268600e-01
5.677914529348461e-02 -2.655148814519890e-01
2.668477079076099e-01 5.014303936915748e-02
2.314489549624336e-01 -1.540279716758604e-01
1.086788829784612e-01 -7.232518250897828e-02
2.371437420133774e-16
3.568837871181153e+02
2.682859054431441e-15
6.103515625000000e-06
4.529822398476468e-15
0.000000000000000e+00
1
1
181
52
1.286436308921931e-01 -1.490055441375194e-01
1.532993703760323e-01 -1.775638322736880e-01
-3.774417636284477e-02 4.371838308637833e-02
6.683653813080652e-01 -7.741552895684373e-01
-2.140618169607253e-02 2.479438530620286e-02
5.894243073641382e-16
1.924079895003008e+05
3.429020677336314e-13
5.960464477539063e-09
7.304864871637412e-13
0.000000000000000e+00
1
1
187
52
1.649183844737191e-01 -1.808565545759825e-01
-4.626021209982418e-01 -6.989219664075405e-01
7.385143179018583e-01 3.963448495098784e-01
1.939252150064928e-01 1.341623343001140e-01
-1.514331406183565e-01 -1.807609606154799e-01
6.938893903907228e-17
7.728881270085479e+01
5.332144362190138e-16
2.441406250000000e-05
2.607527213566573e-12
0.000000000000000e+00
1
1
191
52
-4.522089768820685e-01 6.814971333274690e-01
8.239194972847858e-02 -1.241679852009270e-01
-7.367770097057889e-02 1.110352615019007e-01
6.368274162897161e-02 -9.597245539399400e-02
-8.704275006195370e-03 1.311769285367980e-02
3.130971641029511e-16
2.300484547387872e+03
3.670961693837345e-16
1.525878906250000e-06
4.529683334496366e-12
0.000000000000000e+00
1
1
196
52
-5.425657523243380e-01 9.412065224925252e-01
9.885484914104020e-02 -1.714867338990132e-01
-8.839938899986693e-02 1.533493058760018e-01
-1.044349351429608e-02 1.811666912471738e-02
7.640731694499346e-02 -1.325462670039513e-01
3.342213888644168e-16
1.482073385141554e+03
8.185299060762386e-16
1.525878906250000e-06
2.813587034480300e-12
0.000000000000000e+00
1
1
197
52
1.842050046174179e-01 -1.497736782966177e-02
1.043552349874630e-01 -6.242059307156799e-01
2.038239147587668e-01 5.991484547107890e-01
9.430515411355162e-03 -1.778057267816666e-01
3.803085636868210e-02 1.739467305273230e-01
8.092071311423672e-17
1.714323414791388e+02
3.003669097321777e-16
2.441406250000000e-05
6.363875715220833e-12
0.000000000000000e+00
1
1
207
52
-2.544079358594500e-02 -7.578855978873832e-01
-9.142313377048902e-01 5.110241840827060e-01
9.464429361293112e-01 4.485648495033864e-01
4.684386609441239e-01 2.166585240842741e-01
-4.528548922127506e-01 2.475846152822882e-01
4.575210091302474e-15
3.491083238957089e+01
4.154545397755650e-16
3.906250000000000e-04
9.129276849290527e-12
0.000000000000000e+00
1
1
208
52
-5.275109945690705e-01 1.817980075807877e-01
-1.353470893278001e-02 4.664515322896598e-03
3.617347569301513e-01 -1.246659477426497e-01
4.553266080962560e-01 -1.569208433618304e-01
6.649451929813037e-02 -2.291624487053180e-02
1.954010264749829e-16
4.603161468753898e+02
5.304741710324629e-15
6.103515625000000e-06
9.668198484319091e-15
0.000000000000000e+00
1
1
217
52
5.879259221852590e-01 1.166557248894860e-01
-2.289982566367465e-01 -7.955555535035594e-01
-5.153980863767496e-01 6.478531105213657e-01
-1.091631830793334e-01 -3.930731652980952e-01
-2.509710859859347e-01 3.216156523189075e-01
7.021666937153402e-16
3.208905954518399e+01
5.607608695250125e-16
3.906250000000000e-04
1.392355982825108e-12
0.000000000000000e+00
1
1
221
52
-1.387594281132851e-01 4.947752729883016e-02
-2.803705382240730e-01 -4.193806051253910e-01
4.822286849033950e-02 5.021576302456828e-01
-6.511645724401156e-02 -1.261113903833593e-01
2.936437320401454e-02 1.388595310908495e-01
3.925231146709438e-17
3.617863393656953e+02
2.397271938985065e-16
2.441406250000000e-05
2.223138043979795e-12
0.000000000000000e+00
1
1
222
52
-1.325764110224237e+00 8.067435466602609e-01
-3.759826154857921e-01 2.287899833465140e-01
-3.198951335142976e-02 1.946600700535073e-02
-2.290516206915640e-01 1.393806902901743e-01
1.672985518476294e-01 -1.018031986443305e-01
1.790180836524724e-15
4.047719804700462e+02
5.463249019910961e-16
6.103515625000000e-06
9.505402506867048e-14
0.000000000000000e+00
1
1
230
52
-1.038401388554306e-01 2.159647158479611e-01
-2.610195122699823e-03 5.428633418589845e-03
-1.079974281984816e-01 2.246109659547695e-01
1.309835158472090e-02 -2.724169872316190e-02
-3.154347555280354e-01 6.560351141385308e-01
3.330669073875470e-16
1.710377745183085e+04
2.203854675144038e-16
9.765625000000001e-05
3.426358527954726e-13
0.000000000000000e+00
1
1
231
52
-4.095043896534474e+00 1.756197563886537e+00
2.097581090214762e+00 8.082663852192004e-01
8.603014352033395e-01 -2.076781745896505e+00
9.933025200606542e-01 -4.259870003857948e-01
2.115395594148282e+00 -9.072070246288386e-01
3.923457169400570e-13
9.932992481712616e+03
1.197770479296842e-14
6.103515625000000e-06
1.460945511197663e-14
0.000000000000000e+00
1
1
238
52
-1.046778418352559e+00 8.484533482295823e-01
6.769251415070624e-01 6.231688842596717e-02
7.917117146533439e-02 -6.751614380252009e-01
5.407391251914171e-01 -4.382894347491884e-01
2.539087900314411e-01 -2.058026410079663e-01
1.336885555457667e-15
4.689497896929059e+02
2.291323199385067e-14
6.103515625000000e-06
1.112939747117259e-14
0.000000000000000e+00
1
1
-1

2 0
1 5
-6822537028040883951273885083242224614184078634378278107176058479506466978998223059767275465289499193032996580903007323413100936657183946570226013991653358498982308567546544601254302990048816674004665577944420863116130898277814807967338561921591278313800639580786610595996956348439724629150700608018511348585123/10000000000000000000000000000000000000000000000000000000000000000000000000000000000000000000000000000000000000000000000000000000000000000000000000000000000000000000000000000000000000000000000000000000000000000000000000000000000000000000000000000000000000000000000000000000000000000000000000000000000000000000000 -3375812617645950852250122233506140984538353705055043407921798370574930441488248485188981966155701769742207578345675093811100589293059353749210804885987454087282032490288891234138211398128268746825912964031244404382711188480082849043959785263559562071558215816236067790235179654591734791696056800588645794896849/5000000000000000000000000000000000000000000000000000000000000000000000000000000000000000000000000000000000000000000000000000000000000000000000000000000000000000000000000000000000000000000000000000000000000000000000000000000000000000000000000000000000000000000000000000000000000000000000000000000000000000000000
-794308879135224521148297857331643312426462091074501559945362111451811786711239778103570258799370608340669506190724900753573124880146103856697737422895435725898118926651188292788496374851542361816453176305464119921726766636318206035689904229374391323440742219660006559399114941041458443134272154779742926473289/2500000000000000000000000000000000000000000000000000000000000000000000000000000000000000000000000000000000000000000000000000000000000000000000000000000000000000000000000000000000000000000000000000000000000000000000000000000000000000000000000000000000000000000000000000000000000000000000000000000000000000000000 680392044970952650513891365672641366537393707788289136441097349852131054609903254955732889858782504184386537418483609455897138500330096818438471597210688627408009273330507748806429165320033678803275319514972300462273170168542429381145501359513599458588471476368019043040474767100786037844803652474125411292331/1250000000000000000000000000000000000000000000000000000000000000000000000000000000000000000000000000000000000000000000000000000000000000000000000000000000000000000000000000000000000000000000000000000000000000000000000000000000000000000000000000000000000000000000000000000000000000000000000000000000000000000000
2400671223620830869460176002250974164272069323662651098599614125295945093607508557886689779395113368664571877803380962053542561068065557139725641486270493420625445808470347177252943224459448922125059675466095224366278361095634910461804221628983139911464276975850167030790341199469780523579741751470730530498151/5000000000000000000000000000000000000000000000000000000000000000000000000000000000000000000000000000000000000000000000000000000000000000000000000000000000000000000000000000000000000000000000000000000000000000000000000000000000000000000000000000000000000000000000000000000000000000000000000000000000000000000000 -8329378641858729997003613869268557092824152985474841044671987886961510349218786087370214453714141716363495830669305726657615090079326479849415051848350917470701667193638006086880832006882974999356277535789330068964351001277140593966248590958323949256366185189764660793393471902419745674070666341606291206712827/10000000000000000000000000000000000000000000000000000000000000000000000000000000000000000000000000000000000000000000000000000000000000000000000000000000000000000000000000000000000000000000000000000000000000000000000000000000000000000000000000000000000000000000000000000000000000000000000000000000000000000000000
4271718445108636940093209982460078118359948188788858187929503397093876261513538200339173470393173627657115889289782745472279206446948756728494829282627026360832661518980302175820441547695864075034473315587987623673085306541813094532679408792049361027140141594681847474804217275703851613321675681498482310793567/5000000000000000000000000000000000000000000000000000000000000000000000000000000000000000000000000000000000000000000000000000000000000000000000000000000000000000000000000000000000000000000000000000000000000000000000000000000000000000000000000000000000000000000000000000000000000000000000000000000000000000000000 3377555015609225485228790362286610299752833730786524045356553919468038422426069291855684363520756123483090687861032155810904240061640391564433101097151443272636000452388107076058021167074220860814404288253344561377430112713141087562807676453644186841006833728070200929001262441259730987753006760688348677203997/5000000000000000000000000000000000000000000000000000000000000000000000000000000000000000000000000000000000000000000000000000000000000000000000000000000000000000000000000000000000000000000000000000000000000000000000000000000000000000000000000000000000000000000000000000000000000000000000000000000000000000000000
-993957422946880040422233779844515232608253789291755788149515960629917168466423839279779595325838930739718870544922957112605758023043401716215048310315353819862225096526603567874049817580077256857927099258131752384001532199613907856980270424298268754510742727023990337185336812805038653362154723877649970830771/2000000000000000000000000000000000000000000000000000000000000000000000000000000000000000000000000000000000000000000000000000000000000000000000000000000000000000000000000000000000000000000000000000000000000000000000000000000000000000000000000000000000000000000000000000000000000000000000000000000000000000000000 -3535468702192692161972851359897319180180506427044162218365924229821123252600621053721217648334839581840225537255370249531015000923062624645263212653044109618398729840184940848696442375569910709814945312062431561877030271019686834323991745312110441282443103329142340426045806389437178172775316777542195053495193/5000000000000000000000000000000000000000000000000000000000000000000000000000000000000000000000000000000000000000000000000000000000000000000000000000000000000000000000000000000000000000000000000000000000000000000000000000000000000000000000000000000000000000000000000000000000000000000000000000000000000000000000

0
-1653157169664057931936775620917903213866446636932179507515640753316438531437996644626057015506221865177378231897259168674620731037213859323578644798020898901034273903186396277692868501727100022332613147950518187118471266118960472099567048947742075558511821852118791044902587920084621276032332036375332138626821/2000000000000000000000000000000000000000000000000000000000000000000000000000000000000000000000000000000000000000000000000000000000000000000000000000000000000000000000000000000000000000000000000000000000000000000000000000000000000000000000000000000000000000000000000000000000000000000000000000000000000000000000 6036677782272456895381254444568467969624650122992694255280516755835534743823592257029129261650403695735518587112103482495779603123987050233694442972524517753144299217578167204205094819860555364436262705291457909456294224926741525466422394849705399569641444558101147151086421389220322915671319501984815497873767/10000000000000000000000000000000000000000000000000000000000000000000000000000000000000000000000000000000000000000000000000000000000000000000000000000000000000000000000000000000000000000000000000000000000000000000000000000000000000000000000000000000000000000000000000000000000000000000000000000000000000000000000
5 5
1 0
0 0
0 0
0 0
0 0
0 0
1 0
0 0
0 0
0 0
0 0
0 0
1 0
0 0
0 0
0 0
0 0
0 0
1 0
0 0
0 0
0 0
0 0
0 0
1 0

5 0

4 0

