1.0400354755769241e+00 -2.2365026135426584e-62
2.5136668262104485e-02 8.8613465032129610e-63
-1.2613958079309601e-01 6.0130234999484112e-64
3.0376958178685940e+00 3.9160871250868529e-62
2.5136668262104485e-02 8.8613465032129610e-63
1.0400354755769241e+00 -2.2365026135426584e-62
-1.2613958079309601e-01 6.0130234999484112e-64
3.0376958178685940e+00 3.9160871250868529e-62
1.0400354755769241e+00 -2.2365026135426584e-62
2.5136668262104485e-02 8.8613465032129610e-63
3.0376958178685940e+00 3.9160871250868529e-62
-1.2613958079309601e-01 6.0130234999484112e-64
2.5136668262104485e-02 8.8613465032129610e-63
1.0400354755769241e+00 -2.2365026135426584e-62
3.0376958178685940e+00 3.9160871250868529e-62
-1.2613958079309601e-01 6.0130234999484112e-64
2.8359691787266683e-01 -1.6899425705786948e-62
2.4129113999034748e-02 -4.1600289845889105e-62
-1.2619028570575266e-01 -3.9735108597946647e-63
1.7276951376578040e-01 -2.5876665606227923e-62
2.4129113999034748e-02 -4.1600289845889105e-62
2.8359691787266683e-01 -1.6899425705786948e-62
-1.2619028570575266e-01 -3.9735108597946647e-63
1.7276951376578040e-01 -2.5876665606227923e-62
2.8359691787266683e-01 -1.6899425705786948e-62
2.4129113999034748e-02 -4.1600289845889105e-62
1.7276951376578040e-01 -2.5876665606227923e-62
-1.2619028570575266e-01 -3.9735108597946647e-63
2.4129113999034748e-02 -4.1600289845889105e-62
2.8359691787266683e-01 -1.6899425705786948e-62
1.7276951376578040e-01 -2.5876665606227923e-62
-1.2619028570575266e-01 -3.9735108597946647e-63
1.1916592318860895e+00 4.4306914613487638e-61
-2.9340104986980825e-01 -4.9491935945774641e-61
-1.6639907897196576e-01 -7.2483768784300340e-62
5.1954797658660032e+00 3.4073340352905780e-60
-2.9340104986980825e-01 -4.9491935945774641e-61
1.1916592318860895e+00 4.4306914613487638e-61
-1.6639907897196576e-01 -7.2483768784300340e-62
5.1954797658660032e+00 3.4073340352905780e-60
1.1916592318860895e+00 4.4306914613487638e-61
-2.9340104986980825e-01 -4.9491935945774641e-61
5.1954797658660032e+00 3.4073340352905780e-60
-1.6639907897196576e-01 -7.2483768784300340e-62
-2.9340104986980825e-01 -4.9491935945774641e-61
1.1916592318860895e+00 4.4306914613487638e-61
5.1954797658660032e+00 3.4073340352905780e-60
-1.6639907897196576e-01 -7.2483768784300340e-62
1.0769908988317891e+00 -1.9078707463971960e+00
1.0769908988317891e+00 1.9078707463971960e+00
4.0125164907162308e-01 9.0264674153513347e-01
4.0125164907162308e-01 -9.0264674153513347e-01
1.0769908988317891e+00 1.9078707463971960e+00
1.0769908988317891e+00 -1.9078707463971960e+00
4.0125164907162308e-01 9.0264674153513347e-01
4.0125164907162308e-01 -9.0264674153513347e-01
1.0769908988317891e+00 -1.9078707463971960e+00
1.0769908988317891e+00 1.9078707463971960e+00
4.0125164907162308e-01 -9.0264674153513347e-01
4.0125164907162308e-01 9.0264674153513347e-01
1.0769908988317891e+00 1.9078707463971960e+00
1.0769908988317891e+00 -1.9078707463971960e+00
4.0125164907162308e-01 -9.0264674153513347e-01
4.0125164907162308e-01 9.0264674153513347e-01
8.3651133796906885e-01 3.3206328676229462e+00
8.3651133796906885e-01 -3.3206328676229462e+00
1.2882758500131825e-01 -9.5478528946473840e-01
1.2882758500131825e-01 9.5478528946473840e-01
8.3651133796906885e-01 -3.3206328676229462e+00
8.3651133796906885e-01 3.3206328676229462e+00
1.2882758500131825e-01 -9.5478528946473840e-01
1.2882758500131825e-01 9.5478528946473840e-01
8.3651133796906885e-01 3.3206328676229462e+00
8.3651133796906885e-01 -3.3206328676229462e+00
1.2882758500131825e-01 9.5478528946473840e-01
1.2882758500131825e-01 -9.5478528946473840e-01
8.3651133796906885e-01 -3.3206328676229462e+00
8.3651133796906885e-01 3.3206328676229462e+00
1.2882758500131825e-01 9.5478528946473840e-01
1.2882758500131825e-01 -9.5478528946473840e-01
1.6292843516415509e-01 5.1856838680634146e-58
-1.8219883713181032e-01 -1.8598803343455838e-59
1.9248346342459741e-02 2.9949781835796593e-58
-1.4082591209943943e-01 -3.5137376996720542e-59
-1.8219883713181032e-01 -1.8598803343455838e-59
1.6292843516415509e-01 5.1856838680634146e-58
1.9248346342459741e-02 2.9949781835796593e-58
-1.4082591209943943e-01 -3.5137376996720542e-59
1.6292843516415509e-01 5.1856838680634146e-58
-1.8219883713181032e-01 -1.8598803343455838e-59
-1.4082591209943943e-01 -3.5137376996720542e-59
1.9248346342459741e-02 2.9949781835796593e-58
-1.8219883713181032e-01 -1.8598803343455838e-59
1.6292843516415509e-01 5.1856838680634146e-58
-1.4082591209943943e-01 -3.5137376996720542e-59
1.9248346342459741e-02 2.9949781835796593e-58
2.5657681208775766e-02 -4.8933625363948598e-61
-6.8573880100007101e-01 4.5570435613632382e-61
-1.2605333345222661e-01 -4.0874051217401110e-62
-8.6316041330705440e-01 1.9602346142046445e-61
-6.8573880100007101e-01 4.5570435613632382e-61
2.5657681208775766e-02 -4.8933625363948598e-61
-1.2605333345222661e-01 -4.0874051217401110e-62
-8.6316041330705440e-01 1.9602346142046445e-61
2.5657681208775766e-02 -4.8933625363948598e-61
-6.8573880100007101e-01 4.5570435613632382e-61
-8.6316041330705440e-01 1.9602346142046445e-61
-1.2605333345222661e-01 -4.0874051217401110e-62
-6.8573880100007101e-01 4.5570435613632382e-61
2.5657681208775766e-02 -4.8933625363948598e-61
-8.6316041330705440e-01 1.9602346142046445e-61
-1.2605333345222661e-01 -4.0874051217401110e-62
1.9656257205642819e-02 -8.5906806603125194e-58
-1.5659780187218622e-01 3.8758291854147763e-58
-5.9515185304510769e-02 -5.3333720146287365e-58
-1.2489010559770999e-01 2.7513735121419323e-58
-1.5659780187218622e-01 3.8758291854147763e-58
1.9656257205642819e-02 -8.5906806603125194e-58
-5.9515185304510769e-02 -5.3333720146287365e-58
-1.2489010559770999e-01 2.7513735121419323e-58
1.9656257205642819e-02 -8.5906806603125194e-58
-1.5659780187218622e-01 3.8758291854147763e-58
-1.2489010559770999e-01 2.7513735121419323e-58
-5.9515185304510769e-02 -5.3333720146287365e-58
-1.5659780187218622e-01 3.8758291854147763e-58
1.9656257205642819e-02 -8.5906806603125194e-58
-1.2489010559770999e-01 2.7513735121419323e-58
-5.9515185304510769e-02 -5.3333720146287365e-58
-3.6115394610559337e-01 3.5226095299701732e-01
-3.6115394610559337e-01 -3.5226095299701732e-01
-2.4256211780812897e-01 1.2720676770596125e-59
-5.1657458322693039e-01 -3.2595289935540343e-59
-3.6115394610559337e-01 -3.5226095299701732e-01
-3.6115394610559337e-01 3.5226095299701732e-01
-2.4256211780812897e-01 1.2720676770596125e-59
-5.1657458322693039e-01 -3.2595289935540343e-59
-3.6115394610559337e-01 3.5226095299701732e-01
-3.6115394610559337e-01 -3.5226095299701732e-01
-5.1657458322693039e-01 -3.2595289935540343e-59
-2.4256211780812897e-01 1.2720676770596125e-59
-3.6115394610559337e-01 -3.5226095299701732e-01
-3.6115394610559337e-01 3.5226095299701732e-01
-5.1657458322693039e-01 -3.2595289935540343e-59
-2.4256211780812897e-01 1.2720676770596125e-59
-6.3306984343082950e-01 1.2275429688998287e+00
-6.3306984343082950e-01 -1.2275429688998287e+00
-3.0627520872586028e-01 -6.0780515933077006e-01
-3.0627520872586028e-01 6.0780515933077006e-01
-6.3306984343082950e-01 -1.2275429688998287e+00
-6.3306984343082950e-01 1.2275429688998287e+00
-3.0627520872586028e-01 -6.0780515933077006e-01
-3.0627520872586028e-01 6.0780515933077006e-01
-6.3306984343082950e-01 1.2275429688998287e+00
-6.3306984343082950e-01 -1.2275429688998287e+00
-3.0627520872586028e-01 6.0780515933077006e-01
-3.0627520872586028e-01 -6.0780515933077006e-01
-6.3306984343082950e-01 -1.2275429688998287e+00
-6.3306984343082950e-01 1.2275429688998287e+00
-3.0627520872586028e-01 6.0780515933077006e-01
-3.0627520872586028e-01 -6.0780515933077006e-01
