240

-1.597370198914397e-01 9.785775574310486e-01;
-1.597370198914397e-01 9.785775574310486e-01;
-1.597370198914397e-01 9.785775574310486e-01;
-1.597370198914397e-01 9.785775574310486e-01;
-1.597370198914397e-01 9.785775574310486e-01;

6.121468057212750e-01 4.614953770093612e-01;
6.121468057212750e-01 4.614953770093612e-01;
6.121468057212750e-01 4.614953770093612e-01;
6.121468057212750e-01 4.614953770093612e-01;
-4.614953770093611e-01 6.121468057212750e-01;

9.592888081383429e-01 -4.831958755274890e-01;
9.592888081383429e-01 -4.831958755274890e-01;
9.592888081383429e-01 -4.831958755274890e-01;
9.592888081383429e-01 -4.831958755274890e-01;
-9.592888081383428e-01 4.831958755274892e-01;

-2.042920941545063e+00 -1.144314529277950e+00;
-2.042920941545063e+00 -1.144314529277950e+00;
-2.042920941545063e+00 -1.144314529277950e+00;
-2.042920941545063e+00 -1.144314529277950e+00;
-1.144314529277950e+00 2.042920941545063e+00;

-5.890294046588557e-01 2.742402678961629e-01;
-5.890294046588557e-01 2.742402678961629e-01;
-5.890294046588557e-01 2.742402678961629e-01;
-4.428380900393186e-01 -4.754553502684069e-01;
-5.890294046588557e-01 2.742402678961629e-01;

-8.323269527766084e-01 1.913268264408142e+00;
-8.323269527766084e-01 1.913268264408142e+00;
-8.323269527766084e-01 1.913268264408142e+00;
-2.076829423570369e+00 -2.003575636259054e-01;
-1.913268264408142e+00 -8.323269527766083e-01;

-5.382112991159420e-01 -1.025414835123700e+00;
-5.382112991159420e-01 -1.025414835123700e+00;
-5.382112991159420e-01 -1.025414835123700e+00;
8.089110228586709e-01 -8.287399735053047e-01;
5.382112991159421e-01 1.025414835123700e+00;

-5.565200902383617e-01 -1.922107748042683e-01;
-5.565200902383617e-01 -1.922107748042683e-01;
-5.565200902383617e-01 -1.922107748042683e-01;
1.082914428500663e-02 -5.886784541868557e-01;
-1.922107748042682e-01 5.565200902383617e-01;

-2.855008084814075e-01 2.326274660809355e-01;
-2.855008084814075e-01 2.326274660809355e-01;
-2.855008084814075e-01 2.326274660809355e-01;
9.424001212870435e-02 -3.560127381608077e-01;
-2.855008084814075e-01 2.326274660809355e-01;

-2.928045315214404e-01 4.891306928330566e-01;
-2.928045315214404e-01 4.891306928330566e-01;
-2.928045315214404e-01 4.891306928330566e-01;
-5.061996566003020e-02 -5.678212284050443e-01;
-4.891306928330566e-01 -2.928045315214403e-01;

-8.384674250427376e-01 2.271602581743438e-01;
-8.384674250427376e-01 2.271602581743438e-01;
-8.384674250427376e-01 2.271602581743438e-01;
5.448129464275470e-01 -6.766152962774107e-01;
8.384674250427376e-01 -2.271602581743440e-01;

-4.118585157751031e-01 9.092903964641062e-02;
-4.118585157751031e-01 9.092903964641062e-02;
-4.118585157751031e-01 9.092903964641062e-02;
2.797537900308230e-01 -3.156474999598121e-01;
9.092903964641069e-02 4.118585157751031e-01;

-1.438301581491445e-01 2.983752069240099e-01;
-1.438301581491445e-01 2.983752069240099e-01;
-1.438301581491445e-01 2.983752069240099e-01;
2.917415885259422e-01 -1.568493673067043e-01;
-1.438301581491445e-01 2.983752069240099e-01;

-1.694050865148820e-02 3.977744562820307e-01;
-1.694050865148820e-02 3.977744562820307e-01;
-1.694050865148820e-02 3.977744562820307e-01;
2.475111185336445e-01 -3.118489139087396e-01;
-3.977744562820307e-01 -1.694050865148818e-02;

-1.756693656129903e-01 7.234115285655349e-01;
-1.756693656129903e-01 7.234115285655349e-01;
-1.756693656129903e-01 7.234115285655349e-01;
5.673301300011517e-01 -4.819963581493853e-01;
1.756693656129902e-01 -7.234115285655349e-01;

-3.299265595006872e-01 3.287159294710092e-01;
-3.299265595006872e-01 3.287159294710092e-01;
-3.299265595006872e-01 3.287159294710092e-01;
4.601305690683851e-01 -7.201080724970409e-02;
3.287159294710093e-01 3.299265595006871e-01;

-2.128034074358525e-02 4.385926144953755e-01;
-2.128034074358525e-02 4.385926144953755e-01;
-2.128034074358525e-02 4.385926144953755e-01;
4.105503770788977e-01 1.557713782195788e-01;
-2.128034074358525e-02 4.385926144953755e-01;

2.003653436242863e-01 3.782223832747703e-01;
2.003653436242863e-01 3.782223832747703e-01;
2.003653436242863e-01 3.782223832747703e-01;
4.216271584858338e-01 -7.368162160869632e-02;
-3.782223832747703e-01 2.003653436242863e-01;

5.808684606146464e-01 5.656735709945904e-01;
5.808684606146464e-01 5.656735709945904e-01;
5.808684606146464e-01 5.656735709945904e-01;
7.174857616166949e-01 -3.776359878718026e-01;
-5.808684606146465e-01 -5.656735709945903e-01;

-2.566152695907645e-01 8.572444313418210e-01;
-2.566152695907645e-01 8.572444313418210e-01;
-2.566152695907645e-01 8.572444313418210e-01;
7.359894231657175e-01 5.089587219430445e-01;
8.572444313418210e-01 2.566152695907644e-01;

-3.398495181604979e-01 -1.411027369356372e+00;
-3.398495181604979e-01 -1.411027369356372e+00;
1.391910306377995e+00 4.111953684872934e-01;
-3.398495181604979e-01 -1.411027369356372e+00;
-3.398495181604979e-01 -1.411027369356372e+00;

5.601198715630813e-01 -4.726818567212358e-01;
5.601198715630813e-01 -4.726818567212358e-01;
1.292945600470459e-01 7.214189662987233e-01;
5.601198715630813e-01 -4.726818567212358e-01;
4.726818567212359e-01 5.601198715630813e-01;

1.653192910372833e-01 -4.137896061656926e-01;
1.653192910372833e-01 -4.137896061656926e-01;
2.756926652428062e-01 3.500655088567666e-01;
1.653192910372833e-01 -4.137896061656926e-01;
-1.653192910372832e-01 4.137896061656926e-01;

-1.017795894192523e-01 -5.134664143987741e-01;
-1.017795894192523e-01 -5.134664143987741e-01;
4.955647535690724e-01 1.685894971755645e-01;
-1.017795894192523e-01 -5.134664143987741e-01;
-5.134664143987741e-01 1.017795894192524e-01;

-4.686069074275938e-01 -3.413773531857741e-01;
-4.686069074275938e-01 -3.413773531857741e-01;
5.299449138493697e-01 -2.351368096282720e-01;
1.798616581863083e-01 -5.511630565190756e-01;
-4.686069074275938e-01 -3.413773531857741e-01;

-1.235266589225067e-01 -7.966920777077260e-01;
-1.235266589225067e-01 -7.966920777077260e-01;
7.517189077499501e-01 2.913688141823564e-01;
7.195273551192454e-01 -3.636722251999924e-01;
7.966920777077260e-01 -1.235266589225067e-01;

-6.598948812362790e-02 -4.006894264854623e-01;
-6.598948812362790e-02 -4.006894264854623e-01;
3.800019664260416e-01 1.431961401449378e-01;
3.606864167892620e-01 -1.865795749373170e-01;
6.598948812362795e-02 4.006894264854623e-01;

-2.138822536128763e-01 -2.959356072901669e-01;
-2.138822536128763e-01 -2.959356072901669e-01;
3.632288806040980e-01 -3.725966140233351e-02;
2.153582365554855e-01 -2.948632429117508e-01;
-2.959356072901669e-01 2.138822536128763e-01;

-4.750368811251388e-01 1.128813194447943e-02;
-4.750368811251388e-01 1.128813194447943e-02;
2.277426315373795e-01 -4.170380727611385e-01;
3.776779123022124e-01 -2.883519635981999e-01;
-4.750368811251388e-01 1.128813194447943e-02;

-1.077201225731875e+00 -1.916809313190145e-01;
-1.077201225731875e+00 -1.916809313190145e-01;
7.046011688092643e-01 -8.370431608120326e-01;
9.841413225536142e-01 -4.780898633018721e-01;
1.916809313190144e-01 -1.077201225731875e+00;

-3.588576626879236e-01 -4.410551951621378e-01;
-3.588576626879236e-01 -4.410551951621378e-01;
5.613938348254766e-01 -9.025225464938015e-02;
5.495676868394859e-01 1.458899065434201e-01;
3.588576626879237e-01 4.410551951621378e-01;

-3.460684535265402e-01 -1.725952274882917e-01;
-3.460684535265402e-01 -1.725952274882917e-01;
3.225060783400849e-01 -2.134064584582324e-01;
3.814241894537100e-01 -6.378146108052545e-02;
-1.725952274882916e-01 3.460684535265403e-01;

-4.632851773683885e-01 3.729254759436154e-01;
-4.632851773683885e-01 3.729254759436154e-01;
-9.132034720137928e-02 -5.876794707696116e-01;
5.940056766968467e-01 -2.939085281090911e-02;
-4.632851773683885e-01 3.729254759436154e-01;

-1.460565344813515e-01 1.166232539892832e+00;
-1.460565344813515e-01 1.166232539892832e+00;
-9.369587390265659e-01 -7.096049391959841e-01;
8.036565062275239e-01 -8.576520671972746e-01;
-1.166232539892832e+00 -1.460565344813514e-01;

-1.377722841881241e+00 -1.569688780273670e+00;
-1.377722841881241e+00 -1.569688780273670e+00;
2.048251780693028e+00 -4.082985903064118e-01;
1.919612768866494e-01 2.079710067325350e+00;
1.377722841881241e+00 1.569688780273669e+00;

-6.516069643191970e-01 -6.419399879705852e-02;
-6.516069643191970e-01 -6.419399879705852e-02;
3.813971158883587e-01 -5.322111849847556e-01;
4.894288220087086e-01 4.349389998815969e-01;
-6.419399879705839e-02 6.516069643191970e-01;

-2.849077727923116e-01 1.589764287828451e+00;
-2.849077727923116e-01 1.589764287828451e+00;
-1.234322372892560e+00 -1.041619512888012e+00;
1.423914341690233e+00 7.622275758466435e-01;
-2.849077727923116e-01 1.589764287828451e+00;

8.061241533452321e-01 2.940251112009235e-01;
8.061241533452321e-01 2.940251112009235e-01;
-6.576952923231600e-01 5.511114398007317e-01;
5.287405609218381e-01 -6.758108728478277e-01;
-2.940251112009234e-01 8.061241533452321e-01;

6.185407261361235e-01 -5.626120837075331e-01;
6.185407261361235e-01 -5.626120837075331e-01;
1.779659938987592e-01 8.169780239629227e-01;
-3.439362922673616e-01 -7.621238832920244e-01;
-6.185407261361234e-01 5.626120837075332e-01;

-7.009890393796402e-01 -1.305279207123117e+00;
-7.009890393796402e-01 -1.305279207123117e+00;
1.480899472090049e+00 4.556528768433925e-02;
-1.458011821557889e+00 2.633267363481873e-01;
-1.305279207123116e+00 7.009890393796404e-01;

-6.171544628590390e-01 6.224204751860243e-02;
-6.171544628590390e-01 6.224204751860243e-02;
3.624804257641876e-01 5.033504191355661e-01;
-6.171544628590390e-01 6.224204751860243e-02;
-6.171544628590390e-01 6.224204751860243e-02;

-2.464293484259509e+00 -2.978693126554531e-01;
-2.464293484259509e+00 -2.978693126554531e-01;
9.741843503623239e-01 2.283075416076929e+00;
-2.464293484259509e+00 -2.978693126554531e-01;
2.978693126554530e-01 -2.464293484259509e+00;

-3.143495992591067e-01 -6.453329917926363e-01;
-3.143495992591067e-01 -6.453329917926363e-01;
-4.016999651630839e-01 5.949012345241627e-01;
-3.143495992591067e-01 -6.453329917926363e-01;
3.143495992591067e-01 6.453329917926363e-01;

-4.144241665748350e-01 -2.381045028578991e-01;
-4.144241665748350e-01 -2.381045028578991e-01;
1.007535057012611e-03 4.779541076249505e-01;
-4.144241665748350e-01 -2.381045028578991e-01;
-2.381045028578991e-01 4.144241665748351e-01;

-3.510318602077281e-01 -2.276740809411778e-02;
-3.510318602077281e-01 -2.276740809411778e-02;
1.557987763160308e-01 3.153862125246591e-01;
-8.682171854417714e-02 -3.408866540967214e-01;
-3.510318602077281e-01 -2.276740809411778e-02;

-5.787483010612104e-01 -1.396968453529950e-01;
-5.787483010612104e-01 -1.396968453529950e-01;
1.683931336263658e-01 5.710591537925901e-01;
-4.598346541470029e-02 -5.935910422936579e-01;
1.396968453529950e-01 -5.787483010612104e-01;

-3.097084627123569e-01 -2.685886478095077e-01;
-3.097084627123569e-01 -2.685886478095077e-01;
-7.775036081496664e-02 4.025097203806805e-01;
1.597378054222783e-01 -3.775487082836669e-01;
3.097084627123569e-01 2.685886478095076e-01;

-2.717926697540575e-01 -1.238184267664003e-01;
-2.717926697540575e-01 -1.238184267664003e-01;
2.866643184070315e-02 2.972885699526083e-01;
3.376976771305770e-02 -2.967521877384406e-01;
-1.238184267664002e-01 2.717926697540575e-01;

-2.655511661222377e-01 6.601048299721758e-02;
-2.655511661222377e-01 6.601048299721758e-02;
1.899423382527901e-01 1.969688143678306e-01;
1.760354178665076e-01 -2.094906617273675e-01;
-2.655511661222377e-01 6.601048299721758e-02;

-3.944746242482059e-01 1.130778634671887e-01;
-3.944746242482059e-01 1.130778634671887e-01;
2.951656144923568e-01 2.850861140136727e-01;
2.526711743597149e-01 -3.233482797692759e-01;
-1.130778634671887e-01 -3.944746242482059e-01;

-3.754091913720342e-01 -7.832422975388059e-02;
-3.754091913720342e-01 -7.832422975388059e-02;
1.198738229873077e-01 3.642760114192957e-01;
3.497502428110308e-01 -1.572943533213071e-01;
3.754091913720342e-01 7.832422975388055e-02;

-2.642429489800432e-01 -2.268151868698630e-02;
-2.642429489800432e-01 -2.268151868698630e-02;
1.124787031106801e-01 2.401818659311258e-01;
2.271088985524138e-01 -1.369683743567370e-01;
-2.268151868698625e-02 2.642429489800432e-01;

-2.472365781268467e-01 1.694015998446284e-01;
-2.472365781268467e-01 1.694015998446284e-01;
2.703243779705977e-01 1.294123574802710e-01;
2.995903554391519e-01 8.273241301607472e-03;
-2.472365781268467e-01 1.694015998446284e-01;

-2.974278055858429e-01 3.219029603561540e-01;
-2.974278055858429e-01 3.219029603561540e-01;
4.274900440147659e-01 9.662855525112188e-02;
4.298339620852307e-01 -8.560128772266228e-02;
-3.219029603561540e-01 -2.974278055858429e-01;

-5.304771098058243e-01 1.423120618617731e-01;
-5.304771098058243e-01 1.423120618617731e-01;
3.884844157401504e-01 3.882506222871042e-01;
5.128139281455013e-01 1.966737452718850e-01;
5.304771098058243e-01 -1.423120618617732e-01;

-3.205590853384328e-01 7.378059953531385e-02;
-3.205590853384328e-01 7.378059953531385e-02;
2.241754161732447e-01 2.407220115493295e-01;
3.027048960522356e-01 1.287301439710539e-01;
7.378059953531391e-02 3.205590853384328e-01;

-3.460146576272835e-01 3.213004892562447e-01;
-3.460146576272835e-01 3.213004892562447e-01;
4.512617147579188e-01 1.390072389588798e-01;
1.986505144863130e-01 4.283668063512293e-01;
-3.460146576272835e-01 3.213004892562447e-01;

-2.125856429894932e-01 7.523073838528268e-01;
-2.125856429894932e-01 7.523073838528268e-01;
7.578101273659056e-01 -1.920491246176634e-01;
6.497942632263116e-01 4.346567276402329e-01;
-7.523073838528268e-01 -2.125856429894932e-01;

-1.788108857210429e+00 8.614192410769030e-02;
-1.788108857210429e+00 8.614192410769030e-02;
9.686555232133461e-01 1.505476733022347e+00;
-4.706301864215669e-01 1.727211898972492e+00;
1.788108857210429e+00 -8.614192410769052e-02;

-5.574435567316470e-01 7.497670782181921e-02;
-5.574435567316470e-01 7.497670782181921e-02;
3.436535120316426e-01 4.452719273946484e-01;
-1.009524458905949e-01 5.533294039956073e-01;
7.497670782181931e-02 5.574435567316470e-01;

-1.080344571873628e-01 5.157552458750703e-01;
-5.157552458750703e-01 -1.080344571873627e-01;
-1.080344571873628e-01 5.157552458750703e-01;
-1.080344571873628e-01 5.157552458750703e-01;
-1.080344571873628e-01 5.157552458750703e-01;

2.412824594689247e-01 4.876815532862907e-01;
-4.876815532862907e-01 2.412824594689248e-01;
2.412824594689247e-01 4.876815532862907e-01;
2.412824594689247e-01 4.876815532862907e-01;
-4.876815532862907e-01 2.412824594689248e-01;

1.075675582476296e+00 7.881773764912143e-01;
-7.881773764912142e-01 1.075675582476296e+00;
1.075675582476296e+00 7.881773764912143e-01;
1.075675582476296e+00 7.881773764912143e-01;
-1.075675582476296e+00 -7.881773764912142e-01;

-7.624494589755574e-01 8.313557047994191e-01;
-8.313557047994191e-01 -7.624494589755574e-01;
-7.624494589755574e-01 8.313557047994191e-01;
-7.624494589755574e-01 8.313557047994191e-01;
8.313557047994192e-01 7.624494589755573e-01;

-3.299483435030340e-01 3.075273229830506e-01;
-3.075273229830506e-01 -3.299483435030340e-01;
-3.299483435030340e-01 3.075273229830506e-01;
-3.944355098701349e-01 -2.187683530929561e-01;
-3.299483435030340e-01 3.075273229830506e-01;

-2.235897077690026e-01 6.965562798762540e-01;
-6.965562798762540e-01 -2.235897077690026e-01;
-2.235897077690026e-01 6.965562798762540e-01;
-7.315574084105720e-01 2.601279470115711e-03;
-6.965562798762540e-01 -2.235897077690026e-01;

-1.555153878092592e+00 2.413774727313718e-01;
-2.413774727313719e-01 -1.555153878092592e+00;
-1.555153878092592e+00 2.413774727313718e-01;
-7.101325955267431e-01 -1.404449488468369e+00;
1.555153878092592e+00 -2.413774727313720e-01;

-5.308960604126488e-01 8.913283419397290e-02;
-8.913283419397293e-02 -5.308960604126488e-01;
-5.308960604126488e-01 8.913283419397290e-02;
-2.488262676902507e-01 -4.773685972081331e-01;
8.913283419397300e-02 5.308960604126488e-01;

-1.930366286535991e-01 2.133699149559689e-01;
-2.133699149559689e-01 -1.930366286535991e-01;
-1.930366286535991e-01 2.133699149559689e-01;
3.075422382358984e-02 -2.860839707625603e-01;
-1.930366286535991e-01 2.133699149559689e-01;

-1.640169851966950e-01 3.443233641161002e-01;
-3.443233641161002e-01 -1.640169851966950e-01;
-1.640169851966950e-01 3.443233641161002e-01;
-6.969566705690462e-02 -3.749702181543682e-01;
-3.443233641161002e-01 -1.640169851966950e-01;

-4.257283123184745e-01 3.701514932890851e-01;
-3.701514932890851e-01 -4.257283123184745e-01;
-4.257283123184745e-01 3.701514932890851e-01;
1.268518507828505e-01 -5.496956720282975e-01;
4.257283123184744e-01 -3.701514932890851e-01;

-3.045426847320443e-01 1.645277733398193e-01;
-1.645277733398193e-01 -3.045426847320443e-01;
-3.045426847320443e-01 1.645277733398193e-01;
1.496732086991311e-01 -3.121114634576350e-01;
1.645277733398194e-01 3.045426847320443e-01;

-1.012082973384183e-01 2.357581780274333e-01;
-2.357581780274333e-01 -1.012082973384183e-01;
-1.012082973384183e-01 2.357581780274333e-01;
2.204544126704019e-01 -1.312436280019141e-01;
-1.012082973384183e-01 2.357581780274333e-01;

-2.905224643711563e-02 2.937327749553241e-01;
-2.937327749553241e-01 -2.905224643711561e-02;
-2.905224643711563e-02 2.937327749553241e-01;
1.961555543260790e-01 -2.205583247420660e-01;
-2.937327749553241e-01 -2.905224643711561e-02;

-1.088656917906698e-01 4.340789658789992e-01;
-4.340789658789992e-01 -1.088656917906698e-01;
-1.088656917906698e-01 4.340789658789992e-01;
3.432194092370804e-01 -2.871876121816399e-01;
1.088656917906697e-01 -4.340789658789992e-01;

-2.007210042159326e-01 2.730623104848680e-01;
-2.730623104848680e-01 -2.007210042159326e-01;
-2.007210042159326e-01 2.730623104848680e-01;
3.228887025986087e-01 -1.029312036020861e-01;
2.730623104848681e-01 2.007210042159325e-01;

-3.385661162749498e-02 3.151691416967153e-01;
-3.151691416967153e-01 -3.385661162749496e-02;
-3.385661162749498e-02 3.151691416967153e-01;
2.892813975809634e-01 1.295921719948542e-01;
-3.385661162749498e-02 3.151691416967153e-01;

9.307015860617668e-02 3.141192120440117e-01;
-3.141192120440117e-01 9.307015860617669e-02;
9.307015860617668e-02 3.141192120440117e-01;
3.275053841864368e-01 8.553193966239405e-03;
-3.141192120440117e-01 9.307015860617669e-02;

1.933091463881628e-01 5.068145297186187e-01;
-5.068145297186187e-01 1.933091463881629e-01;
1.933091463881628e-01 5.068145297186187e-01;
5.417450724440129e-01 -2.723362065271612e-02;
-1.933091463881629e-01 -5.068145297186187e-01;

-1.356034088518897e-01 4.790442662521150e-01;
-4.790442662521150e-01 -1.356034088518896e-01;
-1.356034088518897e-01 4.790442662521150e-01;
4.136944131824964e-01 2.769993249502061e-01;
4.790442662521150e-01 1.356034088518896e-01;

-2.069782256634173e+00 1.025443821899258e+00;
-1.025443821899258e+00 -2.069782256634173e+00;
1.468307283985233e-01 -2.305205925497106e+00;
-2.069782256634173e+00 1.025443821899258e+00;
-2.069782256634173e+00 1.025443821899258e+00;

1.224676832972334e+00 -2.689538076368769e-02;
2.689538076368776e-02 1.224676832972334e+00;
-5.890463335003578e-01 1.074048939162157e+00;
1.224676832972334e+00 -2.689538076368769e-02;
2.689538076368776e-02 1.224676832972334e+00;

3.257279086823633e-01 -6.567926644548325e-01;
6.567926644548325e-01 3.257279086823632e-01;
4.059351780959722e-01 6.104849758679206e-01;
3.257279086823633e-01 -6.567926644548325e-01;
-3.257279086823632e-01 6.567926644548325e-01;

-4.328742428403093e-01 -7.324223227071301e-01;
7.324223227071301e-01 -4.328742428403093e-01;
8.507334591833334e-01 -8.668929590097126e-03;
-4.328742428403093e-01 -7.324223227071301e-01;
-7.324223227071300e-01 4.328742428403094e-01;

-6.115228252437248e-01 -5.794510294949885e-02;
5.794510294949882e-02 -6.115228252437248e-01;
3.559433438010329e-01 -5.006217501803482e-01;
-1.338618777009777e-01 -5.994987893634679e-01;
-6.115228252437248e-01 -5.794510294949885e-02;

-1.362208517861366e+00 -1.189081563600116e+00;
1.189081563600116e+00 -1.362208517861366e+00;
1.710879100180105e+00 -5.851663999194338e-01;
7.099381875668485e-01 -1.662983698315186e+00;
1.189081563600116e+00 -1.362208517861366e+00;

-2.198603491877158e-01 -5.499583456861569e-01;
5.499583456861569e-01 -2.198603491877158e-01;
5.862080729813338e-01 8.457452516159904e-02;
4.551008840675078e-01 -3.790460927852596e-01;
2.198603491877159e-01 5.499583456861569e-01;

-3.524127024342239e-01 -2.613306870933099e-01;
2.613306870933099e-01 -3.524127024342239e-01;
4.025253650283604e-01 -1.745330093777091e-01;
1.396387387822056e-01 -4.159200205387680e-01;
-2.613306870933099e-01 3.524127024342240e-01;

-3.721039049300524e-01 1.456212369808076e-01;
-1.456212369808076e-01 -3.721039049300524e-01;
5.994026190913274e-02 -3.950620530072187e-01;
2.154443672437860e-01 -3.365272430977002e-01;
-3.721039049300524e-01 1.456212369808076e-01;

-6.394607545128003e-01 3.984698752095407e-01;
-3.984698752095407e-01 -6.394607545128003e-01;
-2.535465731787737e-02 -7.530241957360200e-01;
2.831199015056915e-01 -6.982345017134245e-01;
-3.984698752095407e-01 -6.394607545128003e-01;

-6.556472743581960e-01 -2.463345645214849e-01;
2.463345645214849e-01 -6.556472743581960e-01;
5.411556278848807e-01 -4.446399132554810e-01;
6.752216114270118e-01 -1.860909495736714e-01;
6.556472743581960e-01 2.463345645214848e-01;

-3.884722349020356e-01 -4.465440288887061e-02;
4.465440288887059e-02 -3.884722349020356e-01;
2.329079647436049e-01 -3.140996226456434e-01;
3.405278393465679e-01 -1.922120797897518e-01;
-4.465440288887054e-02 3.884722349020356e-01;

-2.546652489478885e-01 3.176493458639770e-01;
-3.176493458639770e-01 -2.546652489478885e-01;
-1.477597785397693e-01 -3.793712479819482e-01;
3.927381151747653e-01 -1.072952414530828e-01;
-2.546652489478885e-01 3.176493458639770e-01;

-1.099754607276310e-01 5.646585517155770e-01;
-5.646585517155770e-01 -1.099754607276309e-01;
-4.340209198860035e-01 -3.775708186408147e-01;
4.208699859721109e-01 -3.921764104272754e-01;
-5.646585517155770e-01 -1.099754607276309e-01;

-9.926964557835567e-01 9.190392281127385e-01;
-9.190392281127386e-01 -9.926964557835566e-01;
-2.995630907282951e-01 -1.319219963011705e+00;
1.343306007547602e+00 -1.600260173278577e-01;
9.926964557835566e-01 -9.190392281127386e-01;

-4.909149154388340e-01 2.002162765748886e-01;
-2.002162765748886e-01 -4.909149154388340e-01;
7.206507595443218e-02 -5.252529261541641e-01;
5.148426840217875e-01 1.265741771257936e-01;
2.002162765748887e-01 4.909149154388340e-01;

-1.474123994489233e-01 6.459432088828202e-01;
-6.459432088828202e-01 -1.474123994489233e-01;
-4.856970285700987e-01 -4.506344871969967e-01;
5.687755613533023e-01 3.398049520244804e-01;
-1.474123994489233e-01 6.459432088828202e-01;

3.702704439259514e-01 5.379132564355382e-01;
-5.379132564355382e-01 3.702704439259515e-01;
-6.509817670685649e-01 5.170698249264644e-02;
6.260057674224395e-01 -1.859237807491252e-01;
-5.379132564355382e-01 3.702704439259515e-01;

1.507990596656541e+00 1.312892321234621e-01;
-1.312892321234620e-01 1.507990596656541e+00;
-8.676951085905401e-01 1.240313549310886e+00;
5.908582014548931e-01 -1.393613679557433e+00;
-1.507990596656541e+00 -1.312892321234619e-01;

-1.477287360212030e+00 7.236286330681723e-01;
-7.236286330681724e-01 -1.477287360212030e+00;
1.119629009631695e-01 -1.641182699167357e+00;
2.317048269764184e-01 1.628597315604495e+00;
7.236286330681725e-01 1.477287360212030e+00;

-4.161117936453324e-01 2.327189281839551e-01;
-2.327189281839551e-01 -4.161117936453324e-01;
4.095964005714578e-01 2.440039200191883e-01;
-4.161117936453324e-01 2.327189281839551e-01;
-4.161117936453324e-01 2.327189281839551e-01;

-5.940749106006737e-01 7.715276590958298e-01;
-7.715276590958298e-01 -5.940749106006737e-01;
9.652000077996656e-01 1.287201347832374e-01;
-5.940749106006737e-01 7.715276590958298e-01;
-7.715276590958298e-01 -5.940749106006737e-01;

-9.815412391189791e-01 -4.579810410206510e-01;
4.579810410206510e-01 -9.815412391189791e-01;
9.414740358396322e-02 1.079030168449417e+00;
-9.815412391189791e-01 -4.579810410206510e-01;
9.815412391189792e-01 4.579810410206509e-01;

-4.862268555899258e-01 -4.294995483761190e-02;
4.294995483761187e-02 -4.862268555899258e-01;
2.059176758141969e-01 4.425597863619093e-01;
-4.862268555899258e-01 -4.294995483761190e-02;
-4.294995483761181e-02 4.862268555899258e-01;

-3.111893111652488e-01 6.887789641584581e-02;
-6.887789641584582e-02 -3.111893111652488e-01;
2.152446636379801e-01 2.350589006473630e-01;
-1.616695578328882e-01 -2.746741816558165e-01;
-3.111893111652488e-01 6.887789641584581e-02;

-5.057936067540859e-01 1.272913342145061e-01;
-1.272913342145061e-01 -5.057936067540859e-01;
3.631343324884207e-01 3.743844454135416e-01;
-2.773600730058220e-01 -4.417031200949582e-01;
-1.272913342145061e-01 -5.057936067540859e-01;

-4.289445704774550e-01 -1.525839982229985e-01;
1.525839982229985e-01 -4.289445704774550e-01;
8.233066656661142e-02 4.477688939603798e-01;
1.256484386995484e-02 -4.551015774025927e-01;
4.289445704774550e-01 1.525839982229984e-01;

-2.977924007320861e-01 -4.785274718136828e-02;
4.785274718136825e-02 -2.977924007320861e-01;
1.074545056661041e-01 2.818221576786263e-01;
-4.651224559246434e-02 -2.980047153259988e-01;
-4.785274718136822e-02 2.977924007320861e-01;

-2.183902714324545e-01 1.009214057573120e-01;
-1.009214057573121e-01 -2.183902714324545e-01;
1.965956368876966e-01 1.386708201212284e-01;
1.173613270502405e-01 -2.100137131460220e-01;
-2.183902714324545e-01 1.009214057573120e-01;

-2.869850854482721e-01 1.713042813663948e-01;
-1.713042813663949e-01 -2.869850854482721e-01;
2.918464021644713e-01 1.628842338222539e-01;
1.314856810180713e-01 -3.072736756889906e-01;
-1.713042813663949e-01 -2.869850854482721e-01;

-3.548250077708165e-01 4.206230862354809e-02;
-4.206230862354812e-02 -3.548250077708165e-01;
2.138395316952223e-01 2.862563163157638e-01;
2.623358566295173e-01 -2.425900292113425e-01;
3.548250077708165e-01 -4.206230862354814e-02;

-2.465241244373131e-01 3.339399133063879e-02;
-3.339399133063880e-02 -2.465241244373131e-01;
1.521821070447471e-01 1.967991587431098e-01;
1.798137105738583e-01 -1.719195511750636e-01;
3.339399133063883e-02 2.465241244373131e-01;

-1.813596446500730e-01 1.672913045286313e-01;
-1.672913045286313e-01 -1.813596446500730e-01;
2.355583418790700e-01 7.341640722396599e-02;
2.450543962544091e-01 -2.874098388850094e-02;
-1.813596446500730e-01 1.672913045286313e-01;

-1.850613004184884e-01 2.645971665793486e-01;
-2.645971665793486e-01 -1.850613004184883e-01;
3.216785182363429e-01 2.796920413012024e-02;
3.052440493534006e-01 -1.052873012700975e-01;
-2.645971665793486e-01 -1.850613004184883e-01;

-3.470650433846691e-01 2.331925426899636e-01;
-2.331925426899636e-01 -3.470650433846691e-01;
3.754831876349303e-01 1.839708729916898e-01;
4.178486557894193e-01 1.534298409006989e-02;
3.470650433846690e-01 -2.331925426899636e-01;

-2.540250063141808e-01 1.229756768442748e-01;
-1.229756768442748e-01 -2.540250063141808e-01;
2.335125633518182e-01 1.585042702424455e-01;
2.777938363441253e-01 4.982273996319779e-02;
1.229756768442748e-01 2.540250063141808e-01;

-2.100421651326420e-01 2.719978888282772e-01;
-2.719978888282772e-01 -2.100421651326420e-01;
3.405781640673446e-01 4.590290645661529e-02;
1.937787660273624e-01 2.838139399281872e-01;
-2.100421651326420e-01 2.719978888282772e-01;

-1.219448625783139e-01 4.443172706800940e-01;
-4.443172706800940e-01 -1.219448625783139e-01;
4.457624750382850e-01 -1.165512864862250e-01;
3.848878006693645e-01 2.532780437182650e-01;
-4.443172706800940e-01 -1.219448625783139e-01;

-5.581234874725660e-01 6.323730138674175e-01;
-6.323730138674175e-01 -5.581234874725660e-01;
8.267128384131958e-01 1.671626116662989e-01;
4.289528329789772e-01 7.262209877272966e-01;
5.581234874725659e-01 -6.323730138674176e-01;

-3.852065695314156e-01 2.128886858028741e-01;
-2.128886858028741e-01 -3.852065695314156e-01;
3.769702948492805e-01 2.271543320174254e-01;
8.343379554825282e-02 4.321394398957916e-01;
2.128886858028742e-01 3.852065695314155e-01;

1.035681556009175e-01 4.563421035200356e-01;
-1.035681556009176e-01 -4.563421035200356e-01;
1.035681556009175e-01 4.563421035200356e-01;
1.035681556009175e-01 4.563421035200356e-01;
1.035681556009175e-01 4.563421035200356e-01;

2.651909824140986e-01 2.963173723625352e-01;
-2.651909824140987e-01 -2.963173723625351e-01;
2.651909824140986e-01 2.963173723625352e-01;
2.651909824140986e-01 2.963173723625352e-01;
-2.963173723625352e-01 2.651909824140986e-01;

5.640901546622038e-01 2.575676572419081e-01;
-5.640901546622038e-01 -2.575676572419080e-01;
5.640901546622038e-01 2.575676572419081e-01;
5.640901546622038e-01 2.575676572419081e-01;
-5.640901546622038e-01 -2.575676572419080e-01;

3.116751354495442e-01 1.043356708430725e+00;
-3.116751354495443e-01 -1.043356708430725e+00;
3.116751354495442e-01 1.043356708430725e+00;
3.116751354495442e-01 1.043356708430725e+00;
1.043356708430725e+00 -3.116751354495444e-01;

-2.111318246317896e-01 4.830064998913411e-01;
2.111318246317896e-01 -4.830064998913411e-01;
-2.111318246317896e-01 4.830064998913411e-01;
-5.246098009991884e-01 -5.154108075336350e-02;
-2.111318246317896e-01 4.830064998913411e-01;

1.754209049191714e-01 6.034007687193895e-01;
-1.754209049191715e-01 -6.034007687193895e-01;
1.754209049191714e-01 6.034007687193895e-01;
-5.196601922394244e-01 3.532962866709691e-01;
-6.034007687193895e-01 1.754209049191715e-01;

1.464951954374625e+00 2.027471488828930e+00;
-1.464951954374625e+00 -2.027471488828930e+00;
1.464951954374625e+00 2.027471488828930e+00;
-1.475544921208839e+00 2.019775247926124e+00;
-1.464951954374625e+00 -2.027471488828930e+00;

-7.910728366768517e-01 4.356602937202250e-01;
7.910728366768517e-01 -4.356602937202251e-01;
-7.910728366768517e-01 4.356602937202250e-01;
-6.587925115552249e-01 -6.177285416516808e-01;
4.356602937202251e-01 7.910728366768516e-01;

-1.466492077038947e-01 2.797891097785420e-01;
1.466492077038947e-01 -2.797891097785420e-01;
-1.466492077038947e-01 2.797891097785420e-01;
-4.581421123579454e-02 -3.125523862006033e-01;
-1.466492077038947e-01 2.797891097785420e-01;

-3.906147614094774e-02 3.815473548104969e-01;
3.906147614094770e-02 -3.815473548104969e-01;
-3.906147614094774e-02 3.815473548104969e-01;
-1.926665101854155e-01 -3.316380538089232e-01;
-3.815473548104969e-01 -3.906147614094772e-02;

-2.204773355011060e-01 6.441406056116884e-01;
2.204773355011059e-01 -6.441406056116884e-01;
-2.204773355011060e-01 6.441406056116884e-01;
-2.002464370863911e-01 -6.507140229791163e-01;
2.204773355011059e-01 -6.441406056116884e-01;

-3.121746168864692e-01 2.973143247857445e-01;
3.121746168864692e-01 -2.973143247857446e-01;
-3.121746168864692e-01 2.973143247857445e-01;
7.779759486928683e-02 -4.240239773686995e-01;
2.973143247857446e-01 3.121746168864692e-01;

-4.515806531758789e-02 2.545825745293495e-01;
4.515806531758786e-02 -2.545825745293495e-01;
-4.515806531758789e-02 2.545825745293495e-01;
1.861735250740235e-01 -1.794183844502320e-01;
-4.515806531758789e-02 2.545825745293495e-01;

3.996647872349531e-02 2.720560109371746e-01;
-3.996647872349534e-02 -2.720560109371746e-01;
3.996647872349531e-02 2.720560109371746e-01;
1.275769505337585e-01 -2.435896430497622e-01;
-2.720560109371746e-01 3.996647872349532e-02;

5.459986744169625e-02 4.104494267295927e-01;
-5.459986744169630e-02 -4.104494267295927e-01;
5.459986744169625e-02 4.104494267295927e-01;
1.970838991926029e-01 -3.641535584150483e-01;
-5.459986744169630e-02 -4.104494267295927e-01;

-1.170566479850441e-01 3.441999663289860e-01;
1.170566479850440e-01 -3.441999663289860e-01;
-1.170566479850441e-01 3.441999663289860e-01;
2.970164815722103e-01 -2.096594508550340e-01;
3.441999663289860e-01 1.170566479850440e-01;

4.531466236711497e-02 2.902531123554320e-01;
-4.531466236711500e-02 -2.902531123554320e-01;
4.531466236711497e-02 2.902531123554320e-01;
2.900501146463844e-01 4.659633946008998e-02;
4.531466236711497e-02 2.902531123554320e-01;

1.337060577236141e-01 2.438180785202201e-01;
-1.337060577236142e-01 -2.438180785202200e-01;
1.337060577236141e-01 2.438180785202201e-01;
2.732022164546932e-01 -5.181808766758590e-02;
-2.438180785202201e-01 1.337060577236142e-01;

2.487581142265765e-01 3.191858800226838e-01;
-2.487581142265765e-01 -3.191858800226838e-01;
2.487581142265765e-01 3.191858800226838e-01;
3.804342958896530e-01 -1.379491642249475e-01;
-2.487581142265765e-01 -3.191858800226838e-01;

6.614943039801623e-02 4.534809491048368e-01;
-6.614943039801628e-02 -4.534809491048368e-01;
6.614943039801623e-02 4.534809491048368e-01;
4.517273098230757e-01 7.722147306942902e-02;
4.534809491048368e-01 -6.614943039801631e-02;

1.184805328981925e+00 1.046532176659037e+00;
-1.184805328981925e+00 -1.046532176659037e+00;
-1.498726115355512e+00 5.028054251080077e-01;
1.184805328981925e+00 1.046532176659037e+00;
1.184805328981925e+00 1.046532176659037e+00;

5.868092757589404e-01 7.296417892298641e-02;
-5.868092757589404e-01 -7.296417892298634e-02;
-3.565934703930494e-01 4.717096505220972e-01;
5.868092757589404e-01 7.296417892298641e-02;
-7.296417892298637e-02 5.868092757589404e-01;

4.666371985232742e-01 -3.163972439621937e-01;
-4.666371985232742e-01 3.163972439621937e-01;
4.068945169700532e-02 5.623182902530546e-01;
4.666371985232742e-01 -3.163972439621937e-01;
-4.666371985232742e-01 3.163972439621937e-01;

3.846254975243000e-01 -1.144110522669704e+00;
-3.846254975242999e-01 1.144110522669704e+00;
7.985160286069056e-01 9.051507131341243e-01;
3.846254975243000e-01 -1.144110522669704e+00;
-1.144110522669704e+00 -3.846254975242998e-01;

-1.305993115265574e+00 1.256961919270725e-01;
1.305993115265574e+00 -1.256961919270727e-01;
5.441404622649776e-01 -1.193871310951102e+00;
-5.231182495594706e-01 -1.203231003076251e+00;
-1.305993115265574e+00 1.256961919270725e-01;

2.050868949671842e+00 -6.312671002410162e-01;
-2.050868949671842e+00 6.312671002410164e-01;
-4.787411294538629e-01 2.091738160369033e+00;
1.234124047891463e+00 1.755420016688535e+00;
6.312671002410163e-01 2.050868949671842e+00;

1.269000749870489e-01 -7.233560971657358e-01;
-1.269000749870488e-01 7.233560971657358e-01;
5.629947186343676e-01 4.715767372638023e-01;
7.271668095697565e-01 -1.028401837741717e-01;
-1.269000749870488e-01 7.233560971657358e-01;

-4.368175640736356e-01 -5.099815117074679e-01;
4.368175640736356e-01 5.099815117074679e-01;
6.600657266358760e-01 -1.233043514532713e-01;
3.500371891592196e-01 -5.730311446790407e-01;
-5.099815117074677e-01 4.368175640736357e-01;

-4.252908532178487e-01 3.297630907146890e-01;
4.252908532178487e-01 -3.297630907146890e-01;
-7.293778718046874e-02 -5.331942282411603e-01;
1.502376463329817e-01 -5.167636359621252e-01;
-4.252908532178487e-01 3.297630907146890e-01;

-2.836740475523006e-01 9.962219572537626e-01;
2.836740475523005e-01 -9.962219572537626e-01;
-7.209164990134633e-01 -7.437799102015283e-01;
-3.560674491507662e-01 -9.726999151971224e-01;
-9.962219572537626e-01 -2.836740475523006e-01;

-1.575946159700679e+00 -9.152163193054432e-01;
1.575946159700679e+00 9.152163193054430e-01;
1.580573662326943e+00 -9.072012496445944e-01;
1.812917880562922e+00 -1.858923552316258e-01;
1.575946159700679e+00 9.152163193054430e-01;

-5.948374064187327e-01 -2.319372281241289e-02;
5.948374064187327e-01 2.319372281241281e-02;
3.175050563732504e-01 -5.035474436736649e-01;
4.948664988975680e-01 -3.308725390867713e-01;
-2.319372281241278e-02 5.948374064187327e-01;

-1.336136272463862e-01 4.245976885780985e-01;
1.336136272463861e-01 -4.245976885780985e-01;
-3.009055710735941e-01 -3.280116397762042e-01;
3.576679546260845e-01 -2.649706262312737e-01;
-1.336136272463862e-01 4.245976885780985e-01;

1.318855313589049e-01 4.812265522112656e-01;
-1.318855313589050e-01 -4.812265522112656e-01;
-4.826971848700070e-01 -1.263970555572118e-01;
1.761602342198116e-01 -4.668408292068976e-01;
-4.812265522112656e-01 1.318855313589049e-01;

5.046955400639577e-01 1.150830992343648e+00;
-5.046955400639578e-01 -1.150830992343648e+00;
-1.248996644864033e+00 -1.383363372997294e-01;
2.681342162837243e-01 -1.227694425806775e+00;
-5.046955400639578e-01 -1.150830992343648e+00;

-5.315954491446586e-01 5.643047434383678e-01;
5.315954491446585e-01 -5.643047434383679e-01;
-2.229045187213574e-01 -7.425275352146568e-01;
7.617597584821723e-01 -1.440681622550105e-01;
5.643047434383679e-01 5.315954491446585e-01;

1.665069790182651e-01 5.373017146617558e-01;
-1.665069790182652e-01 -5.373017146617558e-01;
-5.485704239031509e-01 -1.244515835936576e-01;
5.624577831442988e-01 7.677813533339786e-03;
1.665069790182651e-01 5.373017146617558e-01;

3.322408622028587e-01 2.857091375084907e-01;
-3.322408622028588e-01 -2.857091375084906e-01;
-4.135518022771237e-01 1.448744580886755e-01;
3.743936096389865e-01 -2.276908580392167e-01;
-2.857091375084907e-01 3.322408622028587e-01;

6.356477922879700e-01 1.187054175832725e-01;
-6.356477922879700e-01 -1.187054175832725e-01;
-4.206258033379389e-01 4.911344271892399e-01;
3.093215311660079e-01 -5.678549835664963e-01;
-6.356477922879700e-01 -1.187054175832725e-01;

9.190147163927094e-01 1.436200731471266e+00;
-9.190147163927096e-01 -1.436200731471266e+00;
-1.703293676584264e+00 7.778972511220471e-02;
1.649899229819634e+00 -4.302245012380774e-01;
1.436200731471266e+00 -9.190147163927096e-01;

-3.871772467242400e-01 4.998317054746133e-01;
3.871772467242400e-01 -4.998317054746133e-01;
6.264555779200366e-01 8.538947869320027e-02;
-3.871772467242400e-01 4.998317054746133e-01;
-3.871772467242400e-01 4.998317054746133e-01;

2.070015891525078e-01 9.144164091187303e-01;
-2.070015891525079e-01 -9.144164091187303e-01;
6.884070453579108e-01 -6.364768393891865e-01;
2.070015891525078e-01 9.144164091187303e-01;
-9.144164091187303e-01 2.070015891525078e-01;

9.238755725523724e-01 -5.962255515306337e+00;
-9.238755725523716e-01 5.962255515306337e+00;
-5.625402526385352e+00 2.181028041886924e+00;
9.238755725523724e-01 -5.962255515306337e+00;
-9.238755725523716e-01 5.962255515306337e+00;

-8.470890594059776e-01 3.329300314988061e-02;
8.470890594059776e-01 -3.329300314988071e-02;
4.523771161990611e-01 7.169541431385015e-01;
-8.470890594059776e-01 3.329300314988061e-02;
3.329300314988076e-02 8.470890594059776e-01;

-3.886335696092668e-01 1.597064006955349e-01;
3.886335696092668e-01 -1.597064006955349e-01;
3.326265849539435e-01 2.567133436972854e-01;
-2.719841906693958e-01 -3.202604969025641e-01;
-3.886335696092668e-01 1.597064006955349e-01;

-6.752373780404159e-01 4.702401946957024e-01;
6.752373780404158e-01 -4.702401946957024e-01;
7.448586435072269e-01 3.496526256199453e-01;
-6.558848264409189e-01 -4.968766968322356e-01;
-4.702401946957024e-01 -6.752373780404159e-01;

-7.030133410169954e-01 -2.966868261420714e-01;
7.030133410169954e-01 2.966868261420713e-01;
9.456834210128720e-02 7.571708255911264e-01;
6.492286965478233e-02 -7.602866903017059e-01;
7.030133410169954e-01 2.966868261420713e-01;

-4.083865907239880e-01 -5.070990869274478e-02;
4.083865907239880e-01 5.070990869274473e-02;
1.602772262104879e-01 3.790281164782643e-01;
-7.797040770559141e-02 -4.040689518448707e-01;
-5.070990869274471e-02 4.083865907239880e-01;

-2.355939201198947e-01 1.594474379085790e-01;
2.355939201198947e-01 -1.594474379085790e-01;
2.558824918571188e-01 1.243066008467009e-01;
9.687863262992605e-02 -2.674743187538297e-01;
-2.355939201198947e-01 1.594474379085790e-01;

-2.839380232312416e-01 2.927602664211350e-01;
2.839380232312415e-01 -2.927602664211351e-01;
3.955068395550241e-01 9.951740800802360e-02;
5.763051908374450e-02 -4.037426134328369e-01;
-2.927602664211350e-01 -2.839380232312416e-01;

-4.811228473157866e-01 1.395416402251437e-01;
4.811228473157866e-01 -1.395416402251438e-01;
3.614080289786165e-01 3.468937880040009e-01;
3.072160416554928e-01 -3.956884725582788e-01;
4.811228473157866e-01 -1.395416402251438e-01;

-3.021752193116612e-01 7.417378944983651e-02;
3.021752193116612e-01 -7.417378944983655e-02;
2.153239956143473e-01 2.246045215931143e-01;
2.008666281568497e-01 -2.376219937217451e-01;
7.417378944983656e-02 3.021752193116612e-01;

-1.588180044969073e-01 2.231492295692022e-01;
1.588180044969073e-01 -2.231492295692023e-01;
2.726619038903084e-01 2.596581168807164e-02;
2.596502908519194e-01 -8.718063816135939e-02;
-1.588180044969073e-01 2.231492295692022e-01;

-1.077153488748890e-01 3.261603719163004e-01;
1.077153488748890e-01 -3.261603719163004e-01;
3.363208422247412e-01 -6.979595745499294e-02;
2.788558042894410e-01 -2.005557902577420e-01;
-3.261603719163004e-01 -1.077153488748890e-01;

-3.038532881827325e-01 4.221670670222472e-01;
3.038532881827324e-01 -4.221670670222473e-01;
5.175340487738000e-01 5.206113307855643e-02;
4.939660499357839e-01 -1.629398500320405e-01;
3.038532881827324e-01 -4.221670670222473e-01;

-2.721706810752156e-01 2.070679812551769e-01;
2.721706810752156e-01 -2.070679812551769e-01;
3.154114726149510e-01 1.321727333488607e-01;
3.419022119642205e-01 -7.543603383941314e-03;
2.070679812551769e-01 2.721706810752156e-01;

-1.265965409327791e-01 3.494409127275993e-01;
1.265965409327790e-01 -3.494409127275993e-01;
3.659229780101114e-01 -6.508463588477661e-02;
2.932175745323970e-01 2.283836457572666e-01;
-1.265965409327791e-01 3.494409127275993e-01;

5.264475216618819e-02 4.245852115813832e-01;
-5.264475216618824e-02 -4.245852115813832e-01;
3.413792032175745e-01 -2.578842985425466e-01;
4.200726552810405e-01 8.113591134253338e-02;
-4.245852115813832e-01 5.264475216618822e-02;

6.197570035760346e-02 8.921482843595241e-01;
-6.197570035760357e-02 -8.921482843595241e-01;
7.416352280192490e-01 -4.997466731067793e-01;
8.676349839904560e-01 2.167465876924912e-01;
-6.197570035760357e-02 -8.921482843595241e-01;

-3.722440661750368e-01 4.380111481406889e-01;
3.722440661750367e-01 -4.380111481406890e-01;
5.654508145181442e-01 1.033672436452528e-01;
3.015436141458053e-01 4.893780332891285e-01;
4.380111481406890e-01 3.722440661750367e-01;

3.528550249046430e-01 6.163518443587355e-01;
6.163518443587354e-01 -3.528550249046432e-01;
3.528550249046430e-01 6.163518443587355e-01;
3.528550249046430e-01 6.163518443587355e-01;
3.528550249046430e-01 6.163518443587355e-01;

4.095907837596655e-01 2.177113462432332e-01;
2.177113462432332e-01 -4.095907837596655e-01;
4.095907837596655e-01 2.177113462432332e-01;
4.095907837596655e-01 2.177113462432332e-01;
-2.177113462432332e-01 4.095907837596655e-01;

5.829761600200534e-01 -6.617253636164633e-02;
-6.617253636164644e-02 -5.829761600200534e-01;
5.829761600200534e-01 -6.617253636164633e-02;
5.829761600200534e-01 -6.617253636164633e-02;
-5.829761600200534e-01 6.617253636164640e-02;

2.040408971639569e+00 7.456835446749664e-02;
7.456835446749627e-02 -2.040408971639569e+00;
2.040408971639569e+00 7.456835446749664e-02;
2.040408971639569e+00 7.456835446749664e-02;
7.456835446749627e-02 -2.040408971639569e+00;

-5.068445411800004e-01 8.328455527804211e-01;
8.328455527804212e-01 5.068445411800003e-01;
-5.068445411800004e-01 8.328455527804211e-01;
-9.487067667700517e-01 -2.246743741391193e-01;
-5.068445411800004e-01 8.328455527804211e-01;

7.506392289858285e-01 7.453091781755411e-01;
7.453091781755410e-01 -7.506392289858286e-01;
7.506392289858285e-01 7.453091781755411e-01;
-4.768708721573053e-01 9.442135322336100e-01;
-7.453091781755411e-01 7.506392289858285e-01;

9.183271392803849e-01 -1.072321532586163e+00;
-1.072321532586163e+00 -9.183271392803847e-01;
9.183271392803849e-01 -1.072321532586163e+00;
1.303617073563044e+00 5.420154328999838e-01;
-9.183271392803848e-01 1.072321532586163e+00;

-1.126174077848123e+00 -4.967360515823146e-01;
-4.967360515823144e-01 1.126174077848123e+00;
-1.126174077848123e+00 -4.967360515823146e-01;
1.244171300564808e-01 -1.224555076877788e+00;
-4.967360515823144e-01 1.126174077848123e+00;

-2.338399089413240e-01 3.652964909262602e-01;
3.652964909262602e-01 2.338399089413239e-01;
-2.338399089413240e-01 3.652964909262602e-01;
-2.553542978402568e-02 -4.329787190180033e-01;
-2.338399089413240e-01 3.652964909262602e-01;

-1.298093911958881e-02 5.771803500178678e-01;
5.771803500178678e-01 1.298093911958870e-02;
-1.298093911958881e-02 5.771803500178678e-01;
-3.287562973028165e-01 -4.745787165591362e-01;
-5.771803500178678e-01 -1.298093911958878e-02;

-7.316584275421751e-01 1.549949224187341e+00;
1.549949224187341e+00 7.316584275421748e-01;
-7.316584275421751e-01 1.549949224187341e+00;
-3.191131938202086e-01 -1.683993296210616e+00;
7.316584275421749e-01 -1.549949224187341e+00;

-5.471467455207145e-01 2.777756683578236e-01;
2.777756683578237e-01 5.471467455207145e-01;
-5.471467455207145e-01 2.777756683578236e-01;
2.793785742367889e-01 -5.463300241822375e-01;
2.777756683578237e-01 5.471467455207145e-01;

-5.054546541175938e-02 3.317253742063773e-01;
3.317253742063773e-01 5.054546541175932e-02;
-5.054546541175938e-02 3.317253742063773e-01;
2.358754232764149e-01 -2.386615860590566e-01;
-5.054546541175938e-02 3.317253742063773e-01;

9.373811170039852e-02 3.396211382695671e-01;
3.396211382695671e-01 -9.373811170039857e-02;
9.373811170039852e-02 3.396211382695671e-01;
1.237885710553949e-01 -3.298571521442824e-01;
-3.396211382695671e-01 9.373811170039853e-02;

2.061489273066143e-01 5.794161023010079e-01;
5.794161023010079e-01 -2.061489273066144e-01;
2.061489273066143e-01 5.794161023010079e-01;
1.737942543101027e-01 -5.899287728227495e-01;
-2.061489273066144e-01 -5.794161023010079e-01;

-1.899685947831073e-01 5.021652800475422e-01;
5.021652800475422e-01 1.899685947831072e-01;
-1.899685947831073e-01 5.021652800475422e-01;
4.488531674023268e-01 -2.945995071312811e-01;
5.021652800475422e-01 1.899685947831072e-01;

1.101949259598221e-01 3.666837299982372e-01;
3.666837299982372e-01 -1.101949259598221e-01;
1.101949259598221e-01 3.666837299982372e-01;
3.827890556497103e-01 8.509901733499171e-03;
1.101949259598221e-01 3.666837299982372e-01;

2.155265878647888e-01 2.524879059493713e-01;
2.524879059493712e-01 -2.155265878647889e-01;
2.155265878647888e-01 2.524879059493713e-01;
3.067316466287324e-01 -1.269549120111683e-01;
-2.524879059493713e-01 2.155265878647888e-01;

4.127819979230931e-01 2.570546792465718e-01;
2.570546792465717e-01 -4.127819979230931e-01;
4.127819979230931e-01 2.570546792465718e-01;
3.720301800718926e-01 -3.131447445632985e-01;
-4.127819979230931e-01 -2.570546792465717e-01;

2.740715792187121e-01 6.564801502690139e-01;
6.564801502690139e-01 -2.740715792187122e-01;
2.740715792187121e-01 6.564801502690139e-01;
7.090425003855290e-01 -5.779403844431526e-02;
6.564801502690139e-01 -2.740715792187122e-01;

1.019263152085059e+00 -6.447725901660747e-01;
-6.447725901660749e-01 -1.019263152085059e+00;
4.875786670518390e-02 1.205094077930100e+00;
1.019263152085059e+00 -6.447725901660747e-01;
1.019263152085059e+00 -6.447725901660747e-01;

4.697277049261784e-01 -1.611246612351747e-01;
-1.611246612351748e-01 -4.697277049261783e-01;
-9.532580265726598e-02 4.873584559450186e-01;
4.697277049261784e-01 -1.611246612351747e-01;
1.611246612351748e-01 4.697277049261784e-01;

2.680589587642697e-01 -2.938076744889860e-01;
-2.938076744889861e-01 -2.680589587642696e-01;
1.204154305521563e-01 3.790497052463558e-01;
2.680589587642697e-01 -2.938076744889860e-01;
-2.680589587642696e-01 2.938076744889861e-01;

1.660552554692337e-01 -5.575909562531132e-01;
-5.575909562531132e-01 -1.660552554692336e-01;
3.998603053010368e-01 4.226035477948277e-01;
1.660552554692337e-01 -5.575909562531132e-01;
-5.575909562531132e-01 -1.660552554692336e-01;

-5.875072384450887e-01 -8.712060313599734e-01;
-8.712060313599733e-01 5.875072384450888e-01;
1.048240174310504e+00 -7.319317772070186e-02;
6.470164521627156e-01 -8.279700567859574e-01;
-5.875072384450887e-01 -8.712060313599734e-01;

4.634931102618734e-01 -6.891348384990180e-01;
-6.891348384990181e-01 -4.634931102618733e-01;
3.650617216420994e-01 7.459642272153532e-01;
7.986334266071196e-01 2.278537662604314e-01;
6.891348384990180e-01 4.634931102618733e-01;

9.114546140939089e-02 -4.347765870452669e-01;
-4.347765870452669e-01 -9.114546140939081e-02;
3.309548386472020e-01 2.963225785428201e-01;
4.416626027776159e-01 -4.766886914919646e-02;
-9.114546140939084e-02 4.347765870452669e-01;

-1.640844573463219e-01 -4.406306603339071e-01;
-4.406306603339070e-01 1.640844573463220e-01;
4.636395742086367e-01 7.821402173885451e-02;
3.683597749571941e-01 -2.922159546678060e-01;
-4.406306603339070e-01 1.640844573463220e-01;

-7.671805276196504e-01 1.708629226223650e-01;
1.708629226223651e-01 7.671805276196504e-01;
2.356186322540021e-01 -7.498292875185489e-01;
5.202313785168197e-01 -5.891684080908539e-01;
-7.671805276196504e-01 1.708629226223650e-01;

-6.464987838806283e+00 1.136776154842806e+01;
1.136776154842806e+01 6.464987838806281e+00;
-6.612276365699485e+00 -1.128272447777772e+01;
-1.451517559721816e+00 -1.299673678858089e+01;
-1.136776154842806e+01 -6.464987838806282e+00;

-1.828832294360302e-01 -8.391857356242500e-01;
-8.391857356242500e-01 1.828832294360303e-01;
8.181977802621474e-01 2.612113451943847e-01;
6.412166399340656e-01 5.714194564029407e-01;
1.828832294360303e-01 8.391857356242500e-01;

-4.891311892336216e-01 -3.124424983337051e-01;
-3.124424983337050e-01 4.891311892336217e-01;
5.151487353956765e-01 -2.673787864927574e-01;
5.793645372787957e-01 -3.473280855086818e-02;
-3.124424983337050e-01 4.891311892336217e-01;

-2.431828755783887e-01 6.956776992143561e-01;
6.956776992143561e-01 2.431828755783886e-01;
-4.808831225767478e-01 -5.584413976234128e-01;
6.056481710308423e-01 -4.198757733970248e-01;
-2.431828755783887e-01 6.956776992143561e-01;

4.400626785660846e-01 6.230575451685397e-01;
6.230575451685396e-01 -4.400626785660847e-01;
-7.596150014185680e-01 6.957668631138533e-02;
1.020585082949670e-02 -7.627264950603526e-01;
-6.230575451685397e-01 4.400626785660846e-01;

1.727989525670162e+00 -4.215990262858732e-01;
-4.215990262858735e-01 -1.727989525670162e+00;
-4.988792958607309e-01 1.707282339846719e+00;
-1.645782582400768e+00 -6.746059822275851e-01;
-1.727989525670162e+00 4.215990262858734e-01;

-1.499572440900053e+00 1.751800143468625e-01;
1.751800143468628e-01 1.499572440900053e+00;
5.980758777903210e-01 -1.386257835807917e+00;
1.316147817913934e+00 7.397029568238186e-01;
1.751800143468628e-01 1.499572440900053e+00;

5.947846524324066e-01 6.605389154866412e-01;
6.605389154866411e-01 -5.947846524324067e-01;
-8.694358072158569e-01 1.848291610442415e-01;
8.120084054351139e-01 -3.615560691568193e-01;
5.947846524324066e-01 6.605389154866412e-01;

4.635865454091231e-01 1.482815916607656e-01;
1.482815916607655e-01 -4.635865454091231e-01;
-3.602088979963753e-01 3.273369293465861e-01;
2.842802948905804e-01 -3.950754731019627e-01;
-1.482815916607656e-01 4.635865454091231e-01;

5.159617553140687e-01 -1.707731877731772e-01;
-1.707731877731773e-01 -5.159617553140687e-01;
-1.100869587602127e-01 5.322225813697827e-01;
-2.974002200600581e-03 -5.434806067560264e-01;
-5.159617553140687e-01 1.707731877731772e-01;

1.262177562061716e+00 -8.559461245784790e-01;
-8.559461245784792e-01 -1.262177562061716e+00;
1.101823071249450e-01 1.521050895121395e+00;
-4.240188227821359e-01 -1.464904093884451e+00;
-8.559461245784792e-01 -1.262177562061716e+00;

-1.057911766283748e+00 5.537180624166088e-01;
5.537180624166090e-01 1.057911766283748e+00;
1.008489791728955e+00 6.393194333558866e-01;
-1.057911766283748e+00 5.537180624166088e-01;
-1.057911766283748e+00 5.537180624166088e-01;

1.883799033449924e+00 7.266630632050339e-01;
7.266630632050336e-01 -1.883799033449924e+00;
-3.125908439975864e-01 -1.994749350194722e+00;
1.883799033449924e+00 7.266630632050339e-01;
-7.266630632050338e-01 1.883799033449924e+00;

2.258182337221455e-01 -9.193570650335637e-01;
-9.193570650335637e-01 -2.258182337221453e-01;
-9.090956903288411e-01 2.641142054756725e-01;
2.258182337221455e-01 -9.193570650335637e-01;
-2.258182337221454e-01 9.193570650335637e-01;

-6.057078675511908e-01 -5.189385150283554e-01;
-5.189385150283553e-01 6.057078675511909e-01;
-1.465600032411327e-01 7.840276580856090e-01;
-6.057078675511908e-01 -5.189385150283554e-01;
-5.189385150283553e-01 6.057078675511909e-01;

-5.061516176551698e-01 1.091842158905962e-02;
1.091842158905971e-02 5.061516176551698e-01;
2.625314392929392e-01 4.328809482614352e-01;
-1.667934875857510e-01 -4.780048163815126e-01;
-5.061516176551698e-01 1.091842158905962e-02;

-1.238985654939523e+00 -2.693006016961728e-01;
-2.693006016961725e-01 1.238985654939523e+00;
3.862716651464420e-01 1.207643352950214e+00;
-1.267475310777365e-01 -1.261563843245968e+00;
2.693006016961727e-01 -1.238985654939523e+00;

-3.449623130568097e-01 -4.824006852056598e-01;
-4.824006852056598e-01 3.449623130568099e-01;
-2.452900916627162e-01 5.399464690582676e-01;
3.521910979766448e-01 -4.771486655355958e-01;
3.449623130568098e-01 4.824006852056598e-01;

-3.568470345129832e-01 -1.896977434828720e-01;
-1.896977434828719e-01 3.568470345129832e-01;
1.414045235974073e-02 4.038874688948217e-01;
7.014147700905665e-02 -3.980015240249611e-01;
-1.896977434828719e-01 3.568470345129832e-01;

-3.182649568422732e-01 1.313813119808904e-01;
1.313813119808905e-01 3.182649568422732e-01;
2.729120321791166e-01 2.099348817693212e-01;
1.802577611902044e-01 -2.933611620892059e-01;
-3.182649568422732e-01 1.313813119808904e-01;

-4.937579422101558e-01 2.995200885517217e-01;
2.995200885517219e-01 4.937579422101558e-01;
5.062709767346337e-01 2.778468769984626e-01;
2.234050755395815e-01 -5.325404784284409e-01;
-2.995200885517218e-01 -4.937579422101558e-01;

-5.727413856470314e-01 -1.036614396635873e-01;
-1.036614396635872e-01 5.727413856470314e-01;
1.965972526819816e-01 5.478393096008227e-01;
5.242881798359665e-01 -2.527850735116657e-01;
5.727413856470314e-01 1.036614396635872e-01;

-3.450827729481809e-01 -1.142903988052108e-02;
-1.142903988052101e-02 3.450827729481809e-01;
1.626435475966939e-01 3.045649677217626e-01;
2.858956488707425e-01 -1.935882772664022e-01;
-1.142903988052101e-02 3.450827729481809e-01;

-2.352290204997703e-01 2.628634449588905e-01;
2.628634449588905e-01 2.352290204997702e-01;
3.452609313105768e-01 7.228258498068615e-02;
3.448115314681171e-01 -7.439684501071721e-02;
-2.352290204997703e-01 2.628634449588905e-01;

-1.678051333292498e-01 4.651012919523117e-01;
4.651012919523118e-01 1.678051333292497e-01;
4.866921008282897e-01 -8.722713762759100e-02;
4.091368848384617e-01 -2.776414666652590e-01;
-4.651012919523117e-01 -1.678051333292498e-01;

-6.942017892876657e-01 5.407708837675188e-01;
5.407708837675189e-01 6.942017892876656e-01;
8.154222176134662e-01 3.308109429919707e-01;
8.794781954069326e-01 -2.945126117274534e-02;
6.942017892876656e-01 -5.407708837675189e-01;

-4.010472801667612e-01 1.734479850159292e-01;
1.734479850159293e-01 4.010472801667611e-01;
3.507340013423981e-01 2.605931402351054e-01;
4.264042328349696e-01 9.540730923605187e-02;
1.734479850159293e-01 4.010472801667611e-01;

-2.118126256997978e-01 5.120211705583956e-01;
5.120211705583956e-01 2.118126256997978e-01;
5.493296538289143e-01 -7.257547058088848e-02;
4.215073697762172e-01 3.596690210876767e-01;
-2.118126256997978e-01 5.120211705583956e-01;

2.152508422554980e-01 6.101496050130598e-01;
6.101496050130598e-01 -2.152508422554981e-01;
4.207796369226017e-01 -4.914875000857883e-01;
6.468029260730546e-01 -1.616911910491467e-02;
-6.101496050130598e-01 2.152508422554981e-01;

1.940379342060776e+00 1.617415497777389e+00;
1.617415497777388e+00 -1.940379342060776e+00;
4.305332385194824e-01 -2.489125552091862e+00;
2.137863740948814e+00 -1.345601541572776e+00;
-1.940379342060776e+00 -1.617415497777388e+00;

-8.781307802056477e-01 4.523246469111707e-01;
4.523246469111709e-01 8.781307802056476e-01;
8.307900250857244e-01 5.343212400475543e-01;
1.588289685584969e-01 9.749280035441278e-01;
4.523246469111709e-01 8.781307802056476e-01;

