5
0
8
52
-5.502943261251608e+00 2.567553895214489e+00
-3.786396778617827e+00 1.766650560659540e+00
-3.351760445232317e-01 1.563858680422751e-01
-2.001782969704967e-02 -2.954700695375023e-01
2.135672200221787e-01 2.051641246180113e-01
9.528693348238568e-13
2.861524228000631e+04
3.271114732791496e-14
2.441406250000000e-05
3.163010768210520e-12
0.000000000000000e+00
1
1
12
52
-2.207852389787465e+00 4.225489526779160e-01
-1.344769872716865e-01 2.573682479579129e-02
-1.519151621136929e+00 2.907422296162479e-01
1.960641962961002e-02 -1.078614150456354e-01
5.804811244238615e-02 9.299953326880372e-02
2.246933419889089e-14
2.725627068356367e+02
6.976983212109019e-15
2.441406250000000e-05
1.543188631289338e-12
0.000000000000000e+00
1
1
22
52
1.837421560310922e-02 -9.860519277739529e-01
6.783726221811163e-01 -2.740237497315018e-01
-1.350660839261982e-01 1.052855408187717e+00
4.401265068591007e-01 2.796387926535721e-02
-6.298075075333430e-02 6.225794325900608e-01
2.843558383173338e-15
4.012835198523145e+01
4.882257553802499e-16
3.906250000000000e-04
1.477406066768669e-13
0.000000000000000e+00
1
1
29
52
1.792252595822944e-01 -5.744100173372112e-01
2.859614183304405e-01 -5.285082123321003e-01
-1.782279726818843e-01 6.360767149113031e-01
-3.200999933262596e-01 5.018954459998574e-01
-1.349584147638968e-01 1.867342186849528e-01
6.955527313080394e-16
7.548168501920816e+01
8.110314671048166e-16
9.765625000000001e-05
2.518909123116643e-13
0.000000000000000e+00
1
1
42
52
-3.560280402378691e-01 -3.546273635256419e-01
-3.455203867879941e-01 1.399466755720360e-01
4.224302462377074e-01 3.377569065657471e-01
-1.512880640546666e-01 1.661518327278686e-01
2.436086150035294e-01 2.057061104013509e-01
3.055527177423061e-16
5.637125924345973e+01
9.532785737464537e-17
3.906250000000000e-04
5.327211148498674e-14
0.000000000000000e+00
1
1
56
52
-2.367027283776257e-01 2.033485653652767e-01
-2.486771583388993e-01 4.435304403498330e-02
-8.132850530335613e-02 2.391509895856613e-01
-5.680140259920189e-01 4.879742539704083e-01
3.034161828938343e-02 -2.606613194657998e-02
4.440892098500626e-16
3.283645509270589e+03
1.280921711674653e-14
1.525878906250000e-06
6.272088418901984e-13
0.000000000000000e+00
1
1
61
52
-1.190319945800292e+00 1.309489981325702e+00
-2.212886730666995e+00 -2.224829041058488e-02
2.326528789734537e-01 2.200735174230106e+00
-4.842368579925876e-01 1.305837366853695e+00
-1.253851526908706e+00 6.062614219778878e-01
1.334988598106856e-13
2.147725075802725e+03
3.836262897988224e-14
9.765625000000001e-05
9.124242560855307e-12
0.000000000000000e+00
1
1
71
52
-2.562550209011769e-02 6.874008781337377e-01
-6.631936555993720e-01 5.478566606173922e-01
6.205626916433935e-01 5.957135982587652e-01
-2.207089397362425e-01 4.943362082479264e-01
1.832909432578655e-01 5.093968521536772e-01
2.701289205785704e-15
1.911871403469559e+02
3.642113385487494e-15
9.765625000000001e-05
8.940221168960826e-13
0.000000000000000e+00
1
1
81
52
4.439625904582169e-01 1.508998227223671e-01
2.473887703976499e-01 2.878733118069490e-01
3.715739694942336e-01 -7.749214517523879e-02
-5.690911780686257e-02 -1.934301667056813e-02
1.065374193717352e+00 3.621133411240925e-01
5.329070518200751e-15
1.314790211963874e+03
5.884397660587554e-16
3.906250000000000e-04
9.700879755285886e-12
0.000000000000000e+00
1
1
100
52
-4.154213421456280e+00 -1.883115502255116e+00
-2.858379519819983e+00 -1.295710701164368e+00
-2.530269269744177e-01 -1.146977490883117e-01
-1.260294086135830e-02 2.220827137347327e-01
1.587148371378331e-01 -1.558498197960119e-01
1.819877365230937e-13
6.847690250044622e+03
1.758553366836893e-14
2.441406250000000e-05
3.171055813210332e-12
0.000000000000000e+00
1
1
102
52
-3.640927503023806e-01 -1.820849800353082e+00
3.492604319619555e+00 -3.278380350728414e-01
-3.350118852920923e+00 1.040416446414310e+00
1.165339485895784e+00 -2.076249614381039e-01
-1.155574658255659e+00 2.564594533202876e-01
4.935587579328812e-14
3.167091532616801e+03
6.440916829938127e-15
6.103515625000000e-06
9.385081828694043e-12
0.000000000000000e+00
1
1
103
52
-1.316049782322282e+00 -1.366424493925843e+01
-9.712291456181382e-01 -1.008405085896897e+01
5.153231913637308e-01 5.350483244827608e+00
2.357994025461977e+00 9.590708944881912e-01
-2.131604556499864e+00 1.391479363655017e+00
1.471471362758652e-10
1.645675115069396e+06
4.282508646171093e-14
2.441406250000000e-05
1.802723247387438e-13
0.000000000000000e+00
1
1
106
52
-3.609732177405737e-01 -6.223638753701450e-01
4.590569698124177e-01 6.236372827213620e-01
-5.297019153792631e-01 6.551278529189414e-02
2.606816501857682e-01 3.747534937798404e-01
-2.707937400207612e-01 1.737250973053978e-01
8.005932084973442e-16
2.955673970581407e+01
2.709231249760213e-16
3.906250000000000e-04
2.780771212676737e-13
0.000000000000000e+00
1
1
108
52
1.451066478331140e-01 -3.948053673180612e-01
3.116463048398428e-01 -1.569483912691459e-02
-2.014616653927843e-01 4.054306556309649e-01
-1.123238666439493e-01 2.420994596406047e-01
1.734624375131800e-01 7.273281803101193e-02
1.887583215944766e-16
7.144817221719217e+01
3.427713672986513e-17
3.906250000000000e-04
2.689853034713360e-13
0.000000000000000e+00
1
1
113
52
-9.738106152697458e-02 -3.322243132729297e-01
6.433014542378477e-01 -1.179712277291827e-01
-6.051919725528762e-01 2.479851768836535e-01
-2.104260749291153e-01 6.651759210261472e-02
2.130377975751544e-01 -5.760746369639207e-02
1.366803587226643e-16
3.396029331559394e+02
2.244546707532518e-15
6.103515625000000e-06
3.839857043252617e-13
0.000000000000000e+00
1
1
120
52
-3.296386792817051e-01 -1.535290977039971e+00
2.610382439233417e+00 -8.878914716937329e-02
-2.416761704246106e+00 9.905770321397156e-01
9.480491020865923e-01 -1.466589961492786e-01
-9.246944256116117e-01 2.554333188163201e-01
8.881784197001252e-15
8.722856995530720e+02
1.459480790643295e-14
6.103515625000000e-06
9.381656129156301e-12
0.000000000000000e+00
1
1
130
52
-4.115628456156524e-01 -3.426443175535301e-01
4.406223579866706e-01 3.892110339779937e-01
-4.691435240107200e-01 -2.567532008363259e-01
1.911095653161339e-01 7.432184305478748e-02
4.817934301307381e-01 2.203650827852042e-01
2.775557561562891e-16
8.563653651174516e+01
1.807661246848851e-16
3.906250000000000e-04
8.810045109473380e-13
0.000000000000000e+00
1
1
134
52
-5.036997224544862e-01 -3.180234032056251e-01
5.629400302805503e-01 3.328068507219561e-01
-4.325543204803468e-01 -4.084051459786041e-01
1.441746666549373e-01 1.767459178285563e-01
3.983863326295801e-01 4.342679865911604e-01
7.468261590855957e-16
1.178308141289482e+02
2.175966615156493e-16
3.906250000000000e-04
2.065527999191757e-12
0.000000000000000e+00
1
1
140
52
-3.427168734896126e-01 -5.894821083959166e-01
-8.644464287604349e-01 7.342174808907366e-01
1.065748936955792e+00 -3.879718299307403e-01
-3.473836632155802e-01 2.299047328105814e-01
3.716649208650404e-01 -1.881403259170232e-01
2.989366980140908e-16
2.811305923829948e+02
5.536317502982495e-15
6.103515625000000e-06
4.061783787332358e-12
0.000000000000000e+00
1
1
142
52
-7.803615505816808e-02 1.131763206029702e+00
1.875836215530949e+00 -2.046228882240398e-01
-1.829999914612409e+00 -4.601438322972446e-01
-6.874963510627538e-01 -8.768646611410008e-02
6.930251596319009e-01 7.501811871742995e-03
2.808666774861361e-15
3.494664415853001e+02
4.026227072380526e-15
6.103515625000000e-06
1.622292082870111e-12
0.000000000000000e+00
1
1
148
52
-1.822887298308857e-01 -7.358166392972624e-01
1.764072891249689e-01 8.132927839455546e-01
-3.199626098057975e-01 -6.861004557983292e-01
3.648916303857775e-01 6.551943471874632e-01
1.557094475333296e-01 2.449605841365999e-01
2.512147933894040e-15
1.078800192378624e+02
8.784074983656121e-16
9.765625000000001e-05
1.176015193439616e-12
0.000000000000000e+00
1
1
149
52
-8.098757499645408e-01 -8.502273410275701e-01
7.669997128718929e-01 1.004470610740157e+00
3.449602132146558e-01 -7.998751093866049e-01
3.960442563452641e-01 -3.447578399152824e-01
4.678435002472600e-01 5.798319184344213e-01
1.897149936107019e-15
6.348653514631965e+01
3.971150575130322e-16
3.906250000000000e-04
2.442642295840247e-13
0.000000000000000e+00
1
1
152
52
-7.931348807392687e-01 -7.015759907163484e-01
3.105663656607508e-01 2.747148195884776e-01
-5.853241442136452e-01 -5.177547682484056e-01
-4.703850011870044e-02 1.906415936305526e-01
1.834751204333570e-01 -6.995511344697310e-02
5.900916318210353e-16
6.944306603883855e+01
5.266070963217944e-16
9.765625000000001e-05
2.024770744031726e-13
0.000000000000000e+00
1
1
154
52
-3.004929224816283e-01 -7.332074798550949e-01
-4.353031607812853e-01 -6.608417378988897e-01
3.062010801618756e-01 8.142248824280063e-01
1.983063324862568e-01 2.296310603128655e-01
4.770633826224651e-01 6.220426358081883e-01
6.280369834735101e-16
5.278359915038718e+01
1.537839567085673e-16
3.906250000000000e-04
7.461610411524643e-13
0.000000000000000e+00
1
1
162
52
-9.727422898957509e-02 -3.325732867049799e-01
5.730557262675469e-01 -6.158474601527789e-02
-5.159195074435723e-01 2.569291890560002e-01
-1.993900638207264e-01 7.110870838683414e-02
2.062818768578223e-01 -4.754611696964749e-02
1.118863022827952e-16
3.518784994576990e+02
1.740327279742217e-15
6.103515625000000e-06
3.851348950499980e-13
0.000000000000000e+00
1
1
168
52
-1.888936437368393e+00 -1.701803684940168e-01
7.396473646082360e-01 6.663721371165923e-02
-1.394012708968337e+00 -1.255910954992644e-01
1.904269718039500e-01 -2.956822304287967e-01
1.345115850068844e-01 3.249569917399933e-01
4.620448922728573e-15
1.451571504467553e+02
8.992882575939415e-16
9.765625000000001e-05
1.990872458760195e-13
0.000000000000000e+00
1
1
170
52
-3.751499266973790e-01 -8.107256622576767e-01
-2.119479032100910e-01 -8.665711644675869e-01
4.376967737582805e-01 8.775954348287234e-01
3.755574496815214e-02 3.399817525466815e-01
1.478597993738098e-01 8.713023464842425e-01
8.950904182623619e-16
9.262124931103988e+01
9.509759496977673e-16
3.906250000000000e-04
6.196438331020728e-13
0.000000000000000e+00
1
1
172
52
-7.358354285127194e-02 -1.150191699610066e+00
-8.064515836212860e-01 -2.840425426955193e-01
2.133469924620620e-01 1.222011701524453e+00
1.064424861314368e-01 7.234985562486761e-01
-5.123458201449372e-01 5.591585532329463e-02
6.661338147750939e-15
6.133584312533961e+01
5.962334239317835e-16
3.906250000000000e-04
1.441597767192585e-12
0.000000000000000e+00
1
1
174
52
-2.833842987998884e-01 -2.404235842611852e-01
3.313402268307996e-01 2.240691123891946e-01
-2.464586216792131e-01 1.235532232077837e-01
-1.017257370538575e-01 1.314119300794342e-01
1.917231886670583e-01 1.372724723440602e-01
1.671106944322084e-16
8.138373138949420e+01
6.909011692923305e-17
3.906250000000000e-04
4.457110769671102e-14
0.000000000000000e+00
1
1
183
52
-2.342159723587583e-03 4.329959252890441e-01
4.023728080770702e-01 3.623562615595055e-01
-4.062692596043130e-01 3.579821583148678e-01
-1.289503781129257e-01 3.154390012963748e-01
1.255303895413535e-01 3.168155375860152e-01
8.888557877610145e-16
2.272223143650030e+02
1.986392888589720e-15
9.765625000000001e-05
3.402025902834701e-13
0.000000000000000e+00
1
1
193
52
-1.945297749138013e-01 7.327720374460250e-01
5.224333514426449e-01 7.911723540314131e-01
-8.460559596378239e-01 4.278780359454340e-01
7.330791557155589e-02 5.921563034925866e-01
-3.573575473433044e-01 4.778270833766397e-01
1.226281411657844e-15
2.763684520779229e+02
5.178832002580384e-15
9.765625000000001e-05
3.593971904435688e-13
0.000000000000000e+00
1
1
198
52
-2.027309059110221e-01 2.072144939345234e-01
-5.605636576536447e-02 2.278670831080485e-01
-2.265865408226381e-01 6.102674188438317e-02
-4.864920605216511e-01 4.972512980748973e-01
2.598695758504050e-02 -2.656168402485877e-02
2.220446049250313e-16
3.545002714370640e+03
1.910402905883467e-14
1.525878906250000e-06
5.443174466485083e-13
0.000000000000000e+00
1
1
200
52
-2.002423680462236e+00 -3.144158180587049e-01
-1.219646318003902e-01 -1.915059727664487e-02
-1.377802789012546e+00 -2.163393268156640e-01
2.091249735783693e-02 9.661527522983292e-02
4.951670100498887e-02 -8.555664950815008e-02
1.464821375527116e-14
1.967212388368166e+02
3.485769498368997e-15
2.441406250000000e-05
1.545619233489076e-12
0.000000000000000e+00
1
1
201
52
-4.117864055730283e-01 -1.416645706431259e+00
-3.038934880990063e-01 -1.045467745660019e+00
1.612424450279098e-01 5.547133522424089e-01
-1.973122531390014e-01 1.894964784553379e-01
2.681485595885897e-01 5.419769899477571e-02
2.512147933894040e-15
8.242838929067766e+01
2.098436549040041e-15
9.765625000000001e-05
4.713835954779733e-13
0.000000000000000e+00
1
1
202
52
-4.472382887232886e-01 -6.432517371219307e-01
-1.121152666551606e+00 9.662233266420091e-01
1.296176630201830e+00 -7.144907011162217e-01
-4.039573720113970e-01 2.936580880068412e-01
4.159521310386510e-01 -2.764063236226562e-01
6.753223014464259e-16
4.769305067337094e+02
3.804386802902979e-15
6.103515625000000e-06
4.064791065457165e-12
0.000000000000000e+00
1
1
207
52
-1.520900146395888e-02 8.359909470713880e-01
1.573795990901988e+00 -1.350023802391634e-01
-1.567844041378652e+00 -1.921575540093742e-01
-5.325866222480086e-01 -2.090342095204595e-02
5.329945218223632e-01 -1.517534972171397e-03
1.062353494563331e-15
3.547687352549631e+02
1.257477217962182e-15
6.103515625000000e-06
1.619704022705877e-12
0.000000000000000e+00
1
1
209
52
3.229104916133071e-01 -6.331223409694371e-01
1.948621822062829e-01 -6.824847439419865e-01
-3.746700461330496e-01 6.843817358986912e-01
-1.440554552727543e-01 6.881956748782726e-01
-4.019961095997512e-02 2.691462602601352e-01
8.005932084973442e-16
1.058447737100063e+02
1.739128563247288e-15
9.765625000000001e-05
3.600094645196259e-13
0.000000000000000e+00
1
1
212
52
-1.927030122892828e-01 -6.220853314785173e-01
2.314339894853369e-01 6.764510239757763e-01
-6.937686430596740e-02 -6.466613315279629e-01
2.261035193361880e-02 6.438844561940382e-01
-5.729657427706021e-03 2.492965066859763e-01
2.259012300462939e-15
7.274956977231058e+01
8.060313709048854e-16
9.765625000000001e-05
4.858099068657569e-13
0.000000000000000e+00
1
1
218
52
6.271150720606607e-02 -5.378514179275113e-01
-1.300467150997474e-01 5.681233077829557e-01
3.853372517965226e-01 -1.135057488824962e-01
-6.767176457045478e-02 3.368474002466148e-01
2.390155645667267e-01 3.879074126512122e-02
1.405982408133619e-16
5.460420103894925e+01
1.611302606016879e-16
3.906250000000000e-04
1.242243701494941e-13
0.000000000000000e+00
1
1
223
52
3.856596415016194e-01 2.013564913960591e-01
3.516936579527015e-01 -1.832873523252003e-02
1.859844111007985e-01 2.990554637636049e-01
-4.943558408584793e-02 -2.581077896272269e-02
9.254649793579375e-01 4.831938867854294e-01
4.242156220644677e-15
1.576138319958317e+03
2.847526834317121e-16
3.906250000000000e-04
8.299250780869875e-12
0.000000000000000e+00
1
1
-1

2 0
1 5
-955906677967853477323848146553911840195936674189249816717172667572835429467210415735325414751248433138193281031542782485927155105009077151083732335018511668669232964386000038195459244863750585506609325984115697307698746853109978164399853696751365607058328921799883854939381602208933716337660757954729879557089/2500000000000000000000000000000000000000000000000000000000000000000000000000000000000000000000000000000000000000000000000000000000000000000000000000000000000000000000000000000000000000000000000000000000000000000000000000000000000000000000000000000000000000000000000000000000000000000000000000000000000000000000 5041909839473200448317308084307952956197885028050604491102131000998043746740625855251207708013595046114133606593946054653615742742307775659398532675357791861286829522961647046872746341293241012915432620510031211403259678370836377990330684434445708724744687249404936567001608118299552076694782259824565267503169/10000000000000000000000000000000000000000000000000000000000000000000000000000000000000000000000000000000000000000000000000000000000000000000000000000000000000000000000000000000000000000000000000000000000000000000000000000000000000000000000000000000000000000000000000000000000000000000000000000000000000000000000
3162231525992491624450189972960625794280471735807318420624550676199259640561913433657601425811595740993872829280413157502275993037434625836166499774561031845449460854043734757796094630805289715334522492956464809230502890527053373425440550863656421794767411522831730582546876824507754193479343899258724024672971/10000000000000000000000000000000000000000000000000000000000000000000000000000000000000000000000000000000000000000000000000000000000000000000000000000000000000000000000000000000000000000000000000000000000000000000000000000000000000000000000000000000000000000000000000000000000000000000000000000000000000000000000 -3402422195513228528677382820877815944517630604601367402840917753457754057726179266926890366594769147037035593436411278182410820188329418148758815919439904713461232738794794075114325236934723723693933768316765938732005009674054119195417268581879375352776100092132009641217765898098664340458283143541496771749897/5000000000000000000000000000000000000000000000000000000000000000000000000000000000000000000000000000000000000000000000000000000000000000000000000000000000000000000000000000000000000000000000000000000000000000000000000000000000000000000000000000000000000000000000000000000000000000000000000000000000000000000000
-1424987618538954316146864156842636072479955166534640515705579113611762485936872890797625966733831910507964893404457878103001082791712627502157921053663513780257679890825299742038155536955793433452982426088174482126419154470543879724354982936958745814280639211316572502741180203466879657441272502375242423442291/10000000000000000000000000000000000000000000000000000000000000000000000000000000000000000000000000000000000000000000000000000000000000000000000000000000000000000000000000000000000000000000000000000000000000000000000000000000000000000000000000000000000000000000000000000000000000000000000000000000000000000000000 -109811557883113846021765858730443299803856823767311167876492892981406901687580099837030153595080850848452921934250582788953050334927205107839027304599287166332798994696273376758501527401681632413915997938262642096851511615646611873154601018535399967930217295014819991672586418150012660226008363972787288711321/156250000000000000000000000000000000000000000000000000000000000000000000000000000000000000000000000000000000000000000000000000000000000000000000000000000000000000000000000000000000000000000000000000000000000000000000000000000000000000000000000000000000000000000000000000000000000000000000000000000000000000000
-1703407061228636264984978282005780047842853738739044705819275426319986805425561256210153346328769750613827440610193567966283036947600263881466995382919984508425784834676037385970765679380235498010564733241893072282310800479058543500943350381187810976089575928255801979433365076728424189939314711774223322760099/2000000000000000000000000000000000000000000000000000000000000000000000000000000000000000000000000000000000000000000000000000000000000000000000000000000000000000000000000000000000000000000000000000000000000000000000000000000000000000000000000000000000000000000000000000000000000000000000000000000000000000000000 -960711349422646792138563891076294732725291351130301866574656055714810852674681856829500514489283192706225178321545870337671369329419645763562834519936526885117319121915321835156968742347909861662035320606660490154386725892754299719926768925114140536886594692267221079603475504796074852804490934549677044853799/1250000000000000000000000000000000000000000000000000000000000000000000000000000000000000000000000000000000000000000000000000000000000000000000000000000000000000000000000000000000000000000000000000000000000000000000000000000000000000000000000000000000000000000000000000000000000000000000000000000000000000000000
9086320707044216471883340123328544438123915022740391624213362083321886242824330228011856494292530999617679268545187976916204363520047136031941994067181958440503677080688369257434160990660104680825416938629147558863595345449216516315557514101713568388678862564176017265861992052964290250479097051232463503234427/10000000000000000000000000000000000000000000000000000000000000000000000000000000000000000000000000000000000000000000000000000000000000000000000000000000000000000000000000000000000000000000000000000000000000000000000000000000000000000000000000000000000000000000000000000000000000000000000000000000000000000000000 -427971623810484789223906708281123080819247011924162742113617542477217276619663369429189566546660441068484458066222180181992702272977606946024286102902572486089644380392099445912017765916347235651744910151633210185174839121230414222789204720772098135743557487166421786331806170698769111510999066280339699745243/2000000000000000000000000000000000000000000000000000000000000000000000000000000000000000000000000000000000000000000000000000000000000000000000000000000000000000000000000000000000000000000000000000000000000000000000000000000000000000000000000000000000000000000000000000000000000000000000000000000000000000000000

0
1876202088999873492366663991556896988734283022197967220510399945508984938016438800686420943164362052330310048402370810395781567780688571905858060260049404584778828873252748220609529649189328235014878068717480863669201050157577957372860764040723056920471138351742860980470309634499721556939318510308202101341369/2000000000000000000000000000000000000000000000000000000000000000000000000000000000000000000000000000000000000000000000000000000000000000000000000000000000000000000000000000000000000000000000000000000000000000000000000000000000000000000000000000000000000000000000000000000000000000000000000000000000000000000000 -367141841148338741380432041829180054023743915505409500970625337418139618241063016312102099179526737754887292114738073448611854668108701356684680500096647280191933860771616708893232447394062112972343998226098660156496943191501024735814301986573299426867218278297574596109704257238045124802029199525127190033921/20000000000000000000000000000000000000000000000000000000000000000000000000000000000000000000000000000000000000000000000000000000000000000000000000000000000000000000000000000000000000000000000000000000000000000000000000000000000000000000000000000000000000000000000000000000000000000000000000000000000000000000000
5 5
1 0
0 0
0 0
0 0
0 0
0 0
1 0
0 0
0 0
0 0
0 0
0 0
1 0
0 0
0 0
0 0
0 0
0 0
1 0
0 0
0 0
0 0
0 0
0 0
1 0

5 0

4 0

