6.8806756654740309e-01 4.9175258566524203e-60
6.0908504523996244e-02 -6.5852517309210549e-60
-1.7585988182722584e-02 4.5487857169150887e-02
-1.7585988182722584e-02 -4.5487857169150887e-02
6.0908504523996244e-02 -6.5852517309210549e-60
6.8806756654740309e-01 4.9175258566524203e-60
-1.7585988182722584e-02 4.5487857169150887e-02
-1.7585988182722584e-02 -4.5487857169150887e-02
6.8806756654740309e-01 4.9175258566524203e-60
6.0908504523996244e-02 -6.5852517309210549e-60
-1.7585988182722584e-02 -4.5487857169150887e-02
-1.7585988182722584e-02 4.5487857169150887e-02
6.0908504523996244e-02 -6.5852517309210549e-60
6.8806756654740309e-01 4.9175258566524203e-60
-1.7585988182722584e-02 -4.5487857169150887e-02
-1.7585988182722584e-02 4.5487857169150887e-02
2.9061869684937347e-01 6.8255303055520244e-01
-1.0699293683024600e+00 -1.1703944567447444e-01
-2.0035097822918381e-02 4.4672559695771863e-01
-6.3235666933132340e-01 -5.2088223273319335e-02
-1.0699293683024600e+00 -1.1703944567447444e-01
2.9061869684937347e-01 6.8255303055520244e-01
-2.0035097822918381e-02 4.4672559695771863e-01
-6.3235666933132340e-01 -5.2088223273319335e-02
2.9061869684937347e-01 6.8255303055520244e-01
-1.0699293683024600e+00 -1.1703944567447444e-01
-6.3235666933132340e-01 -5.2088223273319335e-02
-2.0035097822918381e-02 4.4672559695771863e-01
-1.0699293683024600e+00 -1.1703944567447444e-01
2.9061869684937347e-01 6.8255303055520244e-01
-6.3235666933132340e-01 -5.2088223273319335e-02
-2.0035097822918381e-02 4.4672559695771863e-01
9.8001306488315210e-01 1.9205501132121444e-01
-1.0973385528270889e+00 3.2107403669081006e-02
-9.5469149439905898e-01 -2.5938816859823305e-01
-3.6305268288886255e-01 -1.2167302331369777e-01
-1.0973385528270889e+00 3.2107403669081006e-02
9.8001306488315210e-01 1.9205501132121444e-01
-9.5469149439905898e-01 -2.5938816859823305e-01
-3.6305268288886255e-01 -1.2167302331369777e-01
9.8001306488315210e-01 1.9205501132121444e-01
-1.0973385528270889e+00 3.2107403669081006e-02
-3.6305268288886255e-01 -1.2167302331369777e-01
-9.5469149439905898e-01 -2.5938816859823305e-01
-1.0973385528270889e+00 3.2107403669081006e-02
9.8001306488315210e-01 1.9205501132121444e-01
-3.6305268288886255e-01 -1.2167302331369777e-01
-9.5469149439905898e-01 -2.5938816859823305e-01
2.9061869684937347e-01 -6.8255303055520244e-01
-1.0699293683024600e+00 1.1703944567447444e-01
-2.0035097822918381e-02 -4.4672559695771863e-01
-6.3235666933132340e-01 5.2088223273319335e-02
-1.0699293683024600e+00 1.1703944567447444e-01
2.9061869684937347e-01 -6.8255303055520244e-01
-2.0035097822918381e-02 -4.4672559695771863e-01
-6.3235666933132340e-01 5.2088223273319335e-02
2.9061869684937347e-01 -6.8255303055520244e-01
-1.0699293683024600e+00 1.1703944567447444e-01
-6.3235666933132340e-01 5.2088223273319335e-02
-2.0035097822918381e-02 -4.4672559695771863e-01
-1.0699293683024600e+00 1.1703944567447444e-01
2.9061869684937347e-01 -6.8255303055520244e-01
-6.3235666933132340e-01 5.2088223273319335e-02
-2.0035097822918381e-02 -4.4672559695771863e-01
6.9708884621680323e-01 4.1148225642738379e-01
6.9708884621680323e-01 -4.1148225642738379e-01
2.3996936152160422e+00 -2.8434481655897516e-53
-1.2818448903121862e-01 1.1673705423906187e-55
6.9708884621680323e-01 -4.1148225642738379e-01
6.9708884621680323e-01 4.1148225642738379e-01
2.3996936152160422e+00 -2.8434481655897516e-53
-1.2818448903121862e-01 1.1673705423906187e-55
6.9708884621680323e-01 4.1148225642738379e-01
6.9708884621680323e-01 -4.1148225642738379e-01
-1.2818448903121862e-01 1.1673705423906187e-55
2.3996936152160422e+00 -2.8434481655897516e-53
6.9708884621680323e-01 -4.1148225642738379e-01
6.9708884621680323e-01 4.1148225642738379e-01
-1.2818448903121862e-01 1.1673705423906187e-55
2.3996936152160422e+00 -2.8434481655897516e-53
8.3180738871100857e-01 9.3377560902170031e-01
8.3180738871100857e-01 -9.3377560902170031e-01
7.3009294309216888e-01 -2.9386046471961796e-01
7.3009294309216888e-01 2.9386046471961796e-01
8.3180738871100857e-01 -9.3377560902170031e-01
8.3180738871100857e-01 9.3377560902170031e-01
7.3009294309216888e-01 -2.9386046471961796e-01
7.3009294309216888e-01 2.9386046471961796e-01
8.3180738871100857e-01 9.3377560902170031e-01
8.3180738871100857e-01 -9.3377560902170031e-01
7.3009294309216888e-01 2.9386046471961796e-01
7.3009294309216888e-01 -2.9386046471961796e-01
8.3180738871100857e-01 -9.3377560902170031e-01
8.3180738871100857e-01 9.3377560902170031e-01
7.3009294309216888e-01 2.9386046471961796e-01
7.3009294309216888e-01 -2.9386046471961796e-01
-1.9567193603868241e-01 1.8789916585139526e+00
-1.9567193603868241e-01 -1.8789916585139526e+00
-1.3409807847059866e-02 6.3731619810195006e-01
-1.3409807847059866e-02 -6.3731619810195006e-01
-1.9567193603868241e-01 -1.8789916585139526e+00
-1.9567193603868241e-01 1.8789916585139526e+00
-1.3409807847059866e-02 6.3731619810195006e-01
-1.3409807847059866e-02 -6.3731619810195006e-01
-1.9567193603868241e-01 1.8789916585139526e+00
-1.9567193603868241e-01 -1.8789916585139526e+00
-1.3409807847059866e-02 -6.3731619810195006e-01
-1.3409807847059866e-02 6.3731619810195006e-01
-1.9567193603868241e-01 -1.8789916585139526e+00
-1.9567193603868241e-01 1.8789916585139526e+00
-1.3409807847059866e-02 -6.3731619810195006e-01
-1.3409807847059866e-02 6.3731619810195006e-01
7.3798815110498439e-01 -2.3784773157709316e-62
-3.9156815971991654e-01 9.5208641284009027e-62
-8.6010982260347771e-02 1.6428271748345477e-01
-8.6010982260347771e-02 -1.6428271748345477e-01
-3.9156815971991654e-01 9.5208641284009027e-62
7.3798815110498439e-01 -2.3784773157709316e-62
-8.6010982260347771e-02 1.6428271748345477e-01
-8.6010982260347771e-02 -1.6428271748345477e-01
7.3798815110498439e-01 -2.3784773157709316e-62
-3.9156815971991654e-01 9.5208641284009027e-62
-8.6010982260347771e-02 -1.6428271748345477e-01
-8.6010982260347771e-02 1.6428271748345477e-01
-3.9156815971991654e-01 9.5208641284009027e-62
7.3798815110498439e-01 -2.3784773157709316e-62
-8.6010982260347771e-02 -1.6428271748345477e-01
-8.6010982260347771e-02 1.6428271748345477e-01
-2.9368631043119348e-01 1.6371958862064764e+00
-2.9368631043119348e-01 -1.6371958862064764e+00
-3.5424660306659805e-02 6.0989856506186191e-01
-3.5424660306659805e-02 -6.0989856506186191e-01
-2.9368631043119348e-01 -1.6371958862064764e+00
-2.9368631043119348e-01 1.6371958862064764e+00
-3.5424660306659805e-02 6.0989856506186191e-01
-3.5424660306659805e-02 -6.0989856506186191e-01
-2.9368631043119348e-01 1.6371958862064764e+00
-2.9368631043119348e-01 -1.6371958862064764e+00
-3.5424660306659805e-02 -6.0989856506186191e-01
-3.5424660306659805e-02 6.0989856506186191e-01
-2.9368631043119348e-01 -1.6371958862064764e+00
-2.9368631043119348e-01 1.6371958862064764e+00
-3.5424660306659805e-02 -6.0989856506186191e-01
-3.5424660306659805e-02 6.0989856506186191e-01
-1.0973385528270889e+00 -3.2107403669081006e-02
9.8001306488315210e-01 -1.9205501132121444e-01
-3.6305268288886255e-01 1.2167302331369777e-01
-9.5469149439905898e-01 2.5938816859823305e-01
9.8001306488315210e-01 -1.9205501132121444e-01
-1.0973385528270889e+00 -3.2107403669081006e-02
-3.6305268288886255e-01 1.2167302331369777e-01
-9.5469149439905898e-01 2.5938816859823305e-01
-1.0973385528270889e+00 -3.2107403669081006e-02
9.8001306488315210e-01 -1.9205501132121444e-01
-9.5469149439905898e-01 2.5938816859823305e-01
-3.6305268288886255e-01 1.2167302331369777e-01
9.8001306488315210e-01 -1.9205501132121444e-01
-1.0973385528270889e+00 -3.2107403669081006e-02
-9.5469149439905898e-01 2.5938816859823305e-01
-3.6305268288886255e-01 1.2167302331369777e-01
