40

8.752556114194474e-39
3.604394890557042e-45
2.428301110159938e6

3.337983014868088e-50
8.104509394934099e-57
4.118673755816197e6

3.703731914741856e-49
1.991532508418372e-55
1.859739622168293e6

3.982603375106334e-58
4.705550755552010e-61
8.463628556991589e2

3.505296853255872e-56
1.605813124185940e-59
2.182879689087649e3

9.715400886728302e-58
4.912035729960311e-61
1.977876672897655e3

2.298711361496159e-60
1.221540917833488e-63
1.881812821770334e3

1.247191065439931e-36
2.209320493272735e-43
5.645134190524020e6

1.398802292809247e-50
7.266480178454086e-55
1.925006686121363e4

3.864947096402843e-57
1.770572659466279e-60
2.182879689087649e3

1.160350529763342e-49
6.239317138441536e-56
1.859739622168293e6

7.860701803685716e-53
4.390508608475663e-57
1.790385238856157e4

8.971065861784687e-53
5.010690250951872e-57
1.790385238856157e4

9.823743704395583e-58
1.160701186051039e-60
8.463628556991589e2

7.573289056379026e-57
3.661947787224629e-60
2.068104051838157e3

3.059128069395246e-57
1.191519603887400e-60
2.567417321053441e3

9.144662293611117e-53
4.750457418948718e-57
1.925006686121363e4

3.519600274482643e-57
1.368987983729247e-60
2.570950451219399e3

3.635443413229891e-58
1.665434623540499e-61
2.182879689087649e3

2.037751965382647e-57
1.030272510569263e-60
1.977876672897655e3

1.163419165504936e-57
6.182438295911057e-61
1.881812821770334e3

2.347001786429262e-54
1.219217472515986e-58
1.925006686121363e4

3.647847458013582e-56
1.894979110625074e-60
1.925006686121363e4

6.763194129641844e-58
3.593978131831041e-61
1.881812821770334e3

2.826589762696112e-50
6.862863946688020e-57
4.118673755816197e6

5.784633536448211e-58
2.770875679802513e-61
2.087655385845566e3

9.693245865842512e-58
3.770296647002675e-61
2.570950451219399e3

1.312367758372953e-55
5.111626176279254e-59
2.567417321053441e3

1.921833018767517e-58
9.205700480058464e-62
2.087655385845566e3

5.636026488828362e-39
2.320975131645494e-45
2.428301110159938e6

1.267046264357089e-59
1.353001717930402e-62
9.364705510464587e2

2.640379003908001e-58
1.334956339840824e-61
1.977876672897655e3

4.212195675596694e-52
2.352675605328261e-56
1.790385238856157e4

3.756097128969270e-36
6.653689712592294e-43
5.645134190524020e6

1.672679462549891e-58
1.786152763352522e-61
9.364705510464587e2

1.147541315520417e-52
6.409465910552074e-57
1.790385238856157e4

3.282448325802044e-58
1.744301180132277e-61
1.881812821770334e3

5.574118409599769e-58
2.818233556207274e-61
1.977876672897655e3

2.137909047274772e-56
9.793984789735830e-60
2.182879689087649e3

1.356208656311757e-55
6.557738983714777e-59
2.068104051838157e3

