20                                               

1.127504878755078e+00 -1.678893162171152e-13
2.134748063992220e-01 2.435054084637187e-13
8.457807312665887e+00 -4.978018243301946e-12
3.901085453867547e-01 5.637496693531119e-14

1.166218699006352e+00 -1.380324244193254e-16
1.560257994306186e-01 -1.455812164623521e-16
-6.171036484110299e-01 -8.396107883666223e-17
9.887432429765635e+00 3.674381300028185e-14

1.127504878755051e+00 2.819771788152714e-16
2.134748063992625e-01 -9.088651267018351e-16
3.901085453867282e-01 -3.102675674730156e-17
8.457807312665029e+00 6.777432941456119e-14

1.150359264509903e+00 -2.712600655110822e-16
1.521073686092743e-01 8.606923861851027e-17
-6.172513753403043e-01 1.370116553635099e-16
3.867279614825037e-01 -1.963937709782403e-16

1.166218699006644e+00 1.135954817421780e-13
1.560257994301762e-01 -1.726778398914895e-13
9.887432429779025e+00 5.214436359718955e-12
-6.171036484111118e-01 2.325475924197591e-14

2.134748063992624e-01 -6.215718998738494e-16
1.127504878755050e+00 1.148432959213219e-16
3.901085453867282e-01 -1.315651665986156e-16
8.457807312665025e+00 6.684862459260889e-14

1.521073686092740e-01 6.471415918616187e-16
1.150359264509903e+00 -6.676356238879222e-16
-6.172513753403043e-01 -4.619376758524708e-17
3.867279614825038e-01 -7.448053110877775e-17

1.635250310238824e-01 1.076316024559519e-17
-1.769758486292863e+00 1.109526780026097e-17
-7.451234434968063e-01 -6.150533682425021e-18
-6.243557465660897e-02 -1.614130207520455e-16

1.591058063971420e-01 -1.027681670051732e-16
-1.775715361391313e+00 1.231263906002131e-16
-7.459536197500152e-01 -1.004624336145633e-16
-2.990182535228796e-01 1.663367839521748e-17

1.591058063971421e-01 -2.443966593139644e-16
-1.775715361391314e+00 1.260370962324860e-16
-2.990182535228794e-01 2.340580718975230e-16
-7.459536197500155e-01 -2.528934959848161e-17

1.560257994306184e-01 -1.274507879282020e-16
1.166218699006353e+00 -2.096024195652135e-16
-6.171036484110298e-01 1.496023142902723e-17
9.887432429765642e+00 3.462069551949827e-14

1.635250310238823e-01 4.942784292217443e-17
-1.769758486292863e+00 -2.382400462553976e-17
-6.243557465660934e-02 5.045530844277985e-17
-7.451234434968066e-01 -2.471231091876167e-18

-1.775715361391314e+00 6.136471775806723e-16
1.591058063971423e-01 -9.056394864071812e-17
-2.990182535228795e-01 4.593926084444266e-17
-7.459536197500152e-01 -2.039672126783778e-17

-1.775715361391313e+00 7.094635075366108e-17
1.591058063971424e-01 5.804738601013933e-17
-7.459536197500150e-01 1.273620721563244e-16
-2.990182535228803e-01 -7.427622154614633e-18

-1.769758486292863e+00 2.467046214573020e-16
1.635250310238821e-01 -1.154704143365615e-16
-6.243557465660948e-02 -4.419611268995996e-17
-7.451234434968064e-01 -9.809813751491905e-17

2.134748063993664e-01 -1.134856530502335e-13
1.127504878754979e+00 7.802332858535531e-14
8.457807312662954e+00 2.311663664559857e-12
3.901085453865871e-01 1.750717031127575e-14

1.521073686092732e-01 4.211580578952372e-17
1.150359264509904e+00 -1.253380043935562e-17
3.867279614825036e-01 -5.538838109782135e-19
-6.172513753403045e-01 4.389409369116899e-18

1.560257994311556e-01 6.224252788931873e-14
1.166218699005999e+00 -4.106911710695252e-14
9.887432429749463e+00 -1.866341662264416e-12
-6.171036484110293e-01 1.432360430668130e-13

1.150359264509903e+00 9.468165762514575e-18
1.521073686092736e-01 4.483629468660095e-17
3.867279614825035e-01 2.465848227641607e-17
-6.172513753403043e-01 -1.608561635644883e-17

-1.769758486292863e+00 3.556118477214687e-16
1.635250310238821e-01 1.725043365028560e-16
-7.451234434968061e-01 2.128823174364164e-16
-6.243557465660853e-02 -9.098169929557829e-17

