240

5.329717313764849e-01 9.475200616109281e-01;
5.329717313764849e-01 9.475200616109281e-01;
5.329717313764849e-01 9.475200616109281e-01;
5.329717313764849e-01 9.475200616109281e-01;
5.329717313764849e-01 9.475200616109281e-01;

4.254271659708602e-01 2.122038157817709e-01;
4.254271659708602e-01 2.122038157817709e-01;
4.254271659708602e-01 2.122038157817709e-01;
4.254271659708602e-01 2.122038157817709e-01;
-2.122038157817709e-01 4.254271659708602e-01;

4.674003183820412e-01 -1.139732752073536e-01;
4.674003183820412e-01 -1.139732752073536e-01;
4.674003183820412e-01 -1.139732752073536e-01;
4.674003183820412e-01 -1.139732752073536e-01;
-4.674003183820412e-01 1.139732752073536e-01;

7.923429821785098e-01 -8.482035696030332e-01;
7.923429821785098e-01 -8.482035696030332e-01;
7.923429821785098e-01 -8.482035696030332e-01;
7.923429821785098e-01 -8.482035696030332e-01;
-8.482035696030333e-01 -7.923429821785097e-01;

1.908135914990077e-01 4.922682252467423e-01;
1.908135914990077e-01 4.922682252467423e-01;
1.908135914990077e-01 4.922682252467423e-01;
-4.092102608550523e-01 3.335937569848507e-01;
1.908135914990077e-01 4.922682252467423e-01;

2.612465571713702e-01 2.349905403358157e-01;
2.612465571713702e-01 2.349905403358157e-01;
2.612465571713702e-01 2.349905403358157e-01;
-1.427596587661969e-01 3.210763110386246e-01;
-2.349905403358156e-01 2.612465571713702e-01;

4.251946254871413e-01 8.906037663031685e-02;
4.251946254871413e-01 8.906037663031685e-02;
4.251946254871413e-01 8.906037663031685e-02;
4.669091365445441e-02 4.319052891674244e-01;
-4.251946254871413e-01 -8.906037663031680e-02;

1.043739044249064e+00 4.252095321848894e-01;
1.043739044249064e+00 4.252095321848894e-01;
1.043739044249064e+00 4.252095321848894e-01;
-8.186519400962679e-02 1.124051790960100e+00;
4.252095321848893e-01 -1.043739044249064e+00;

2.702231759122011e-01 2.973445412154941e-01;
2.702231759122011e-01 2.973445412154941e-01;
2.702231759122011e-01 2.973445412154941e-01;
-3.933898777630805e-01 -8.172358939913021e-02;
2.702231759122011e-01 2.973445412154941e-01;

2.290161583140219e-01 1.459598243673201e-01;
2.290161583140219e-01 1.459598243673201e-01;
2.290161583140219e-01 1.459598243673201e-01;
-2.710709962528174e-01 1.652834198451585e-02;
-1.459598243673201e-01 2.290161583140219e-01;

2.998611563271087e-01 5.065674838046780e-02;
2.998611563271087e-01 5.065674838046780e-02;
2.998611563271087e-01 5.065674838046780e-02;
-2.723680610486833e-01 1.352717951048683e-01;
-2.998611563271087e-01 -5.065674838046776e-02;

5.251746190157630e-01 1.190646048147111e-01;
5.251746190157630e-01 1.190646048147111e-01;
5.251746190157630e-01 1.190646048147111e-01;
-4.948596105782593e-01 2.123646072121453e-01;
1.190646048147110e-01 -5.251746190157630e-01;

4.051487338973446e-01 1.825425251932772e-01;
4.051487338973446e-01 1.825425251932772e-01;
4.051487338973446e-01 1.825425251932772e-01;
-2.204764067476095e-01 -3.858204558473050e-01;
4.051487338973446e-01 1.825425251932772e-01;

2.627030835500191e-01 8.006776591392006e-02;
2.627030835500191e-01 8.006776591392006e-02;
2.627030835500191e-01 8.006776591392006e-02;
-1.654686070784590e-01 -2.191891815684551e-01;
-8.006776591392005e-02 2.627030835500191e-01;

2.733777590458282e-01 -2.792014385463228e-02;
2.733777590458282e-01 -2.792014385463228e-02;
2.733777590458282e-01 -2.792014385463228e-02;
-2.375783017518517e-01 -1.380995442081122e-01;
-2.733777590458282e-01 2.792014385463232e-02;

4.336026331873198e-01 -1.004102430099086e-01;
4.336026331873198e-01 -1.004102430099086e-01;
4.336026331873198e-01 -1.004102430099086e-01;
-4.098115590745960e-01 -1.736316401383551e-01;
-1.004102430099087e-01 -4.336026331873198e-01;

7.368708817937345e-01 1.600980198178969e-01;
7.368708817937345e-01 1.600980198178969e-01;
7.368708817937345e-01 1.600980198178969e-01;
3.799678901280783e-01 -6.513328449085799e-01;
7.368708817937345e-01 1.600980198178969e-01;

3.582298391457263e-01 5.499949331105734e-02;
3.582298391457263e-01 5.499949331105734e-02;
3.582298391457263e-01 5.499949331105734e-02;
1.630067346946459e-01 -3.237010447357798e-01;
-5.499949331105732e-02 3.582298391457263e-01;

3.103341118476451e-01 -1.097067557115148e-01;
3.103341118476451e-01 -1.097067557115148e-01;
3.103341118476451e-01 -1.097067557115148e-01;
-8.438810405858768e-03 -3.290465312139709e-01;
-3.103341118476451e-01 1.097067557115149e-01;

4.245383776492034e-01 -3.406043910527480e-01;
4.245383776492034e-01 -3.406043910527480e-01;
4.245383776492034e-01 -3.406043910527480e-01;
-1.927444521314856e-01 -5.090125356746771e-01;
-3.406043910527480e-01 -4.245383776492033e-01;

-9.840383549448035e-01 3.309355720241337e-01;
-9.840383549448035e-01 3.309355720241337e-01;
2.054205650835670e-01 -1.017669999692515e+00;
-9.840383549448035e-01 3.309355720241337e-01;
-9.840383549448035e-01 3.309355720241337e-01;

1.112371421829811e+00 9.532388613416445e-01;
1.112371421829811e+00 9.532388613416445e-01;
-1.381714780711321e+00 4.867224790776101e-01;
1.112371421829811e+00 9.532388613416445e-01;
-9.532388613416444e-01 1.112371421829811e+00;

4.668517848162926e-01 -7.030406490903286e-01;
4.668517848162926e-01 -7.030406490903286e-01;
3.754251695971795e-01 7.558258299981798e-01;
4.668517848162926e-01 -7.030406490903286e-01;
-4.668517848162925e-01 7.030406490903287e-01;

-4.157918542109983e-01 -6.025461004813905e-01;
-4.157918542109983e-01 -6.025461004813905e-01;
7.297161570736342e-01 -5.881325819266516e-02;
-4.157918542109983e-01 -6.025461004813905e-01;
-6.025461004813903e-01 4.157918542109984e-01;

-3.269443876903478e-01 6.118480391776635e-01;
-3.269443876903478e-01 6.118480391776635e-01;
-3.664037513383792e-01 -5.890661649534211e-01;
-6.829334366541582e-01 -1.218711482981476e-01;
-3.269443876903478e-01 6.118480391776635e-01;

2.949528567398522e-01 5.525029819863088e-01;
2.949528567398522e-01 5.525029819863088e-01;
-6.259580464367255e-01 -2.081482413765006e-02;
-4.343161160185292e-01 4.512496472789122e-01;
-5.525029819863088e-01 2.949528567398522e-01;

1.124006019153654e+00 -2.879691703326750e-02;
1.124006019153654e+00 -2.879691703326750e-02;
-5.370641478753443e-01 9.878162251103166e-01;
3.747244572919118e-01 1.060094512122173e+00;
-1.124006019153654e+00 2.879691703326764e-02;

-1.696684873888876e+00 -5.004571909149821e-01;
-1.696684873888876e+00 -5.004571909149821e-01;
1.281751077783411e+00 -1.219143607547072e+00;
-4.834138758411576e-02 -1.768292982361313e+00;
-5.004571909149818e-01 1.696684873888876e+00;

1.621966913422232e-01 7.049619792847138e-01;
1.621966913422232e-01 7.049619792847138e-01;
-6.916133284338331e-01 -2.120145345302079e-01;
-5.455861345777133e-01 -4.749893984879400e-01;
1.621966913422232e-01 7.049619792847138e-01;

3.326002176820425e-01 2.835275029658371e-01;
3.326002176820425e-01 2.835275029658371e-01;
-4.118421290810039e-01 1.462764863339645e-01;
-4.357325133002087e-01 -3.388106540928467e-02;
-2.835275029658371e-01 3.326002176820425e-01;

5.319387230062783e-01 1.502331220284578e-02;
5.319387230062783e-01 1.502331220284578e-02;
-2.789799315197882e-01 4.531607912786680e-01;
-4.391779482316052e-01 3.005116216224786e-01;
-5.319387230062783e-01 -1.502331220284572e-02;

2.160132439085663e+00 -4.063180090529228e-01;
2.160132439085663e+00 -4.063180090529228e-01;
-7.281845016878845e-01 2.073888572313487e+00;
-1.508756119858760e+00 1.598412165137530e+00;
-4.063180090529231e-01 -2.160132439085663e+00;

1.045710272187662e+00 6.533466658415338e-01;
1.045710272187662e+00 6.533466658415338e-01;
-1.088669946190462e+00 5.789383277920884e-01;
-4.619698465761584e-01 -1.143221632046666e+00;
1.045710272187662e+00 6.533466658415338e-01;

4.403835413488500e-01 1.178071020450727e-01;
4.403835413488500e-01 1.178071020450727e-01;
-3.222157137916835e-01 3.224797831941226e-01;
-2.870324917968339e-01 -3.541588985697139e-01;
-1.178071020450727e-01 4.403835413488500e-01;

3.864833964177862e-01 -1.480703476508791e-01;
3.864833964177862e-01 -1.480703476508791e-01;
-6.500901559603822e-02 4.087396132641340e-01;
-3.997052023967448e-01 -1.073778130577125e-01;
-3.864833964177862e-01 1.480703476508791e-01;

4.899647966722944e-01 -5.948661190867445e-01;
4.899647966722944e-01 -5.948661190867445e-01;
2.701867726436328e-01 7.217550204216563e-01;
-7.460433790409983e-01 1.932627180925927e-01;
-5.948661190867446e-01 -4.899647966722943e-01;

-1.358856549445707e+00 -4.258340325416248e+00;
-1.358856549445707e+00 -4.258340325416248e+00;
4.367259174493018e+00 9.523658707892756e-01;
-4.469832081785972e+00 -2.355015232507626e-02;
-1.358856549445707e+00 -4.258340325416248e+00;

7.312477193054160e-01 -4.075315242939739e-02;
7.312477193054160e-01 -4.075315242939739e-02;
-3.303305943645502e-01 6.536556775926214e-01;
1.872094211857466e-01 -7.080513251464218e-01;
4.075315242939743e-02 7.312477193054160e-01;

3.317199672929131e-01 -3.332311627807652e-01;
3.317199672929131e-01 -3.332311627807652e-01;
1.227266686543137e-01 4.538935000085884e-01;
-2.144145615282460e-01 -4.184585288337211e-01;
-3.317199672929131e-01 3.332311627807653e-01;

2.552366353060960e-02 -6.070391800152094e-01;
2.552366353060960e-02 -6.070391800152094e-01;
5.129495192203415e-01 3.256237310227589e-01;
-5.694413220102652e-01 -2.118598693966437e-01;
-6.070391800152094e-01 -2.552366353060949e-02;

-1.912987686694862e-01 5.034960222085468e-01;
-1.912987686694862e-01 5.034960222085468e-01;
5.316897302717586e-01 -8.607841772381600e-02;
-1.912987686694862e-01 5.034960222085468e-01;
-1.912987686694862e-01 5.034960222085468e-01;

1.881312519175867e-01 4.564381082939395e-01;
1.881312519175867e-01 4.564381082939395e-01;
3.012213710790708e-01 -3.911454975533699e-01;
1.881312519175867e-01 4.564381082939395e-01;
-4.564381082939395e-01 1.881312519175867e-01;

8.901602907900683e-01 4.322569774859307e-01;
8.901602907900683e-01 4.322569774859307e-01;
-7.073462192914054e-02 -9.870299140073076e-01;
8.901602907900683e-01 4.322569774859307e-01;
-8.901602907900683e-01 -4.322569774859306e-01;

-1.429526946567966e+00 8.328464261709930e-01;
-1.429526946567966e+00 8.328464261709930e-01;
1.436029635799144e+00 8.215834380367611e-01;
-1.429526946567966e+00 8.328464261709930e-01;
8.328464261709932e-01 1.429526946567966e+00;

-5.699698435247074e-02 3.613932272013289e-01;
-5.699698435247074e-02 3.613932272013289e-01;
3.414742076882276e-01 -1.313357772123208e-01;
-3.613184204677953e-01 5.746929547962699e-02;
-5.699698435247074e-02 3.613932272013289e-01;

1.109816198026236e-01 3.131438680724055e-01;
1.109816198026236e-01 3.131438680724055e-01;
2.156997348887140e-01 -2.526848361384210e-01;
-2.635223096858612e-01 2.023165696209562e-01;
-3.131438680724055e-01 1.109816198026236e-01;

3.481753883777882e-01 4.283518117009935e-01;
3.481753883777882e-01 4.283518117009935e-01;
1.968758565012543e-01 -5.157046371581746e-01;
-2.997946697532303e-01 4.635024613171957e-01;
-3.481753883777882e-01 -4.283518117009934e-01;

-1.705341255148101e-01 7.494609699102068e-01;
-1.705341255148101e-01 7.494609699102068e-01;
7.343193018445688e-01 -2.270436000471142e-01;
-7.654776820469349e-01 6.940858500142928e-02;
7.494609699102068e-01 1.705341255148100e-01;

7.024316045258479e-02 3.460038511601004e-01;
7.024316045258479e-02 3.460038511601004e-01;
2.645265446856043e-01 -2.338342869740952e-01;
-2.602038714930543e-01 -2.386351019192579e-01;
7.024316045258479e-02 3.460038511601004e-01;

1.600429738155529e-01 2.337002570570526e-01;
1.600429738155529e-01 2.337002570570526e-01;
1.223688725745845e-01 -2.554514095500028e-01;
-2.668430502021825e-01 -9.499657980713681e-02;
-2.337002570570526e-01 1.600429738155529e-01;

3.162969151699699e-01 2.198079301937083e-01;
3.162969151699699e-01 2.198079301937083e-01;
3.221079391604276e-02 -3.838251287726997e-01;
-3.850894393456719e-01 8.086311057419670e-03;
-3.162969151699699e-01 -2.198079301937083e-01;

3.048423401411918e-01 5.849339080371444e-01;
3.048423401411918e-01 5.849339080371444e-01;
3.541464538244815e-01 -5.564681647299412e-01;
-5.904381584892876e-01 -2.940396403788841e-01;
5.849339080371443e-01 -3.048423401411919e-01;

2.169353919647090e-01 4.282417402574052e-01;
2.169353919647090e-01 4.282417402574052e-01;
2.624005300414153e-01 -4.019924305500753e-01;
7.620976055852666e-02 -4.739662696660858e-01;
2.169353919647090e-01 4.282417402574052e-01;

2.468636097483135e-01 2.076147498330879e-01;
2.468636097483135e-01 2.076147498330879e-01;
5.636784268164831e-02 -3.175975322285113e-01;
-7.768396746885027e-02 -3.130666500356145e-01;
-2.076147498330879e-01 2.468636097483135e-01;

3.792765859868828e-01 8.524870247329572e-02;
3.792765859868828e-01 8.524870247329572e-02;
-1.158107510119062e-01 -3.710875097619213e-01;
-2.567332735410272e-01 -2.919008328322376e-01;
-3.792765859868828e-01 -8.524870247329568e-02;

8.015825106436758e-01 3.173378554199165e-01;
8.015825106436758e-01 3.173378554199165e-01;
-1.259686109457173e-01 -8.528597451566916e-01;
-4.619673620945230e-01 -7.278900962451393e-01;
3.173378554199163e-01 -8.015825106436759e-01;

1.227387525636535e-01 8.040308668807030e-01;
1.227387525636535e-01 8.040308668807030e-01;
6.349417798636861e-01 -5.083103111892882e-01;
8.026071556598844e-01 1.317277114405569e-01;
1.227387525636535e-01 8.040308668807030e-01;

3.638582087798897e-01 3.043846625728823e-01;
3.638582087798897e-01 3.043846625728823e-01;
8.167574592052540e-02 -4.673027834653278e-01;
4.019253868560548e-01 -2.519896869054921e-01;
-3.043846625728823e-01 3.638582087798897e-01;

5.689810828472671e-01 -2.554229368285954e-02;
5.689810828472671e-01 -2.554229368285954e-02;
-3.066108166239129e-01 -4.799809251770817e-01;
1.515326592294572e-01 -5.490261693138856e-01;
-5.689810828472671e-01 2.554229368285961e-02;

2.140729354423632e+00 -1.432227787833530e+00;
2.140729354423632e+00 -1.432227787833530e+00;
-2.310710325481643e+00 -1.137812109641160e+00;
-7.006078195638599e-01 -2.478537328405509e+00;
-1.432227787833531e+00 -2.140729354423631e+00;

-2.792852209946172e-01 1.844951637732784e+00;
-1.844951637732784e+00 -2.792852209946171e-01;
-2.792852209946172e-01 1.844951637732784e+00;
-2.792852209946172e-01 1.844951637732784e+00;
-2.792852209946172e-01 1.844951637732784e+00;

5.950957146564790e-01 2.937974376135775e-01;
-2.937974376135774e-01 5.950957146564790e-01;
5.950957146564790e-01 2.937974376135775e-01;
5.950957146564790e-01 2.937974376135775e-01;
-2.937974376135774e-01 5.950957146564790e-01;

5.317091537247642e-01 -2.730536715242038e-01;
2.730536715242038e-01 5.317091537247642e-01;
5.317091537247642e-01 -2.730536715242038e-01;
5.317091537247642e-01 -2.730536715242038e-01;
-5.317091537247642e-01 2.730536715242038e-01;

6.979728007433190e-02 -1.104945666142426e+00;
1.104945666142426e+00 6.979728007433184e-02;
6.979728007433190e-02 -1.104945666142426e+00;
6.979728007433190e-02 -1.104945666142426e+00;
-1.104945666142426e+00 -6.979728007433170e-02;

6.798508449948072e-02 6.622687165414713e-01;
-6.622687165414713e-01 6.798508449948076e-02;
6.798508449948072e-02 6.622687165414713e-01;
-6.088464319308379e-01 2.693099458783073e-01;
6.798508449948072e-02 6.622687165414713e-01;

3.063621178612775e-01 3.153860787555496e-01;
-3.153860787555496e-01 3.063621178612775e-01;
3.063621178612775e-01 3.153860787555496e-01;
-2.052788844974065e-01 3.888273466626923e-01;
-3.153860787555496e-01 3.063621178612775e-01;

5.730363478274192e-01 6.658267875715289e-02;
-6.658267875715285e-02 5.730363478274192e-01;
5.730363478274192e-01 6.658267875715289e-02;
1.137540793688489e-01 5.655651319422113e-01;
-5.730363478274192e-01 -6.658267875715282e-02;

3.287696282938350e+00 7.119048951061419e-01;
-7.119048951061416e-01 3.287696282938350e+00;
3.287696282938350e+00 7.119048951061419e-01;
3.388922342981818e-01 3.346775684454384e+00;
7.119048951061413e-01 -3.287696282938350e+00;

3.030400091278628e-01 4.163650561148362e-01;
-4.163650561148362e-01 3.030400091278628e-01;
3.030400091278628e-01 4.163650561148362e-01;
-4.898977569142089e-01 -1.587239580408468e-01;
3.030400091278628e-01 4.163650561148362e-01;

2.698106185646790e-01 1.789499231863199e-01;
-1.789499231863199e-01 2.698106185646790e-01;
2.698106185646790e-01 1.789499231863199e-01;
-3.234655014294317e-01 1.381717350440387e-02;
-1.789499231863199e-01 2.698106185646790e-01;

3.650639975669451e-01 3.714984085137942e-02;
-3.714984085137940e-02 3.650639975669451e-01;
3.650639975669451e-01 3.714984085137942e-02;
-3.171791066435663e-01 1.845243813256951e-01;
-3.650639975669451e-01 -3.714984085137938e-02;

7.722557619777473e-01 8.371543213749627e-02;
-8.371543213749623e-02 7.722557619777473e-01;
7.722557619777473e-01 8.371543213749627e-02;
-6.739747318436835e-01 3.861933405977293e-01;
8.371543213749613e-02 -7.722557619777473e-01;

5.553658558736231e-01 2.383454008666880e-01;
-2.383454008666880e-01 5.553658558736231e-01;
5.553658558736231e-01 2.383454008666880e-01;
-3.092045039161719e-01 -5.192613395415627e-01;
5.553658558736231e-01 2.383454008666880e-01;

3.161422202519147e-01 8.457924917944699e-02;
-8.457924917944698e-02 3.161422202519147e-01;
3.161422202519147e-01 8.457924917944699e-02;
-2.060499935055775e-01 -2.542497846487202e-01;
-8.457924917944698e-02 3.161422202519147e-01;

3.103411592588415e-01 -6.445686292488864e-02;
6.445686292488866e-02 3.103411592588415e-01;
3.103411592588415e-01 -6.445686292488864e-02;
-2.889580653307118e-01 -1.302672590813653e-01;
-3.103411592588415e-01 6.445686292488868e-02;

4.941874172661656e-01 -2.321514515649404e-01;
2.321514515649404e-01 4.941874172661656e-01;
4.941874172661656e-01 -2.321514515649404e-01;
-5.362612185027537e-01 -1.026616061527096e-01;
-2.321514515649404e-01 -4.941874172661656e-01;

1.307420581150137e+00 1.660657391730267e-02;
-1.660657391730259e-02 1.307420581150137e+00;
1.307420581150137e+00 1.660657391730267e-02;
4.198089687083499e-01 -1.238299149682444e+00;
1.307420581150137e+00 1.660657391730267e-02;

4.533367177444554e-01 3.031818002516790e-02;
-3.031818002516787e-02 4.533367177444554e-01;
4.533367177444554e-01 3.031818002516790e-02;
1.689230526323409e-01 -4.217800066204252e-01;
-3.031818002516787e-02 4.533367177444554e-01;

3.289165734873067e-01 -1.810700967390433e-01;
1.810700967390433e-01 3.289165734873067e-01;
3.289165734873067e-01 -1.810700967390433e-01;
-7.056708447070704e-02 -3.687719875980569e-01;
-3.289165734873067e-01 1.810700967390433e-01;

3.182039719022237e-01 -5.015610778460672e-01;
5.015610778460672e-01 3.182039719022236e-01;
3.182039719022237e-01 -5.015610778460672e-01;
-3.786824964101277e-01 -4.576208577600603e-01;
-5.015610778460673e-01 -3.182039719022235e-01;

-6.920433889638260e-01 1.686160816039846e-02;
-1.686160816039850e-02 -6.920433889638260e-01;
3.314191134663488e-01 -6.077579594439481e-01;
-6.920433889638260e-01 1.686160816039846e-02;
-6.920433889638260e-01 1.686160816039846e-02;

-4.298066951568490e-01 5.770488046393987e+00;
-5.770488046393987e+00 -4.298066951568487e-01;
-4.782485892833205e+00 -3.257467539919457e+00;
-4.298066951568490e-01 5.770488046393987e+00;
-5.770488046393987e+00 -4.298066951568487e-01;

7.767642245925580e-02 -7.866344260499616e-01;
7.866344260499616e-01 7.767642245925575e-02;
6.424071852210304e-01 4.605869681497883e-01;
7.767642245925580e-02 -7.866344260499616e-01;
-7.767642245925570e-02 7.866344260499616e-01;

-3.573585295418690e-01 -3.817286891832683e-01;
3.817286891832683e-01 -3.573585295418690e-01;
5.092660069569789e-01 -1.186172202506763e-01;
-3.573585295418690e-01 -3.817286891832683e-01;
-3.817286891832682e-01 3.573585295418690e-01;

-4.911998843593782e-01 4.055765996234644e-01;
-4.055765996234644e-01 -4.911998843593782e-01;
-1.056396962747413e-01 -6.281798780029322e-01;
-5.375153798307831e-01 -3.418287890189581e-01;
-4.911998843593782e-01 4.055765996234644e-01;

1.646542423043970e-01 8.477783565138222e-01;
-8.477783565138222e-01 1.646542423043970e-01;
-8.165247146717891e-01 -2.812944215804247e-01;
-7.554041712684774e-01 4.185734097052719e-01;
-8.477783565138222e-01 1.646542423043970e-01;

1.665438757555207e+00 -1.370933424872163e+00;
1.370933424872163e+00 1.665438757555207e+00;
3.545437940588950e-01 2.127778984926083e+00;
1.818484046306759e+00 1.160284656421235e+00;
-1.665438757555207e+00 1.370933424872163e+00;

-8.018783986422772e-01 -3.225622374031266e-01;
3.225622374031265e-01 -8.018783986422772e-01;
6.802862912137930e-01 -5.331659452686339e-01;
5.898086519035534e-02 -8.623088894062328e-01;
-3.225622374031264e-01 8.018783986422773e-01;

-1.835299511293716e-01 8.921722675243376e-01;
-8.921722675243376e-01 -1.835299511293715e-01;
-6.808788726633570e-01 -6.050277337955210e-01;
-3.759268519146756e-01 -8.296587249650240e-01;
-1.835299511293716e-01 8.921722675243376e-01;

4.123679553833891e-01 4.131916373287928e-01;
-4.131916373287928e-01 4.123679553833891e-01;
-5.640184322497156e-01 1.505253064042666e-01;
-5.764806346332565e-01 -9.189525384024656e-02;
-4.131916373287928e-01 4.123679553833891e-01;

7.231830309918822e-01 -1.174466108082569e-01;
1.174466108082569e-01 7.231830309918822e-01;
-2.598797669476064e-01 6.850181818289274e-01;
-5.160339763511897e-01 5.200926244008192e-01;
-7.231830309918822e-01 1.174466108082570e-01;

-6.284096134849415e-01 -2.660992630958507e+00;
2.660992630958507e+00 -6.284096134849416e-01;
2.618692024435728e+00 7.862776262189336e-01;
2.072486281674268e+00 1.783418357146673e+00;
-2.660992630958507e+00 6.284096134849420e-01;

3.166831116603919e+00 3.192247052071201e+00;
-3.192247052071201e+00 3.166831116603919e+00;
-4.347982600551605e+00 1.146432670438434e+00;
-6.856644527663870e-01 -4.443998742209618e+00;
3.166831116603919e+00 3.192247052071201e+00;

6.087376450046741e-01 1.131026010444022e-01;
-1.131026010444021e-01 6.087376450046741e-01;
-4.023185482408856e-01 4.706309642917600e-01;
-4.259990590347463e-01 -4.493089366019293e-01;
-1.131026010444021e-01 6.087376450046741e-01;

4.042835385705555e-01 -2.662916377795717e-01;
2.662916377795717e-01 4.042835385705555e-01;
2.847355384719542e-02 4.832656336237528e-01;
-4.835945507452603e-01 -2.219744129277640e-02;
-4.042835385705554e-01 2.662916377795718e-01;

1.720103918349929e-01 -7.456036396489606e-01;
7.456036396489606e-01 1.720103918349928e-01;
5.597064971726418e-01 5.217671888684994e-01;
-5.774141536448534e-01 5.021008439821650e-01;
-7.456036396489606e-01 -1.720103918349927e-01;

-1.008345624305741e+00 -8.161491861275670e-01;
8.161491861275669e-01 -1.008345624305741e+00;
1.210978740617337e+00 -4.651783333798679e-01;
-1.087799935849699e+00 7.067897082149797e-01;
-1.008345624305741e+00 -8.161491861275670e-01;

1.023010469934350e+00 -4.276177170992178e-01;
4.276177170992179e-01 1.023010469934350e+00;
-1.411774288509448e-01 1.099761913850213e+00;
-9.056099569725354e-02 -1.105081915348708e+00;
4.276177170992179e-01 1.023010469934350e+00;

2.361322446324640e-01 -4.334284763333391e-01;
4.334284763333391e-01 2.361322446324640e-01;
2.572939489120221e-01 4.212107606710250e-01;
-3.392461002533682e-01 -3.585118749981476e-01;
-2.361322446324640e-01 4.334284763333391e-01;

-1.189088556675596e-01 -4.931744862350448e-01;
4.931744862350448e-01 -1.189088556675597e-01;
4.865560614116676e-01 1.436091533744784e-01;
-5.057816659873076e-01 -3.931025541092979e-02;
-4.931744862350448e-01 1.189088556675597e-01;

-3.344352127073859e-01 4.111590471970785e-01;
-4.111590471970785e-01 -3.344352127073859e-01;
5.232917862221679e-01 8.404986652610898e-02;
-3.344352127073859e-01 4.111590471970785e-01;
-3.344352127073859e-01 4.111590471970785e-01;

9.184820061421871e-02 6.108457942094127e-01;
-6.108457942094127e-01 9.184820061421875e-02;
4.830838752731231e-01 -3.849657721285095e-01;
9.184820061421871e-02 6.108457942094127e-01;
-6.108457942094127e-01 9.184820061421875e-02;

2.202797128259316e+00 9.885694320419399e-01;
-9.885694320419398e-01 2.202797128259316e+00;
-2.452723225765852e-01 -2.401962988476946e+00;
2.202797128259316e+00 9.885694320419399e-01;
-2.202797128259316e+00 -9.885694320419397e-01;

-9.483750338554972e-01 2.919111353777975e-02;
-2.919111353777981e-02 -9.483750338554972e-01;
4.994677628162221e-01 8.067213148648974e-01;
-9.483750338554972e-01 2.919111353777975e-02;
2.919111353777993e-02 9.483750338554972e-01;

-1.404997393997158e-01 3.564744590146638e-01;
-3.564744590146638e-01 -1.404997393997158e-01;
3.789658070068714e-01 -5.656088596208481e-02;
-3.824441643184492e-01 -2.346652679772381e-02;
-1.404997393997158e-01 3.564744590146638e-01;

6.969732455046286e-02 3.769432757395874e-01;
-3.769432757395874e-01 6.969732455046289e-02;
2.915937903009736e-01 -2.488312915063035e-01;
-3.369567009172162e-01 1.827679728009503e-01;
-3.769432757395874e-01 6.969732455046289e-02;

3.684292536303627e-01 6.832238360341794e-01;
-6.832238360341794e-01 3.684292536303627e-01;
4.074745716614717e-01 -6.606810111583241e-01;
-5.359335807518179e-01 5.615248187555203e-01;
-3.684292536303628e-01 -6.832238360341794e-01;

-4.921969667685411e-01 5.984160235060352e-01;
-5.984160235060352e-01 -4.921969667685410e-01;
7.643419617721628e-01 1.270470651341837e-01;
-7.212246859221291e-01 -2.831864115762872e-01;
5.984160235060353e-01 4.921969667685410e-01;

5.156831746876964e-03 3.993112146401113e-01;
-3.993112146401113e-01 5.156831746876988e-03;
3.432352400209184e-01 -2.041215546158933e-01;
-2.388812075608074e-01 -3.200184490389844e-01;
5.156831746876964e-03 3.993112146401113e-01;

1.605329452534185e-01 2.896720799723701e-01;
-2.896720799723701e-01 1.605329452534185e-01;
1.705969073964406e-01 -2.838616487199820e-01;
-3.001388574757236e-01 -1.399907377665519e-01;
-2.896720799723701e-01 1.605329452534185e-01;

3.976116520861054e-01 3.004819203708243e-01;
-3.004819203708243e-01 3.976116520861054e-01;
6.141915037601372e-02 -4.945827517326793e-01;
-4.982934250736501e-01 -9.384714846557977e-03;
-3.976116520861055e-01 -3.004819203708243e-01;

1.437346457981257e-01 9.096079038347283e-01;
-9.096079038347283e-01 1.437346457981258e-01;
7.158762293049242e-01 -5.792818065824996e-01;
-6.509378823738708e-01 -6.514031473764474e-01;
9.096079038347283e-01 -1.437346457981259e-01;

1.527658943635993e-01 5.908511887427860e-01;
-5.908511887427860e-01 1.527658943635993e-01;
4.353091921256869e-01 -4.277247397221202e-01;
2.237034103414463e-01 -5.678021925997470e-01;
1.527658943635993e-01 5.908511887427860e-01;

2.894607830358143e-01 2.709281420003387e-01;
-2.709281420003387e-01 2.894607830358143e-01;
8.990026205450373e-02 -3.861444625085203e-01;
-7.493112638225322e-02 -3.893262505181859e-01;
-2.709281420003387e-01 2.894607830358143e-01;

4.946083768359777e-01 7.306108390732079e-02;
-7.306108390732076e-02 4.946083768359777e-01;
-1.840314337262229e-01 -4.648739612182037e-01;
-3.572023547832880e-01 -3.498311680729823e-01;
-4.946083768359777e-01 -7.306108390732073e-02;

1.691219309857338e+00 4.793157370716604e-01;
-4.793157370716603e-01 1.691219309857338e+00;
-4.305100501909493e-01 -1.704296754243070e+00;
-1.086490441447238e+00 -1.381848345688725e+00;
4.793157370716601e-01 -1.691219309857338e+00;

-3.422903864549441e-01 9.344275838429134e-01;
-9.344275838429134e-01 -3.422903864549441e-01;
9.803832188323485e-01 -1.707816217802826e-01;
7.829198961939928e-01 6.142915059233420e-01;
-3.422903864549441e-01 9.344275838429134e-01;

4.626511508573427e-01 4.605422674241580e-01;
-4.605422674241580e-01 4.626511508573428e-01;
1.675157276771357e-01 -6.309387834446446e-01;
5.809687925451371e-01 -2.976920045322915e-01;
-4.605422674241580e-01 4.626511508573428e-01;

7.556680339381039e-01 -2.166522962341425e-01;
2.166522962341426e-01 7.556680339381039e-01;
-5.654604092960513e-01 -5.461015661011678e-01;
2.746568648898923e-02 -7.856322492394865e-01;
-7.556680339381039e-01 2.166522962341426e-01;

-7.410002991420935e-01 -1.733537239097600e+00;
1.733537239097600e+00 -7.410002991420936e-01;
-1.130787137893812e+00 1.508493702817722e+00;
-1.877673572755908e+00 1.690406958127618e-01;
-1.733537239097599e+00 7.410002991420939e-01;

-2.816972359686453e-01 8.489934504893363e-01;
2.816972359686452e-01 -8.489934504893363e-01;
-2.816972359686453e-01 8.489934504893363e-01;
-2.816972359686453e-01 8.489934504893363e-01;
-2.816972359686453e-01 8.489934504893363e-01;

4.150199786206962e-01 4.607661315633937e-01;
-4.150199786206963e-01 -4.607661315633937e-01;
4.150199786206962e-01 4.607661315633937e-01;
4.150199786206962e-01 4.607661315633937e-01;
-4.607661315633937e-01 4.150199786206963e-01;

7.929804173679432e-01 -1.519583423817675e-01;
-7.929804173679432e-01 1.519583423817676e-01;
7.929804173679432e-01 -1.519583423817675e-01;
7.929804173679432e-01 -1.519583423817675e-01;
-7.929804173679432e-01 1.519583423817676e-01;

-1.172618188785737e+00 -2.020248614910617e+00;
1.172618188785737e+00 2.020248614910617e+00;
-1.172618188785737e+00 -2.020248614910617e+00;
-1.172618188785737e+00 -2.020248614910617e+00;
-2.020248614910617e+00 1.172618188785737e+00;

-2.877831528701442e-02 4.920490229995059e-01;
2.877831528701436e-02 -4.920490229995059e-01;
-2.877831528701442e-02 4.920490229995059e-01;
-4.768594181535117e-01 1.246817058907252e-01;
-2.877831528701442e-02 4.920490229995059e-01;

2.051270622865209e-01 3.378893631158258e-01;
-2.051270622865210e-01 -3.378893631158258e-01;
2.051270622865209e-01 3.378893631158258e-01;
-2.579641323253821e-01 2.995009846773953e-01;
-3.378893631158258e-01 2.051270622865210e-01;

5.498236351373942e-01 2.772786432310190e-01;
-5.498236351373942e-01 -2.772786432310189e-01;
5.498236351373942e-01 2.772786432310190e-01;
-9.380281330787431e-02 6.085971639461206e-01;
-5.498236351373942e-01 -2.772786432310189e-01;

5.291631541841389e-02 1.681589222659086e+00;
-5.291631541841410e-02 -1.681589222659086e+00;
5.291631541841389e-02 1.681589222659086e+00;
-1.582934347197631e+00 5.699660539564274e-01;
1.681589222659086e+00 -5.291631541841420e-02;

1.683313350013853e-01 4.061478240641525e-01;
-1.683313350013853e-01 -4.061478240641525e-01;
1.683313350013853e-01 4.061478240641525e-01;
-3.749106119375300e-01 -2.296378156837875e-01;
1.683313350013853e-01 4.061478240641525e-01;

2.232884094241957e-01 2.171006455309716e-01;
-2.232884094241957e-01 -2.171006455309716e-01;
2.232884094241957e-01 2.171006455309716e-01;
-3.082526755774064e-01 -4.439247765694156e-02;
-2.171006455309716e-01 2.232884094241957e-01;

3.695015004133497e-01 1.222526035014774e-01;
-3.695015004133497e-01 -1.222526035014773e-01;
3.695015004133497e-01 1.222526035014774e-01;
-3.707912706739691e-01 1.182830988036308e-01;
-3.695015004133497e-01 -1.222526035014773e-01;

6.881182289861141e-01 4.573140543832135e-01;
-6.881182289861142e-01 -4.573140543832134e-01;
6.881182289861141e-01 4.573140543832135e-01;
-8.255017982214888e-01 3.449090506912430e-02;
4.573140543832134e-01 -6.881182289861142e-01;

4.217855486386669e-01 3.998442165533895e-01;
-4.217855486386669e-01 -3.998442165533895e-01;
4.217855486386669e-01 3.998442165533895e-01;
-1.062091431259222e-01 -5.714000914141267e-01;
4.217855486386669e-01 3.998442165533895e-01;

3.002064036349357e-01 1.479632877508725e-01;
-3.002064036349357e-01 -1.479632877508725e-01;
3.002064036349357e-01 1.479632877508725e-01;
-1.559014439401776e-01 -2.961617110344230e-01;
-1.479632877508725e-01 3.002064036349357e-01;

3.544230743824327e-01 -1.388955810659622e-02;
-3.544230743824327e-01 1.388955810659627e-02;
3.544230743824327e-01 -1.388955810659622e-02;
-2.948983677899208e-01 -1.970877676415575e-01;
-3.544230743824327e-01 1.388955810659627e-02;

6.992622853244371e-01 -1.249090003299690e-01;
-6.992622853244371e-01 1.249090003299691e-01;
6.992622853244371e-01 -1.249090003299690e-01;
-6.391347406254845e-01 -3.099625547807047e-01;
-1.249090003299691e-01 -6.992622853244371e-01;

9.204294245835856e-01 1.010052108044816e+00;
-9.204294245835857e-01 -1.010052108044815e+00;
9.204294245835856e-01 1.010052108044816e+00;
1.245044973472760e+00 -5.632571354499294e-01;
9.204294245835856e-01 1.010052108044816e+00;

4.622946433906963e-01 1.629016220883563e-01;
-4.622946433906963e-01 -1.629016220883563e-01;
4.622946433906963e-01 1.629016220883563e-01;
2.977855504184128e-01 -3.893289634085186e-01;
-1.629016220883563e-01 4.622946433906963e-01;

4.279708507594792e-01 -1.563896379854750e-01;
-4.279708507594792e-01 1.563896379854751e-01;
4.279708507594792e-01 -1.563896379854750e-01;
-1.648511830534280e-02 -4.553515222808410e-01;
-4.279708507594792e-01 1.563896379854751e-01;

5.295419690292781e-01 -7.483744656818891e-01;
-5.295419690292780e-01 7.483744656818893e-01;
5.295419690292781e-01 -7.483744656818891e-01;
-5.481089445508456e-01 -7.348847683490358e-01;
-7.483744656818893e-01 -5.295419690292780e-01;

-5.255101270639445e-01 1.734445917015198e-01;
5.255101270639445e-01 -1.734445917015199e-01;
1.125476409694363e-01 -5.418274158341241e-01;
-5.255101270639445e-01 1.734445917015198e-01;
-5.255101270639445e-01 1.734445917015198e-01;

-4.942618130782678e-01 1.221428376011049e+00;
4.942618130782677e-01 -1.221428376011049e+00;
-8.106570959896058e-01 -1.038757474251860e+00;
-4.942618130782678e-01 1.221428376011049e+00;
-1.221428376011049e+00 -4.942618130782678e-01;

-2.675356161839911e-01 -1.319793718017420e+00;
2.675356161839913e-01 1.319793718017420e+00;
1.276742695650197e+00 4.282042189762501e-01;
-2.675356161839911e-01 -1.319793718017420e+00;
2.675356161839913e-01 1.319793718017420e+00;

-4.871683412695910e-01 -2.668884033668340e-01;
4.871683412695910e-01 2.668884033668339e-01;
4.747163079259419e-01 -2.884559577755758e-01;
-4.871683412695910e-01 -2.668884033668340e-01;
-2.668884033668339e-01 4.871683412695910e-01;

-3.264803033312881e-01 3.371208282473802e-01;
3.264803033312880e-01 -3.371208282473803e-01;
-1.287150497414379e-01 -4.513006506438348e-01;
-4.215089225415460e-01 -2.063251548390415e-01;
-3.264803033312881e-01 3.371208282473802e-01;

-1.834653662598519e-02 5.990117615074266e-01;
1.834653662598512e-02 -5.990117615074266e-01;
-5.095861343181045e-01 -3.153944475432780e-01;
-5.753634307244284e-01 1.676562209266769e-01;
-5.990117615074266e-01 -1.834653662598515e-02;

1.358350689144960e+00 3.733201546551469e+00;
-1.358350689144961e+00 -3.733201546551469e+00;
-3.912222721333407e+00 -6.902345692280990e-01;
-3.130732210224205e+00 2.445490995636568e+00;
-1.358350689144961e+00 -3.733201546551469e+00;

-7.393297700141013e-01 5.462749282805502e-02;
7.393297700141013e-01 -5.462749282805511e-02;
3.223560884729026e-01 -6.675921090203457e-01;
-2.804192964046673e-01 -6.862635718189436e-01;
5.462749282805516e-02 7.393297700141013e-01;

-1.745935049532627e-01 5.688757609203219e-01;
1.745935049532626e-01 -5.688757609203219e-01;
-4.053641080775702e-01 -4.356402910854505e-01;
-1.931276700409480e-01 -5.628536456301007e-01;
-1.745935049532627e-01 5.688757609203219e-01;

2.393034611611271e-01 4.447344192349760e-01;
-2.393034611611271e-01 -4.447344192349760e-01;
-5.048030355753714e-01 -1.512433303840911e-02;
-4.550088997052739e-01 -2.191386578515129e-01;
-4.447344192349760e-01 2.393034611611271e-01;

8.575332453398717e-01 2.490947145094833e-01;
-8.575332453398717e-01 -2.490947145094832e-01;
-6.444889733835805e-01 6.180982177993010e-01;
-8.401731683341356e-01 3.025235377141321e-01;
-8.575332453398717e-01 -2.490947145094832e-01;

-2.261540069146843e+00 1.113441937137361e+00;
2.261540069146843e+00 -1.113441937137361e+00;
1.665010313735103e-01 -2.515272120126262e+00;
1.175159599466385e+00 -2.230093349506901e+00;
1.113441937137361e+00 2.261540069146843e+00;

-2.360751526886666e-01 1.411784864229274e+00;
2.360751526886664e-01 -1.411784864229274e+00;
-1.104603980756583e+00 -9.103395115453123e-01;
1.020815133078491e+00 -1.003396454379719e+00;
-2.360751526886666e-01 1.411784864229274e+00;

5.450310419353740e-01 3.421597391578137e-01;
-5.450310419353740e-01 -3.421597391578137e-01;
-5.688345472306107e-01 3.009308585882288e-01;
-2.398229267823999e-01 -5.971742522607837e-01;
-3.421597391578137e-01 5.450310419353740e-01;

5.864482827849483e-01 -2.441837116261720e-01;
-5.864482827849483e-01 2.441837116261721e-01;
-8.175484393383549e-02 6.299709667106115e-01;
-6.179742116389301e-01 -1.471568793981138e-01;
-5.864482827849483e-01 2.441837116261721e-01;

3.977226211223787e-02 -1.346086582091192e+00;
-3.977226211223771e-02 1.346086582091192e+00;
1.145859044728220e+00 7.074870804007668e-01;
-8.233862772155190e-01 1.065629371691978e+00;
-1.346086582091192e+00 -3.977226211223762e-02;

-1.144842711678271e+00 6.071935734209324e-02;
1.144842711678271e+00 -6.071935734209338e-02;
5.198368498794174e-01 -1.021822550321893e+00;
-2.960283133294318e-01 1.107573434380865e+00;
-1.144842711678271e+00 6.071935734209324e-02;

1.612195781903259e+00 5.275965211979029e-01;
-1.612195781903259e+00 -5.275965211979027e-01;
-1.263009881257308e+00 1.132404242403388e+00;
9.999700043276327e-01 -1.370253012699401e+00;
-5.275965211979028e-01 1.612195781903259e+00;

3.412412271646502e-01 -6.106087720741398e-01;
-3.412412271646502e-01 6.106087720741398e-01;
3.581820948075022e-01 6.008279575802333e-01;
-4.752741132128541e-01 -5.132281802088232e-01;
-3.412412271646502e-01 6.106087720741398e-01;

-2.986775913827621e-01 -5.637165838953798e-01;
2.986775913827621e-01 5.637165838953798e-01;
6.375316778793617e-01 2.319591026906968e-02;
-6.284227820335944e-01 1.098612651212541e-01;
-5.637165838953798e-01 2.986775913827622e-01;

-2.390245293619750e-01 3.260519870515814e-01;
2.390245293619750e-01 -3.260519870515814e-01;
4.018815684220519e-01 4.397532102929893e-02;
-2.390245293619750e-01 3.260519870515814e-01;
-2.390245293619750e-01 3.260519870515814e-01;

-6.847846335660584e-03 4.689310754429896e-01;
6.847846335660527e-03 -4.689310754429896e-01;
4.095301471254163e-01 -2.285351288336007e-01;
-6.847846335660584e-03 4.689310754429896e-01;
-4.689310754429896e-01 -6.847846335660555e-03;

2.110685320536815e-01 1.395104175282733e+00;
-2.110685320536817e-01 -1.395104175282733e+00;
1.102661390693744e+00 -8.803427983393453e-01;
2.110685320536815e-01 1.395104175282733e+00;
-2.110685320536817e-01 -1.395104175282733e+00;

-6.389922872787726e-01 2.717423340349043e-01;
6.389922872787726e-01 -2.717423340349044e-01;
5.548319081972903e-01 4.175123865882886e-01;
-6.389922872787726e-01 2.717423340349043e-01;
2.717423340349044e-01 6.389922872787726e-01;

-1.196863905718022e-01 2.882243755111422e-01;
1.196863905718021e-01 -2.882243755111422e-01;
3.094528264684557e-01 -4.046073303312425e-02;
-3.111027991670575e-01 -2.476229143910990e-02;
-1.196863905718022e-01 2.882243755111422e-01;

2.102743539033397e-02 3.215815276300749e-01;
-2.102743539033401e-02 -3.215815276300749e-01;
2.679840546202851e-01 -1.790010570395028e-01;
-2.993443724889983e-01 1.193724365637023e-01;
-3.215815276300749e-01 2.102743539033399e-02;

1.176019299534486e-01 5.765814582652843e-01;
-1.176019299534487e-01 -5.765814582652843e-01;
4.405332252320888e-01 -3.901369880064069e-01;
-5.120205581312529e-01 2.900195510565758e-01;
-1.176019299534487e-01 -5.765814582652843e-01;

-3.095775829306010e-01 4.332895422977755e-01;
3.095775829306009e-01 -4.332895422977756e-01;
5.300285422893062e-01 5.145728011119624e-02;
-5.077475768479194e-01 -1.605319454900961e-01;
4.332895422977756e-01 3.095775829306009e-01;

-2.583993327369410e-02 3.274426274708507e-01;
2.583993327369406e-02 -3.274426274708507e-01;
2.964936003085280e-01 -1.413432750883116e-01;
-1.715610022473311e-01 -2.800949820052022e-01;
-2.583993327369410e-02 3.274426274708507e-01;

1.037842124212612e-01 2.762450848901127e-01;
-1.037842124212612e-01 -2.762450848901127e-01;
1.873431549747957e-01 -2.280023069136291e-01;
-2.463359785133103e-01 -1.624841388066445e-01;
-2.762450848901127e-01 1.037842124212612e-01;

2.770426030511685e-01 3.629263052594093e-01;
-2.770426030511685e-01 -3.629263052594093e-01;
1.757820985306900e-01 -4.213890848025849e-01;
-4.374549039347450e-01 -1.307719923303774e-01;
-2.770426030511685e-01 -3.629263052594093e-01;

-3.963436142635793e-02 6.210023954784106e-01;
3.963436142635786e-02 -6.210023954784106e-01;
5.576210310084730e-01 -2.761768338812056e-01;
-3.329511777453854e-01 -5.256979846200290e-01;
6.210023954784106e-01 3.963436142635782e-02;

3.071631243386470e-02 4.702269408729800e-01;
-3.071631243386476e-02 -4.702269408729800e-01;
3.918703201229113e-01 -2.617145773147969e-01;
2.515424423122153e-01 -3.984761818326180e-01;
3.071631243386470e-02 4.702269408729800e-01;

2.079630692651706e-01 2.987360922947508e-01;
-2.079630692651707e-01 -2.987360922947508e-01;
1.547315103219614e-01 -3.294693471799960e-01;
7.347012140440231e-03 -3.639202006351616e-01;
-2.987360922947508e-01 2.079630692651707e-01;

4.752717758405970e-01 2.292978845348469e-01;
-4.752717758405971e-01 -2.292978845348469e-01;
-3.905809487909039e-02 -5.262463738471237e-01;
-2.497250286903583e-01 -4.648636260328726e-01;
-4.752717758405971e-01 -2.292978845348469e-01;

5.037207175563828e-01 1.254906142926666e+00;
-5.037207175563829e-01 -1.254906142926666e+00;
8.349202403614463e-01 -1.063688009279687e+00;
3.300967029016679e-01 -1.311320005027014e+00;
1.254906142926666e+00 -5.037207175563830e-01;

-2.415689485850159e-01 5.769398158447910e-01;
2.415689485850158e-01 -5.769398158447910e-01;
6.204290112688128e-01 -7.926506168227515e-02;
4.740534609432567e-01 4.080299305139412e-01;
-2.415689485850159e-01 5.769398158447910e-01;

2.495998051348079e-01 4.943702457179557e-01;
-2.495998051348080e-01 -4.943702457179556e-01;
3.033372890995005e-01 -4.633448948853672e-01;
5.473046252318289e-01 -8.461471369929287e-02;
-4.943702457179557e-01 2.495998051348080e-01;

1.014954952967692e+00 1.927392012332954e-01;
-1.014954952967692e+00 -1.927392012332953e-01;
-3.405604319106917e-01 -9.753463735835091e-01;
4.969442022704907e-01 -9.057198331026238e-01;
-1.014954952967692e+00 -1.927392012332953e-01;

-2.065012988242902e+00 1.867367767038014e-01;
2.065012988242902e+00 -1.867367767038016e-01;
1.194225286567766e+00 1.694985318611268e+00;
-4.605268786559462e-01 2.021648896178813e+00;
1.867367767038018e-01 2.065012988242902e+00;

9.903019364663833e-02 7.369368659194241e-01;
7.369368659194241e-01 -9.903019364663847e-02;
9.903019364663833e-02 7.369368659194241e-01;
9.903019364663833e-02 7.369368659194241e-01;
9.903019364663833e-02 7.369368659194241e-01;

3.387146145522376e-01 3.091916964093030e-01;
3.091916964093029e-01 -3.387146145522376e-01;
3.387146145522376e-01 3.091916964093030e-01;
3.387146145522376e-01 3.091916964093030e-01;
-3.091916964093030e-01 3.387146145522376e-01;

5.719414776268796e-01 1.268180156762738e-02;
1.268180156762727e-02 -5.719414776268796e-01;
5.719414776268796e-01 1.268180156762738e-02;
5.719414776268796e-01 1.268180156762738e-02;
-5.719414776268796e-01 -1.268180156762731e-02;

2.882788322698005e+00 -8.969486703943770e-01;
-8.969486703943775e-01 -2.882788322698005e+00;
2.882788322698005e+00 -8.969486703943770e-01;
2.882788322698005e+00 -8.969486703943770e-01;
-8.969486703943775e-01 -2.882788322698005e+00;

7.576070361223007e-02 4.216946797558517e-01;
4.216946797558517e-01 -7.576070361223015e-02;
7.576070361223007e-02 4.216946797558517e-01;
-3.776441281468181e-01 2.023635333315765e-01;
7.576070361223007e-02 4.216946797558517e-01;

1.977148651556637e-01 2.610141679032841e-01;
2.610141679032841e-01 -1.977148651556637e-01;
1.977148651556637e-01 2.610141679032841e-01;
-1.871419718561244e-01 2.686958245294623e-01;
-2.610141679032841e-01 1.977148651556637e-01;

4.017605677187270e-01 2.034154029002937e-01;
2.034154029002936e-01 -4.017605677187271e-01;
4.017605677187270e-01 2.034154029002937e-01;
-6.930870134831479e-02 4.449558223331534e-01;
-4.017605677187270e-01 -2.034154029002936e-01;

5.225911425106919e-01 8.229763297693690e-01;
8.229763297693689e-01 -5.225911425106921e-01;
5.225911425106919e-01 8.229763297693690e-01;
-6.212074570382036e-01 7.513273833099788e-01;
8.229763297693689e-01 -5.225911425106921e-01;

1.845480909454930e-01 3.123620439712090e-01;
3.123620439712089e-01 -1.845480909454931e-01;
1.845480909454930e-01 3.123620439712090e-01;
-3.329043446765669e-01 -1.442315557739117e-01;
1.845480909454930e-01 3.123620439712090e-01;

1.977344086344077e-01 1.751840158504259e-01;
1.751840158504259e-01 -1.977344086344077e-01;
1.977344086344077e-01 1.751840158504259e-01;
-2.629410779121674e-01 -2.550147669976641e-02;
-1.751840158504259e-01 1.977344086344077e-01;

2.974090943715927e-01 1.080221899049930e-01;
1.080221899049930e-01 -2.974090943715927e-01;
2.974090943715927e-01 1.080221899049930e-01;
-3.041028617747728e-01 8.742089216654539e-02;
-2.974090943715927e-01 -1.080221899049930e-01;

4.727198467438284e-01 2.892357921249874e-01;
2.892357921249873e-01 -4.727198467438284e-01;
4.727198467438284e-01 2.892357921249874e-01;
-5.524469226402768e-01 4.386108317136609e-02;
2.892357921249873e-01 -4.727198467438284e-01;

3.366696514539222e-01 2.753300316354165e-01;
2.753300316354165e-01 -3.366696514539222e-01;
3.366696514539222e-01 2.753300316354165e-01;
-1.105365374079954e-01 -4.206361306739065e-01;
3.366696514539222e-01 2.753300316354165e-01;

2.499259991210534e-01 1.239633495284650e-01;
1.239633495284650e-01 -2.499259991210535e-01;
2.499259991210534e-01 1.239633495284650e-01;
-1.293305519474616e-01 -2.471912728959866e-01;
-1.239633495284650e-01 2.499259991210534e-01;

2.979632163413968e-01 1.436669636182793e-02;
1.436669636182788e-02 -2.979632163413968e-01;
2.979632163413968e-01 1.436669636182793e-02;
-2.326127734731627e-01 -1.867612858008481e-01;
-2.979632163413968e-01 -1.436669636182790e-02;

5.215558569387139e-01 6.608812076623987e-03;
6.608812076623892e-03 -5.215558569387139e-01;
5.215558569387139e-01 6.608812076623987e-03;
-4.180629895053964e-01 -3.119094822379581e-01;
6.608812076623892e-03 -5.215558569387139e-01;

5.991316635757048e-01 4.754904713587351e-01;
4.754904713587350e-01 -5.991316635757049e-01;
5.991316635757048e-01 4.754904713587351e-01;
6.373601771350054e-01 -4.228734364492266e-01;
5.991316635757048e-01 4.754904713587351e-01;

3.542523667460040e-01 1.370464847191863e-01;
1.370464847191863e-01 -3.542523667460040e-01;
3.542523667460040e-01 1.370464847191863e-01;
2.398089539495880e-01 -2.945643290091927e-01;
-1.370464847191863e-01 3.542523667460040e-01;

3.728671867251062e-01 -6.923892934780340e-02;
-6.923892934780347e-02 -3.728671867251062e-01;
3.728671867251062e-01 -6.923892934780340e-02;
4.937216240530633e-02 -3.760137734883516e-01;
-3.728671867251062e-01 6.923892934780344e-02;

6.708145806176690e-01 -3.573338772055506e-01;
-3.573338772055507e-01 -6.708145806176689e-01;
6.708145806176690e-01 -3.573338772055506e-01;
-1.325516069239884e-01 -7.484048188446404e-01;
-3.573338772055507e-01 -6.708145806176689e-01;

-5.624897271411732e-01 3.979395944129974e-01;
3.979395944129975e-01 5.624897271411731e-01;
-6.338093436274540e-02 -6.861001902785319e-01;
-5.624897271411732e-01 3.979395944129974e-01;
-5.624897271411732e-01 3.979395944129974e-01;

2.435477227929518e-01 9.637127703057740e-01;
9.637127703057740e-01 -2.435477227929520e-01;
-9.563736024327537e-01 -2.709378701803402e-01;
2.435477227929518e-01 9.637127703057740e-01;
-9.637127703057740e-01 2.435477227929519e-01;

1.080488304287236e+00 -1.284104491042764e+00;
-1.284104491042765e+00 -1.080488304287235e+00;
5.718229582131037e-01 1.577782565526099e+00;
1.080488304287236e+00 -1.284104491042764e+00;
-1.080488304287235e+00 1.284104491042765e+00;

-7.228475449868298e-01 -4.092147298870988e-01;
-4.092147298870987e-01 7.228475449868299e-01;
7.158141241784296e-01 -4.213969720782602e-01;
-7.228475449868298e-01 -4.092147298870988e-01;
-4.092147298870987e-01 7.228475449868299e-01;

-2.289882601846427e-01 4.339329925270490e-01;
4.339329925270491e-01 2.289882601846426e-01;
-2.613028649763062e-01 -4.152761467518257e-01;
-4.834560640877129e-01 -8.368810789285927e-02;
-2.289882601846427e-01 4.339329925270490e-01;

1.202357715779333e-01 4.857846952326306e-01;
4.857846952326306e-01 -1.202357715779334e-01;
-4.808197726301061e-01 -1.387651149862019e-01;
-4.248538031680829e-01 2.644667404851065e-01;
-4.857846952326306e-01 1.202357715779334e-01;

9.652628624453670e-01 7.950427622766142e-01;
7.950427622766140e-01 -9.652628624453671e-01;
-1.171158660449184e+00 4.384207790690651e-01;
-4.578479712618469e-01 1.163701260064654e+00;
-9.652628624453671e-01 -7.950427622766141e-01;

-1.016922165081966e+00 4.637574110331805e-01;
4.637574110331806e-01 1.016922165081966e+00;
1.068353833929468e-01 -1.112559134149046e+00;
-7.553057387101696e-01 -8.238415303895992e-01;
4.637574110331806e-01 1.016922165081966e+00;

1.079832855871620e-02 5.321559091636652e-01;
5.321559091636652e-01 -1.079832855871630e-02;
-4.662597003890963e-01 -2.567263277315732e-01;
-3.215294266415412e-01 -4.241760758942339e-01;
1.079832855871620e-02 5.321559091636652e-01;

2.361822239127129e-01 3.239595780675102e-01;
3.239595780675101e-01 -2.361822239127129e-01;
-3.986483363621083e-01 4.256001679695885e-02;
-3.814940952416284e-01 -1.232643760776218e-01;
-3.239595780675102e-01 2.361822239127129e-01;

5.497456010644867e-01 1.999137608081551e-01;
1.999137608081550e-01 -5.497456010644867e-01;
-4.480031959581914e-01 3.761367757365135e-01;
-5.622598941773984e-01 1.613987269151609e-01;
-5.497456010644867e-01 -1.999137608081551e-01;

7.600766546148371e-01 1.938795137631588e+00;
1.938795137631588e+00 -7.600766546148374e-01;
-2.059084169230120e+00 -3.111518770958539e-01;
-1.754510119727264e+00 -1.121756366761069e+00;
1.938795137631588e+00 -7.600766546148374e-01;

3.793972244380759e-01 8.764558536162012e-01;
8.764558536162010e-01 -3.793972244380761e-01;
-9.487316467462433e-01 -1.096602923194204e-01;
2.082290228519240e-01 -9.320717736803065e-01;
3.793972244380759e-01 8.764558536162012e-01;

4.000052205932564e-01 2.377734281029480e-01;
2.377734281029479e-01 -4.000052205932564e-01;
-4.059204393786938e-01 2.275279686286844e-01;
-1.838513068727066e-01 -4.274799136507881e-01;
-2.377734281029479e-01 4.000052205932564e-01;

4.901070365950612e-01 -8.230488453810254e-02;
-8.230488453810263e-02 -4.901070365950612e-01;
-1.737753974319886e-01 4.655975865338838e-01;
-4.448825189912802e-01 -2.214916378439515e-01;
-4.901070365950612e-01 8.230488453810260e-02;

1.049135051083990e+00 -8.922579316469287e-01;
-8.922579316469289e-01 -1.049135051083990e+00;
2.481505099924046e-01 1.354706572062885e+00;
-1.373224139184427e+00 1.051857193779258e-01;
-8.922579316469289e-01 -1.049135051083990e+00;

-1.568657137087147e+00 1.467972707693704e+00;
1.467972707693704e+00 1.568657137087147e+00;
-4.869730883814024e-01 -2.092483284392090e+00;
9.113832956880581e-01 1.945510106015592e+00;
-1.568657137087147e+00 1.467972707693704e+00;

7.804642353220402e-01 3.254997681443282e-01;
3.254997681443280e-01 -7.804642353220403e-01;
-6.721231857999529e-01 5.131519704619191e-01;
5.507453877625833e-01 -6.416806367166381e-01;
-3.254997681443281e-01 7.804642353220402e-01;

4.989768363494653e-01 -3.964307890275235e-01;
-3.964307890275237e-01 -4.989768363494653e-01;
9.383071596541215e-02 6.303420106923892e-01;
-2.228357629332239e-01 -5.970590225934737e-01;
-4.989768363494653e-01 3.964307890275236e-01;

-1.583093812668388e-01 -8.694387029902673e-01;
-8.694387029902673e-01 1.583093812668390e-01;
8.321106944563843e-01 2.976194056606547e-01;
-8.758056331785364e-01 -1.181101661468238e-01;
-8.694387029902673e-01 1.583093812668390e-01;

-1.550708713843798e-01 3.774518081216585e-01;
3.774518081216586e-01 1.550708713843798e-01;
4.044182902299157e-01 -5.443059005496717e-02;
-1.550708713843798e-01 3.774518081216585e-01;
-1.550708713843798e-01 3.774518081216585e-01;

8.294210500551523e-02 3.987374651569048e-01;
3.987374651569048e-01 -8.294210500551530e-02;
3.038457217637343e-01 -2.711987025565852e-01;
8.294210500551523e-02 3.987374651569048e-01;
-3.987374651569048e-01 8.294210500551526e-02;

4.713090542431994e-01 7.193971549714023e-01;
7.193971549714022e-01 -4.713090542431995e-01;
3.873616844938850e-01 -7.678641914939299e-01;
4.713090542431994e-01 7.193971549714023e-01;
-4.713090542431995e-01 -7.193971549714022e-01;

-5.977128480750502e-01 6.288264468249066e-01;
6.288264468249067e-01 5.977128480750501e-01;
8.434361015593987e-01 2.032212871888884e-01;
-5.977128480750502e-01 6.288264468249066e-01;
6.288264468249067e-01 5.977128480750501e-01;

-6.384959006791084e-02 2.957069176528681e-01;
2.957069176528681e-01 6.384959006791079e-02;
2.880144977961322e-01 -9.255809180640080e-02;
-3.009645993621728e-01 3.065389421210847e-02;
-6.384959006791084e-02 2.957069176528681e-01;

6.173725861427909e-02 2.834439523784505e-01;
2.834439523784505e-01 -6.173725861427914e-02;
2.146010340016651e-01 -1.951880105092007e-01;
-2.504933558160451e-01 1.463046203410538e-01;
-2.834439523784505e-01 6.173725861427911e-02;

1.930802894241054e-01 4.294755014348381e-01;
4.294755014348380e-01 -1.930802894241054e-01;
2.753965498335770e-01 -3.819501863287463e-01;
-3.487903835178494e-01 3.163454960360167e-01;
-1.930802894241054e-01 -4.294755014348381e-01;

-1.577391404603740e-01 5.064973432373705e-01;
5.064973432373705e-01 1.577391404603739e-01;
5.175091364230762e-01 -1.166425688088799e-01;
-5.304516738524366e-01 6.497449256473230e-03;
5.064973432373705e-01 1.577391404603739e-01;

2.646495276714248e-02 3.000623928334487e-01;
3.000623928334487e-01 -2.646495276714254e-02;
2.466291785305409e-01 -1.729505178230251e-01;
-1.977828458190404e-01 -2.271998662359282e-01;
2.646495276714248e-02 3.000623928334487e-01;

1.161793772965845e-01 2.322331042054754e-01;
2.322331042054754e-01 -1.161793772965846e-01;
1.430300791933681e-01 -2.167308442374370e-01;
-2.304942843749154e-01 -1.195920033632223e-01;
-2.322331042054754e-01 1.161793772965845e-01;

2.476436549517965e-01 2.679660961196981e-01;
2.679660961196980e-01 -2.476436549517965e-01;
1.082436191167028e-01 -3.484487443341328e-01;
-3.578544448186748e-01 -7.122783747267451e-02;
-2.476436549517965e-01 -2.679660961196980e-01;

1.158397994569137e-01 5.066746615223076e-01;
5.066746615223076e-01 -1.158397994569138e-01;
3.808732286037431e-01 -3.536575398601360e-01;
-3.915322601387219e-01 -3.418194860414295e-01;
5.066746615223076e-01 -1.158397994569138e-01;

1.087262923037874e-01 3.880433231177670e-01;
3.880433231177670e-01 -1.087262923037874e-01;
2.816922294370257e-01 -2.881813927532560e-01;
1.401247243700443e-01 -3.778413541086093e-01;
1.087262923037874e-01 3.880433231177670e-01;

1.945716901482559e-01 2.340077320850184e-01;
2.340077320850184e-01 -1.945716901482560e-01;
1.053707955934807e-01 -2.855078925681733e-01;
-1.986551011221359e-02 -3.036826020546851e-01;
-2.340077320850184e-01 1.945716901482560e-01;

3.604886743698127e-01 1.764293730765175e-01;
1.764293730765175e-01 -3.604886743698127e-01;
-2.745201812688008e-02 -4.004070363190928e-01;
-1.879388802792913e-01 -3.546242875388600e-01;
-3.604886743698127e-01 -1.764293730765175e-01;

5.142097935693328e-01 6.107769505560713e-01;
6.107769505560712e-01 -5.142097935693329e-01;
2.718434584428829e-01 -7.507072193838300e-01;
-5.699877769459612e-02 -7.963738660167794e-01;
6.107769505560712e-01 -5.142097935693329e-01;

-2.822397738594852e-02 5.711512077516069e-01;
5.711512077516069e-01 2.822397738594842e-02;
5.087434440080293e-01 -2.611329224637348e-01;
5.344753892609004e-01 2.033380271616960e-01;
-2.822397738594852e-02 5.711512077516069e-01;

2.510498277824363e-01 3.516092671591103e-01;
3.516092671591102e-01 -2.510498277824363e-01;
1.789776436746007e-01 -3.932201620548534e-01;
4.119789479411120e-01 -1.301093356953761e-01;
-3.516092671591103e-01 2.510498277824363e-01;

6.171866521771840e-01 1.884005556074475e-01;
1.884005556074474e-01 -6.171866521771840e-01;
-1.454336588454401e-01 -6.286995974658354e-01;
3.699007403082197e-01 -5.287604138911179e-01;
-6.171866521771840e-01 -1.884005556074474e-01;

4.985279722208678e-01 3.091364031034962e+00;
3.091364031034962e+00 -4.985279722208684e-01;
2.427935797111308e+00 -1.977419903957897e+00;
3.094115521543784e+00 4.811557448531792e-01;
3.091364031034962e+00 -4.985279722208684e-01;

