0
-8.063559188652825e-02 -1.464352029828680e-01
-1.934334206321062e-01 -3.799393367378518e-01
-5.063803607842671e-01 -4.485621925547649e-01
-4.400060939808623e-02 -7.646277610726535e-02
-3.733127384510570e-02 1.266568216177228e-01

1
-6.592909034841010e-02 3.589282234482286e-02
-1.221695563375610e-01 6.700387832309732e-02
7.376206815340422e-02 -3.422914322291625e-02
-1.499346348196199e-02 7.188213778052517e-03
-4.582062562737130e-01 -8.309612716674551e-01

2
-1.506143966420906e-01 -7.206928390201868e-02
-3.868625184176871e-01 -1.799394761215893e-01
-4.575589902916777e-01 -4.978189391099417e-01
-7.850592145340468e-02 -4.011118426787310e-02
1.247015942963541e-01 -4.394952475661799e-02

3
5.146782908097244e-02 -4.951976819299354e-02
9.649192544971295e-02 -9.098765119000826e-02
-5.264588694624154e-02 5.619420438184464e-02
1.054362189165668e-02 -1.180493140197422e-02
-5.790907664060472e-01 -6.962854972389442e-01

4
-3.622207758097749e-02 -1.211708511654636e-01
-1.208796968446848e-01 -7.181331247609877e-01
-5.304391321133692e-01 3.685223096485699e-01
1.712231668917313e-01 -3.176250652212402e-02
-1.232097404953347e-01 -9.699784605037366e-02

5
-2.213704259463154e-01 -2.756868449705592e-01
-1.759338756882738e-01 2.781426180851596e-01
-2.248872062576613e-01 -4.372515790243839e-01
2.045624718836999e-01 -1.568053507936180e-01
1.637971370628409e-01 -3.292640909100408e-01

6
-5.207111923693835e-01 1.417616768519179e-01
4.478065508045972e-01 -9.938181606513585e-02
-1.479512744824243e+00 -9.211240890070559e-01
3.925853892799583e-02 -8.290297691513589e-02
2.347290132943978e-01 -8.672381790912602e-02

7
-1.435148279782835e-01 1.223334871664301e-02
-1.568448666854791e-01 -4.357095660875015e-01
-5.590205572491843e-01 -2.187819673942021e-01
9.534034218713719e-02 -7.932339218394724e-02
-7.763304528164267e-02 -1.823968546122444e-02

8
-1.031633881133504e-01 -9.543249239202159e-02
-3.451043438584631e-01 -3.164756522377363e-02
-2.677525457978318e-01 -5.072876029387242e-01
1.093100298828476e-01 -1.707238417313820e-02
-6.328099860208178e-02 -4.503119107694861e-02

9
4.470901300520660e-01 7.998051024469914e-02
5.847093269472210e-01 -1.700059291597698e-01
-1.624779175595694e+00 -2.574750259983463e-01
-2.569201026598892e-01 1.873833118947153e-01
-2.118739655162401e-01 -2.537653238663005e-01

10
-1.374798520673324e-01 -8.777990269048794e-02
-7.002210017138168e-01 1.106759318639237e-01
1.610149511767691e-02 -8.015753365974760e-01
1.704806045207831e-01 -6.554937414971111e-02
3.127422544764411e-02 1.813424242480202e-01

11
-4.613554736770662e-03 -1.000877055756459e-02
-6.428648672455199e-01 1.891941010899151e-01
1.579633221337889e-01 -6.525296733873064e-01
1.149842969790374e-01 -8.526641523102610e-02
-1.457349649584359e-01 -6.265366866166135e-02

12
-1.482831833544220e-01 -1.027986901167749e-01
-1.198430884754958e-01 -4.151914691211558e-01
-6.996176550699558e-01 -2.220652828123125e-01
8.074666024913310e-03 1.403234581530550e-01
-7.256585533784157e-02 -6.689453181298502e-02

13
-1.693788479857329e-01 6.748768173841589e-02
-3.504850448981174e-01 -3.177024065617885e-02
-5.752744629391778e-01 -4.718477583432966e-01
1.117483365455848e-01 6.610970131614699e-02
6.733514679325592e-02 -1.238797956057898e-01

14
-2.104008031806411e-01 -1.074518657909640e-01
-3.287719972698034e-01 -9.827863560101091e-01
-1.018877816630817e+00 5.722412677210950e-01
3.958691503795522e-02 2.638710081718763e-01
2.541801612084379e-01 -9.227540923862511e-02

15
1.913373176730178e-01 2.911525574848166e-01
5.037878838676337e-02 4.583366609002674e-01
-6.265302797428601e-01 -1.095740220756758e+00
5.428617404969727e-02 -2.357454180844491e-01
-2.426836650132227e-01 -7.340133814821981e-02

16
-1.524085670828758e-01 1.978722953439354e-02
-8.600788651726524e-01 1.844721102543237e-01
1.752365893381723e-01 -7.619777712639206e-01
4.886714481540325e-02 2.046906693048970e-01
-1.673095960903281e-01 -8.857661647727123e-02

17
-2.213173443452289e-02 -1.362617322964308e-01
-4.394709736683742e-01 -6.167416882649571e-02
-3.152569536020352e-01 -4.815185214404177e-01
-5.244628095311044e-02 1.067371430542755e-01
-3.422688518508826e-02 -6.862346813006308e-02

18
1.152219707115825e-01 -3.262585208943907e-01
-8.476092080093649e-02 2.824198325359837e-01
-4.890140799293453e-01 -1.007968131949340e+00
-5.438580664676786e-02 2.115474183144939e-02
-6.748983551286511e-02 1.475073023075852e-01

19
4.717207790368678e-03 1.061972075061937e-02
-6.480245945710663e-01 1.974159813296537e-01
1.535276011248521e-01 -6.611938888853950e-01
1.124528592037428e-01 -9.078121227392137e-02
-1.486056432755936e-01 -6.466178721430985e-02

20
3.769558309081245e-04 -1.081136838686989e-03
-4.890528026395641e-02 9.109204051564960e-03
4.919894132694658e-02 -9.947048272110723e-03
-8.273787845687156e-02 -5.000322477549081e-01
-1.213099519376116e-01 -7.326843322282942e-01

21
-4.710543199318634e-03 8.683903972502802e-03
-8.782242606771624e-01 3.884108069933336e-01
1.033772786962303e-01 -9.543879774161327e-01
-1.971262163273856e-01 -5.437236725326943e-02
1.232521987740704e-01 -1.321393112002197e-01

22
1.741527398115591e-03 1.988738203324362e-03
1.430544879906220e-02 -7.986600705153916e-02
-1.295800390940219e-02 8.141291540719280e-02
8.137935926290484e-01 1.613636792201319e-01
-8.134717443484629e-01 -1.609972558452495e-01

23
-2.052551253599601e-01 -4.941473791870310e-02
-1.176447849475634e+00 -2.081017269882216e-01
5.763378020943193e-01 -8.856334969946876e-01
-1.677496147978714e-01 -1.741860451694066e-01
-2.036123860364359e-02 2.724299379088016e-01

24
-3.022677776727062e-01 7.010124545134182e-01
2.241346800649505e-01 9.593378617308695e-01
-1.052192624351906e+00 -2.887818524517200e+00
-2.229324546458974e-01 -4.396973966487631e-01
-8.907321764334511e-02 3.116675471436497e-01

25
-1.443157698941774e-01 3.846367106812368e-01
-2.411621042958741e-01 8.320074622872924e-01
-6.614652695737300e-01 -1.592753217647725e+00
-5.516696930746367e-02 2.054825939162750e-01
-1.567780985824800e-01 -2.642698427815052e-01

26
-9.210899019236200e-02 1.843987997537214e-01
-1.135387781536961e+00 4.568205798035483e-01
2.745758105256123e-01 -1.020534213706847e+00
-2.205719489771690e-01 -8.285350630991237e-02
1.773693381579892e-01 -2.216645783822080e-01

27
-1.478765439945278e+00 7.559950105080309e-01
-2.298787851424831e+00 -1.286768402662035e+00
1.284895134059663e+00 -6.726413258448874e-01
1.315345929442475e-01 -4.718605894098438e-01
2.660971899306552e-01 4.396514074383164e-01

28
-3.310479244991465e-01 -2.611412257092676e-01
-7.441130807841233e-01 -5.988436110311349e-01
1.690672044027061e-01 1.357046305847087e-01
1.762723318941770e-01 1.372990415903662e-01
-7.810284485412328e-02 -5.967483247341342e-02

29
-6.691245056059045e-01 -2.037491610547959e-01
-8.239225992149404e-01 -2.324396564983327e-01
6.380348703353359e-01 3.989539842691123e-01
1.124734913591910e+00 -1.610853710449116e-01
2.571680718471111e-02 -1.037314872258260e-01

30
4.255448812229387e-01 4.654346310007330e-01
5.075816307895772e-01 5.565177573921934e-01
-3.772430360290915e-01 -4.147291620886713e-01
-6.463897835811826e-02 -6.982654673730457e-02
-9.396332227969266e-01 -1.025266306051373e+00

31
4.939529139918210e-02 -4.476594523620674e-02
1.011994596247297e-01 -8.744286266563003e-02
-5.981437264389854e-02 5.585950728211416e-02
-3.478779423333632e-02 3.187289755418913e-02
-6.037601845034768e-01 -7.456407102123790e-01

32
6.319075237314428e-02 -8.035882994805148e-02
1.034057407933194e-01 -1.193661640462363e-01
-4.478884603509672e-02 6.213034656136906e-02
-7.045978500125027e-03 8.760010193949414e-03
-6.018121932656258e-01 -6.775588606408914e-01

33
-3.619626891698492e-01 1.120436197293601e+00
-4.805028496144698e-01 1.258816501757602e+00
3.174582341518172e-01 -1.489341099926316e+00
6.821790367282820e-01 -1.186090601354080e+00
8.129726543868540e-02 -5.191195760511732e-01

34
-1.088206479392901e-01 7.485602590137331e-01
-9.907047417678075e-02 9.946533571529556e-01
-3.584985303857449e-01 -5.988814089324229e-01
1.305215934558437e+00 -4.186006822549763e-01
-1.877678688312874e-01 -3.230198306703214e-01

35
-1.939247835459604e-01 1.570269326133365e-01
-4.176807470616217e-01 1.203263404251847e-01
-3.856872257188096e-01 -8.874589843592230e-01
1.774674690806158e-01 4.437500159307481e-02
-1.063251833253896e-01 6.034509040045462e-02

36
2.413636981146690e-01 -8.162883114369076e-01
1.008592082820359e-01 -1.172527498037397e+00
6.348551865485218e-01 4.510311514570624e-01
-6.935691434112237e-01 -5.537935201514441e-01
-5.789027237398040e-01 -2.508076433161340e-01

37
-4.324379490817130e-01 8.477862900622780e-01
-1.513358132558565e+00 2.102831756289331e-01
3.710923454090660e-01 -7.566331661358335e-01
2.650613495047608e-01 1.217862452946936e-01
-9.539469393546447e-02 -2.720113816395104e-01

38
-3.761264847090938e-01 -4.989680949905429e-01
-8.387386466027720e-01 -1.135775246563366e+00
1.826638157787986e-01 2.485606909114944e-01
-8.942515332479969e-02 -1.149415558464441e-01
2.003534698470646e-01 2.625959592138337e-01

39
-4.237448460540009e-01 1.959121049191044e-01
-8.866694925973332e-01 5.794877033815532e-01
-4.298379486855977e-01 -1.823959649817557e+00
-2.360001925993050e-01 1.311127268759664e-01
3.721263569902922e-01 1.431503219458749e-01

40
-8.457319156986241e-04 -8.193174585171874e-04
4.967840939025208e-02 -9.717722597448838e-03
-5.033524628634303e-02 9.083810596561126e-03
-8.166386963167463e-02 -5.095631073534156e-01
-1.195681088993695e-01 -7.466883903428014e-01

41
-5.248680777315155e-02 -1.887117198041555e-01
-1.858161971770863e-01 -1.099608054208070e+00
-8.278927060817870e-01 5.343962259044394e-01
-1.677193435081402e-01 -1.525246368587880e-01
2.545409397527625e-01 -2.682009300254718e-02

42
4.963802164106901e-01 -1.915428754174393e+00
9.258142507387418e-01 -3.523177266402046e+00
-6.532164927248839e-01 2.463327077591560e+00
1.297066887105956e-01 -5.141358761924096e-01
-3.558578801094234e-01 1.401451650140273e+00

43
1.021184306175218e-02 -7.651948549891365e-03
4.711708688775080e-01 -1.154511403152456e+00
-1.234788554221009e+00 1.699551674130605e-01
-8.711303715553285e-02 -2.507493372606649e-01
-1.618876223820590e-01 1.705851478378597e-01

44
-2.218325542841618e-01 -3.176866285063901e-01
-2.112858294512495e-01 -4.914736453153383e-01
-2.099707557757007e-01 2.843682246021776e-01
2.195964650924581e-01 -3.460936135774165e-01
2.111789476714034e-01 -1.865893440595644e-01

45
6.708743597945827e-02 -2.669805902231234e-01
2.451868146753191e-01 -5.726445365962773e-01
-1.099892880678302e+00 -9.102233867153044e-02
5.008580901257415e-02 -1.509256310594476e-01
1.233359928309728e-01 1.993769576035643e-01

46
-2.205306659739535e-02 -3.251346294346538e-01
4.915216195788610e-02 -3.876106137468208e-01
-1.874096730734355e-01 5.176156372647572e-02
4.626772221543912e-01 -4.173675473860027e-01
-1.202779040611132e-01 1.227641503946557e-01

47
-2.214358887424065e-01 -2.862906635111014e-01
-2.672391154159195e-01 -4.281516177766550e-01
-1.073312449846354e-01 3.318693101769746e-01
4.266981756448575e-01 -2.442631981681286e-01
7.966333324021146e-02 -1.521511880363554e-01

48
-9.836774686637638e-02 3.717632940645851e-02
-1.492998812131379e-01 6.330638356658831e-02
7.584167248600852e-02 -2.351337066912984e-02
1.051653303418924e-02 -4.446533889864948e-03
-4.164795868686918e-01 -8.236767902056000e-01

49
4.011196580716296e-02 -1.951084560466895e-01
-6.502539975123973e-02 -3.441942476515888e-01
-7.719149424237860e-01 2.273254385813881e-02
9.648883348785688e-02 1.096541896438800e-01
4.098542997592772e-03 -9.764183623597217e-02

50
-7.475540868094156e-03 -1.685931658948018e-01
-1.575186830607981e-01 -2.891572664219992e-01
-6.065487730645615e-01 -3.292703466713880e-01
9.836949551290264e-02 6.971077138946469e-02
-7.935567399806651e-02 1.038572631045784e-01

51
-3.066987078917558e+00 2.800645196844314e+00
-3.300286067191371e+00 3.365530356699305e+00
4.362283245351048e+00 -3.275985340122520e+00
2.751512102937366e+00 -3.780247009000799e+00
1.583777264436167e+00 -1.047787601124349e+00

52
-6.047780804428493e-01 -4.340214871165364e-01
-1.145968671284081e+00 -8.263040009225455e-01
7.777553658900944e-01 5.657337774191850e-01
4.301187477245878e-01 3.063660406647811e-01
-1.582287225269413e-01 -1.121011173074257e-01

53
-5.361449118325811e-02 3.246941956000702e-02
-1.064848877699780e-01 6.671440691234519e-02
6.715237793772014e-02 -3.805304903341394e-02
3.793404970323767e-02 -2.303684138911326e-02
-4.568160418778944e-01 -7.770490706996663e-01

54
7.770619074667071e-01 9.207257538178257e-01
8.193715224083635e-01 9.669133622667567e-01
-1.092902637549722e+00 -1.297230914111178e+00
-4.377354524874286e-01 -5.185535377324741e-01
-7.023505656034171e-01 -8.306385519595547e-01

55
3.751996833288467e-01 -1.384717544855306e-01
4.895321869625378e-01 1.483071541825832e-01
-1.457467041889440e+00 -6.832235799593688e-01
-2.225873605112843e-01 -1.293874461225599e-01
1.647170654992034e-01 -3.681230529540096e-02

56
-5.569878510160092e-02 -6.565406476946060e-02
3.131631097782215e-02 -5.642429499002217e-02
-8.028106327966043e-02 2.918507367532495e-04
-2.379126145342277e-02 4.045527618013856e-02
-4.751436290750276e-01 -7.380714379388296e-01

57
1.975936422283155e-01 -6.228789615450659e-01
-6.428321392746472e-01 -8.238440560107141e-01
-1.773277452959094e-01 5.440475477688103e-01
-1.760601569223867e-01 8.640145518447816e-02
1.876632558460260e-01 6.967875269835373e-02

58
1.885280706597593e-01 -1.304413842989429e-01
3.749719605339987e-01 -1.302972915788307e+00
-1.092038591120475e+00 4.232326090080217e-01
-1.241063578055736e-01 -2.291071834331440e-01
-2.169024866312030e-01 2.285574092939313e-01

59
1.993114573247922e-01 -1.537918955893953e-01
4.470170381093840e-01 -2.850101186472241e-01
-1.050013040023579e+00 -1.377167231730829e-01
1.108597338567256e-01 -6.906634393279984e-02
-1.833064315301762e-01 -4.509997541734297e-02

60
1.593238463876282e-01 -3.589410957433831e-01
2.720040770528491e-01 -8.745802794942627e-02
-2.985367581882031e-02 -3.617111423007555e-01
1.715298942414508e-01 -6.754618570218884e-01
-2.284194814932481e-01 1.274494180507069e-02

61
-1.765288839800180e-01 6.903501777362650e-02
-2.222944126220524e-01 -5.806607518692086e-01
-7.965344630406231e-01 -8.478669385574369e-02
-1.086442178357931e-01 -1.962564408058172e-03
9.943102778659654e-02 -1.359275480983419e-01

62
-4.818303507735606e-02 -4.471593214990056e-01
1.576563946963161e-01 -3.889842364621180e-01
-2.673160817426963e-01 -1.843564840946571e-01
5.672343432898459e-02 -7.961125598781899e-01
2.438462216001671e-01 8.229946503270585e-02

63
4.555219126327797e-01 -6.044349420605420e-01
4.494612020874548e-01 5.628265781770876e-01
4.219192039012854e-01 -9.700008179642687e-01
-2.563682078738552e-01 -7.650548383722233e-01
-4.738049782702221e-01 -2.564131250002537e-01

64
-3.042204143237446e-01 1.237188678568760e-01
9.143274751241718e-01 -1.581212663968219e+00
-1.578826480331728e+00 2.490934328715949e-01
4.143970101594657e-03 -3.930406299174815e-01
-2.494147888117380e-01 2.126262453294479e-01

65
-1.398843604930705e-01 9.790843477933736e-02
-3.532525269125603e-01 -3.692551633457239e-01
-5.945587572716881e-01 -3.423399357646897e-01
5.733352136207685e-02 -1.263645299951922e-01
1.034412043185599e-01 5.639362449509925e-02

66
1.842991756747076e-02 1.652755129017840e-02
-6.668142506788431e-02 6.056140660140809e-02
8.040795601311999e-02 -4.807719388615569e-02
2.976875776262527e-04 3.804752234215250e-04
-5.428560167953776e-01 -7.666460489029925e-01

67
-1.135139770127287e+00 2.664001457470351e+00
8.434601111306120e-01 -2.204297508363837e+00
-4.552299137165941e+00 -1.172865078171018e-01
-1.701577529633940e-01 -5.492598716201588e-01
8.878277974868828e-01 -9.969346769868031e-03

68
-1.304602314323546e-02 1.498829411971727e-03
-6.070630864861708e-02 -8.216364142210989e-01
-6.816950272521276e-01 4.645275035605602e-01
1.724558996450889e-01 -4.714234109732830e-02
-1.437084872749612e-01 -1.156227744492226e-01

69
6.664546539735611e-01 6.073287714378423e-01
-1.011268577834763e+00 -8.936676486500277e-01
6.052287233484223e-01 5.895575279301818e-01
-3.694165155000576e-01 -5.771635530070560e-01
-5.584349012649584e-01 -2.971728352411955e-01

70
1.856391290516935e-02 1.668748572451447e-02
-6.681407067983006e-02 6.006361445927950e-02
8.063501916892583e-02 -4.745899450737726e-02
-4.512311182216848e-03 -2.655911089861011e-03
-5.399311049183924e-01 -7.699350054284769e-01

71
1.208697162001051e-01 8.096781133296119e-01
-5.657826568496680e-01 -5.043872606182895e-01
2.104744270867346e-01 1.063403569761356e+00
1.202376740186729e+00 -8.228703234891751e-01
-2.755290257665265e-01 -2.493556062156003e-01

72
-2.247052133023400e-01 -9.955410174477720e-02
1.432718531363075e-01 -5.078947374005575e-01
-9.865861661717927e-01 -1.979564475035900e-01
3.039519919481779e-03 1.803090315226119e-01
-9.122188184153900e-02 -1.041231229338902e-01

73
-1.025128377032033e-01 1.480174087470761e-01
-2.829450789715152e-01 -3.275251381555808e-01
-6.926932947283773e-01 -1.297202952216712e-01
1.124522949767734e-01 2.386285173691899e-02
2.012516329625840e-02 -1.399172024808534e-01

74
-5.060093950780417e-01 3.886725573806028e-02
6.630854767014236e-01 -2.115998295727024e+00
-1.765466298036395e+00 1.196976462660874e+00
4.869924051650430e-01 1.088240663938155e-01
-2.000657357104612e-01 2.603306582434448e-01

75
1.491832227514494e+00 -5.074638980263589e-01
-3.936393197172782e-01 1.381776348181382e+00
1.956546781956528e+00 -9.038234607334188e-01
-9.176206301819719e-01 -2.042929752192375e+00
-8.444700400562112e-02 -7.528468328960610e-01

76
-1.790235305470772e-02 1.211051722139287e-03
-8.776157319464213e-02 -1.089164495845881e+00
-9.007448465804901e-01 6.221138879659978e-01
-5.421403914105161e-02 2.266634404565051e-01
-1.877424629905812e-01 -1.778224764546636e-01

77
9.976820583932061e-01 -5.089539122932678e-01
1.807590980549218e-01 6.492936673546299e-01
1.058043498545191e+00 -8.334855936733312e-01
4.258669218105336e-01 -2.087223518203258e+00
-9.701629068294700e-02 5.532695475401335e-01

78
-1.147119433346753e+00 9.705916289887090e-01
-2.272678393853188e+00 -5.587692376853797e+00
-1.902073846447705e+00 6.067476511447983e+00
1.381913421012562e-01 9.796868712555317e-01
1.293031787963917e+00 -7.274461613415714e-01

79
-2.284194906108787e-01 -1.373698544049429e-01
3.148720457770262e-01 -8.792723259695194e-01
-1.119449841476097e+00 -3.285566435755775e-01
-1.282773362068386e-01 -1.447393841081825e-01
-1.712143428484895e-02 2.461454000462627e-01

80
-2.848783528549288e-01 -2.904651071180776e-01
-3.163647251721555e-01 -4.712115119773994e-01
-1.547882153555540e-01 3.464945236315467e-01
1.442024274802864e-01 -2.542826645054206e-01
2.352504723427065e-01 -3.490391044034450e-01

81
9.769415511442874e-01 2.491621276828345e-01
-1.463044009624755e+00 -3.856242374555364e-01
9.126985224385367e-01 2.140204227253683e-01
-7.437814207419541e-01 1.316285624496063e-02
-6.370244793000763e-01 -3.485491898015288e-01

82
1.106565896972844e+00 -8.564498428201887e-01
1.098328507084986e+00 -1.262978551948180e+00
3.763154527884813e-01 7.395700192720128e-01
6.902509727855016e-02 -2.677565086081379e+00
-4.776839462477834e-02 7.415528941342620e-01

83
2.030156567317639e-03 1.005029169216427e-03
3.329512208660852e-02 4.911180466803653e-02
-3.172375682435472e-02 -4.832549980370572e-02
5.032689426462885e-01 -3.153164022703757e-01
-3.669932732340455e-01 -3.257186198372599e-01

84
4.475978024240458e-01 1.843047338700062e-01
-7.177108759176726e-01 -2.939471385796968e-01
-1.200780964169786e-01 -5.812495154588190e-02
-2.184605014930837e-01 -5.126458376394752e-02
-2.121909851369443e-01 -1.221661941742899e-01

85
3.406425572067095e-02 1.529468649661979e-01
-5.132600991797213e-01 -6.845557593475265e-02
-4.117263500951678e-01 -4.646543929031172e-01
-4.554530141374228e-02 6.409978043572255e-02
-6.043990606765856e-02 -1.137298081804792e-01

86
1.625670810136264e-01 1.393221561284291e-02
-6.691107507244942e-01 4.741761488948097e-01
-3.085662015023723e-01 -7.308341126245433e-01
2.941673430995357e-02 1.570477039241325e-01
8.364595337163198e-02 -1.314614429007659e-01

87
-3.107466926635396e-02 1.864605670849213e-01
-5.607223454019979e-01 -2.369699426177329e-01
-6.304836768813795e-01 -4.049818467894056e-01
-6.761440183024113e-02 6.144092384652827e-02
1.173588496772222e-01 -1.630769598994106e-02

88
-1.309237340455166e-01 -1.284188956000773e-01
4.737497621348438e-02 -9.419328254656515e-01
-9.404455565560750e-01 2.251192585900111e-01
2.380285749211847e-01 -2.859776523976194e-02
-2.920245795473140e-02 2.385258870129229e-01

89
-1.862425774047993e-02 1.816883370915781e-01
-4.931509677190788e-01 -1.271291486024056e-01
-3.066219771800092e-01 -6.618956441859605e-01
-3.323870680676911e-02 -1.448416181914383e-01
-6.786298909317165e-02 6.053816154347692e-02

90
-1.770009357290178e-02 -1.605463659068876e-02
6.527349371887117e-02 -5.806755669655286e-02
-7.949200762675317e-02 4.536343160665662e-02
7.035345260832797e-03 6.894083169578095e-03
-5.207713161274851e-01 -7.587219708720033e-01

91
-5.124790654813453e-01 -7.324892901576749e+00
2.450591828148825e+01 1.921777052228020e+00
-2.215706721649330e+01 -7.373760415866125e+00
2.473214616638814e+00 1.222711132753773e+00
-1.147191365595907e+00 3.803702250768242e+00

92
-2.099267605900113e-03 1.400516577573165e-03
-1.661179838751699e-02 7.934543631771372e-02
1.498775936284970e-02 -7.826905586194140e-02
7.936102164887592e-01 1.821638940803967e-01
-7.939983645658673e-01 -1.819043254192244e-01

93
-7.728309414612274e-02 1.179549622396177e-01
-7.952904113308202e-01 1.905060867750586e-01
2.974855653005709e-01 -6.701505550148374e-01
1.518583586252129e-01 -1.315185235435282e-01
-1.455269395760194e-01 -8.889736742875431e-02

94
-7.502494540933033e-01 8.868927145989571e-01
-9.423203825918571e-01 1.066871683638283e+00
5.194360303830006e-01 -1.132800328938601e+00
1.731585701632376e+00 -7.637595944523936e-01
1.298959013078701e-01 1.215120213651145e-01

95
-2.205838279139535e-01 4.136079497260209e-01
3.024904784442473e-01 -5.801201028682800e-01
-1.515493636515092e+00 -3.699858598807894e-01
1.394582045754082e-01 -2.652453722363183e-01
1.418449438389286e-01 1.025555208549281e-01

96
1.830695213433100e-02 1.652444935431255e-02
-6.674287490678334e-02 5.960160763605845e-02
8.037718505336422e-02 -4.711685758532035e-02
-5.758184885497490e-03 -6.812324786186807e-03
-5.362155324148885e-01 -7.701012280899440e-01

97
-3.723048694410064e-02 1.756048065824621e-01
-3.740466356931692e-01 -2.490390114968018e-01
-5.649527315961161e-01 -4.080315808897513e-01
1.042576604192190e-01 -1.138876577022559e-02
-6.247132435153969e-02 4.953758367967836e-02

98
-1.201334562238623e-03 6.186194564463011e-01
-1.069811032823521e+00 -1.267341506639124e-01
-4.150730094928327e-03 -4.433268323420858e-01
1.451028580395262e-01 -2.019634910020203e-01
-2.622832231664369e-02 -1.086594417932315e-03

99
5.967691446788717e-02 7.322919137892714e-02
-2.356857264655617e-02 6.106814782833174e-02
6.385849858639382e-02 -1.095360002234844e-02
2.468822857311586e-02 -4.158955903212835e-02
-5.814556207009464e-01 -7.871703370013612e-01

100
8.272986665721074e-04 7.990672508920270e-04
5.046923001168165e-02 -9.225818000927168e-03
-4.983129830538464e-02 9.844334331072241e-03
-8.251776398946356e-02 -5.106040440502474e-01
-1.210495276368340e-01 -7.484364906723465e-01

101
-6.056355127327948e-03 4.698857212168044e-02
-1.189590555752861e+00 4.695272694812294e-01
1.184805338047175e+00 -4.330384276538179e-01
4.237673915345733e+00 1.217238195260452e+01
-1.063887732378953e+01 5.232360837648725e-01

102
2.337932559123911e-01 -3.057587059097464e+00
-1.381511740840700e-01 -4.280060564986310e+00
2.341148394106758e+00 1.789726858238610e+00
-4.086735270529500e+00 1.497448269280340e-01
-1.329081416279395e+00 -7.367121937232989e-01

103
-2.307104483406577e-03 9.622574664710828e-03
-7.000207534501797e-01 6.373017832152396e-01
-2.012428011602682e-01 -9.242478617213862e-01
1.120724191158688e-01 1.666939963731282e-01
1.025138911595548e-01 -1.607889881597211e-01

104
1.415233364032016e-01 1.471202609368830e-01
-6.034450725894864e-01 1.618792317251248e-01
-3.329494562133598e-01 -6.952399801353818e-01
-1.503905135144853e-01 -1.136781885467813e-01
9.899640096514006e-02 -8.757023517910170e-02

105
-5.201210673215716e-01 -4.560787172124691e+00
1.610772698329488e+01 -3.077329003371330e+00
-1.587351326998143e+01 4.690437844375809e+00
2.089539480683460e+00 1.780615676967590e+00
-1.939135220700373e-01 -1.499181559007249e+00

106
1.545843297769424e-01 -3.950563276815345e-02
-7.842677251010388e-01 2.555971226392710e-01
9.085322054175039e-02 -6.724964154960287e-01
-1.211545590366703e-02 1.945026759702783e-01
-2.042134667752986e-01 -6.514454706727607e-02

107
-7.794008978902185e-02 -7.528931551229555e-01
4.522844244111310e-01 -2.871923617414350e-01
-4.874298063406908e-01 -2.179951356587518e-01
3.744779760159920e-01 1.011233262974167e-01
-3.504243214193403e-01 1.747566856698453e-01

108
-1.728708856252265e-02 1.571820253577100e-03
-1.212138105632693e+00 1.307922788760619e-01
4.917197056778337e-01 -1.114281878624132e+00
-2.166610070007284e-01 -1.407644409683473e-01
2.403651906201122e-02 2.512692368203319e-01

109
6.643291773117160e-01 5.781532862377551e-01
-2.113164686256039e+00 2.611176295129568e+00
1.643661177415083e+00 -2.803048802243551e+00
2.528806681498307e-01 1.886635395652629e-01
-5.418418505309456e-01 4.675328977798182e-02

110
2.082400496462385e-01 1.166139336059611e-02
-1.092628929412187e+00 -2.704699184510327e-02
3.911074997081914e-01 -8.058363797505254e-01
-2.281152379304590e-01 -1.548384747575930e-01
-8.515380600483304e-02 2.342198144884875e-01

111
3.809712720211124e-01 3.293432310459827e-01
-5.229137557342485e-01 5.767340855579970e-02
-4.866722463857350e-01 -5.266239634586805e-01
-2.645266485822444e-01 -2.320285245907090e-01
4.241150592292119e-02 -1.434044366249383e-01

112
1.219917696904721e-01 3.232940795262036e-01
-1.264763799696002e+00 8.486858467974129e-01
4.444585305515152e-01 -1.491652347927849e+00
1.177488974376651e-01 -3.183501525092767e-01
1.329424247094516e-01 2.047939456585756e-01

113
-9.453292430362809e-04 2.018246272924563e-03
-3.354634250082581e-02 -4.727649438315429e-02
3.281348905438490e-02 4.883075553189749e-02
4.958632558869656e-01 -3.225400249479869e-01
-3.708089660062262e-01 -3.178558587740820e-01

114
2.618698883980660e-01 9.877110515703701e-02
-2.208681875803721e-01 -2.594313681203347e-02
-5.593346332495667e-01 -4.648734451315246e-01
-1.624862851803510e-02 -6.067488763917381e-02
-1.551151910072287e-01 -2.811459029625265e-02

115
-1.407471075550316e-02 4.585828392673126e-03
-9.185586291056809e-01 3.068540793336100e-01
1.922926849205408e-01 -9.478993943172993e-01
1.620112836991546e-01 -1.332440488167022e-01
5.830813588710708e-02 2.155465694179322e-01

116
-1.764743838880562e-02 -1.602499631227014e-02
6.520564193076996e-02 -5.711794484704032e-02
-7.938359501001742e-02 4.444086527848751e-02
2.065974482607552e-03 -7.687951545599330e-04
-5.138414698544176e-01 -7.612834396294186e-01

117
-9.051696027522785e-01 8.867077868177484e-01
-2.614058235535430e+00 -3.646773639150022e+00
1.563784502314627e+00 3.844532672746625e+00
6.607272807203277e-01 -2.804535256909206e-01
-1.359376247399925e-01 -4.922304025253332e-01

118
6.215772038549981e-03 1.208356182507318e-02
-7.719314779107241e-01 3.359522434992400e-01
9.576118142721807e-02 -8.376218202752490e-01
4.413786492926143e-02 1.708867167307463e-01
-1.775727673473442e-01 -7.153543923886391e-02

119
1.758175871080936e-01 2.100311335598847e-01
-7.077476457417969e-01 1.075771855785103e+00
-9.943169349984993e-02 -1.206639245291089e+00
1.604197628205660e-01 9.601018581889355e-02
-1.898775594669307e-02 -2.650737473614873e-01

120
-2.414110912893503e-01 -3.431736904284461e-01
2.445588280667863e-01 2.867360967928854e-01
-7.808363556642062e-01 -1.093740354720216e+00
-3.334340888892474e-02 4.982818892519495e-02
2.582138339772357e-02 -4.455311504620062e-02

121
-3.350877623871730e-01 4.502042658656604e-01
2.484250161676948e-01 -4.078312745674648e-01
-1.544151557529625e+00 -2.843854369017562e-01
1.245357035944619e-01 3.400153863048749e-02
1.072509780526598e-01 -2.315180705417983e-01

122
6.566212525848790e-01 -7.146493197608984e-01
-9.823245059727895e-01 1.070118521826664e+00
1.290789732020173e+00 -1.400275671971059e+00
1.747718301780685e-01 -1.928344790815865e-01
-4.162175557393331e-01 4.519887218343592e-01

123
1.632041522964277e-01 -2.727505974959493e-01
-1.598474439205964e-01 2.175228977347768e-01
-4.532862903216010e-01 -7.694788700767068e-01
4.479096362235032e-02 5.677302783825668e-02
-1.000395503666903e-01 1.063859937087880e-01

124
-1.863173446930111e-01 -4.390995758895943e-01
-1.230444838573233e-01 4.273219870850538e-01
-2.212115023926719e-01 -5.917884919463311e-01
8.465956140382003e-01 5.962915463672877e-02
-6.082573479784849e-02 2.077146200212346e-01

125
1.759967628324755e-01 3.740247002284837e-02
-2.657318604096792e-01 -5.056115354673401e-01
-6.678668651246632e-01 6.177450307938027e-02
-1.208453364439326e-02 1.056817676536190e-01
-1.503389164777005e-01 -4.982427205881305e-02

126
-2.686067559028925e-01 -9.853710267773029e-02
-3.613452684752165e-01 2.838010191425029e-01
-3.346614905326267e-01 -1.132852921868093e+00
1.526632435486941e-01 -1.248450289832028e-01
1.360059739367042e-01 1.724758286204630e-01

127
7.003708690628417e-02 -1.110955222532503e-01
-6.764371316857026e-01 1.987466797647684e-01
2.490302260372247e-01 -5.915300420143910e-01
1.122384622649010e-01 -7.579168526339569e-02
-1.538663019669981e-01 -3.949848440771663e-02

128
-1.923513951898859e-01 -3.262192229048840e-01
1.460680270904569e-01 3.065670696374527e-01
-5.740542780981261e-01 -1.066533176533966e+00
5.301872808447364e-02 -7.214997560941736e-03
-4.703109324458025e-02 4.199295300194356e-03

129
-9.930674492818925e-03 7.854925094737786e-03
4.863352310411699e-01 -1.168407947649836e+00
-1.254438618465588e+00 1.637252581887814e-01
-8.422328390391953e-02 -2.575392244374592e-01
-1.610244404197596e-01 1.698924379583943e-01

130
5.120285448193455e-01 3.416670807877703e-01
-4.827728298281619e-01 -3.217532089434136e-01
6.107020438190890e-01 4.084389648241569e-01
-9.022565046831391e-02 -5.865519978698776e-02
-1.033728895753697e+00 -6.940579478650714e-01

131
7.627298412092245e-02 -2.908017503529745e-01
-1.109357175154795e-01 4.068109947873860e-01
-5.143161509017437e-01 -9.833612371104119e-01
-5.070551297644789e-02 1.868439338554761e-01
-9.871476905823739e-02 -2.614061507915745e-02

132
-3.662972267700483e-01 -8.502376120095553e-01
5.171082357887793e-01 1.206421568242483e+00
-6.913488775548340e-01 -1.616365200311826e+00
2.423681505313427e-01 5.612446503278289e-01
-1.062615166097843e-01 -2.409092569636482e-01

133
-3.509719762226169e-01 1.213738883517128e-01
4.909341738617927e-01 -1.723155868274653e-01
-1.242797429643887e+00 -5.833184328163190e-01
2.252071561786506e-01 -7.948447115280285e-02
-4.208142115989823e-02 -1.202120714285793e-01

134
-1.831877637654814e-01 2.318224809854008e+00
2.000527891935333e-01 -2.757027488688157e+00
-2.189239251040528e-01 2.683735034587894e+00
2.873319920572077e-01 -3.099572539545612e+00
7.000644973946708e-02 -1.089266317932272e+00

135
4.849937806417689e-03 -8.270495267872650e-03
-8.684511527375081e-01 3.847070170600411e-01
1.016407817061627e-01 -9.440935820909729e-01
-1.966236515519262e-01 -5.160243410895980e-02
1.207431890393348e-01 -1.272216317430577e-01

136
-8.203952038029685e-02 -1.280038265059360e-02
1.948254054643964e+00 -6.258430376715484e-01
-2.011576181203937e+00 6.156611635019396e-01
5.722555949658500e+00 2.022287384210837e+01
-1.735642247701455e+01 -1.811537089609546e-01

137
-1.458998754376172e-01 2.601421128169585e-01
-2.622396854369753e-01 -1.570731249795891e+00
-9.484909786102514e-01 1.094688588799977e+00
-3.182323074623310e-02 3.021197411904882e-01
-2.404399496116046e-01 -2.642489553328782e-01

138
-1.547782315808975e-01 -3.574536616153203e-01
3.579553825498765e-01 -5.171685682655625e-01
-1.558366606468808e+00 -4.212168796715632e-01
-1.579793976564340e-01 2.188066264915947e-01
2.466310816640320e-01 1.715821366039718e-01

139
1.367663476594051e-01 -7.168275300798290e-01
5.923196638258685e-01 3.368139850700562e-01
-1.386513573785616e-02 -1.016092235862191e+00
-5.253254695834539e-01 -8.626463291690718e-02
-6.106306520386566e-01 -4.432990274935611e-01

140
4.439171827512597e-02 -3.992020273980887e-02
-5.408241600149623e-02 5.213579461958766e-02
9.121520287417362e-02 -8.039402785074229e-02
7.183811878431323e-03 -8.109464064686546e-03
-5.472976742243868e-01 -6.920913244766629e-01

141
1.272739717907411e-01 3.541898152651046e-01
-6.141900898715224e-02 -2.886300349620318e-01
-1.217077334127615e+00 -4.321247410576567e-01
-7.547196560792081e-02 -2.409859369625905e-02
3.275812646862499e-02 1.067330038128365e-02

142
2.663948447941064e-01 1.783594386980346e-01
-1.728191740841950e-01 -1.905789796264835e-01
-7.871423955730893e-01 -2.373729000976795e-01
-6.663843226515591e-02 2.546098211331062e-02
-1.314508669737422e-01 -1.251521806280282e-01

143
1.681045937977362e-02 1.670702988438715e-02
-8.374081952790838e-01 -1.317249532966408e+00
-7.232899995308814e-01 1.381484841137376e+00
7.543208116993871e-02 3.199253264445854e-01
2.756182190843313e-01 -2.299347423019902e-01

144
1.981189058474330e-01 5.014133305150411e-02
-5.890718588918524e-01 -7.803313366161524e-01
-6.793509200902065e-01 6.921541977310227e-01
3.387011539676529e-02 1.765921808701603e-01
9.385942387484301e-02 -1.572663582584022e-01

145
-3.966783437888968e-02 -6.795759896073590e-02
-5.775145186838514e-02 9.827771540800704e-03
2.386615994487935e-02 -6.895585594333135e-02
4.200531599550158e-02 -8.314938582052626e-03
-4.536705195710600e-01 -6.566068865237030e-01

146
6.197441125749784e-02 8.455680721756659e-02
7.231942007819371e-02 -7.724864173374145e-03
-3.021205940080108e-02 6.531253598956101e-02
-5.150411690152536e-02 1.482638163201850e-02
-6.343911707960284e-01 -8.804028389501700e-01

147
-9.571564086470219e-02 -6.433590283731915e-01
-4.264532225262965e-01 -1.755925755549958e-01
3.778034583632292e-01 -2.568394753496990e-01
3.249287788070302e-01 7.054555439665897e-02
-2.947096694584720e-01 1.654513258702051e-01

148
1.558945045658814e-01 2.263066968304598e-01
-2.151211964432562e-01 -3.078251515959872e-01
-7.590879029535147e-01 -4.353292778317102e-01
-9.934541257847607e-02 -1.448677181606507e-01
-5.485860647037511e-02 5.916660247525619e-02

149
2.062514254582859e-01 -2.610406863474229e-01
-2.937860199080681e-01 3.606289127421993e-01
-6.409705329868213e-01 -9.074124147329093e-01
-1.335417643041502e-01 1.658737370950102e-01
1.077461289001431e-01 6.272873741197381e-02

150
4.037573641087318e-01 2.768302036908052e-01
-5.922923865831645e-01 -3.308612445454119e-01
-4.347770698563482e-01 -1.123530948933112e-01
-2.500448460644431e-01 -1.857631862846326e-01
-1.738522987350074e-02 -9.198825831988319e-02

151
5.437497490539739e-03 1.879966221202183e-02
-1.120774279710039e-01 -1.362312433460912e+00
-1.123422464849961e+00 7.766889454911543e-01
-2.101308683650638e-01 -2.062657094918545e-01
2.792757576993085e-01 -4.570919918592716e-02

152
-5.522030969537565e-03 1.051198406084900e-02
6.197540410050828e-03 -1.209519221789229e+00
-1.049493053505503e+00 5.992879816457097e-01
2.546267343736629e-01 -5.072702886501042e-02
-5.309585052098026e-02 2.321452761180205e-01

153
5.385718855118304e-02 -5.940627659014461e-02
-4.990163952061871e-02 5.491300176779903e-02
9.737088564615073e-02 -9.715300610614655e-02
-5.282700127082749e-03 7.270685812380350e-03
-5.615645865914912e-01 -6.816422908427401e-01

154
3.145644003864782e-01 2.039360925058055e-01
-4.447073572746543e-01 -2.113820767282954e-01
-3.617401338602090e-01 -8.978474031246594e-02
-8.050471451251328e-03 -6.705290088917502e-02
-1.932071900970099e-01 -1.417664888056253e-01

155
-4.864540318638068e-02 2.947775748789890e-02
6.890625226244622e-02 -4.152406635528932e-02
-1.049005535262722e-01 6.716789110153004e-02
3.191021165964433e-02 -1.929993014330520e-02
-4.871620202857236e-01 -8.016724461235971e-01

156
6.665234917204226e-02 3.179784599155491e-01
-9.573540029098930e-02 -2.772103543322184e-01
-1.007355226118663e+00 -4.089153547866655e-01
5.399002766908689e-02 -4.895362311860765e-02
-4.925757240256735e-02 3.010924409529134e-02

157
-1.221045365949714e+00 -1.095965164784499e+00
-1.075812165971360e+00 4.197650862869375e-01
2.443996912971452e-01 -1.130322267046061e+00
-3.003327196611731e-01 7.853152734058645e-01
7.521776796902329e-01 -3.918146559204588e-01

158
6.161215741289634e-02 7.391640396938388e-02
6.562457332669314e-02 -1.129959327935971e-02
-2.404585493364015e-02 6.193026053254125e-02
2.452351186231238e-02 -4.287359951912969e-02
-5.979880506558949e-01 -7.992059050002490e-01

159
-3.650790284671143e-01 1.083260410480710e+00
2.784768872361625e-01 -8.939102618341397e-01
-1.946792171753074e+00 1.425035466166209e-01
3.032749834386879e-01 -2.053572499330042e-02
-4.167547918664669e-02 -2.501746890188677e-01

160
-5.784011096633693e-02 3.272002366757707e-02
7.427985310704639e-02 -3.862685322154008e-02
-1.170254858391707e-01 6.772487658379354e-02
-1.109169960223313e-02 4.851692891002017e-03
-4.893310491055898e-01 -8.485044027043115e-01

161
1.405887281227239e-02 -3.514592859158918e-03
-9.041522166709323e-01 3.143100522334693e-01
1.785337944205370e-01 -9.392876426065504e-01
1.535763128432340e-01 -1.305202304264650e-01
5.323950041900423e-02 2.133910857126706e-01

162
1.099090787565388e-01 9.731613212792409e-02
-4.664219999441070e-01 4.811138679867774e-02
-2.612519020327740e-01 -4.828595909636983e-01
6.452060910046226e-02 -5.735579451805548e-02
-1.048094296368196e-01 -7.596966230120981e-02

163
2.479392328813277e-01 -6.020604708110054e-02
-1.856690838793707e-01 7.236017579981878e-02
-6.801418164251370e-01 -5.472313990811990e-01
-4.229833024984521e-02 -3.359612476585605e-02
1.793082473618823e-02 1.429610667370374e-02

164
-8.075765605541614e-02 3.477392850068243e-02
7.473227214515489e-02 -3.221518629223180e-02
-1.350099779793573e-01 6.640317194362488e-02
9.350403888448404e-03 -3.168201986158508e-03
-4.604298883043987e-01 -8.458067286079096e-01

165
2.544007420381768e-01 -3.484978667008053e-01
-2.153274950582779e-01 2.805757120647658e-01
-3.805562905699878e-01 -6.326830375267134e-01
5.937300474945058e-02 9.715913893580309e-02
-8.349828939904336e-02 4.303524990385699e-02

166
5.961878030300653e-02 8.330015286945672e-02
-2.975834897535063e-02 6.432160350687165e-02
7.030904936553641e-02 -7.612778144021757e-03
-5.069995618312997e-02 1.371258269535553e-02
-6.150216534767237e-01 -8.649074408509325e-01

167
2.324736587488395e-01 6.646459696065060e-01
-1.178133905784580e+00 2.671776218042223e-01
-1.738975825732816e-01 -4.782916925577512e-01
-3.029027507433506e-02 1.070333458211174e-02
8.363121986005227e-02 -2.728474965720935e-01

168
2.242793064485466e-03 -9.013074150673815e-03
-6.951513811298786e-01 6.303548949446719e-01
-1.977322103828834e-01 -9.165856209448718e-01
1.090807628961636e-01 1.695254509568951e-01
1.018564026073435e-01 -1.552015240520463e-01

169
4.192964223017959e-02 -3.672910552899854e-02
-5.938524093065579e-02 5.184815175058392e-02
9.411863289716065e-02 -7.803010371545181e-02
-2.745286016029410e-02 2.411194803270123e-02
-5.644163785847381e-01 -7.278854889039128e-01

170
3.749532704280194e-01 8.294621845081825e-02
-4.694490376671026e-01 -1.843083606781798e-01
-3.363237896097505e-01 -1.919234513636435e-01
-5.331693850816165e-02 4.249103011030898e-02
-2.415385824176350e-01 -3.867905592710216e-02

171
2.183244376433191e-01 -9.509374170387355e-02
-2.055870642858702e-01 6.126777811800508e-02
-6.550894367054346e-01 -4.482140195332384e-01
-6.191898835248209e-03 5.277267667038384e-02
-3.625295443155320e-03 -4.204324829767545e-02

172
2.359196853989709e-01 3.053729979059667e-02
-3.222645120485695e-01 -4.666494378403555e-02
-6.242893355184320e-01 -4.406073018869518e-01
-1.507311168698686e-01 -1.963508847710903e-02
2.482677022769774e-02 -6.581871618533498e-02

173
1.711843179219542e-02 -9.518782353455318e-04
-1.194468085335143e+00 1.487436773941630e-01
4.672891433176868e-01 -1.108080130485894e+00
-2.207786958029999e-01 -1.357759589779910e-01
1.974938627294221e-02 2.475721564670618e-01

174
4.754090752339029e-01 1.548111108745287e-01
-6.344434788975348e-01 -2.855280939905591e-01
-3.725548030049952e-01 -2.741017286583730e-01
-3.051056056121526e-01 -8.645526604984544e-02
-8.323223690267174e-02 4.311065314723282e-02

175
-5.831779960788357e-01 1.670231885896678e+00
9.317246482602784e-02 -1.899173442233422e+00
-7.644937999596382e-01 2.035349620250811e+00
2.095799919923913e+00 -1.993644031462507e+00
1.953638329105001e-01 1.801400776344431e-01

176
1.443202281248476e-01 5.697001345134969e-02
-7.152718131638902e-01 1.881390505506443e-01
-8.362736370685218e-02 -7.297825843769489e-01
9.960408401839008e-02 -9.181469419605418e-02
-1.388472126195707e-02 1.377484027762814e-01

177
-2.116062395216516e+00 -1.100871138594948e+00
-9.043668528485199e-02 -1.684685240362892e+00
-1.338594163741991e+00 9.882463248353169e-01
-1.449293848112476e-01 1.211296922688281e+00
9.245712005383245e-01 -8.243475823703891e-01

178
2.911724771521344e-01 2.296402389111659e-01
-3.709558715989702e-01 3.685049026069406e-03
-3.891047145833172e-01 -3.291885814665478e-01
1.384050257497787e-02 -9.378386812686938e-02
-1.907104446804728e-01 -1.586071521851575e-01

179
-1.771419796751061e-02 -1.632679779034051e-02
6.545610461082853e-02 -5.737992603854770e-02
-7.969065579361570e-02 4.445580422120883e-02
4.264847681226239e-04 2.719668858118092e-03
-5.161270386188939e-01 -7.628859101411836e-01

180
1.259914025419174e-01 -3.534834573814651e-01
-5.509539112288437e-02 -3.397926678883341e-01
2.516972008511343e-01 -1.059260500283804e-01
1.211337008916819e-01 -6.570634979732667e-01
-2.136602748970362e-01 2.023921553748195e-02

181
-1.537346406020435e-01 -3.549837410197552e-01
-2.907357823267675e-01 2.276988192905993e-01
-9.410044918750214e-02 -5.332191256172315e-01
2.192056306699879e-01 -3.455339062361225e-01
2.688038142549344e-01 -7.145771852714557e-02

182
-4.263860708496384e-02 -4.140952215801894e-01
-2.484619422241917e-01 -1.686075829107148e-01
1.473587833585058e-01 -3.624420049623751e-01
6.291144977034291e-02 -7.342465994605361e-01
2.275763850946599e-01 8.705037629100583e-02

183
2.630175768262513e-02 -1.379409540604259e-01
-4.469633299573921e-01 -9.922979874629219e-02
-1.477348078898940e-01 -5.747374727558168e-01
-1.514881528576992e-02 -7.921179935560618e-02
-8.624288338783284e-02 9.020238491460862e-02

184
-1.051719896386753e-02 -2.086338185235567e-02
-7.292533082617955e-02 4.219726293534665e-02
6.459872532785253e-02 -5.889810670372934e-02
2.378066900161594e-03 9.352770260881603e-04
-4.999040092026489e-01 -7.336206085521010e-01

185
-7.864197853843516e-02 -1.599962267636955e-01
-6.035603503132283e-01 1.359817982692972e-01
-1.256776458090994e-01 -7.706405360172854e-01
-8.848970811739723e-02 -9.415109207613399e-02
1.650464054625625e-01 3.631409517127247e-03

186
-3.673571098339047e-02 -2.779529305983283e-01
-1.047744801485821e+00 4.410770638025998e-01
5.397436589539640e-01 -1.059150040574690e+00
1.457178047857501e-01 -1.191291348658964e-01
8.662845167576520e-02 2.655278111023390e-01

187
-7.078899077934744e-03 -3.000173039187171e-01
-1.762789967943779e-01 4.294831206387790e-02
6.075344245192051e-02 -3.565471467134886e-01
4.445717063340033e-01 -3.578929379191277e-01
-1.182880592588378e-01 9.323931809531982e-02

188
-9.048314069846683e-02 -1.424629608312517e-01
-3.223176123027171e-01 1.353689440311920e-01
-2.094550659185510e-01 -6.560105369775134e-01
1.215917590828801e-01 -1.510498255271820e-02
-7.870719645716344e-02 -5.080214559105809e-02

189
-1.863129710904895e-01 -3.061247951944766e-01
-1.291980567859760e-01 3.017085216220854e-01
-2.117142790628952e-01 -4.421773686730031e-01
4.666827848255802e-01 -2.137643483223017e-01
1.221041221605182e-01 -1.184938407452767e-01

190
-9.764416972240013e-02 -2.205875367902578e-01
-7.723263928998277e-01 7.219512895446677e-01
1.435676868202757e-01 -1.002146102500198e+00
1.539457924402431e-01 1.807593743738166e-01
6.625643865803206e-02 -1.423150887942655e-01

191
6.542247862914256e-02 -1.394271133113250e-01
-3.578663546118758e-01 -8.128528950337248e-02
-3.760333752553555e-01 -4.738240216148711e-01
6.559518276078158e-02 7.398073359799133e-02
-9.567217742461405e-02 7.419523984380831e-02

192
-6.294311788479059e-03 -1.176397533801787e-02
-7.681128553686201e-01 3.237410627666293e-01
1.043269376146266e-01 -8.281564393694349e-01
4.370331413146604e-02 1.755404208119423e-01
-1.737323886735842e-01 -6.980271040862815e-02

193
-2.109987133272322e-03 -1.007280840488908e-03
3.130094572033153e-02 4.841896431332428e-02
-3.293306110600425e-02 -4.918940950899777e-02
5.028852539302524e-01 -3.118536631602504e-01
-3.642888314574603e-01 -3.257050470045974e-01

194
1.208777000846771e-02 2.297040620400114e-02
7.989508943554099e-02 -4.808661561714784e-02
-7.077688249448369e-02 6.525191409258163e-02
-1.781416112692991e-03 -5.340940699685964e-03
-5.573891612612483e-01 -7.971900588010299e-01

195
-5.522833350515204e-02 -6.430038724084265e-02
-7.910223855144330e-02 -3.976410738713810e-04
3.047873938214434e-02 -5.455347931396948e-02
-2.322448333716655e-02 4.055721572797341e-02
-4.629644956845440e-01 -7.227082943301737e-01

196
7.947061063939344e-02 -1.627276452067487e-01
-9.258597669157991e-01 4.056601191240791e-01
2.297465885871795e-01 -8.548486332687241e-01
-2.172302683125307e-01 -1.455075819999262e-02
1.282817796191878e-01 -1.289024864268924e-01

197
3.674275995891305e-01 -4.210229309237524e-01
-3.134039771825360e-01 3.316898202752627e-01
-3.961407286144775e-01 -7.861882141661229e-01
-1.097549344191951e-01 1.804014623617174e-02
7.445652968672503e-02 1.531927351228272e-01

198
3.619969408173123e-02 -1.602471087809098e-01
-4.516408150652924e-01 -1.987754123547133e-01
-5.066279471639273e-01 -4.266930409156894e-01
-9.276293837945032e-02 9.645425089913215e-02
8.784955378259481e-02 7.289580326947509e-02

199
1.219951428811940e-02 2.276509640293849e-02
8.015484991146805e-02 -4.875086359155933e-02
-7.095378915488004e-02 6.576732890547771e-02
3.103502689466924e-04 3.806820507630236e-04
-5.623664604694741e-01 -7.963210403724331e-01

200
-2.803078565577533e-01 -4.165244691529905e-01
-3.471173092450519e-01 -5.652921091424858e-01
-3.658952354478717e-02 4.644762390061131e-01
9.027518890004935e-01 -1.084988992558671e-01
-1.739044475139679e-02 2.463708032101257e-01

201
5.751898407602493e-03 -1.094590156692534e-02
5.406242574592763e-03 -1.193060352330373e+00
-1.034775378177252e+00 5.917660941576954e-01
2.493735049020774e-01 -4.494653822896463e-02
-5.548136192217899e-02 2.328825268724626e-01

202
1.684041903609767e-01 -4.219959454180146e-01
-3.974378654279008e-01 -6.205128547384374e-01
-1.540969379888387e-01 3.733473052935129e-01
1.268172234991072e-01 5.325470525503898e-02
-1.286426555572468e-01 5.480685593955882e-02

203
8.266254335509229e-04 -1.995080978707910e-03
-3.275984024278749e-02 -4.846182824654908e-02
3.339756005241382e-02 4.691093797244968e-02
4.925870530862216e-01 -3.227095949927116e-01
-3.706759555364695e-01 -3.153252790603022e-01

204
1.596340942314770e-01 1.072907725737833e-01
-2.289540872970949e-01 -9.448265082189522e-01
-8.405955390089102e-01 4.137666217969623e-01
1.445808266801890e-01 -1.216353982394243e-01
-2.177278087567776e-02 1.832752338135589e-01

205
3.245528040362917e-01 -1.474849927007368e-01
-1.536627602312587e-01 -1.661259046355652e+00
-8.459213373752827e-01 1.328353347245298e+00
2.415520047123924e-01 -1.992066372719456e-02
-1.736376740585408e-01 2.979934388581047e-01

206
1.298213065639075e-02 -2.038329115505982e-03
-7.167698262066710e-02 -8.160477343771435e-01
-6.713068208537859e-01 4.713327190005660e-01
1.650783091989855e-01 -4.746043066564196e-02
-1.476265995104094e-01 -1.123032043091451e-01

207
3.527312679098069e-01 -3.993233242832856e-01
-1.407533195177685e+00 -1.458960923936570e+00
1.142905082278205e+00 1.592747377727916e+00
1.372672501983935e-01 -1.304439983931802e-01
-3.270235075405645e-01 1.369668045410502e-02

208
2.864242928741658e-01 -4.408940315379069e-01
-1.512359851276669e+00 -1.724041933950620e+00
9.206934232305286e-02 2.360142552031223e+00
6.774379504980738e-02 5.076362128676881e-01
2.626106385332908e-01 -2.570495969986421e-01

209
-1.520029973035453e-02 -1.857767078330714e-02
-8.036982662920078e-01 -1.328251144014225e+00
-7.493268875502406e-01 1.357651899385045e+00
7.219091582930673e-02 3.284405350476712e-01
2.879200369555382e-01 -2.151837935827719e-01

210
1.838879061880106e-02 -2.084129790507544e-03
-1.062516927424776e-01 -1.077443388753639e+00
-8.812863335924914e-01 6.324867758031765e-01
-5.693959397894590e-02 2.242587322221531e-01
-1.934272546688248e-01 -1.716883444197450e-01

211
-5.717266525576818e-02 -5.017668531717568e-01
-1.743566887875290e+00 3.880849324179377e-01
1.477385449277959e+00 -7.277539876631310e-01
1.287526132835680e-01 2.517188684336757e-01
-1.635624992702240e-01 1.150120197323425e-01

212
2.388976253512348e-01 7.682733346181803e-02
-1.089466101953485e-01 -7.624448362708165e-01
-9.451983787356663e-01 -3.867603523410235e-02
-2.054751148629041e-01 -1.068640494463488e-01
-4.646775548393055e-02 1.570174857534828e-01

213
5.709392847347892e-01 1.763713508664626e-01
-2.907653746885684e-01 -5.688615881532251e-01
-8.278056353792203e-01 -1.526705134965318e-01
-4.008792704622244e-01 -1.181220992643196e-01
-1.113776796626934e-01 1.324313109777702e-01

214
1.253693174910239e-01 2.234589418747904e-01
-5.602932743154915e-01 -1.224271118684084e+00
-7.233286980024728e-01 8.318425976022120e-01
-2.929154086645088e-01 -1.725438259735041e-01
2.149133291035467e-01 -2.167086577995188e-01

215
1.444481763026530e-03 -4.396553128432686e-02
-1.056465463363907e+00 4.468330117528760e-01
1.057509516116291e+00 -4.807232342849925e-01
4.403275252424264e+00 1.083146449451675e+01
-9.604581918447749e+00 9.696236186836278e-01

216
-4.129536916936790e-03 -1.891486045535586e-02
-9.056330957097088e-02 -1.342153262852743e+00
-1.116529430374050e+00 7.480216913471991e-01
-2.018668044956913e-01 -2.012049924444810e-01
2.785092658655864e-01 -3.240155235937082e-02

217
-2.423374404312761e-02 -8.409467094540026e-01
-2.795404840692439e+00 3.569044521481659e-01
2.479384590566740e+00 -9.723302912503085e-01
-2.645096793797944e-01 1.624845121541830e-01
1.649590199717691e-01 4.182081627336143e-01

218
6.461094343584452e-02 1.482905384437307e-01
-2.434374570600860e-01 -8.050601388283607e-01
-5.100454140048599e-01 4.667730200719569e-01
1.496893932944458e-01 -1.280930084094682e-01
-1.784036583787382e-01 -1.258860041979490e-01

219
-3.639194369684754e-02 -1.023094114628969e+00
-3.645596504652834e+00 -3.153133347335698e-01
3.621647829020600e+00 6.514140883280254e-01
-4.009831644148713e-01 4.575428251814992e-01
-1.756689083470114e-03 -3.336272221157745e-01

220
1.197636664224708e-01 -7.153379090904540e-01
-2.079976137331447e-02 -1.013851385883614e+00
5.850157459635492e-01 3.476721546568305e-01
-4.879595986083558e-01 -2.424829178553901e-01
-6.761183039201261e-01 -2.531024364459183e-01

221
8.761145573132074e-02 -3.899881279712969e-03
2.042185240377797e+00 -1.059841684367809e+00
-1.974285164624822e+00 1.056509288511854e+00
1.019229778813956e+01 2.063279106917949e+01
-1.872682394744049e+01 3.284888129696546e+00

222
2.179406197604219e-03 -1.416077568339575e-03
-1.444087987938202e-02 7.811817832439948e-02
1.612825096819456e-02 -7.922175309883085e-02
7.935614078404921e-01 1.761138985558643e-01
-7.931587878331438e-01 -1.763745235239508e-01

223
-4.085928182200273e-02 -6.963724499389258e-02
2.329562868257631e-02 -7.109535771447541e-02
-5.817569164421967e-02 1.043144931620375e-02
4.362389960741932e-02 -8.565334713533230e-03
-4.682147648093797e-01 -6.642626561702066e-01

224
1.187050545159915e-02 2.284025612068106e-02
7.995973297034882e-02 -4.773279413867860e-02
-7.100165131643656e-02 6.480620904113969e-02
-5.088470830497152e-03 -7.480865759172534e-03
-5.547983201040746e-01 -7.993650302150660e-01

225
4.071280566337945e-01 6.832854838748212e-02
-2.868413761345258e-01 -3.070995778084153e-01
-5.585200679508822e-01 -7.617195680901073e-02
-6.429991244301982e-02 8.051809575975216e-02
-2.729815290388311e-01 -3.794710600375274e-02

226
2.714546318149257e-01 -3.360686058443125e-01
-6.251346451314300e-01 -4.114128152071467e-01
-1.994798836168886e-01 2.375679063303328e-01
-7.957500112450630e-03 1.713141050809993e-01
-1.599699676664249e-02 -1.035948601049254e-02

227
1.009772246421070e-01 -1.059453075308642e-01
-3.327027337146488e-01 -1.505711564133015e-01
-5.257227185719999e-01 -2.139293329400680e-01
3.979733949315792e-02 7.661253633324497e-02
5.816505177642267e-03 -6.491070769922304e-02

228
-1.630727334207086e-03 -1.957733664124900e-03
1.321979102382951e-02 -8.088985414627874e-02
-1.448238440335569e-02 7.938236330089204e-02
8.076840364357047e-01 1.623376762406875e-01
-8.079854822835895e-01 -1.627002421393264e-01

229
-6.526966165821916e-01 -4.605650668240073e-01
5.409300571887309e-01 6.710732915305481e-01
-8.137036455640678e-01 -5.466847405041420e-01
1.284998139576331e+00 1.999141285232300e-01
2.174341575962685e-02 -1.136196702292324e-01

230
-3.719701504430221e-04 1.053491008253526e-03
-4.936895717257347e-02 9.864822369200246e-03
4.908301833759333e-02 -9.050693016945612e-03
-8.218627728967805e-02 -5.011799464575536e-01
-1.203986209228833e-01 -7.346598445223133e-01

231
9.998941385432461e-02 -1.771533946755568e-01
-2.340085901761571e-01 -1.147633065634660e+00
-6.849876528519473e-01 7.962735707331217e-01
-6.845215117800708e-02 2.795497520837868e-01
-2.078261819436699e-01 -1.264618004138264e-01

232
-1.617243483667321e-01 -4.383401007698415e-02
-7.291458017404475e-01 4.426324442058371e-01
-2.286862586744674e-01 -8.500256089760228e-01
8.677865046004361e-02 1.993275416816002e-01
1.737440184197614e-01 -1.322897576009733e-01

233
3.560062175121347e-01 -2.786896100119571e-01
-5.305641731178518e-01 -5.605768471389507e-01
-2.614940078920800e-01 1.969358982275934e-01
-1.431577037965189e-02 -1.602705358751864e-02
-4.641824324803032e-02 1.747435431560772e-01

234
-1.056145287638247e-02 -2.075746769188092e-02
-7.327963064565252e-02 4.295683363148742e-02
6.491989631427579e-02 -5.957015470154107e-02
4.633416671319258e-03 8.368172829670626e-03
-5.059400087208876e-01 -7.332779908135256e-01

235
1.500979244138988e-01 -7.664755638175015e-02
-2.595052334930825e-01 -3.975392040599982e-01
-6.728202066509196e-01 -6.935700012297819e-02
-1.363549036057700e-01 1.817252860081164e-02
3.096567882282475e-02 -7.857914784570177e-02

236
4.400067265167159e-01 2.229774012275976e-01
-7.053449733491912e-01 -3.527197686670729e-01
-1.183793412596996e-01 -9.091780485924907e-02
-2.193214242062959e-01 -1.438202366375865e-01
-2.041325245542480e-01 -5.941908034932261e-02

237
1.058173888767673e-01 -9.151063340142135e-02
-3.553898715655849e-01 -2.769790488218837e-01
-4.881785807615588e-01 -2.623974590816999e-01
1.396327230859738e-02 -6.634339764239125e-02
3.427159115628973e-02 8.151001344547294e-02

238
-1.025130263926821e-02 -2.091106122444809e-02
-7.314533541698462e-02 4.209865102503645e-02
6.503775973331787e-02 -5.883511435284273e-02
-1.219030283964154e-03 1.927347514271826e-03
-5.003379063001270e-01 -7.364001247620684e-01

239
1.252445228331073e-01 -3.588774918506708e-02
-2.402937473347294e-01 -3.587481507384377e-01
-4.999170875475265e-01 -1.367641613333440e-01
2.991630118307865e-02 -5.836122563444419e-02
-1.072144893840986e-01 -2.798414701922479e-04

