4 4

13
1 1 0 0 1 0
1 0 3 0 -9136877266977587/1000000000000000 0
1 0 2 0 -316576197062457/62500000000000 0
1 0 1 0 -886986014594107/2000000000000000 0
1 0 0 0 7791860555390711/10000000000000000 0
0 1 3 0 -9136877266977587/1000000000000000 0
0 1 2 0 -316576197062457/62500000000000 0
0 1 1 0 -886986014594107/2000000000000000 0
0 1 0 0 7791860555390711/10000000000000000 0
0 0 3 0 1767630102607849/250000000000000 0
0 0 2 0 251828668519167/20000000000000 0
0 0 1 0 73402454894861/20000000000000 0
0 0 0 0 75771512821829/62500000000000 0

18
1 0 2 0 -9136877266977587/1000000000000000 0
1 0 1 1 -9136877266977587/1000000000000000 0
1 0 1 0 -316576197062457/62500000000000 0
1 0 0 2 -9136877266977587/1000000000000000 0
1 0 0 1 -316576197062457/62500000000000 0
1 0 0 0 -886986014594107/2000000000000000 0
0 1 2 0 -9136877266977587/1000000000000000 0
0 1 1 1 -9136877266977587/1000000000000000 0
0 1 1 0 -316576197062457/62500000000000 0
0 1 0 2 -9136877266977587/1000000000000000 0
0 1 0 1 -316576197062457/62500000000000 0
0 1 0 0 -886986014594107/2000000000000000 0
0 0 2 0 1767630102607849/250000000000000 0
0 0 1 1 1767630102607849/250000000000000 0
0 0 1 0 251828668519167/20000000000000 0
0 0 0 2 1767630102607849/250000000000000 0
0 0 0 1 251828668519167/20000000000000 0
0 0 0 0 73402454894861/20000000000000 0

18
2 1 0 0 1 0
2 0 3 0 -9136877266977587/1000000000000000 0
2 0 2 0 -316576197062457/62500000000000 0
2 0 1 0 -886986014594107/2000000000000000 0
2 0 0 0 7791860555390711/10000000000000000 0
1 2 0 0 1 0
1 1 3 0 -9136877266977587/1000000000000000 0
1 1 2 0 -316576197062457/62500000000000 0
1 1 1 0 -886986014594107/2000000000000000 0
1 1 0 0 7791860555390711/10000000000000000 0
0 2 3 0 -9136877266977587/1000000000000000 0
0 2 2 0 -316576197062457/62500000000000 0
0 2 1 0 -886986014594107/2000000000000000 0
0 2 0 0 7791860555390711/10000000000000000 0
0 0 3 0 480577893401017/50000000000000 0
0 0 2 0 480818499816993/125000000000000 0
0 0 1 0 1358101193752877/500000000000000 0
0 0 0 0 -2896148763672173/10000000000000000 0

24
2 0 2 0 -9136877266977587/1000000000000000 0
2 0 1 1 -9136877266977587/1000000000000000 0
2 0 1 0 -316576197062457/62500000000000 0
2 0 0 2 -9136877266977587/1000000000000000 0
2 0 0 1 -316576197062457/62500000000000 0
2 0 0 0 -886986014594107/2000000000000000 0
1 1 2 0 -9136877266977587/1000000000000000 0
1 1 1 1 -9136877266977587/1000000000000000 0
1 1 1 0 -316576197062457/62500000000000 0
1 1 0 2 -9136877266977587/1000000000000000 0
1 1 0 1 -316576197062457/62500000000000 0
1 1 0 0 -886986014594107/2000000000000000 0
0 2 2 0 -9136877266977587/1000000000000000 0
0 2 1 1 -9136877266977587/1000000000000000 0
0 2 1 0 -316576197062457/62500000000000 0
0 2 0 2 -9136877266977587/1000000000000000 0
0 2 0 1 -316576197062457/62500000000000 0
0 2 0 0 -886986014594107/2000000000000000 0
0 0 2 0 480577893401017/50000000000000 0
0 0 1 1 480577893401017/50000000000000 0
0 0 1 0 480818499816993/125000000000000 0
0 0 0 2 480577893401017/50000000000000 0
0 0 0 1 480818499816993/125000000000000 0
0 0 0 0 1358101193752877/500000000000000 0

