-2.6938770598339290e-01 -8.7687360109431867e-01
1.3505759473963510e+00 2.9538858383732525e-01
-2.5766628196817562e-02 7.0807125054846209e-01
5.2293850344470749e-01 9.7190235174151529e-01
1.3505759473963510e+00 2.9538858383732525e-01
-2.6938770598339290e-01 -8.7687360109431867e-01
-2.5766628196817562e-02 7.0807125054846209e-01
5.2293850344470749e-01 9.7190235174151529e-01
-2.6938770598339290e-01 -8.7687360109431867e-01
1.3505759473963510e+00 2.9538858383732525e-01
5.2293850344470749e-01 9.7190235174151529e-01
-2.5766628196817562e-02 7.0807125054846209e-01
1.3505759473963510e+00 2.9538858383732525e-01
-2.6938770598339290e-01 -8.7687360109431867e-01
5.2293850344470749e-01 9.7190235174151529e-01
-2.5766628196817562e-02 7.0807125054846209e-01
6.3045843423631798e-01 1.6337525062822340e+00
-8.2961960247584432e-01 1.7314503851601003e-02
-1.3645523576346227e-01 1.1149825893496881e-01
-1.1748904306437082e-01 -2.3403288139149939e-01
-8.2961960247584432e-01 1.7314503851601003e-02
6.3045843423631798e-01 1.6337525062822340e+00
-1.3645523576346227e-01 1.1149825893496881e-01
-1.1748904306437082e-01 -2.3403288139149939e-01
6.3045843423631798e-01 1.6337525062822340e+00
-8.2961960247584432e-01 1.7314503851601003e-02
-1.1748904306437082e-01 -2.3403288139149939e-01
-1.3645523576346227e-01 1.1149825893496881e-01
-8.2961960247584432e-01 1.7314503851601003e-02
6.3045843423631798e-01 1.6337525062822340e+00
-1.1748904306437082e-01 -2.3403288139149939e-01
-1.3645523576346227e-01 1.1149825893496881e-01
1.2185591946538843e+00 -4.0758369026399872e-61
-9.3767353321351798e-01 -4.9863662219035589e-62
-1.3823515864011623e-01 -6.6798534295210081e-62
-2.1231165415177213e+00 4.7046965539019685e-61
-9.3767353321351798e-01 -4.9863662219035589e-62
1.2185591946538843e+00 -4.0758369026399872e-61
-1.3823515864011623e-01 -6.6798534295210081e-62
-2.1231165415177213e+00 4.7046965539019685e-61
1.2185591946538843e+00 -4.0758369026399872e-61
-9.3767353321351798e-01 -4.9863662219035589e-62
-2.1231165415177213e+00 4.7046965539019685e-61
-1.3823515864011623e-01 -6.6798534295210081e-62
-9.3767353321351798e-01 -4.9863662219035589e-62
1.2185591946538843e+00 -4.0758369026399872e-61
-2.1231165415177213e+00 4.7046965539019685e-61
-1.3823515864011623e-01 -6.6798534295210081e-62
1.3505759473963510e+00 -2.9538858383732525e-01
-2.6938770598339290e-01 8.7687360109431867e-01
5.2293850344470749e-01 -9.7190235174151529e-01
-2.5766628196817562e-02 -7.0807125054846209e-01
-2.6938770598339290e-01 8.7687360109431867e-01
1.3505759473963510e+00 -2.9538858383732525e-01
5.2293850344470749e-01 -9.7190235174151529e-01
-2.5766628196817562e-02 -7.0807125054846209e-01
1.3505759473963510e+00 -2.9538858383732525e-01
-2.6938770598339290e-01 8.7687360109431867e-01
-2.5766628196817562e-02 -7.0807125054846209e-01
5.2293850344470749e-01 -9.7190235174151529e-01
-2.6938770598339290e-01 8.7687360109431867e-01
1.3505759473963510e+00 -2.9538858383732525e-01
-2.5766628196817562e-02 -7.0807125054846209e-01
5.2293850344470749e-01 -9.7190235174151529e-01
2.0200792311169953e+00 -2.9269752786864754e-61
-1.4744667202679325e+00 -3.9429952354487531e-62
2.3088370510663811e-01 -1.5997538622307198e-62
-6.4847676855745873e-01 -5.5190457359191271e-62
-1.4744667202679325e+00 -3.9429952354487531e-62
2.0200792311169953e+00 -2.9269752786864754e-61
2.3088370510663811e-01 -1.5997538622307198e-62
-6.4847676855745873e-01 -5.5190457359191271e-62
2.0200792311169953e+00 -2.9269752786864754e-61
-1.4744667202679325e+00 -3.9429952354487531e-62
-6.4847676855745873e-01 -5.5190457359191271e-62
2.3088370510663811e-01 -1.5997538622307198e-62
-1.4744667202679325e+00 -3.9429952354487531e-62
2.0200792311169953e+00 -2.9269752786864754e-61
-6.4847676855745873e-01 -5.5190457359191271e-62
2.3088370510663811e-01 -1.5997538622307198e-62
1.0055832511628731e+00 4.5059168320371659e-59
-1.4335846029769366e+00 3.4018668683369794e-59
-8.7605785093748856e-01 9.4595396858744664e-59
-5.7053698306894651e-01 -1.1367678475343045e-58
-1.4335846029769366e+00 3.4018668683369794e-59
1.0055832511628731e+00 4.5059168320371659e-59
-8.7605785093748856e-01 9.4595396858744664e-59
-5.7053698306894651e-01 -1.1367678475343045e-58
1.0055832511628731e+00 4.5059168320371659e-59
-1.4335846029769366e+00 3.4018668683369794e-59
-5.7053698306894651e-01 -1.1367678475343045e-58
-8.7605785093748856e-01 9.4595396858744664e-59
-1.4335846029769366e+00 3.4018668683369794e-59
1.0055832511628731e+00 4.5059168320371659e-59
-5.7053698306894651e-01 -1.1367678475343045e-58
-8.7605785093748856e-01 9.4595396858744664e-59
6.3045843423631798e-01 -1.6337525062822340e+00
-8.2961960247584432e-01 -1.7314503851601003e-02
-1.3645523576346227e-01 -1.1149825893496881e-01
-1.1748904306437082e-01 2.3403288139149939e-01
-8.2961960247584432e-01 -1.7314503851601003e-02
6.3045843423631798e-01 -1.6337525062822340e+00
-1.3645523576346227e-01 -1.1149825893496881e-01
-1.1748904306437082e-01 2.3403288139149939e-01
6.3045843423631798e-01 -1.6337525062822340e+00
-8.2961960247584432e-01 -1.7314503851601003e-02
-1.1748904306437082e-01 2.3403288139149939e-01
-1.3645523576346227e-01 -1.1149825893496881e-01
-8.2961960247584432e-01 -1.7314503851601003e-02
6.3045843423631798e-01 -1.6337525062822340e+00
-1.1748904306437082e-01 2.3403288139149939e-01
-1.3645523576346227e-01 -1.1149825893496881e-01
3.6224538506402648e-01 6.4402247959566505e-01
3.6224538506402648e-01 -6.4402247959566505e-01
-1.8441052126896129e-01 4.8093294251293001e-01
-1.8441052126896129e-01 -4.8093294251293001e-01
3.6224538506402648e-01 -6.4402247959566505e-01
3.6224538506402648e-01 6.4402247959566505e-01
-1.8441052126896129e-01 4.8093294251293001e-01
-1.8441052126896129e-01 -4.8093294251293001e-01
3.6224538506402648e-01 6.4402247959566505e-01
3.6224538506402648e-01 -6.4402247959566505e-01
-1.8441052126896129e-01 -4.8093294251293001e-01
-1.8441052126896129e-01 4.8093294251293001e-01
3.6224538506402648e-01 -6.4402247959566505e-01
3.6224538506402648e-01 6.4402247959566505e-01
-1.8441052126896129e-01 -4.8093294251293001e-01
-1.8441052126896129e-01 4.8093294251293001e-01
-6.5647242898723679e-01 4.2814334681329785e-01
-1.4282577672656274e+00 -3.6818638472404332e-02
-6.6945145537787742e-01 -2.0832374496952059e-03
-1.5735070708349400e-01 -1.7798620874521626e-01
-1.4282577672656274e+00 -3.6818638472404332e-02
-6.5647242898723679e-01 4.2814334681329785e-01
-6.6945145537787742e-01 -2.0832374496952059e-03
-1.5735070708349400e-01 -1.7798620874521626e-01
-6.5647242898723679e-01 4.2814334681329785e-01
-1.4282577672656274e+00 -3.6818638472404332e-02
-1.5735070708349400e-01 -1.7798620874521626e-01
-6.6945145537787742e-01 -2.0832374496952059e-03
-1.4282577672656274e+00 -3.6818638472404332e-02
-6.5647242898723679e-01 4.2814334681329785e-01
-1.5735070708349400e-01 -1.7798620874521626e-01
-6.6945145537787742e-01 -2.0832374496952059e-03
-1.4282577672656274e+00 3.6818638472404332e-02
-6.5647242898723679e-01 -4.2814334681329785e-01
-1.5735070708349400e-01 1.7798620874521626e-01
-6.6945145537787742e-01 2.0832374496952059e-03
-6.5647242898723679e-01 -4.2814334681329785e-01
-1.4282577672656274e+00 3.6818638472404332e-02
-1.5735070708349400e-01 1.7798620874521626e-01
-6.6945145537787742e-01 2.0832374496952059e-03
-1.4282577672656274e+00 3.6818638472404332e-02
-6.5647242898723679e-01 -4.2814334681329785e-01
-6.6945145537787742e-01 2.0832374496952059e-03
-1.5735070708349400e-01 1.7798620874521626e-01
-6.5647242898723679e-01 -4.2814334681329785e-01
-1.4282577672656274e+00 3.6818638472404332e-02
-6.6945145537787742e-01 2.0832374496952059e-03
-1.5735070708349400e-01 1.7798620874521626e-01
