0
5.815179200862475e-02 -4.855074160349249e-01
5.335292852102151e-01 -5.925615226887335e-01
-5.663874885538376e-01 -3.093170941953989e-01
7.818718534578302e-01 -7.338950897513201e-01
9.481996668782493e-02 -2.004103681816662e-01

1
-2.727354194798586e-01 2.217241215724155e-01
-3.013175187765462e-01 2.862481041333753e-01
-1.653023815639201e+00 6.302319491221520e-01
2.951648269099317e-02 -1.731703174220540e-02
-1.323951952609047e-01 -2.546328100274587e-01

2
1.118378656619257e-01 -2.106788300156142e-01
6.704250693438143e-01 -4.416164782179114e-01
-8.955421442649432e-02 1.528966889222970e-01
1.946659182528289e-01 7.738244763626331e-02
-1.802516110272669e-01 -1.005038375014681e-01

3
2.935945071302045e-04 3.784389192851863e-03
-4.237876916757201e-02 -9.395885507172387e-02
4.275402282622303e-02 9.856324094544118e-02
-5.232540958505996e-01 7.423631318958344e-01
7.104983223036031e-01 2.417997934267819e-01

4
-3.836953248734008e-03 -4.598892397923567e-01
4.485520388362585e-01 -6.601520910816062e-01
-6.125880673324332e-01 -1.945190594481790e-01
6.628672263489387e-01 -6.576024856111758e-01
-1.820689180437342e-01 -7.674161532874805e-03

5
2.762185456106154e-01 -4.632332139720864e-01
6.017717094160094e-01 -1.420711533153615e-01
-1.478633624187971e-01 -6.362434913170413e-01
5.820144289213466e-02 1.643874592126906e-03
1.006588750389573e+00 -1.482421066774344e+00

6
3.456531688657987e-02 1.168239763995206e-01
6.818869018703348e-01 -2.604492120311699e-02
-2.317269402630315e-01 7.411710272114226e-01
-2.018590382842025e-01 5.307243886511997e-03
8.790768135318812e-02 -1.727556962572105e-01

7
-1.175412356507096e-01 -1.146804319599894e-01
-6.470077814338437e-02 -4.160962029319270e-01
-7.690512948101427e-01 1.033598872521458e-01
-1.434974718365658e-02 -6.500554858259688e-02
-8.125158210708992e-02 1.486750934357588e-01

8
6.222410742508497e-02 -3.801528071418545e-02
1.387882052975218e-01 -1.182882248002132e-01
-6.124476665433511e-02 6.370782474066193e-02
-4.040129312704049e-02 2.413772954551861e-02
1.090704836505092e+00 2.824312814778956e-01

9
5.936352105773552e-02 3.022431113526573e-01
1.019054867690240e+00 3.907047504551833e-01
3.256842827054627e-02 1.492343865889933e+00
-3.312299719777658e-01 -2.924905388999576e-02
1.084046926409097e-01 1.063884088670416e-01

10
2.673783447044373e-02 1.684626876384578e-01
5.940365003621392e-01 1.231217666610015e-01
-3.704818876723818e-01 8.875846486520670e-01
-2.081608954744876e-01 -5.666926095850779e-03
9.818560204162417e-02 -1.509329357133042e-01

11
3.459202255655958e-03 1.200479740320637e-02
6.301304752632222e-01 -7.816943175239646e-02
-2.466673680111026e-01 5.867945105993277e-01
-1.519460006835770e-01 1.508050511391085e-02
5.887321107007581e-02 -1.602734607995018e-01

12
5.154785645182843e-02 -1.871140533738088e-01
4.560493266264935e-01 -4.715753679275975e-01
-4.689069499811116e-02 1.375917068473870e-01
-1.609520630398404e-01 -4.800554984874034e-02
1.683495313761506e-01 2.701870035371053e-02

13
1.749920730307671e-03 -1.015401705963974e-02
1.829529548612483e-01 -4.923511446688510e-01
-5.183006839254805e-01 8.636614608779644e-02
-1.104261356641001e-01 6.160914054058840e-02
5.548444832405448e-03 -1.400837666002704e-01

14
-1.162228286555899e+00 7.243830844158182e-01
-4.641010364541825e+00 6.493076661248641e-01
-6.762151375208788e+00 -1.534531007296964e+00
1.008087743444173e+00 9.146450841460338e-01
-1.775686267012751e-02 -1.155915185007066e+00

15
-2.762234484233992e-03 1.109964850429767e-01
-2.623944007527243e-01 2.768446066886864e-01
2.515054920163522e-01 -1.397327036010862e-01
9.522803543634098e-02 9.222318075941672e-03
2.735523508925356e+00 1.076266282204454e+00

16
-2.552045094299797e-01 -1.087327334184067e-01
8.597887483709582e-02 -3.644613749505706e-01
-4.915692149381371e-01 4.989608140747590e-02
-5.087266985902673e-01 3.709580424701930e-01
-8.011446216228163e-02 -1.173704438300298e-01

17
-1.370034882785992e-01 -5.917463450062702e-02
1.979860023573492e-01 -3.510714261009592e-01
-5.841948923826458e-01 5.509109941534920e-02
-8.920018360729877e-02 1.600330039755619e-01
-3.133986992148246e-04 -1.474249364588709e-01

18
6.357932679583540e-02 1.379087704785860e-01
9.841695634319231e-01 -9.553531498929388e-02
-2.245420466748614e-01 9.638237052791607e-01
1.335761611284619e-01 -2.235964028779249e-01
-2.628486815704335e-01 -8.607382026869319e-03

19
-6.235175663090860e-02 -1.195847772618392e-01
-8.690615827454794e-02 -5.343371621501295e-01
-6.893773267759331e-01 -1.160692567449720e-01
-8.228564806358554e-02 1.141387575023670e-01
-3.461468416146004e-02 -5.398598255232939e-02

20
1.130327767684547e-01 1.435180045356455e-01
1.856609581272532e-01 2.322354126482716e-02
-4.778350074788089e-02 1.929035774571299e-01
3.091326616190567e-02 7.937872833069690e-03
1.393147074106590e+00 2.871082305607273e-01

21
7.438291041874002e-03 1.973809376951098e-02
6.043414419488052e-01 -3.292553078065965e-02
-5.953148809446828e-01 5.699300934845298e-02
2.994220545180717e+00 4.243743477750829e+00
-4.062279964477900e+00 1.385497004171714e+00

22
3.081660458703615e-01 3.756103166377358e-01
7.380456132261503e-01 4.614067883154598e-02
-1.841048841801420e-01 6.806631381178427e-01
6.772848891664225e-01 5.915705601206580e-01
2.208714938664255e-03 8.422558947769698e-02

23
-3.113345347624702e-03 2.019182673630524e-03
7.796003141819287e-02 7.398113653021199e-02
-8.175712576916364e-02 -7.154113226703118e-02
-1.852478191496126e-01 9.140102673175964e-01
7.677564039919024e-01 -6.571230000488022e-02

24
1.090482604797636e-02 1.107593254040448e-01
-2.286905120369707e-01 3.138832453874945e-01
2.346321472522407e-01 -1.760627777152822e-01
-9.703073701992480e-02 2.355200479128266e-02
2.809874178717934e+00 7.317336158287001e-01

25
1.651627979669632e-01 -5.298076283072155e-02
2.428962087219569e-01 1.616223516964242e-01
-4.741177709424919e-01 7.731912417937321e-01
4.022792222399165e-02 6.794907464950943e-02
-3.915172616003334e-02 1.017483980288106e-01

26
1.198284491056785e-01 -3.211841947051087e-01
3.507968914894858e-01 -6.635277869775878e-02
-2.238314628528132e-01 4.721368999262436e-01
1.409287942119545e-01 4.142608565707052e-02
-1.490260734199748e-01 2.553588890729592e-01

27
1.564913098854010e-01 -4.085089815296960e-01
3.532183909531330e-01 -5.986799727581424e-02
-2.669563901401988e-01 3.714735617210415e-01
1.632115050045083e-01 6.316562676025211e-02
-2.081966749131479e-01 4.422932339988634e-02

28
9.207996412796076e-03 -5.737907310263173e-03
5.500648850986954e-01 -1.551519862576285e-01
-1.421811660785872e-01 5.529595881988638e-01
-1.323090255877480e-01 3.720535506648040e-02
1.004135695110557e-01 1.128808086704781e-01

29
5.477598172673592e-02 -4.709479707829502e-02
4.943639982572037e-01 -1.972962561958782e-01
-1.351334834931730e-01 4.798484312187191e-01
-1.197477217835424e-01 5.138342606569309e-02
9.913530192529733e-02 9.019923440736596e-02

30
-2.135505926504936e-01 5.745367313111185e-02
-5.069970211604884e-01 1.956600359593343e-01
2.605994608806242e-01 -1.527606828968792e-01
1.405568639484006e-01 -3.446905915343722e-02
2.740611220366908e+00 1.846995990922326e+00

31
1.252195676422257e-01 -1.323589629403992e-02
1.466505179734101e-01 -2.631279623191141e-01
-5.334885833127376e-01 3.283391167119689e-01
-1.745547252695456e-02 1.208015417247266e-01
-5.482719531132940e-02 -7.896400993244215e-02

32
5.567093046089501e-01 2.158595954630740e-01
1.405516172695510e+00 1.430424852696999e+00
1.277089293059427e-01 2.822981840393790e+00
6.867930535975791e-02 -5.996523881134915e-01
1.011420613746104e-01 2.274062714248339e-01

33
1.543239172567765e-01 -3.629913599842271e-02
1.477619621954611e-01 -4.141345335542495e-02
-4.926100404851476e-01 6.200239645236100e-01
-2.422725927850692e-02 9.354091852005258e-04
4.147800885534005e-03 1.274394200131575e-01

34
1.391800435694068e-01 -2.598152307023252e-01
2.774262869440164e-01 -4.694873564996151e-01
8.820997962586119e-02 3.956417614595503e-01
-6.725379913008191e-01 2.804650491815568e-03
-2.420681359265567e-02 1.059040129137985e-01

35
1.525537678614059e-01 -2.458065682690176e-01
2.832266737495994e-01 -4.398225567326424e-01
6.130379218847936e-02 3.639628857734208e-01
-7.177074267676067e-01 -4.094490831808058e-02
9.911162932450059e-02 -4.959734822520777e-02

36
-3.186026259433254e-03 -1.084902186808246e-03
2.484948835699156e-02 -1.188092061063519e-01
-2.872021227371982e-02 1.174794843093397e-01
-9.937548920238553e-01 3.252512116301139e-01
9.932965314219933e-01 -3.254067667201553e-01

37
9.164584569522220e-02 -3.273358246534265e-01
2.764604289273151e-01 -8.552778323436890e-02
-1.731694222976911e-01 3.258909780180985e-01
-1.532691278025823e-01 5.900029108735862e-02
1.267554647898951e-01 3.511480626161462e-02

38
6.747960645997930e-02 -1.052783592487460e-01
3.496406161531179e-01 -1.078495585593169e-01
-3.536639052357479e-01 5.054328691395694e-01
-1.230896888841604e-01 -2.472270249649821e-02
2.881625517763763e-02 -2.981962284671164e-02

39
-7.324533867807285e-04 2.154978711001524e-03
-1.247872255361164e-01 1.275598476323640e-03
1.238932109253389e-01 1.338656850176597e-03
5.507105539245802e-01 9.206959736660234e-01
8.071850582475488e-01 1.349114160742555e+00

40
1.250711315716013e-01 -8.741139253366154e-02
1.216943078871841e-01 -8.440547007288399e-02
-6.212289499161945e-01 4.811454281699658e-01
-2.028396359418425e-02 1.416707921407653e-02
-8.716815374772902e-02 -8.745544358681279e-02

41
3.213084018019841e-02 -7.805952263169476e-02
1.049126998327856e-01 -5.089343861241584e-01
-4.935778073111469e-01 7.985165830420793e-02
-1.858803477730320e-02 -1.147600344429496e-01
1.218069945959277e-01 7.543446714476058e-02

42
-8.324742863907789e-03 7.226069614334912e-04
1.621663222525268e-01 -5.239430335891332e-01
-5.342872193909417e-01 1.219315938001812e-01
-4.411358081159124e-03 -1.308832730480379e-01
9.921737267686223e-02 6.868295504538627e-02

43
2.395357734301803e-02 -1.741583056238730e-01
4.380848186361260e-01 -4.099819873314060e-01
-3.570088744241690e-01 1.449529228127673e-01
1.640426864164674e-01 7.585222792079938e-04
-1.459925020683060e-01 -3.585122787390550e-02

44
8.755526292616916e-02 4.147740896609389e-02
6.681843681701271e-01 -2.730637648408198e-02
-2.385236254629293e-01 5.513131190789236e-01
8.300563538199110e-02 1.383783520422673e-01
6.280405912397395e-02 -1.832583982648629e-01

45
-7.086614569374618e-02 -1.136676164434669e-01
2.357590494266144e-02 -1.116259801322511e-01
-1.094683690807107e-01 3.083330836108152e-03
1.707122437639088e-02 -1.700838062829770e-02
1.114567954425570e+00 5.787722358724371e-01

46
-2.530038543407914e-02 -9.947568947424230e-02
2.352013137037615e-01 -2.608897958466782e-01
-5.104718961340660e-01 2.448456533101511e-01
5.423221376363996e-02 -4.032557444366542e-02
5.394820314762300e-02 4.823147521874351e-02

47
-1.546328368396137e-01 -4.931464754741987e-01
2.425200665184087e-01 -4.170120704261008e-01
-4.401185737228065e-01 -1.854219418005690e-01
6.587873262904186e-02 -5.538483058912690e-02
-1.049183077091457e-01 -3.774982340250076e-02

48
1.394288806683308e-01 -1.711070944088376e-01
1.695382146784016e-01 -2.512130732065441e-01
-1.883687476392139e-01 1.732076337538526e-01
-1.823462322686170e-01 4.376627339948616e-01
2.232962717561814e-03 -4.594681502735067e-02

49
1.405592405896860e-01 -1.668248538992455e-01
3.141462761652455e-01 -2.749492289576997e-01
-2.804993381412898e-01 -6.299463988527397e-02
3.648792094159087e-01 4.239401459576898e-01
5.595394817425427e-02 -8.500874573899748e-02

50
1.368085511711165e-01 -1.825660987117869e-01
1.438235968242111e-01 -2.623798374707921e-01
-2.033300801773304e-01 2.114885374344327e-01
-1.368365848091321e-01 3.828718650276213e-01
-3.600621308664208e-02 7.486927132931120e-02

51
-5.835742749562267e-03 -1.977238840608128e-02
5.749981355702932e-01 -4.461377168608333e-02
-5.820595064840182e-01 2.085447740522880e-02
2.806474217715910e+00 4.132027940853124e+00
-3.926314223498045e+00 1.262263993645517e+00

52
-3.704249788283378e-04 -1.478537526052938e-01
3.193687213791197e-01 -3.736758533621201e-01
-2.805305953410427e-01 1.523285785429454e-01
-1.249214681045284e-01 -1.181547530065325e-02
1.356346609114450e-01 -1.848569530278965e-02

53
-1.668095588746956e-02 -8.639932584138850e-02
3.977092423000651e-02 -4.387165969973847e-01
-5.169807574841653e-01 2.884525790149695e-02
-8.338847552884703e-02 7.659899302159105e-02
1.117131910160949e-01 3.001017049508994e-02

54
-1.519095522222715e-03 -4.412364082663402e-02
9.980720938947354e-02 -1.157132216534021e-01
-1.046932815273590e-01 6.351841531491352e-02
-3.846246778181459e-02 -1.069376900868735e-03
1.085063440813680e+00 3.805315112318970e-01

55
-1.319663940998810e-01 -1.323497321657882e-01
-1.341904050477447e-01 -1.664962612354849e-01
-8.893819975867704e-01 2.322242553089333e-01
1.388156045264974e-02 8.991312402569554e-03
-8.388952277395242e-02 1.250601345318121e-01

56
1.033702891820845e-02 -5.076337972762184e-03
6.429971936525126e-01 -1.254208123510858e-01
-2.137701335836991e-01 6.183579028577181e-01
4.947612541845856e-02 -1.467912821967299e-01
8.477615984313833e-02 1.343347609897496e-01

57
2.917527755254230e-03 -1.142648719145725e-02
1.780311027407969e-01 -3.249638774696988e-01
-1.744340503944249e-01 3.111756678185080e-01
-3.133254291976717e+00 1.029278631847576e-01
6.487579028297522e-01 -2.506752438915911e+00

58
-8.247942717395029e-02 -1.101164177014125e-01
1.540364116141196e-02 -1.017642149485619e-01
-1.108833856246295e-01 -1.023252177799959e-03
-3.074681345029766e-02 5.335124765127162e-03
1.126802470852918e+00 5.464284838197826e-01

59
1.218374682600541e-01 -2.923217158680485e-01
2.690703765006208e-01 -2.358367440767807e-01
-1.695444852928470e-01 4.514268320833752e-01
-1.136954413711897e-01 9.515644481319112e-02
-2.411566164611074e-01 2.625555976176209e-01

60
2.348217800461761e-01 3.458274949650650e-01
-1.409209986684363e-01 4.302024777462782e-01
4.214458519093698e-01 8.584310197550774e-02
6.759977936693412e-02 3.283865231577595e-02
3.106621754241256e+00 8.959632640658386e-01

61
-3.179091262460937e-01 -2.843394597085023e-01
5.939528381508779e-02 -6.175666039106242e-01
-6.418151988069375e-01 6.632491479258976e-02
-6.421554677872677e-01 -4.390645742131046e-01
-7.146740679534422e-02 -5.631593525807934e-02

62
-3.142970925933280e-01 5.297951641061638e-01
5.401620681707795e-01 -7.752161407914270e-01
-6.608643273900792e-01 1.089556265824097e-02
-2.506591388153357e-01 -9.901829287334357e-02
3.242974839420789e-01 -4.117768884956925e-01

63
-3.094084591965401e-01 -3.106333314223209e-01
9.645553528212872e-02 -6.422803003598366e-01
-6.691288044987311e-01 3.875252371522521e-02
-5.892146621192319e-01 -4.774682745534353e-01
-1.297335565972795e-01 -1.191172168694850e-01

64
-6.990245022702472e-03 -2.956319378547324e-03
1.570007798910828e-01 -5.911815682961826e-01
-5.907487731948796e-01 1.601280116746106e-01
-1.073732412290504e-02 -1.451899961970435e-01
-9.949769234556131e-02 7.377222358806935e-02

65
8.553644022518532e-02 4.113612159208941e-02
-1.561570154987057e-01 2.374503288159861e-01
2.648754806169519e-01 -1.837143088003617e-01
-2.798661353395615e-02 7.655176095967921e-02
2.534025254151540e+00 6.505330957800159e-01

66
-1.094171157159155e-01 3.210224630662007e-02
2.777647416603260e-01 -6.526449106262988e-01
-5.875480694264243e-01 1.140134407938138e-01
1.441416027423547e-02 -1.780318127382385e-01
-1.112673923642579e-01 7.071763276466696e-02

67
-1.551620091731243e-01 -1.449031672583555e-01
4.200905613043716e-01 -2.788756191354993e-01
-4.918052615716934e-01 2.890778344863107e-01
1.091415713147993e-01 -1.165807028842950e-01
-1.187497302802119e-01 1.211347596927108e-01

68
-2.939017832558224e-01 -4.889343961148280e-02
-5.511357643887617e-01 -9.407594871955431e-01
-1.443316608644803e+00 -6.595641717170495e-01
1.799775062045917e-01 -1.835244639861389e-01
-8.065495972441337e-02 -1.024108204148952e-01

69
2.505902253537405e-03 -1.017182170125759e-02
2.496318796243803e-01 -4.774297515186842e-01
-5.390249134803923e-01 2.144819520232875e-02
1.007844945743306e-01 8.160239950836541e-02
8.534437686458941e-03 -1.399763896317054e-01

70
-2.023357198501936e-02 -8.752282707185072e-02
1.370529633676955e-01 -5.059862726791284e-01
-5.668460896836175e-01 3.883484040966075e-02
1.392480280401341e-01 4.409917532108475e-02
-1.068953605495633e-01 9.886862478981551e-02

71
5.181774109480502e-02 3.950529789115362e-01
-4.842601251470889e-01 6.262486734138756e-01
-1.437862882318343e+00 1.050090853270383e+00
-1.535880219168851e-01 5.255789557765295e-02
3.545464340988666e-01 -1.161893543196391e-01

72
4.662972689282251e-02 7.270492875019974e-02
-2.153133424084895e-01 2.742208336132554e-01
2.710669176476377e-01 -1.813321415419407e-01
-2.840347135060813e-02 -4.502860326806775e-02
2.792685933445030e+00 8.001198904134043e-01

73
-3.084285653626627e-01 2.242721783973448e-01
-3.796708307134959e-01 -1.258186378539891e+00
-1.265609413908133e+00 -8.773109089411728e-01
2.525392909485548e-01 3.023702398841998e-01
-2.313565249184766e-01 -1.320087726087064e-01

74
-1.524594652920208e-02 -3.081089148892242e-02
9.570099152120115e-02 -1.003651145774088e-01
-1.147034886204703e-01 6.493331816841093e-02
9.485091356756023e-03 1.843849595778632e-02
1.092099334725440e+00 4.314370529121598e-01

75
-3.179440616842006e-01 3.558851824476122e-01
-1.645898306353549e+00 -2.039929515937921e-01
-2.476954306318803e+00 1.570595730513387e-02
-5.368094679646094e-02 -3.725991084864386e-01
4.205010138989717e-01 2.453007382401714e-01

76
9.050346578152016e-02 5.099812158551365e-02
-1.900307321175654e-01 2.445550252960518e-01
3.048476337425280e-01 -1.780905647233957e-01
5.551554568382671e-02 -7.163451528063416e-02
2.750457342121047e+00 8.487265902872070e-01

77
-9.628749916219576e-02 1.511780103068858e-02
2.855863170370186e-01 -5.102273682775320e-01
-5.079231497496342e-01 4.670356759815268e-02
-1.065786532389642e-01 5.695962399665084e-02
2.703050888594079e-02 -1.561325482958432e-01

78
-3.626798757771671e-02 -2.393972963015841e-02
8.569954782118645e-02 -9.508928096391731e-02
-1.273754430300340e-01 6.835734824244767e-02
-2.449284118631635e-02 2.818026961226664e-02
1.092032784147934e+00 4.268257316846875e-01

79
-7.991115341889093e-02 -6.642134458245225e-02
2.192945149767369e-01 -2.254824314554546e-01
-4.980548032764064e-01 2.515419950600305e-01
-6.694785181720192e-02 7.770692133455578e-02
6.751686901085836e-02 2.408604822265372e-02

80
1.294135442267740e-01 1.467050212393119e-01
2.001635933077646e-01 2.704762419401019e-02
-3.875266688064311e-02 1.995723804456346e-01
-5.715016933614473e-03 3.176020182195861e-02
1.377094828495764e+00 2.193768289730264e-01

81
6.968318077354081e-01 1.761162969837270e-01
1.214090635585963e+00 -3.077873565865398e-01
-6.521039142812865e-02 9.361673164741200e-01
1.200237639249776e+00 -1.196769487082688e+00
3.943648508169261e-01 1.738743089703939e-01

82
-1.577205480667931e-01 -4.298148643559195e-01
1.986197412183051e-01 -3.829615015336564e-01
-4.011886858256408e-01 -1.452912305521783e-01
-9.054978184128853e-02 -3.302455102710704e-02
5.105431860417356e-02 -4.907457369190467e-02

83
5.211350201881936e-02 2.317369370281139e-01
8.714430279671605e-02 2.433815338683585e-01
-8.946940078468665e-01 8.279234282619320e-01
6.809102567803988e-04 -2.523250357642631e-02
1.663184413885482e-01 -8.023085631063803e-02

84
-1.544431258246080e-01 -8.410465046070505e-02
7.758400669297047e-02 -4.195697998965485e-01
-7.007714008117614e-01 1.746320207561650e-01
-7.729351627153732e-03 -1.267625508429598e-01
-8.389482653844733e-02 1.820707554908803e-01

85
2.460799919578089e-01 -1.360720254265962e-01
3.090954803212890e-01 9.593975018326938e-01
-5.591824374678593e-01 1.457944944783242e+00
1.784114279022265e-01 1.416463139230674e-01
-1.409042061603853e-01 1.795224850080188e-01

86
-8.728304754603591e-02 -2.947881492845118e-02
7.096727020893991e-01 -9.213738707135170e-02
-2.271896229340890e-01 5.823098044287132e-01
8.865938540313680e-02 -1.592847869727531e-01
9.929478261211677e-02 1.482135420895656e-01

87
-1.311848072460059e-01 3.262943701024562e-01
-8.047536035144536e-01 -4.985094808536205e-01
-1.396396241245546e+00 -1.322072139876266e-02
-2.336572557770268e-01 -5.429102905292412e-03
3.346660107270860e-01 1.050490733501797e-01

88
1.224259159738783e-03 4.914278650125187e-03
3.847277709554677e-02 1.753239192574227e-01
-3.696273211445233e-02 -1.693643197857373e-01
-1.107546242022680e+00 1.043814869525789e+00
1.107721602060451e+00 -1.043106852904842e+00

89
-7.321271653970891e-02 -4.152798603716459e-02
6.439446429823446e-01 5.651514006839319e-02
-3.025116589636140e-01 4.771263434466216e-01
7.146307949386281e-02 1.438998957978748e-01
9.945934139395840e-02 -1.320158008855433e-01

90
-6.068954976307046e-03 -2.892397643996101e-03
6.509899682904275e-01 -6.698040463603550e-02
-2.670141004978904e-01 5.966256608754417e-01
9.014764800479609e-02 1.272350883393236e-01
-1.346292899575592e-01 2.527885757594400e-02

91
-1.001473646878504e-01 1.894336349557711e-02
7.089896339956876e-01 -9.259888307569997e-02
-2.911430972504557e-01 5.369919225839347e-01
1.110982583124070e-01 1.316225422220144e-01
-1.255201593452640e-01 2.049160630763992e-02

92
-2.601924287968180e-01 -4.566695154698171e-02
3.097715464473234e-01 -1.883688158633872e-01
-4.787430662184696e-01 -1.025954743297879e-01
1.948643530636057e-01 5.793609535536915e-01
7.225647450514516e-02 -1.827336785614747e-02

93
1.377809548390356e-01 -9.752374956247353e-02
4.899007494811398e-01 3.767600417664831e-01
-2.124158588005187e-01 9.067422911421759e-01
-5.776244857092927e-02 1.349728364560413e-01
1.158158583971547e-01 5.113194179930031e-02

94
-2.802098490055624e-01 -6.039119331856890e-02
3.224910587594869e-01 -1.839052406037504e-01
-5.082855009981576e-01 -1.188884776007641e-01
1.980291808553759e-01 6.782201969159273e-01
-5.878627008474178e-02 -7.561133767376524e-02

95
7.517062334161011e-02 -1.241527653258074e-01
5.619433032089637e-01 2.325524356978375e-01
-3.120126059525131e-01 7.943693001224116e-01
-1.145143159236285e-02 1.496049682647047e-01
-1.536577144831897e-01 -8.895323786350531e-02

96
2.695467851145002e-01 3.689244717080159e-01
-1.320727530870749e-01 4.563809282512192e-01
4.586813528644587e-01 1.049277179071265e-01
-1.766318398508813e-02 6.901805869900299e-02
3.164310115952297e+00 7.980348263133940e-01

97
-1.001264069827445e-01 -1.342068706327278e-01
7.774555967896128e-01 2.318687507211762e-02
-7.574367248093110e-02 5.264605521169006e-01
-1.683355750277989e-01 4.305885730293429e-02
1.419717297838821e-01 -1.325978497537157e-01

98
-1.779976315070079e-01 5.652499147068501e-02
-1.578258133656146e-01 -4.347686607996832e-01
-1.021895669863371e+00 1.228750597183125e-02
-8.436177375140312e-02 -8.504278549888196e-02
8.013435518510716e-02 -1.183417391510478e-01

99
3.272611985506965e-02 -1.836867954648440e-01
7.059914840778289e-01 3.859520124498898e-01
-5.017847531860612e-02 1.079139256988251e+00
-2.053245499539104e-01 -5.186992089857580e-02
2.019741760674040e-02 1.716333649975157e-01

100
7.562530240990168e-03 3.386765217211948e-03
7.695700273272329e-01 -1.249380835300901e-01
-2.756413907775889e-01 7.286445863943684e-01
6.655277413129619e-02 -1.739820955563026e-01
-1.655084241346275e-01 9.842962253601205e-03

101
-1.019943025912965e-01 -1.228098392016390e-01
3.583831406500831e-01 -2.190907565690146e-01
-3.866045582604080e-01 2.074793856452647e-01
-9.727926689471561e-02 7.808779408577524e-02
9.517248714520087e-02 -7.730755181618307e-02

102
8.638198635460967e-02 -9.049684547343288e-02
3.594139111190316e-01 -8.165451472622144e-02
-2.912454592573434e-01 6.133978279060737e-01
-1.207548987357269e-01 -5.357891967001965e-02
3.437896561645137e-02 1.194013540206168e-01

103
4.039939300656641e-02 -9.626978623605616e-02
5.308525647283577e-01 -2.221672443413147e-01
-2.658564367034961e-01 5.221940769951486e-01
-2.258314640817323e-02 -8.564935110156330e-02
-1.083758467039560e-01 5.500292106702772e-02

104
-6.716892900296866e-01 -4.255177811874500e-01
8.213362072325624e-01 2.196430054106549e-01
-5.546693379465372e-01 3.499869555043911e-01
3.746053327637413e-01 -1.659579536721443e-01
-1.814559683832039e-01 2.771427347132447e-01

105
-3.679618566984468e-02 -2.649822528479971e-02
9.231618963455394e-02 -9.491656700381762e-02
-1.347106967896902e-01 6.535030338139909e-02
1.968457547888671e-02 -3.289675939209330e-02
1.135492351578519e+00 4.556588988631605e-01

106
-3.746014673729633e-02 -1.136952152749688e-01
2.141974942772657e-01 -1.357398476631977e-01
-5.669650298963883e-01 3.222784731281496e-01
6.079595392108681e-02 -3.823011577529251e-02
5.885602996769886e-02 3.946995874122100e-02

107
-2.198818265894026e-01 -2.624662650796076e-01
1.312230991003575e+00 -1.255282392443439e-01
1.067000061211334e-01 6.171831545926227e-01
2.417425782943918e-01 -2.336217298534204e-01
-2.787541369086409e-01 1.339390880623959e-01

108
-1.518354356175738e-03 -1.021903123522923e-02
6.038381784868618e-01 1.438671947062991e-02
-3.138281150063028e-01 5.169334888483474e-01
6.747696604538299e-02 1.273430150293486e-01
5.949805472076404e-02 -1.314245457939541e-01

109
3.133620663189959e-03 -1.791216414632515e-03
8.183019990656665e-02 7.112777315416757e-02
-7.806310698900960e-02 -7.330274078261316e-02
-1.794958308111918e-01 9.113897972433793e-01
7.638898822221093e-01 -7.014087101711057e-02

110
1.831660663342415e-03 -7.392554773407353e-04
8.702485327225082e-02 -1.985444158292685e-02
-8.480652225200798e-02 1.895123896902585e-02
5.246853984480335e-01 5.494974445273161e-01
7.687674499766266e-01 8.054081268232071e-01

111
1.229999055797130e-01 -1.911445986857861e-01
2.967345263857293e-01 -3.439217798726259e-01
-3.241464113906837e-01 -2.976687676743500e-02
3.969634184421328e-01 3.580873473002944e-01
-1.028384852159634e-01 2.344173968677987e-02

112
4.281665783897928e-02 -9.068717944503588e-02
4.662110028883175e-01 -1.461371084374516e-01
-2.787246153408637e-01 4.692875158048156e-01
-1.147841164982591e-01 3.389650092093054e-02
-9.151706552846146e-04 -7.803335052519436e-02

113
-2.390260571357612e-02 -8.747544612667207e-02
3.013471066523091e-01 -2.605040942772987e-01
-4.504482188314647e-01 2.130136351790066e-01
3.496021829460345e-02 4.675982264443407e-02
5.922076152006096e-02 -3.399847557884377e-02

114
1.010156088158110e-01 -2.501647382900853e-01
2.698259399222995e-01 -5.269948449979470e-02
-1.844625046722236e-01 3.622635988098478e-01
-1.331022286594671e-01 1.899508361939206e-01
1.025656812134040e-01 4.028789394236214e-02

115
-5.838037664397116e-02 -6.710388497799880e-02
2.605176828191919e-01 -4.043705453958472e-01
-5.048039168753475e-01 1.490448131349529e-01
6.917190733500381e-02 6.735299793640982e-02
-9.415731602280664e-02 4.914361607023425e-02

116
-2.806226395982586e-03 -1.088328347268439e-02
6.184395381722843e-01 -6.970987541138496e-02
-2.483428041732148e-01 5.722354001422286e-01
-1.459948960224714e-01 1.695427810934892e-02
5.853870640547324e-02 -1.511003143264298e-01

117
-1.401542693136783e-01 -1.794699164924241e-01
8.860546352900500e-01 -4.937672871737778e-02
6.105333160275822e-02 4.156333920678358e-01
-1.887413471922634e-01 8.315591953503118e-02
1.656420308822505e-01 -1.502483196252492e-01

118
-8.552771633682633e-02 2.991355598668799e-02
5.966771852361860e-01 -1.754533336563731e-01
-1.907823912423502e-01 5.104507749416923e-01
-1.123308595360280e-01 2.550836877927948e-02
1.110623396609127e-01 1.093532751754685e-01

119
-1.588640751422958e-01 1.102220331940402e-01
-1.940432206651513e-01 -6.189312395585108e-01
-1.023048523265999e+00 -2.989278270349925e-01
1.308319217490331e-01 1.610817695840702e-01
6.241520019751588e-02 -1.455816949125199e-01

120
6.095451442860407e-04 -2.098116922203104e-03
-1.235205468014905e-01 -1.292038997719302e-03
1.242516660983536e-01 -1.241419256849815e-03
5.490399235807927e-01 9.163858131939104e-01
8.045927451000302e-01 1.343253079276099e+00

121
-6.771658822924663e-02 8.797285862756737e-01
3.279927874577863e-01 -8.634203868642961e-01
-6.540721058436807e-01 3.081842213090147e-01
-3.591900702292478e-01 -2.304397876841079e-02
3.929070932012464e-01 -2.067817509565991e-01

122
-5.339727225460186e-03 1.514423281533375e-01
4.169352430895030e-01 -3.908267116869566e-01
-3.580945859758585e-01 3.634233493006599e-01
-1.139422062345398e-01 -1.955829160241721e-03
1.274880558359149e-01 -8.144726529856820e-03

123
-9.204468332964054e-03 5.926513588014722e-03
5.620746431420275e-01 -1.503364670421797e-01
-1.524522060470528e-01 5.610267300238295e-01
-1.325615072921672e-01 3.224871664191236e-02
1.010066212918764e-01 1.157330365200410e-01

124
2.227183082028284e-01 4.089710593378250e-01
3.423867927459878e-01 -5.038760611348557e-01
2.996240088337146e-01 8.369951377968380e-01
-1.124312347976084e+00 4.177041018136731e-01
1.811642447542072e-01 1.754963815679264e-01

125
-7.385534686550500e-03 -3.221151468680448e-03
7.683053100163848e-01 -1.115378123826979e-01
-2.866715473370394e-01 7.208598425379710e-01
7.143191419308012e-02 -1.695837911117635e-01
-1.616700349674038e-01 7.528419629494716e-03

126
-4.152959928704650e-02 1.089319702130150e-01
4.649929769170248e-01 -2.389362346705508e-01
-4.401055341082036e-01 4.814780841826168e-01
-1.069642588319527e-01 -1.512511389113187e-02
2.145244479754715e-02 -8.498569870360287e-02

127
-6.770855045213985e-02 1.603591189566281e-01
6.448563061081362e-01 -7.410422526144561e-02
-2.234640164602739e-01 8.275367734881796e-01
-2.162626235679440e-01 -9.298100906342870e-02
9.559969570970400e-02 1.664884672227897e-01

128
-1.247189320380030e-01 1.270889678649900e-01
2.083579261956358e-01 -2.329545018337863e-01
-8.988601011341559e-01 3.978585762680689e-01
8.521897242015733e-02 -8.677192393059746e-02
-1.333028041688786e-01 -9.818760857958216e-02

129
-7.148536663760029e-01 1.043198212014055e+00
1.197614692599126e+00 -1.504841871580017e+00
-1.339259415253180e+00 -3.119579972590278e-02
7.430025021436593e-01 -7.730651811579196e-01
-4.817171901987090e-01 -2.435960873023158e-01

130
-4.239203046385758e-01 1.637632161598467e-01
6.255047381266510e-01 -2.692910464272588e-01
-5.021863925202344e-01 -2.202746683090683e-02
2.370605080087251e-01 6.619221607790473e-03
5.136651104761388e-01 -1.746773410882414e-02

131
-4.788188914234930e-02 6.612363426621282e-02
1.803329594120013e-01 -5.917523619551815e-01
-5.568314620599960e-01 8.071232000755921e-02
-6.773479156123829e-03 -1.546357126044524e-01
1.431638662461409e-01 6.667098660600998e-02

132
-4.316494181321419e-02 1.822631401137691e-01
5.390527259502994e-01 -4.019781396843210e-01
-4.978173460990033e-01 3.801959604740919e-01
1.535539820036768e-01 2.188428460378938e-02
-1.428736671981785e-01 -3.221487850526499e-02

133
-8.988123480041394e-01 1.539614686333483e+00
1.343313241482372e+00 -1.375627633082248e+00
-1.513183650030710e+00 4.261168531534001e-02
8.884392988704182e-01 -7.436371942415794e-02
-6.209858871408228e-01 -3.464367396872232e-01

134
-5.225207858552653e-01 1.562010297371436e-01
7.839822047709069e-01 -2.701881111585173e-01
-6.159922163304301e-01 -9.376809364842274e-02
6.060516584021436e-01 5.152685319010152e-02
2.933328385331515e-01 2.743968539618501e-02

135
-2.626872477267719e-02 1.547257760542016e-01
4.039325735992887e-02 -2.810935795279356e-01
-8.002085350503122e-01 3.498056914098934e-01
1.884389159089318e-02 -1.086387119702129e-01
1.365627854299496e-01 4.415097415031457e-02

136
6.440979086552775e-03 2.897236222926672e-03
6.517770688623897e-01 -7.581998679781056e-02
-2.597180464263357e-01 6.017011513276869e-01
9.146506907820386e-02 1.261033140455959e-01
-1.371528956514959e-01 2.708940188275208e-02

137
-8.144033645444214e-02 1.813869379941923e-01
8.134253779821450e-01 1.947164449152413e-01
-4.201227717324493e-01 9.228078647978046e-01
4.689133117785561e-02 1.799957207380035e-01
-2.195253875312189e-01 -1.489850431159455e-01

138
1.850817047899196e-03 1.093318064555447e-02
6.149423013950346e-01 1.061374640441962e-02
-3.160002274825575e-01 5.285508168848118e-01
6.936519931153411e-02 1.281914876117184e-01
6.053084178699031e-02 -1.390460641013286e-01

139
-1.999813430822856e-01 -4.715006740781560e-03
4.108271615634357e-01 5.904942744646682e-01
-5.816022431804968e-01 9.451078299106308e-01
-7.809777614892367e-02 1.436989023797479e-01
1.539828741331716e-01 7.823357669720524e-02

140
-2.357454516674893e-01 -8.479406314633559e-02
7.903745823959929e-02 -3.286510263606571e-01
-4.524761472187813e-01 5.461790871580247e-02
-4.134371497512954e-01 3.963391805758015e-01
1.195825946979492e-02 -8.570609525617839e-03

141
3.963049497180587e-01 -1.301469694952021e-01
3.990036855647074e-02 -3.360203949809705e-01
-3.504269069575246e-01 2.536145731885755e-01
-4.990576977860152e-02 2.058446936990485e-01
-5.610097811191234e-02 -1.683653051035156e-01

142
-4.799626825750984e-02 -6.130844488883832e-02
1.559917195117639e-01 -3.889732311632092e-01
-4.611918772444574e-01 1.383223630986515e-01
-9.742197088965791e-02 5.897694163534063e-02
8.755884171052347e-02 6.135063838507721e-02

143
-7.950662041337932e-03 8.468556691812152e-04
1.280882778419717e-01 -4.631314194162235e-01
-4.641833507983067e-01 1.211386141345954e-01
-9.367378349912513e-02 6.446086032578226e-02
1.034414489306639e-01 6.480264622244368e-02

144
-5.083870992703845e-03 3.001950762349224e-02
1.059713849683841e-01 -7.704305500672021e-02
-1.135731646596357e-01 1.133671513961400e-01
-2.722775061104608e-02 -1.411005250789528e-03
1.172320149409891e+00 4.082527759543965e-01

145
1.188222797429663e-01 8.697447001192816e-02
-2.776325625854175e-01 -6.201930644020827e-01
-8.576802958203535e-01 -8.238386792523725e-04
-6.491035479301574e-02 1.481123628332397e-01
-1.107985344764696e-01 -8.766904530075240e-02

146
-1.805458877160606e-03 1.060095061585319e-02
1.860262835255283e-01 -5.034149682964384e-01
-5.294574655026335e-01 8.910032473216588e-02
-1.103031814416281e-01 6.084029872596253e-02
3.935754562120985e-03 -1.445956667418990e-01

147
7.425654765172959e-02 3.747690860361308e-02
1.419445750139643e-01 -4.707710046251724e-01
-4.361770579991704e-01 2.088593956998203e-01
-1.031868414100715e-01 5.248852271295896e-02
6.524514288507731e-02 4.981105526778286e-02

148
7.957780775422372e-03 -5.833454380408181e-04
1.535817392783295e-01 -5.237183333071556e-01
-5.298600456978035e-01 1.292452341352267e-01
-7.392492564229504e-03 -1.290455032767615e-01
9.608100248298014e-02 6.721050236328659e-02

149
1.992110240411636e-01 3.466311550342521e-03
-3.908113404357446e-01 3.125868405308641e-02
-8.915557574508102e-01 6.451939355870864e-01
-1.402425461712376e-01 3.343681932868423e-03
2.509213891157783e-02 1.802879557141934e-01

150
9.375751116590236e-02 -8.235720509296868e-02
-1.497016860676982e-01 1.462912424496590e-01
2.622320137869671e-01 -2.580972842255584e-01
-5.990038461520161e-02 5.311396530302388e-02
2.334685576624516e+00 5.676683022290431e-01

151
1.946327448714663e-01 -9.892093352383927e-02
-3.461848398122288e-01 2.395533413243488e-01
-1.032276833311242e+00 6.413726759439055e-01
-1.332482761755414e-01 7.407303043065541e-02
-6.918887304040973e-02 -1.935985194352597e-01

152
-5.663075302338640e-02 4.028986843161598e-02
9.145937129869970e-02 -7.200204120481402e-02
-1.607604104890560e-01 1.133027799516963e-01
3.633478609494700e-02 -2.556399277694483e-02
1.168268125045409e+00 5.064864181216489e-01

153
1.655661909027418e-01 -1.865386652343737e-01
9.382739244188733e-02 -2.564723895639801e-01
-2.543852723850552e-01 2.657946370498658e-01
-1.228584106291990e-01 2.723662821882594e-01
-2.592085705332750e-02 1.184244536975992e-01

154
1.067904774713245e-02 -6.271664433487951e-02
-2.197434555612128e-01 1.616802413547694e-01
2.296379932380871e-01 -2.376549163840780e-01
-5.459945838125451e-02 -1.407360488613297e-02
2.429425409383230e+00 7.785764120266094e-01

155
1.157141696188401e-01 -2.461566275608020e-01
2.552739808542018e-01 -1.858242391040655e-01
-1.676706445793368e-01 3.874777801025198e-01
-2.230852564271557e-01 2.033523642935738e-01
-9.545920848580089e-02 7.558384377243380e-02

156
-6.035102482349323e-03 2.953179257037846e-02
1.070690627010297e-01 -7.225444036066163e-02
-1.157808418355817e-01 1.079382766255742e-01
2.539502237952029e-02 7.638838060836153e-03
1.167539720977529e+00 4.472069578254858e-01

157
8.261051547802305e-02 4.250957873982183e-02
2.101510893567523e-01 -5.141841219817167e-01
-4.890361247279743e-01 2.071281082153017e-01
5.869622993129433e-02 5.702266500383164e-02
-1.089787983589446e-01 4.834334360422322e-02

158
-1.191955859032921e-01 -1.616369148454662e-01
-1.620928754969108e-01 -2.689870209506947e-03
2.384617757804538e-02 -1.484297856821008e-01
-4.532280253215344e-02 8.182493301544410e-03
1.639328020830428e+00 8.109088589973622e-01

159
3.456840702198563e-03 1.172127632690323e-01
3.732818123757293e-01 -3.091608128393171e-01
-5.294799195221164e-01 3.447294743454969e-01
8.391892714628192e-02 1.071253555775209e-02
2.276823683127693e-02 -6.251376042421615e-02

160
-5.656040233512517e-01 -2.349027801593799e-01
8.760377980361767e-01 2.604417943657719e-01
-4.865681560523599e-01 3.904709697203531e-01
4.928527880038441e-01 9.519016585341793e-02
-1.168619498721768e-01 2.345062387793910e-01

161
-1.445891389919396e-01 -5.438618211784892e-01
-8.627315226061301e-01 1.772357556797360e+00
-1.552288333543570e+00 1.242865495549243e+00
-4.639630463234439e-01 -1.496405041698408e-02
5.465953580571010e-01 -1.714124887939786e-01

162
-4.084174789850226e-01 -2.738101950504406e-01
5.324366812752660e-01 1.628131299748274e-01
-3.706957500562506e-01 2.157943709435230e-01
-1.189395446017640e-01 1.632077287730208e-01
2.483713804834572e-01 -8.968947215243270e-02

163
1.355981390494637e-01 2.494655679530057e-01
-2.094337141515555e-02 -1.078618234549414e+00
-4.043509832820229e-01 -3.274110049913586e-01
-2.029561732887412e-01 1.634303082558742e-01
2.512662006083385e-01 -1.056291807184619e-01

164
2.451486167012296e+00 -2.644890101235636e+00
-1.368484609989437e+01 2.423594043582235e+00
-1.208867190019841e+01 -3.954403072567956e+00
2.838257505255422e+00 2.386614518368396e+00
-1.501040419795915e+00 -2.617424898634813e+00

165
8.324975492363049e-02 5.443789079189038e-01
6.226073939375044e-01 -4.785119244056412e-01
2.548987074139318e-02 1.095261779033099e+00
-1.291590470165877e+00 -2.224329035862897e-02
6.964837895055510e-02 -2.372320663390127e-01

166
-2.239667525769009e-01 -2.147058883984347e-01
1.288474504865166e-01 1.218638199159515e+00
-1.121996833247329e+00 1.362445702888492e+00
2.217255970116544e-01 -2.517189555633275e-01
1.206223984704966e-01 2.331611224990005e-01

167
-9.839484107751347e-03 1.070989883474177e-01
1.021212302733001e-01 -5.807063300041492e-01
-5.097853842995728e-01 4.649286062320605e-02
-1.047967934174689e-01 6.945145137671735e-02
1.547227099145277e-01 1.962545443233679e-02

168
-1.237592048048163e-01 -1.835635576506966e-01
1.046377054215445e+00 3.372400132595821e-02
-1.238192081539754e-01 7.299779397584436e-01
1.967726026260749e-01 -1.716515736198634e-01
-2.312167671772541e-01 4.591024433384058e-02

169
-9.729523343389586e-01 -4.231479556423312e-01
1.051060043253908e+00 6.359486198854891e-01
-1.376933500665680e+00 -4.607883723132519e-01
2.260851542034091e+00 3.179242264433073e-01
-2.096563105936450e-01 -3.056429250776439e-02

170
-6.126919485695782e-01 -1.747852676281742e-01
9.075836281820083e-01 2.739420274497684e-01
-6.548351165246409e-01 1.046958191075862e-01
7.276497398624157e-01 -2.611414196493076e-02
2.686565392445811e-01 -3.866876011409728e-02

171
-7.511597798171412e-01 -1.745113382555500e-01
9.234055774968137e-01 3.584742011141187e-01
-1.024102701036162e+00 -8.285236183386391e-02
1.395377766736474e+00 -1.442432332200140e-01
2.698025320436296e-01 7.024445304546584e-02

172
-3.980050494528179e-01 -1.225042551085087e-01
6.065056981142387e-01 1.226787426391358e-01
-3.149698693959327e-01 2.919490559391572e-01
-6.247212428866130e-02 1.602426918091510e-01
3.299589125615142e-01 2.375869396231012e-02

173
-6.480516870722865e-02 -1.357752350337396e-01
1.467938354164835e-01 2.210456006068912e-01
-7.043969978770478e-01 4.688871654511529e-01
4.943977060227030e-02 9.260486676031016e-02
1.112772875181984e-01 -7.898997226858769e-02

174
-4.704227753522120e-01 -8.129459810833022e-02
7.103088947474256e-01 1.281537169973267e-01
-4.766519591137093e-01 1.603959474600796e-01
2.053326263719547e-01 -5.191888262064387e-02
5.184127329857052e-01 -9.230599633316358e-02

175
-1.457347270986398e-01 -6.749995803944951e-02
2.638469976250228e-01 8.704688904289219e-02
-6.786122508135587e-01 5.454927262838506e-01
1.023624099962171e-01 4.136079764787498e-02
-8.006802985422236e-02 1.259419936368365e-01

176
2.399938611561281e-01 4.318193929995178e-01
-8.115803939736034e-02 -1.881172109146188e+00
-7.092713194966155e-01 -5.670532701687184e-01
4.355661952738487e-01 -1.877280336805977e-01
-3.506039179243870e-01 2.876028126851881e-01

177
-1.705767859158679e-02 -1.369804400274456e-01
-2.784450951324055e-03 -1.431822973075241e-01
-6.802640158086439e-01 2.213982909612375e-01
7.031927426918420e-03 1.460738847033316e-02
1.049891634205280e-01 8.344192196638131e-03

178
2.444081568500689e-01 1.735904063293543e-02
-7.972732033310888e-01 -6.677450315933857e-01
-1.399383943819474e+00 -1.129503466564997e-02
8.263662896430497e-02 -2.260441036977258e-01
-2.095445558102001e-01 -4.135075619569233e-02

179
-2.211797165569632e-03 1.058712601402654e-02
2.542950013208016e-01 -4.890995100401133e-01
-5.515372523788666e-01 2.315666307141128e-02
1.037526975984860e-01 7.814740127977839e-02
7.333658351895967e-03 -1.445145093273253e-01

180
2.056756550896691e-01 2.765475278879725e-01
4.447434717331189e-01 -1.062957406546382e-01
5.082490031081670e-03 5.569997027359962e-01
-2.136162004789479e-02 7.438213616951636e-01
1.048327751039941e-01 1.688006130941518e-01

181
6.916296354266954e-02 -4.543316618727219e-02
6.055066172776650e-01 -1.647811203048667e-01
-2.080544830208365e-01 5.256405651286594e-01
1.055702301707916e-01 1.037356638909958e-01
-1.345184359720087e-01 5.443820672076154e-02

182
1.702770069374395e-01 3.188534885035298e-01
4.863961579742812e-01 -8.520904608140953e-02
-6.538802689077175e-02 6.162680365448320e-01
-2.341617872657454e-01 7.174223159096819e-01
7.111055284912687e-02 -8.749959808513703e-02

183
2.693297726906366e-01 3.305372796941227e-01
6.505050706353407e-01 2.324710292242218e-02
-1.514814683943651e-01 6.148363198764599e-01
5.196599260914293e-01 5.404934048102422e-01
1.443475865898376e-01 1.072652028084151e-01

184
2.949276475114030e-01 7.779015877795899e-02
3.240897014432281e-01 -1.778825126745894e-01
1.684917280600057e-01 3.036653384639284e-01
5.543044571951504e-03 3.487768174017922e-02
9.831767951597363e-01 3.083783382127286e-01

185
-2.725703112660725e-01 7.515589963763880e-02
-5.075203429577250e-01 -2.998251833272471e-01
-1.489220070604798e+00 -3.093204721999290e-02
-5.661190399267736e-02 -8.238957392930812e-02
5.109102768037816e-02 -1.912174110816972e-01

186
8.479525555359690e-01 2.282362636509576e-01
6.649326991899442e-01 -4.601606200978559e-01
3.747430384418796e-01 7.283319168229668e-01
2.349346937477387e-02 1.521362663216077e-01
1.387277698239671e-01 -1.208822972845303e-01

187
1.874331821523634e-01 1.306462155224783e-01
4.743489252103180e-01 -2.994125005598193e-01
-1.975081505737408e-01 4.196320257120689e-01
-8.103805049949146e-02 1.607786830020303e-01
1.316914613440658e-01 -1.462782806360178e-01

188
-1.056602202599728e-02 4.988178600761569e-03
6.552279918911755e-01 -1.154159495101953e-01
-2.285990009157962e-01 6.239830504862045e-01
5.784854566630714e-02 -1.482636227133967e-01
8.425441087756853e-02 1.369231135639141e-01

189
-3.100746035268912e-02 1.300354449956290e-01
5.916183138126777e-01 -2.449616504619912e-01
-4.388975443729472e-01 6.315288493215965e-01
1.154871092989267e-02 -1.236640580242152e-01
-1.364953319885301e-01 1.209938052870597e-02

190
-1.600684472899243e-03 -6.390497434527995e-02
-2.226856437063590e-01 1.424481940275903e-01
2.178044608532015e-01 -2.185027391712187e-01
1.808810893964824e-03 3.917193091445711e-02
2.303199242985949e+00 8.664389456836353e-01

191
-3.005833929443022e-03 1.255628961816216e-02
1.797086052209290e-01 -3.178371266334057e-01
-1.832667919181759e-01 3.330836263610997e-01
-3.212400197733916e+00 1.019396380003343e-01
6.659611875000558e-01 -2.570212417338741e+00

192
3.589799524469365e-01 1.328378418910020e-01
4.163258406656926e-01 -2.688303169498985e-01
2.368242739732114e-01 4.731949449240851e-01
1.298979017031182e-01 -2.209858430433259e-02
7.675802124639914e-01 5.347675523899045e-01

193
-2.099459357703817e-01 3.250476596308886e-01
3.918525909543309e-01 5.835688214880925e-01
-1.171547456540317e+00 1.141888803747037e+00
1.220745385408069e-01 1.580504673821175e-01
-2.905305097072548e-01 -2.591967625906768e-01

194
1.045744602800035e+00 1.147989577277363e-01
7.068598149362169e-01 -6.761074690983297e-01
5.827528644866072e-01 8.005144454847495e-01
1.525707562589923e-01 -1.600917532042397e-01
4.880511843823739e-02 1.661266303334834e-01

195
1.975855413502369e-02 1.136248217899737e-01
3.789705804213261e-01 -2.947436610616253e-01
-4.634898549018995e-01 4.211657258077926e-01
2.411397443318478e-03 -6.845169240150809e-02
9.179284183472208e-02 -2.586596736928270e-03

196
1.025988211024815e-01 1.706767364147622e-02
6.841593762243039e-01 -2.211960368845815e-01
-1.059649527220591e-01 6.308704591163439e-01
2.977126349165595e-02 -2.066231587998725e-01
1.165459668183510e-01 1.364828873605368e-01

197
2.640932847616429e-01 1.110407593270116e-01
5.501099920718644e-01 -4.969321036529056e-01
-1.570620697765407e-01 5.814491813160698e-01
1.270345719770382e-01 -2.165186695617297e-01
-5.750222352421887e-02 2.216107639017081e-01

198
8.533958189424919e-01 -6.509676941188283e-02
1.348879836885323e+00 -8.205764877009247e-01
2.159043448036838e-01 1.157491250689120e+00
6.841507715099036e-01 -1.783968397738671e+00
-1.482183253899153e-01 2.158925609528093e-01

199
-1.760504539734847e-01 -1.436953400570913e-01
-3.952814072654203e-01 1.736952889115616e-01
-1.124083778495164e+00 4.049462899380227e-01
-9.343461111381401e-02 7.297719552311469e-02
8.580834980025268e-03 1.354480980904196e-01

200
-1.880563631901710e-03 7.034886637313182e-04
8.500097440680737e-02 -1.879844110162383e-02
-8.727580890411084e-02 1.964116358085842e-02
5.235129049539070e-01 5.522647837358742e-01
7.674470295509660e-01 8.093091650031689e-01

201
-6.341262172254618e-03 -2.740870745562445e-03
1.883401780512385e-01 -5.192510068442527e-01
-5.439247261165107e-01 9.738645903866633e-02
1.144978332533663e-01 6.719486346221942e-02
-1.012210243963732e-01 7.813525613856642e-02

202
-1.198551180723428e-03 -5.113031020978150e-03
3.622050714965769e-02 1.679444297781581e-01
-3.764020528993135e-02 -1.741213358470762e-01
-1.101837859874714e+00 1.029982470229781e+00
1.101663864070663e+00 -1.030719844313416e+00

203
-6.162009416367849e-02 5.148015265825143e-02
3.138178699711900e-01 -5.273640704956107e-01
-5.608732024779642e-01 -3.337127554160197e-02
1.365877818982144e-01 9.726857863204898e-02
2.196529091898505e-02 -1.633955908360359e-01

204
4.592464333200390e-02 3.883999719178393e-02
1.298831389358239e-01 -6.867266214372653e-02
-7.182930409203611e-02 1.206008738075556e-01
-2.763154483153799e-02 4.189928482806955e-02
1.177306361618050e+00 3.498085387441410e-01

205
6.341660897223242e-03 3.009759254970711e-03
1.816508730001968e-01 -5.229890957580909e-01
-5.438568209987611e-01 1.050616494826259e-01
1.125054161226523e-01 6.483014854316313e-02
-1.017803481347096e-01 7.765093898356966e-02

206
1.320068082910424e-01 6.000424955751580e-03
1.744501139903110e-01 -2.551876407697277e-01
-4.722300516886596e-01 3.514057957943262e-01
-3.309816803244613e-02 1.182712901169799e-01
9.734301667387386e-03 -4.188389763066634e-02

207
2.222098894701378e-01 2.157240288715641e-02
3.983966626099601e-01 -6.137252060711077e-01
-1.723325797322244e-01 6.433683032531703e-02
-6.304297062475159e-03 1.768787756251514e-01
3.221500721886801e-02 -1.877313083722234e-01

208
3.218824781717498e-03 8.729231258870297e-04
2.810041311384999e-02 -1.179068596144753e-01
-2.422015904807343e-02 1.189484068530963e-01
-9.917010962106745e-01 3.315695761108836e-01
9.921650759775306e-01 -3.314433464067282e-01

209
-3.218223156683580e-04 -3.546710292649208e-03
-4.247991450266028e-02 -9.793363136338834e-02
4.210817764069480e-02 9.366121851167768e-02
-5.211860728030706e-01 7.366972497317641e-01
7.048912488887972e-01 2.416687309129774e-01

210
1.451796666161010e-02 -5.989648004944107e-02
-2.238682773531716e-01 1.413925419190784e-01
2.385809220472949e-01 -2.141556155772046e-01
5.449921122870421e-02 6.296049506520943e-03
2.351138230014095e+00 9.330312107361917e-01

211
7.243096790516945e-02 -8.310628434427729e-03
1.758687211177513e-01 -5.064114413998252e-01
-4.721548619448565e-01 1.220024383562307e-01
-1.193960995980640e-01 5.997863140474952e-02
-3.053006211955847e-03 -1.363271449376054e-01

212
1.537377887449608e-03 3.231522568683184e-02
1.118818186501318e-01 -7.423923177362500e-02
-1.114627435563983e-01 1.140113922443631e-01
-8.958367810907240e-04 -1.993095214860572e-02
1.192982014908002e+00 4.197388728154106e-01

213
3.698899339763943e-01 -2.474313518729800e-01
-5.728676639998156e-02 -3.785839756252159e-01
-3.032244708869120e-01 3.846087925462682e-01
-1.004364627321844e-01 -1.589425093672439e-01
4.237324749913070e-04 2.379736920691408e-01

214
-1.099001691907646e-01 -1.720221283233170e-01
-1.664684382871852e-01 6.922039500017781e-03
3.369176542553843e-02 -1.708596839212581e-01
2.507429035086299e-02 -2.773486791768344e-02
1.707938959584566e+00 8.603164560117870e-01

215
1.327813828688599e-01 -6.929110897637897e-02
-5.627219370240146e-03 -2.346275528959934e-01
-7.046594481252152e-01 3.893683407978386e-01
-2.325395072707351e-02 -7.506707600230106e-02
-8.471193529213317e-02 -3.069335517662910e-02

216
4.743162252236405e-02 4.183062785744708e-02
1.404709646447640e-01 -6.434730274733971e-02
-8.059457031788261e-02 1.201678957320091e-01
4.110119832687087e-02 -3.344669023970726e-02
1.239000152896927e+00 3.941932441121498e-01

217
2.522133929817473e-01 -4.471119646699633e-02
2.479762708617856e-01 -8.041310931692508e-01
-1.712729164107202e-01 1.268872505916429e-01
-2.234962068543538e-02 -2.173184682695256e-01
4.755576149198051e-02 1.973903073862296e-01

218
-8.062532212592982e-02 -8.029529639368815e-02
-2.604257596428577e-01 1.103716566870467e-01
1.671244214145796e-01 -1.975144158542083e-01
-7.486274666100373e-02 5.723885649239618e-02
2.161156696154548e+00 9.362486428245170e-01

219
4.317178756876306e-02 1.715652118047555e-01
3.203304110526620e-01 5.007101066384407e-02
-6.960111259343674e-01 6.688556636194708e-01
1.036210532785377e-01 4.365714496577928e-03
4.698941500091369e-02 -1.037962595753527e-01

220
1.562196743777714e-01 -2.067694162311146e-02
-3.053929841501997e-01 -3.812864312958696e-01
-8.764482541528097e-01 1.582460029308643e-01
-1.303963749934597e-01 -1.794841281457309e-02
2.855475520246313e-02 -1.383745449391731e-01

221
-2.024839993607762e-02 1.288312654728495e-01
1.979378310012707e-01 -6.990981631316631e-01
-6.229069267468540e-01 2.361809883297618e-02
1.940681986246353e-01 3.240194589509968e-02
-1.324032375909939e-01 8.525367340962538e-02

222
1.780978932989054e-01 -2.176068929247548e-02
6.034041935568076e-02 -2.667861015484027e-01
-5.348490999184723e-01 4.740764802034244e-01
5.139896502621103e-04 -9.672615075296255e-02
-8.888635287459003e-03 1.698048164691424e-01

223
3.046637888638106e-01 -2.449856350925194e-01
-6.965332179760875e-02 -4.064533057404664e-01
-4.221159345916694e-01 4.113185588386650e-01
-9.556575212756917e-02 -1.466201952505670e-01
-2.075322619498976e-01 2.428627319688677e-01

224
4.486317755550414e-02 -6.371355532677667e-02
2.214815245464479e-01 -4.727901140056026e-01
-5.006389508354854e-01 -4.258601567531001e-03
1.136927151769893e-01 1.021948770735653e-01
5.142037341907080e-03 -1.317779165277662e-01

225
-7.523484706050758e-02 -9.620660545373425e-02
-2.887614084945482e-01 8.318257664463080e-02
2.004263113188342e-01 -1.883144400631638e-01
7.185801431763413e-02 -6.838922836356376e-02
2.243341275669582e+00 1.199750649721501e+00

226
2.545398119336784e-02 -1.918085732658858e-01
-4.381276583991866e-01 -4.373662743417228e-01
-1.017536362227776e+00 -1.270523653547267e-01
1.904013898623081e-01 5.784978654638431e-02
-1.190063835661911e-01 9.194466956966300e-02

227
9.456627572716265e-02 -1.444174110575094e-01
-1.672999003490939e-01 -5.323844176822714e-01
-7.461392064885952e-01 -1.701289182404098e-01
1.359444102769734e-01 1.192573952347529e-01
-4.284183104124092e-02 -9.580666517850468e-02

228
1.313956777423460e-01 -1.290693650557582e-01
2.804591163971323e-01 7.212400457570527e-02
-5.515263815560966e-01 6.008210061671054e-01
7.185611038382747e-02 4.954598599182031e-02
-1.442996968867987e-01 -1.089164628084169e-01

229
7.469349358922431e-03 -5.535012858605293e-04
1.206048300158104e-01 -4.634271153656788e-01
-4.607824215097511e-01 1.277449086038152e-01
-9.446402410648552e-02 6.439048033958644e-02
1.002171987477100e-01 6.356484606021451e-02

230
1.788464038331836e-01 -2.200445905466305e-01
7.107329509464558e-02 -2.981453250357234e-01
-2.761015554309724e-01 3.246550357458804e-01
-2.865287398257898e-02 1.398396339782729e-01
-1.081102396097902e-01 2.989918403828552e-01

231
3.610895001803489e-02 -4.000747745173548e-01
4.252798684299761e-01 -3.802343229809987e-01
-4.007081953172189e-01 -3.456267682186944e-01
-7.532683324665193e-02 -1.442402722815277e-01
3.486030813481826e-01 -8.631299924701247e-01

232
2.796971732573851e-01 -1.461076099630651e-01
-4.541054192938427e-03 -3.307077199225945e-01
-3.990888555544837e-01 2.672485350759351e-01
-2.153956029745326e-01 1.642828163014602e-01
-5.750950559452027e-02 -1.389299080101637e-01

233
-2.759170685553056e-02 -2.236406096502836e-01
-6.847356231604491e-01 2.617673751917174e-01
-1.219666889128350e+00 2.251875906985072e-01
-6.083282123158625e-02 1.592445626166385e-01
2.328331865117479e-01 -1.932692474717929e-02

234
1.372053561932615e-01 2.785848263860534e-02
-2.304501204699542e-01 -4.131437314843793e-01
-7.453131091910703e-01 3.094598564811245e-01
-1.181266329152422e-01 -5.342910510588453e-02
-1.563978386119723e-02 1.565766454355863e-01

235
-3.262432536011230e-01 -1.213784072217491e-01
-2.498744781854080e-01 1.186513313806163e+00
-1.483013417989046e+00 1.181895889026237e+00
1.596177104987085e-01 2.265832872766516e-01
-1.802151663022507e-01 1.584143633592296e-01

236
8.307889876623215e-02 -1.933447023240847e-02
1.535032099746620e-01 -6.150689833088046e-01
-5.235199869076163e-01 1.908906240893565e-01
-1.655026170934869e-02 -1.471237372706531e-01
-1.226310656491020e-01 7.479661606308277e-02

237
1.692210174820035e-02 -1.857303392681520e-01
-2.703454677224664e-01 -2.105388358371657e-01
-7.848533394518132e-01 1.166371839360308e-01
-9.362156899275793e-02 -3.143401055977016e-02
1.720025956425793e-01 3.829428585286677e-02

238
7.710522413381134e-04 -4.353813934060849e-02
1.049020894391125e-01 -1.092243358714547e-01
-1.069353665302787e-01 5.749223533066829e-02
3.816189234389682e-02 -5.130720820310647e-03
1.092868537819169e+00 4.323171589939740e-01

239
6.865677660063380e-03 3.006102660945802e-03
1.491211590828415e-01 -5.942053583766996e-01
-5.894612288219102e-01 1.684761743328263e-01
-1.410145287862838e-02 -1.448027564034639e-01
-1.001304908595772e-01 7.353056045725072e-02

