4 4

13
1 1 0 0 1 0
1 0 3 0 -1389991114224861/250000000000000 0
1 0 2 0 -600736219305781/250000000000000 0
1 0 1 0 -3720061144904363/1000000000000000 0
1 0 0 0 -14761788236647/10000000000000 0
0 1 3 0 -1389991114224861/250000000000000 0
0 1 2 0 -600736219305781/250000000000000 0
0 1 1 0 -3720061144904363/1000000000000000 0
0 1 0 0 -14761788236647/10000000000000 0
0 0 3 0 6730089417539881/1000000000000000 0
0 0 2 0 340410516890121/25000000000000 0
0 0 1 0 490617265582389/200000000000000 0
0 0 0 0 2498139358831/2000000000000 0

18
1 0 2 0 -1389991114224861/250000000000000 0
1 0 1 1 -1389991114224861/250000000000000 0
1 0 1 0 -600736219305781/250000000000000 0
1 0 0 2 -1389991114224861/250000000000000 0
1 0 0 1 -600736219305781/250000000000000 0
1 0 0 0 -3720061144904363/1000000000000000 0
0 1 2 0 -1389991114224861/250000000000000 0
0 1 1 1 -1389991114224861/250000000000000 0
0 1 1 0 -600736219305781/250000000000000 0
0 1 0 2 -1389991114224861/250000000000000 0
0 1 0 1 -600736219305781/250000000000000 0
0 1 0 0 -3720061144904363/1000000000000000 0
0 0 2 0 6730089417539881/1000000000000000 0
0 0 1 1 6730089417539881/1000000000000000 0
0 0 1 0 340410516890121/25000000000000 0
0 0 0 2 6730089417539881/1000000000000000 0
0 0 0 1 340410516890121/25000000000000 0
0 0 0 0 490617265582389/200000000000000 0

18
2 1 0 0 1 0
2 0 3 0 -1389991114224861/250000000000000 0
2 0 2 0 -600736219305781/250000000000000 0
2 0 1 0 -3720061144904363/1000000000000000 0
2 0 0 0 -14761788236647/10000000000000 0
1 2 0 0 1 0
1 1 3 0 -1389991114224861/250000000000000 0
1 1 2 0 -600736219305781/250000000000000 0
1 1 1 0 -3720061144904363/1000000000000000 0
1 1 0 0 -14761788236647/10000000000000 0
0 2 3 0 -1389991114224861/250000000000000 0
0 2 2 0 -600736219305781/250000000000000 0
0 2 1 0 -3720061144904363/1000000000000000 0
0 2 0 0 -14761788236647/10000000000000 0
0 0 3 0 870876624693167/100000000000000 0
0 0 2 0 279638334121363/125000000000000 0
0 0 1 0 551184563576357/250000000000000 0
0 0 0 0 -9197484362301789/100000000000000000 0

24
2 0 2 0 -1389991114224861/250000000000000 0
2 0 1 1 -1389991114224861/250000000000000 0
2 0 1 0 -600736219305781/250000000000000 0
2 0 0 2 -1389991114224861/250000000000000 0
2 0 0 1 -600736219305781/250000000000000 0
2 0 0 0 -3720061144904363/1000000000000000 0
1 1 2 0 -1389991114224861/250000000000000 0
1 1 1 1 -1389991114224861/250000000000000 0
1 1 1 0 -600736219305781/250000000000000 0
1 1 0 2 -1389991114224861/250000000000000 0
1 1 0 1 -600736219305781/250000000000000 0
1 1 0 0 -3720061144904363/1000000000000000 0
0 2 2 0 -1389991114224861/250000000000000 0
0 2 1 1 -1389991114224861/250000000000000 0
0 2 1 0 -600736219305781/250000000000000 0
0 2 0 2 -1389991114224861/250000000000000 0
0 2 0 1 -600736219305781/250000000000000 0
0 2 0 0 -3720061144904363/1000000000000000 0
0 0 2 0 870876624693167/100000000000000 0
0 0 1 1 870876624693167/100000000000000 0
0 0 1 0 279638334121363/125000000000000 0
0 0 0 2 870876624693167/100000000000000 0
0 0 0 1 279638334121363/125000000000000 0
0 0 0 0 551184563576357/250000000000000 0

