5
0
5
52
2.572250973752844e-01 -5.004663471714728e-01
6.346056863790368e-01 -2.077269180029987e-01
-2.004746943102887e-01 -6.369338635908985e-01
1.269549384802445e-02 -2.470080678942813e-02
8.107001119248699e-01 -1.577327126344117e+00
7.324106877635580e-15
2.190374361935699e+03
1.050120297959400e-15
9.765625000000001e-05
4.311650018758884e-12
0.000000000000000e+00
1
1
22
52
1.482730555578254e-01 4.249842914366576e-01
4.796890755895191e-01 2.349285275801475e-01
-2.294416099914430e-01 4.823376098910778e-01
4.673143638110732e-01 1.339429224246124e+00
7.318102641886176e-03 2.097534615593877e-02
1.986027322597818e-15
4.117926122810431e+03
4.826418188563039e-14
3.814697265625000e-07
5.402740965592069e-14
0.000000000000000e+00
1
1
26
52
1.182478743802181e-01 -3.229308557610086e-01
3.582398130072952e-01 -6.424263775412535e-02
-2.249967909516818e-01 4.719514133213438e-01
1.448072409029269e-01 3.730500672520516e-02
-1.502969728084688e-01 2.482042985457357e-01
6.938893903907228e-17
4.197915334535823e+01
6.102080728287566e-17
3.906250000000000e-04
7.759759189145412e-15
0.000000000000000e+00
1
1
27
52
1.439376453744861e-01 -4.043037137168173e-01
3.638794863932681e-01 -5.654808966052011e-02
-2.693841488667173e-01 3.812533745036382e-01
1.665055870256953e-01 5.419877355732915e-02
-2.105434815584014e-01 5.742691463739630e-02
8.777083671441753e-17
5.085341141344425e+01
9.378927315463056e-17
3.906250000000000e-04
1.337855412698051e-13
0.000000000000000e+00
1
1
37
52
7.765006131634929e-02 -3.286658285067878e-01
2.797256391798674e-01 -7.566888238974558e-02
-1.777606611892116e-01 3.214754332628192e-01
-1.597166569117089e-01 6.310797769705381e-02
1.349165446514481e-01 2.800588694584924e-02
6.266651041207814e-17
7.695575943407820e+01
4.364558285723750e-17
3.906250000000000e-04
8.559764733022318e-14
0.000000000000000e+00
1
1
47
52
-1.681289813560469e-01 -4.822565562236779e-01
2.378169700870857e-01 -4.176051632420805e-01
-4.458958344077883e-01 -1.792425409483719e-01
4.903546547851595e-02 -7.179773333034020e-02
-8.304384110728663e-02 -2.575095804464834e-02
2.668149074451263e-16
2.838661403344071e+01
9.337883776016843e-17
3.906250000000000e-04
3.482930763813655e-12
0.000000000000000e+00
1
1
59
52
1.201832105505179e-01 -2.934548936504544e-01
2.631075343191295e-01 -2.301869954587794e-01
-1.709276406211925e-01 4.497759829416406e-01
-1.153308846786926e-01 1.024921168277121e-01
-2.374990038626423e-01 2.643583307384612e-01
1.415262216750919e-16
1.444803501906942e+02
7.162650662137764e-17
3.906250000000000e-04
3.465459515025202e-14
0.000000000000000e+00
1
1
61
52
-6.801917365432045e-01 -2.098295289339380e-01
-3.989346768040250e-01 -7.445551058697885e-01
-7.490571653436400e-01 3.904158617177899e-01
-2.143770271924244e+00 -6.613228037531361e-01
-3.357125760618158e-02 -1.035625808248972e-02
2.510558939375563e-14
1.228013555893399e+04
3.424376682136981e-13
3.814697265625000e-07
1.450814708780550e-13
0.000000000000000e+00
1
1
62
52
-2.997735128225257e-01 5.478469814027822e-01
5.318075584244227e-01 -7.865280991002266e-01
-6.606638911528572e-01 1.835200537740939e-02
-2.499195958382020e-01 -1.061971905985098e-01
3.370875228387852e-01 -4.049870272435592e-01
2.775557561562891e-16
2.600475479953180e+01
2.021848903822064e-16
3.906250000000000e-04
2.359139026393035e-14
0.000000000000000e+00
1
1
63
52
-4.217789064764903e-01 -3.851011974910219e-01
1.558508877987852e-02 -7.832170553169517e-01
-7.785731022026570e-01 8.657814538420330e-02
-9.444447057603478e-01 -8.623162077751561e-01
-1.631051373463264e-01 -1.489215860360052e-01
3.691908910362950e-15
1.191715851873946e+03
6.094025174262373e-14
6.103515625000000e-06
7.282936109448869e-14
0.000000000000000e+00
1
1
67
52
-1.021014494497439e-01 -1.550283896988413e-01
3.745863834461082e-01 -3.735590817767293e-01
-4.911307849537486e-01 1.966008604045838e-01
1.194627805069966e-01 -9.961984864207583e-02
-1.387021914754436e-01 7.040718890740003e-02
7.573910767901060e-18
1.465739163642400e+02
2.277987446110029e-16
2.441406250000000e-05
7.980102077613456e-15
0.000000000000000e+00
1
1
82
52
-1.584882639929150e-01 -4.323104816140750e-01
2.083775250930630e-01 -3.798641710254064e-01
-4.045248978649696e-01 -1.551695472702848e-01
-7.522924308208860e-02 -2.201971281145466e-02
4.317094848498651e-02 -6.542611079614470e-02
2.623564953514148e-16
3.414085337070308e+01
1.676281926570591e-16
3.906250000000000e-04
3.481960883993547e-12
0.000000000000000e+00
1
1
101
52
-7.999326603009209e-02 -1.260496389925148e-01
3.062918690327464e-01 -2.952912813491880e-01
-3.976007325636932e-01 1.514110542240322e-01
-1.124904207811766e-01 5.472937602860999e-02
9.741694897293560e-02 -7.848144634760251e-02
4.857225732735060e-17
3.421267071830024e+02
1.313885024011007e-16
2.441406250000000e-05
2.458210282605903e-15
0.000000000000000e+00
1
1
104
52
-6.824330012072468e-01 -3.820417762099423e-01
8.268933147767104e-01 1.999466172455580e-01
-5.670599582258075e-01 3.588845644152999e-01
3.577417720292402e-01 -1.737550975488054e-01
-1.634301437372634e-01 2.740794837091732e-01
3.330669073875470e-16
2.918810730648895e+01
3.110171128032052e-16
3.906250000000000e-04
1.043122430878227e-12
0.000000000000000e+00
1
1
114
52
9.895417572951345e-02 -2.487140023964067e-01
2.801141685522383e-01 -4.227413677646998e-02
-1.852184257454507e-01 3.623631375145966e-01
-1.222819070132578e-01 1.898825891981562e-01
1.118655679130328e-01 3.214215330632419e-02
6.397344083151129e-17
1.019899247516194e+02
8.052421063748036e-17
3.906250000000000e-04
2.019306970538414e-13
0.000000000000000e+00
1
1
121
52
-7.495072585932042e-02 8.319564549418216e-01
3.225933393222358e-01 -8.494331919745309e-01
-6.583966190823868e-01 2.833032983977836e-01
-3.401602127180679e-01 -2.129308674979187e-02
3.689540218740660e-01 -2.104919540062193e-01
7.575797802392804e-16
3.732272165978605e+01
1.123369252299960e-16
3.906250000000000e-04
1.148605694991440e-12
0.000000000000000e+00
1
1
129
52
-6.554671722544487e-01 1.123490032735141e+00
1.152218377835294e+00 -1.607161605069146e+00
-1.376570925025393e+00 4.276822357456691e-04
7.249862196218864e-01 -8.239175613343303e-01
-5.142667074437455e-01 -2.353979174415511e-01
1.004429759648633e-14
1.365106601026113e+02
2.755159787594682e-15
3.906250000000000e-04
5.042617822864862e-13
0.000000000000000e+00
1
1
130
52
-4.182183347440389e-01 1.825594164663137e-01
6.272911992403413e-01 -2.931136603954926e-01
-5.023875330721317e-01 -2.601777919709453e-02
2.218124465046861e-01 9.761151016377360e-03
5.101935029489791e-01 -3.493333424336833e-02
5.551115123125783e-16
7.662303576198022e+01
1.737734102960955e-16
3.906250000000000e-04
7.306086755793963e-14
0.000000000000000e+00
1
1
133
52
-6.958149918980744e-01 1.691079735049937e+00
1.224967802006927e+00 -1.567156782798119e+00
-1.560302105482979e+00 1.657682961257702e-01
9.078885648467463e-01 -2.010704334474499e-01
-6.974878744583384e-01 -2.649413432369965e-01
1.069508444366134e-14
2.264847170195740e+02
1.117479413278481e-15
3.906250000000000e-04
8.831714673104114e-12
0.000000000000000e+00
1
1
134
52
-5.518528512613258e-01 1.786361112960066e-01
8.301433873098617e-01 -2.923400702161225e-01
-6.322429687912393e-01 -9.572831816129164e-02
6.497382963775721e-01 1.960411603179223e-02
2.793616102127739e-01 4.008217069948116e-02
1.093442869781314e-15
6.852788932297017e+01
1.144448452471618e-15
3.906250000000000e-04
4.257216635752955e-12
0.000000000000000e+00
1
1
141
52
3.720950044022638e-01 -1.340502746367710e-01
5.085144367398568e-02 -3.355363415466061e-01
-3.504175920008079e-01 2.495780501218750e-01
-5.219295354230905e-02 1.942295800750652e-01
-5.052521478404529e-02 -1.532585900223695e-01
5.721958498152797e-17
6.800759685810078e+01
1.509627077808414e-16
3.906250000000000e-04
3.123230231486800e-13
0.000000000000000e+00
1
1
153
52
1.745002771514685e-01 -1.822498012556474e-01
8.229558987771717e-02 -2.657080366175424e-01
-2.717472700377875e-01 2.696804398317783e-01
-1.154186475019132e-01 2.581368150930893e-01
-3.723075903580251e-02 1.169853624980379e-01
9.106885210113025e-17
2.090465293572084e+02
3.170841066410266e-16
9.765625000000001e-05
2.768366490857041e-15
0.000000000000000e+00
1
1
155
52
1.193607792817425e-01 -2.492052364960288e-01
2.404947558568220e-01 -1.869538296238843e-01
-1.713945125832513e-01 3.826251292323360e-01
-2.199433505683712e-01 2.179718707926096e-01
-1.054991255869172e-01 8.333414127679981e-02
2.444421741938448e-16
1.765110394808362e+02
2.719581394964497e-16
3.906250000000000e-04
2.129599525462637e-12
0.000000000000000e+00
1
1
160
52
-5.586402397793125e-01 -2.150712707292236e-01
8.762223724648344e-01 2.459423141212234e-01
-4.946541096499159e-01 3.958080499287051e-01
4.974447782747779e-01 8.745359605491257e-02
-1.170388783280900e-01 2.324918386063606e-01
2.288783399261119e-16
2.275764867657603e+01
4.138930978300499e-16
3.906250000000000e-04
3.385914318526953e-14
0.000000000000000e+00
1
1
162
52
-4.247487448904650e-01 -2.815829964582761e-01
5.275114668758999e-01 1.703240524187480e-01
-3.859899231714271e-01 2.054789286079653e-01
-1.195834399658622e-01 1.700996826429163e-01
2.409368907021744e-01 -9.541774363059102e-02
2.001483021243360e-16
4.665537183936553e+01
1.160058624335104e-16
3.906250000000000e-04
3.744324790160001e-13
0.000000000000000e+00
1
1
170
52
-5.848349251648770e-01 -1.596572625073020e-01
8.809067187402100e-01 2.648302945425742e-01
-6.554185790670670e-01 1.306951811921713e-01
6.773868104061692e-01 -5.207090907487565e-02
2.897097343340404e-01 -5.543500163383080e-02
6.280369834735101e-16
5.966411169903867e+01
3.964784975441220e-16
9.765625000000001e-05
4.283995771975441e-15
0.000000000000000e+00
1
1
172
52
-3.868969097198520e-01 -1.111542331373678e-01
6.014589104057438e-01 1.131204136754825e-01
-3.080370775892709e-01 2.942930478961928e-01
-6.470257627356124e-02 1.626389686116643e-01
3.383831207501568e-01 2.927130911346118e-02
1.273811594446465e-16
3.208800942070780e+01
8.414818358925467e-17
3.906250000000000e-04
3.056971379656356e-13
0.000000000000000e+00
1
1
174
52
-4.695260453203356e-01 -7.107195368260591e-02
7.094353605137068e-01 1.259944843142229e-01
-4.980568325991072e-01 1.612443085758879e-01
2.203645148197194e-01 -6.945675388295981e-02
5.222935438352392e-01 -1.020688041448767e-01
2.775557561562891e-16
5.859449759238453e+01
1.339366288529779e-16
3.906250000000000e-04
1.126837538865024e-13
0.000000000000000e+00
1
1
183
52
2.390483122323026e-01 3.619351954288041e-01
5.894089120821371e-01 8.088259036306750e-02
-1.569761989674071e-01 5.738495726437651e-01
5.352754949146069e-01 8.104430399487506e-01
9.244181536904576e-02 1.399631154010256e-01
1.256073966947020e-15
8.561792210737505e+02
1.073961150824095e-14
6.103515625000000e-06
2.043081869203268e-14
0.000000000000000e+00
1
1
184
52
3.137681099062354e-01 1.012184299779281e-01
3.492274195527663e-01 -1.763618627800790e-01
1.803338955097134e-01 3.471930058930263e-01
1.548620702127342e-02 4.995694309007035e-03
9.889075537925374e-01 3.190116102560772e-01
1.665334536937735e-16
2.166072007646003e+03
3.894809139081728e-16
9.765625000000001e-05
1.037106624505868e-12
0.000000000000000e+00
1
1
186
52
8.398633139389413e-01 2.143490616371284e-01
6.716587680049472e-01 -4.627117565044132e-01
3.677682429691568e-01 7.279932621313895e-01
5.558917871443830e-02 1.366886907919207e-01
1.142946023379973e-01 -9.333112480279082e-02
2.142759199588038e-15
2.789691686770248e+01
3.073336045012045e-16
3.906250000000000e-04
4.404205724458286e-12
0.000000000000000e+00
1
1
187
52
1.279486454314052e-01 1.256418797445361e-01
4.238317167025762e-01 -2.855411696722573e-01
-2.777838556204846e-01 4.289559572001202e-01
-9.255921504867257e-02 1.183724865351756e-01
1.166691232387868e-01 -9.469725202792055e-02
8.886119947416683e-17
1.781125090179850e+02
9.928886254034486e-17
2.441406250000000e-05
2.559840628395278e-15
0.000000000000000e+00
1
1
192
52
3.178445443074155e-01 1.525316395499765e-01
4.447624806658552e-01 -1.897674873081903e-01
1.302107427803026e-01 4.656935965974959e-01
1.229129225240929e-01 5.898515463064290e-02
7.117155280089414e-01 3.415478992000061e-01
4.965068306494546e-16
6.891779162077383e+02
3.082940601498922e-16
9.765625000000001e-05
1.031252798492014e-12
0.000000000000000e+00
1
1
194
52
9.767673604886090e-01 9.150084968927040e-02
6.692927766969511e-01 -6.357780639749216e-01
5.395686666825742e-01 7.490208418360624e-01
1.113180787143490e-01 -1.245031985282087e-01
8.625803832089995e-02 1.430115796620630e-01
3.356474311340335e-15
3.169102030498268e+01
1.960860623556281e-16
3.906250000000000e-04
4.432298315105503e-12
0.000000000000000e+00
1
1
197
52
1.782778322634445e-01 1.462543927224764e-01
5.101087199203029e-01 -4.143023841668054e-01
-3.066122624733442e-01 5.812454663616795e-01
1.385737507017905e-01 -1.346611799399701e-01
-1.049800994856188e-01 1.622205180560602e-01
1.962615573354719e-17
7.294723386177247e+01
2.548202786082498e-16
2.441406250000000e-05
1.232860053741059e-14
0.000000000000000e+00
1
1
213
52
3.582345082130232e-01 -2.537324303040148e-01
-4.512057276601235e-02 -3.739684226183052e-01
-3.007861202811393e-01 3.708711851073852e-01
-9.949372019557759e-02 -1.489398942433390e-01
1.777977801062838e-03 2.232255753919840e-01
1.163170574736153e-16
5.907796905828137e+01
8.868578400808182e-17
3.906250000000000e-04
3.547870499109178e-14
0.000000000000000e+00
1
1
223
52
2.986591008128124e-01 -2.440851301224894e-01
-6.371780131506855e-02 -4.032031788432955e-01
-4.172829939127718e-01 4.120102863651369e-01
-9.279644074589671e-02 -1.397060206601970e-01
-2.076932541064661e-01 2.505528660291353e-01
1.110223024625157e-16
4.775779584439210e+01
8.369561370369855e-17
3.906250000000000e-04
6.891939134411557e-15
0.000000000000000e+00
1
1
230
52
1.787345444740145e-01 -2.179182834376164e-01
6.889758088717940e-02 -3.029699952796390e-01
-2.795518104320229e-01 3.236192412546551e-01
-3.144537724333380e-02 1.334764345569031e-01
-1.064355165548268e-01 2.973745870572013e-01
6.938893903907228e-17
1.797212018968990e+02
1.046509058671587e-16
3.906250000000000e-04
5.959697981809935e-15
0.000000000000000e+00
1
1
231
52
-1.795072452813482e-03 -5.327318699164724e-01
5.476779396208722e-01 -4.837005481468790e-01
-5.509251830076118e-01 -4.799987380743667e-01
-6.941682821661139e-04 -2.060114990988410e-01
-4.019515078833544e-03 -1.192889891852541e+00
3.564646966262391e-15
7.626410592124563e+02
3.234901701300218e-16
9.765625000000001e-05
4.182233662871289e-12
0.000000000000000e+00
1
1
232
52
2.711104099493727e-01 -1.486373130649380e-01
8.816877156214058e-03 -3.270942270079966e-01
-3.891840943146462e-01 2.636117571037934e-01
-2.003669710896318e-01 1.670528676635107e-01
-5.267870453259039e-02 -1.236889526189133e-01
7.757919228897728e-17
6.839991932220505e+01
9.844001841875067e-17
3.906250000000000e-04
1.369846621755571e-14
0.000000000000000e+00
1
1
-1

2 0
1 5
610024320798740288248709855418381984469167768639795656194685317531008100263078220624464809193460597915190803580409903507718993031946181605158802304503631687120521860667119041468651597730934267552812875667277266108232741558123368058881081990363555544575208459267972837781423692765261321714087430882942321151889/2000000000000000000000000000000000000000000000000000000000000000000000000000000000000000000000000000000000000000000000000000000000000000000000000000000000000000000000000000000000000000000000000000000000000000000000000000000000000000000000000000000000000000000000000000000000000000000000000000000000000000000000 1704056663679355979553200177538824707055816008052282660453949971237977796542350725410755138090459113451923966415068068647339037027348118063895298420743734603236393565035657478517304582859299838959866586137510254474448432520354841770473145240743701988182429899543541683218181066694549653011119063717861656539039/2000000000000000000000000000000000000000000000000000000000000000000000000000000000000000000000000000000000000000000000000000000000000000000000000000000000000000000000000000000000000000000000000000000000000000000000000000000000000000000000000000000000000000000000000000000000000000000000000000000000000000000000
77573739119434010542039518298648094995810433461781659814287204401440533607880180000257801962975654074564663727779063553488932468997040318041095580211475328680646020700166102578451043813285426834572275281596075622709596957422451445022647379487209027274363915279275351583152897024641041105837686353594501810397/125000000000000000000000000000000000000000000000000000000000000000000000000000000000000000000000000000000000000000000000000000000000000000000000000000000000000000000000000000000000000000000000000000000000000000000000000000000000000000000000000000000000000000000000000000000000000000000000000000000000000000000 7056046578650209852499627124995788484375569855717103795158613865285435113252304206362689301587917919361570184375378985340610742766391894688042545038694598829288963278923937671652878093950721029396902072884579248153843292137161227077900315002939718207266269364367641609478006526751107706022582377232400391434053/10000000000000000000000000000000000000000000000000000000000000000000000000000000000000000000000000000000000000000000000000000000000000000000000000000000000000000000000000000000000000000000000000000000000000000000000000000000000000000000000000000000000000000000000000000000000000000000000000000000000000000000000
-4423718903022016287343523421105785628647937721206687770269461241696608581626298536336302306796685509905245109663161085735076176706241517462972225027147959575388324265553743011816219104465427662635503174023518292736012797426162357422685692080981174220240636603426151928949698104479856236520984203424911601613837/5000000000000000000000000000000000000000000000000000000000000000000000000000000000000000000000000000000000000000000000000000000000000000000000000000000000000000000000000000000000000000000000000000000000000000000000000000000000000000000000000000000000000000000000000000000000000000000000000000000000000000000000 -2687612712031146695961288972715459757566941937380463357922730441355823933866914340575421407774393901379768999455942013536957577113256909067647982719404130309527635035362099222032802750701194262074199709515155874420380346412298843949531085690883845266225113390720475569425679925096062603041112410338578715895683/5000000000000000000000000000000000000000000000000000000000000000000000000000000000000000000000000000000000000000000000000000000000000000000000000000000000000000000000000000000000000000000000000000000000000000000000000000000000000000000000000000000000000000000000000000000000000000000000000000000000000000000000
-65862449637147786066780891175903204484870377410342346787857207332206777381687549363063609780537752281509669423649979215721895227004305245897400761762859639185473500889534020272958145505039645071468388634090508703754173567828492930440098821026500126504323507863775630960587951279982639700878236865241688909961/500000000000000000000000000000000000000000000000000000000000000000000000000000000000000000000000000000000000000000000000000000000000000000000000000000000000000000000000000000000000000000000000000000000000000000000000000000000000000000000000000000000000000000000000000000000000000000000000000000000000000000000 -1448117574974785902137972163023045720270951046415651920563990952123675654685926804166592593406682528165768786940419409125850712724149686588741882393435181969533249923311034716552484863550208266962020678888428831838562153132831113325774523591668194864193263048180885168750225320314316142524671527392632124420339/2500000000000000000000000000000000000000000000000000000000000000000000000000000000000000000000000000000000000000000000000000000000000000000000000000000000000000000000000000000000000000000000000000000000000000000000000000000000000000000000000000000000000000000000000000000000000000000000000000000000000000000000
2814223618951844729813420383754218635757349688621298128086411952338812647246673278861320447945080236802586291799035260177413367923915164361334718734888212237114750903913637982468587414390466287498166031266729850935731017891476280973082088516468509662080146032708661742408791025275739975241812173888875879584493/5000000000000000000000000000000000000000000000000000000000000000000000000000000000000000000000000000000000000000000000000000000000000000000000000000000000000000000000000000000000000000000000000000000000000000000000000000000000000000000000000000000000000000000000000000000000000000000000000000000000000000000000 -1016250151970644689770055366834733816312730994867656650061976128463792450051810123354502902643113979759248944213169194251428491403303731048373256267635302128898163256059490783097725708771695056558955465753296197371083336136379504575667722782238372412254881860710349501330368158429790402361352818946497905375081/5000000000000000000000000000000000000000000000000000000000000000000000000000000000000000000000000000000000000000000000000000000000000000000000000000000000000000000000000000000000000000000000000000000000000000000000000000000000000000000000000000000000000000000000000000000000000000000000000000000000000000000000

0
-3173868978307442091671483861653675325453916475976550868324215497444650463366779111318043907665955580596772019055731061703936042465070256304702846581582083281665505438731387381440044343935822327479668161795491085794374642674313116786512351830113495094640515234335004431727937981143070273748950078720495582407887/10000000000000000000000000000000000000000000000000000000000000000000000000000000000000000000000000000000000000000000000000000000000000000000000000000000000000000000000000000000000000000000000000000000000000000000000000000000000000000000000000000000000000000000000000000000000000000000000000000000000000000000000 -1186120178272498147038259545164161161969871975089968571847627650569210514595535862643619511603778959490937017453389530970021841523597831518314147028130472970981689676241777468834365001424703073438365399530372836523426235419932664184392626399160434144456742438222225750009186775405747251562481883564123272833083/2000000000000000000000000000000000000000000000000000000000000000000000000000000000000000000000000000000000000000000000000000000000000000000000000000000000000000000000000000000000000000000000000000000000000000000000000000000000000000000000000000000000000000000000000000000000000000000000000000000000000000000000
5 5
1 0
0 0
0 0
0 0
0 0
0 0
1 0
0 0
0 0
0 0
0 0
0 0
1 0
0 0
0 0
0 0
0 0
0 0
1 0
0 0
0 0
0 0
0 0
0 0
1 0

5 0

4 0

