1.1855269214893300e+00 2.6108053651613920e-59
-1.0932004247935854e+00 -1.2889151060822204e-61
-6.5515050191225721e-01 2.2319801321644109e-01
-6.5515050191225721e-01 -2.2319801321644109e-01
-1.0932004247935854e+00 -1.2889151060822204e-61
1.1855269214893300e+00 2.6108053651613920e-59
-6.5515050191225721e-01 2.2319801321644109e-01
-6.5515050191225721e-01 -2.2319801321644109e-01
1.1855269214893300e+00 2.6108053651613920e-59
-1.0932004247935854e+00 -1.2889151060822204e-61
-6.5515050191225721e-01 -2.2319801321644109e-01
-6.5515050191225721e-01 2.2319801321644109e-01
-1.0932004247935854e+00 -1.2889151060822204e-61
1.1855269214893300e+00 2.6108053651613920e-59
-6.5515050191225721e-01 -2.2319801321644109e-01
-6.5515050191225721e-01 2.2319801321644109e-01
7.3778969516540649e-01 -2.3710829710247443e-61
-1.0508310823908280e+00 1.1793778183972442e-61
-4.6069049112415783e-01 2.2678316452660108e-01
-4.6069049112415783e-01 -2.2678316452660108e-01
-1.0508310823908280e+00 1.1793778183972442e-61
7.3778969516540649e-01 -2.3710829710247443e-61
-4.6069049112415783e-01 2.2678316452660108e-01
-4.6069049112415783e-01 -2.2678316452660108e-01
7.3778969516540649e-01 -2.3710829710247443e-61
-1.0508310823908280e+00 1.1793778183972442e-61
-4.6069049112415783e-01 -2.2678316452660108e-01
-4.6069049112415783e-01 2.2678316452660108e-01
-1.0508310823908280e+00 1.1793778183972442e-61
7.3778969516540649e-01 -2.3710829710247443e-61
-4.6069049112415783e-01 -2.2678316452660108e-01
-4.6069049112415783e-01 2.2678316452660108e-01
1.0597540701490396e+00 1.2404342300505034e+00
1.0597540701490396e+00 -1.2404342300505034e+00
4.2085144987493583e-01 5.7887183979074192e-58
1.1786527224530580e+01 -1.7664491785254120e-56
1.0597540701490396e+00 -1.2404342300505034e+00
1.0597540701490396e+00 1.2404342300505034e+00
4.2085144987493583e-01 5.7887183979074192e-58
1.1786527224530580e+01 -1.7664491785254120e-56
1.0597540701490396e+00 1.2404342300505034e+00
1.0597540701490396e+00 -1.2404342300505034e+00
1.1786527224530580e+01 -1.7664491785254120e-56
4.2085144987493583e-01 5.7887183979074192e-58
1.0597540701490396e+00 -1.2404342300505034e+00
1.0597540701490396e+00 1.2404342300505034e+00
1.1786527224530580e+01 -1.7664491785254120e-56
4.2085144987493583e-01 5.7887183979074192e-58
8.8180690641773252e-01 -6.7108514409176045e-01
8.8180690641773252e-01 6.7108514409176045e-01
-9.5962104703706946e-02 -5.1251245888792164e-62
-6.8223414654181855e+00 1.1033797317994259e-59
8.8180690641773252e-01 6.7108514409176045e-01
8.8180690641773252e-01 -6.7108514409176045e-01
-9.5962104703706946e-02 -5.1251245888792164e-62
-6.8223414654181855e+00 1.1033797317994259e-59
8.8180690641773252e-01 -6.7108514409176045e-01
8.8180690641773252e-01 6.7108514409176045e-01
-6.8223414654181855e+00 1.1033797317994259e-59
-9.5962104703706946e-02 -5.1251245888792164e-62
8.8180690641773252e-01 6.7108514409176045e-01
8.8180690641773252e-01 -6.7108514409176045e-01
-6.8223414654181855e+00 1.1033797317994259e-59
-9.5962104703706946e-02 -5.1251245888792164e-62
4.1101752099499667e-01 -6.0601235153806310e-01
4.1101752099499667e-01 6.0601235153806310e-01
-1.8528409434351273e-02 1.3956555948485025e-01
-1.8528409434351273e-02 -1.3956555948485025e-01
4.1101752099499667e-01 6.0601235153806310e-01
4.1101752099499667e-01 -6.0601235153806310e-01
-1.8528409434351273e-02 1.3956555948485025e-01
-1.8528409434351273e-02 -1.3956555948485025e-01
4.1101752099499667e-01 -6.0601235153806310e-01
4.1101752099499667e-01 6.0601235153806310e-01
-1.8528409434351273e-02 -1.3956555948485025e-01
-1.8528409434351273e-02 1.3956555948485025e-01
4.1101752099499667e-01 6.0601235153806310e-01
4.1101752099499667e-01 -6.0601235153806310e-01
-1.8528409434351273e-02 -1.3956555948485025e-01
-1.8528409434351273e-02 1.3956555948485025e-01
-1.0810586801057118e-01 4.3154870650961330e-01
-1.0810586801057118e-01 -4.3154870650961330e-01
-1.5254826813362860e-01 -3.3388605958159656e-01
-1.5254826813362860e-01 3.3388605958159656e-01
-1.0810586801057118e-01 -4.3154870650961330e-01
-1.0810586801057118e-01 4.3154870650961330e-01
-1.5254826813362860e-01 -3.3388605958159656e-01
-1.5254826813362860e-01 3.3388605958159656e-01
-1.0810586801057118e-01 4.3154870650961330e-01
-1.0810586801057118e-01 -4.3154870650961330e-01
-1.5254826813362860e-01 3.3388605958159656e-01
-1.5254826813362860e-01 -3.3388605958159656e-01
-1.0810586801057118e-01 -4.3154870650961330e-01
-1.0810586801057118e-01 4.3154870650961330e-01
-1.5254826813362860e-01 3.3388605958159656e-01
-1.5254826813362860e-01 -3.3388605958159656e-01
1.1949106590194969e+00 -2.6422796807845299e+00
1.1949106590194969e+00 2.6422796807845299e+00
2.9048545311156404e-01 -9.5319387361242403e-01
2.9048545311156404e-01 9.5319387361242403e-01
1.1949106590194969e+00 2.6422796807845299e+00
1.1949106590194969e+00 -2.6422796807845299e+00
2.9048545311156404e-01 -9.5319387361242403e-01
2.9048545311156404e-01 9.5319387361242403e-01
1.1949106590194969e+00 -2.6422796807845299e+00
1.1949106590194969e+00 2.6422796807845299e+00
2.9048545311156404e-01 9.5319387361242403e-01
2.9048545311156404e-01 -9.5319387361242403e-01
1.1949106590194969e+00 2.6422796807845299e+00
1.1949106590194969e+00 -2.6422796807845299e+00
2.9048545311156404e-01 9.5319387361242403e-01
2.9048545311156404e-01 -9.5319387361242403e-01
4.7366600290546507e-01 8.6649314042420533e-01
-1.1184521604821926e+00 1.3413807413441131e-01
3.1358171697520920e-02 3.9992782807901056e-01
-5.0825285729673486e-01 6.0001877596077086e-02
-1.1184521604821926e+00 1.3413807413441131e-01
4.7366600290546507e-01 8.6649314042420533e-01
3.1358171697520920e-02 3.9992782807901056e-01
-5.0825285729673486e-01 6.0001877596077086e-02
4.7366600290546507e-01 8.6649314042420533e-01
-1.1184521604821926e+00 1.3413807413441131e-01
-5.0825285729673486e-01 6.0001877596077086e-02
3.1358171697520920e-02 3.9992782807901056e-01
-1.1184521604821926e+00 1.3413807413441131e-01
4.7366600290546507e-01 8.6649314042420533e-01
-5.0825285729673486e-01 6.0001877596077086e-02
3.1358171697520920e-02 3.9992782807901056e-01
-2.6261760151108293e-01 9.4660417843560762e-01
-2.6261760151108293e-01 -9.4660417843560762e-01
-1.1852467543429483e-01 4.6585839634753401e-01
-1.1852467543429483e-01 -4.6585839634753401e-01
-2.6261760151108293e-01 -9.4660417843560762e-01
-2.6261760151108293e-01 9.4660417843560762e-01
-1.1852467543429483e-01 4.6585839634753401e-01
-1.1852467543429483e-01 -4.6585839634753401e-01
-2.6261760151108293e-01 9.4660417843560762e-01
-2.6261760151108293e-01 -9.4660417843560762e-01
-1.1852467543429483e-01 -4.6585839634753401e-01
-1.1852467543429483e-01 4.6585839634753401e-01
-2.6261760151108293e-01 -9.4660417843560762e-01
-2.6261760151108293e-01 9.4660417843560762e-01
-1.1852467543429483e-01 -4.6585839634753401e-01
-1.1852467543429483e-01 4.6585839634753401e-01
-1.1184521604821926e+00 -1.3413807413441131e-01
4.7366600290546507e-01 -8.6649314042420533e-01
3.1358171697520920e-02 -3.9992782807901056e-01
-5.0825285729673486e-01 -6.0001877596077086e-02
4.7366600290546507e-01 -8.6649314042420533e-01
-1.1184521604821926e+00 -1.3413807413441131e-01
3.1358171697520920e-02 -3.9992782807901056e-01
-5.0825285729673486e-01 -6.0001877596077086e-02
-1.1184521604821926e+00 -1.3413807413441131e-01
4.7366600290546507e-01 -8.6649314042420533e-01
-5.0825285729673486e-01 -6.0001877596077086e-02
3.1358171697520920e-02 -3.9992782807901056e-01
4.7366600290546507e-01 -8.6649314042420533e-01
-1.1184521604821926e+00 -1.3413807413441131e-01
-5.0825285729673486e-01 -6.0001877596077086e-02
3.1358171697520920e-02 -3.9992782807901056e-01
