0
-6.166311625519969e+00 -1.631551094629429e+00
-1.530472829233753e+00 -1.797285512675631e+00
-5.600399634970731e+00 -4.154037860184338e-01
-1.363823291297342e+01 -1.317059222592377e+00
-4.917779910254986e+00 -1.826258802698438e+00

1
-9.543490144093074e-01 -1.461952883496092e+00
2.714988436075550e+00 -8.904366818498186e+00
-8.212782484108754e+00 1.634500395990375e+00
-2.313237392714820e+00 -7.449994821031093e-01
2.489523410941474e+00 -1.711741040738176e+00

2
-6.506607049156901e-01 -1.037497212670720e+00
1.586628213801253e+00 -1.700686976627955e+00
-2.632656053474980e+00 -4.714211144191505e-01
-1.301928862046552e+00 1.777474789149898e-01
7.199504207669990e-01 -7.027416533479653e-01

3
-3.115308453983710e-01 -4.909058265424041e-01
-6.464821650885205e-01 -2.945289904841602e-01
2.829403388592978e-01 -4.155173688088507e-01
-7.898146481859232e-01 -3.714086346840106e-01
2.000272012302805e-02 4.467732396093697e-03

4
6.600464991538239e-02 -1.323850648865773e-01
1.509406876153871e-01 -4.827340390368028e-01
4.995444981799538e-02 -5.020894132672581e-01
1.253778532162787e-01 8.369227985361889e-02
-1.327082489550950e-01 -4.393618886440850e-02

5
5.428426737252595e-01 -2.689194536069417e-01
1.056796067599143e+00 -2.496618278272587e-01
-5.572516036956182e-01 -5.214644098776687e-01
8.405140577278186e-01 7.755600054769912e-01
-9.066660145841884e-02 -1.642750980334615e-02

6
9.888901296174091e-02 -1.053683916964791e-01
2.737029487315948e-01 -4.217052903601681e-01
-2.153578631495519e-02 -6.782062976044253e-01
9.473770827594297e-02 1.179146334274442e-01
8.303300302506306e-03 -3.586016250555629e-02

7
2.347531367349559e-02 -2.479621248186396e-01
-8.469713537157164e-02 -8.018693166317175e-01
6.474004846634271e-02 -2.142441813267831e-02
2.447506621020653e-01 2.305755427026259e-02
-2.507819500181352e-01 -3.180779478943688e-02

8
2.612138586640574e-01 -3.655378041720624e-01
1.898382992705570e+00 -2.135644933756873e+00
-2.809024211313112e+00 -2.416886040174324e-01
-1.448229427577043e-01 6.218352961273810e-01
-5.805987399507024e-01 -5.260083068347704e-01

9
1.998792015761151e-01 -4.330534553944383e-01
1.191163768257624e-02 -6.395646102942371e-01
-3.430929195908752e-01 5.178505122073541e-01
5.064298164659196e-01 8.289576854253067e-01
-2.613002314632859e-02 -1.534638592430511e-01

10
1.086677594552755e-01 -3.246719397908659e-02
3.494845347793403e+00 -1.864917421536197e+00
-3.374601251158225e+00 -2.084430390400497e+00
-6.072569253230137e-01 7.868270844854173e-01
1.106608631506397e+00 1.748913862363585e-01

11
-4.352228824625217e-01 -2.571836280920010e-01
5.469929086365090e-01 -2.094873044350896e-01
-7.483385897679021e-01 -3.780371993243717e-01
-7.804060782624648e-01 8.820046215250925e-01
-1.592220723169064e-01 -2.446585375987823e-01

12
-1.219957395434143e-01 -4.020460725749897e-01
-1.410353160426411e-01 -3.404686472692121e-01
1.438807441819328e-02 -1.285915356429417e-01
1.365700173203071e-02 4.310380063091614e-02
-3.785491280668060e-01 -8.552123117966833e-01

13
-6.241870851733009e-01 2.631289857120701e-01
-3.473722933333411e-01 -4.702643159931234e-02
-2.355538917061631e-02 3.493010629256206e-01
-1.875506244025745e-01 1.438876017410776e-01
-3.742455187293609e+00 -3.780874624628682e+00

14
1.401750099103057e-01 -1.139836208419822e-01
1.655536498783055e-01 -3.287929722622988e-01
1.111679378031707e-01 -8.434665547335031e-01
-2.162082902573102e-04 -2.614014375163189e-02
1.010225035081584e-01 1.529218276624094e-01

15
2.506096359560880e-02 -1.357861701706415e-01
-2.092247547611763e-02 -2.893190037151246e-01
2.601911954269359e-01 -6.078226403874751e-01
-2.445763108578129e-03 -1.726885526530738e-02
-1.320428529124898e-01 -7.923868354440703e-03

16
-2.381842282203032e-01 -1.104117370434956e-01
-4.112132594025342e-01 -1.557987018998238e-01
2.722432622316441e-01 -1.416468801692663e-01
-3.506159604923390e-01 4.814851314508847e-01
-6.555130783254780e-02 -1.038231932326404e-01

17
-1.086878044388142e-01 -2.472594574935786e-01
-5.008792247178133e-01 -7.144298917575094e-01
5.474259390513846e-02 -5.135053321115974e-02
-2.545004954911033e-01 1.024166794228153e-01
2.441204400927426e-01 -1.074073203527589e-01

18
-8.127460552966860e-01 -2.715525442452642e-02
-5.267546897063811e-01 3.676780483104390e-01
1.877795035550066e-03 -2.138491512721782e-01
1.024682031190067e-01 -6.944489782747525e-04
-1.052054515337594e+00 -6.403808926459996e+00

19
4.992477962473319e-03 -1.207637648381446e-01
-1.063985983652754e-01 -4.073094518800673e-01
1.588526903548517e-01 -5.564138828581295e-01
-1.177927382169208e-01 1.596095729077281e-02
-2.878785524467340e-03 -2.795860613500580e-02

20
-1.388092665945474e-02 -6.232225264842623e-03
-6.953709878746209e-01 -2.980162141328588e-01
6.061865088165717e-01 -4.538861808642683e-01
-1.789095384003083e-01 -6.023605583339989e-02
1.357247686351740e-01 -9.582524305915514e-02

21
-3.410365556403139e-03 3.155087544602247e-03
-5.348608481222750e-02 1.039064660461169e-01
5.143989634714839e-02 -1.020560952041295e-01
-5.683078773935309e-02 9.222073749532808e-01
-7.177236310943627e-01 -2.598072467693193e-01

22
-1.445250570911322e-01 -9.316927126013055e-02
-6.055181421156532e-01 -9.648095922357668e-02
8.252681538201215e-01 -2.658537488100773e-01
-3.737886272445037e-02 6.372343430062705e-02
-5.796060395190535e-02 9.484063389567950e-02

23
2.160995103015853e-02 4.086044468022471e-01
-8.567188750395247e-01 6.437087033402945e-02
1.013721177722838e+00 -9.953925382999048e-01
-3.066798734504833e-01 -9.332674111201011e-04
4.281761683681214e-01 -7.846802000435833e-02

24
3.088420955428728e-02 -2.204744533619735e-01
-4.197365235339089e-01 -3.832874243696653e-01
5.167392136313085e-01 -1.581180121601691e-01
2.219642603563995e-01 -7.175943830899796e-02
-2.266974384324058e-01 -1.444587155770243e-01

25
-5.590719514660145e-02 -1.134325942727854e-01
-1.993633757343176e-01 -4.024103041667321e-01
4.471431650280484e-01 -3.922548005858078e-01
1.173227413277314e-01 -2.272779806613084e-02
-1.800672904307568e-03 -4.744853654065362e-02

26
-3.035757085645951e-02 -1.124295167818267e-01
-5.388141925232893e-01 -4.603271513550484e-01
7.033314960887689e-01 -1.698610787801680e-01
1.760402898750628e-01 -8.162931271781322e-02
-7.164420765742981e-03 1.632797146454995e-01

27
-9.130186348567848e-02 -3.392925295274516e-01
-6.050640353090621e-01 -1.083841665636619e+00
3.663347235484053e-01 5.677508964761634e-01
3.371254665927704e-01 -1.158477792849069e-01
-3.615799909285587e-01 5.318213198054002e-02

28
-8.497864975673959e-01 -5.501833767918574e-01
1.824297657835085e-01 -6.409618645187790e-01
4.374955996440982e-01 3.790055207381124e-01
2.168186534772363e-01 1.243324331161156e-01
1.750895121969989e-01 -2.445334123265645e-01

29
-8.548163690627220e-02 -1.252001890395194e-01
-2.263389978702352e-01 -2.952291097254698e-01
4.576145157032588e-01 -5.138004895523479e-01
-1.402801676182413e-02 -3.318346813751188e-02
1.308263194712178e-01 -6.020705287727708e-02

30
-5.983248251351868e-03 -1.413798290454835e-02
-5.494351248180687e-01 -5.066079579647614e-01
7.148822362451908e-01 -2.218184534678906e-01
1.743951569883135e-01 -6.938999585925330e-02
-9.425524474795645e-04 1.891799901891361e-01

31
-9.782349035472168e-02 -8.891853924262723e-02
-3.322725432988149e-01 -4.573694252792205e-01
6.012255655391472e-01 -2.531569823521065e-01
1.339249581763099e-01 -4.226507865096366e-02
-8.509089061922138e-02 1.431024380009916e-01

32
-1.426664728562671e-01 -8.785730506612290e-02
-6.060455892699130e-01 -1.041999550313648e-01
8.005129575513228e-01 -2.774870060523824e-01
-5.921656206840268e-02 7.305472240741953e-02
-3.145727712343344e-02 8.514221134621532e-02

33
-1.104506560416189e-02 -7.793374171946440e-03
-5.317580296091439e-01 -3.180454765415708e-01
5.423044400343441e-01 -3.024985153111313e-01
9.746843707024468e-03 1.553651173886615e-01
1.438841854298407e-01 -6.999375754668614e-02

34
-5.054632168681285e-02 -1.045939746150766e-01
-5.419954877891305e-01 -2.462761277213328e-01
5.830485841375234e-01 -2.660657303847314e-01
5.747399462143797e-03 1.145073294962419e-01
1.330549175649431e-01 -8.466345650339961e-02

35
-3.169835695186589e-02 -1.329359757351492e-01
-2.460170144707240e-01 -2.411215166531528e-01
2.375528996983905e-01 1.548028137063726e-01
5.721299431238318e-03 2.858939390066717e-02
-2.391242339228696e+00 -4.714777279259196e-01

36
-2.377673266119786e-01 -1.325214749307949e-01
-4.559820879737597e-01 -1.904449590995136e-01
3.088820986610795e-01 -1.697491414243896e-01
-3.636226797678289e-01 4.031983927871524e-01
5.412026908699722e-02 -5.071945331939148e-02

37
-2.319503270281567e-01 -1.826486752502967e-01
-9.376360377600094e-01 -4.503472762008617e-01
5.243661500075228e-01 2.067893479713638e-01
-2.161863231595718e-01 2.178372457971781e-01
1.691040708695830e-01 -2.483143832534495e-01

38
-6.657600936012043e-03 2.949454828474241e-03
-5.167117392930683e-02 1.700448557060474e-01
4.771299627713688e-02 -1.683645626929385e-01
1.747259903437214e-01 1.399716141801109e+00
1.068756546657742e+00 -4.641877302130196e-01

39
-5.871257376227908e-02 -7.659887293391465e-02
-2.893894833240711e-01 -2.164722279863130e-01
2.553608271228712e-01 1.654668503738167e-01
-8.105229521506443e-02 5.139872575861933e-02
-2.581684699908858e+00 -4.464426215346335e-01

40
1.020917817485778e-01 -1.088722724587121e+00
4.122234208080207e-01 -1.698217843435044e-01
-2.434396454193864e-01 -4.082238189646792e-01
9.739311008659163e-02 -2.939174364299926e-01
-9.554831108607616e-03 1.213626815764579e-01

41
-8.972090585160819e-02 -2.480447958272464e-01
-5.996605080416675e-01 -1.829217735764455e-01
4.376314930102128e-01 -3.963027174607300e-01
-2.964135048583272e-01 -3.229940399702484e-02
1.922622673455545e-01 -1.722832765634552e-01

42
1.932879636835021e-01 -2.952516045369009e-01
1.390951377578283e-01 4.029768144836023e-02
1.792524662191115e-02 -1.494469813449049e-01
8.095585849274139e-02 -5.476066492050974e-02
-2.793818812113660e+00 -4.509796071884787e-01

43
2.865097034146890e-01 7.524194148919287e-02
6.107986669928511e-01 -2.465550124576362e-01
-1.487842890847577e-01 -1.384710085723622e+00
5.358450656627629e-02 -5.800321584578530e-02
1.638085356625357e-02 -2.399870692507168e-01

44
-5.621027539771931e-02 -9.070931251917051e-02
-2.889157582304223e-01 -2.774840281657748e-01
2.567192610553629e-01 2.174302845553093e-01
8.913228724831582e-02 -5.966880861312085e-02
-2.678392232764459e+00 -9.039453184277231e-01

45
-8.610071999947391e-01 5.753788545627136e-01
-2.886320861206730e+00 2.868020118051672e+00
4.978008996247498e+00 -1.267700646442803e+00
-2.905004847230501e-01 -7.768599765474259e-01
-3.582338013968775e-01 -1.860788909940061e-01

46
6.765472605084090e-02 1.980472429427383e-01
4.282925840538727e-01 6.610837659857022e-01
-3.834608207445302e-01 -5.570807973459434e-01
-1.954684139117682e-01 7.397686557240996e-02
-4.915801231588520e+00 -2.930597121509100e+00

47
2.657530440356894e-01 -2.958388841449333e-01
2.051205656245903e+00 1.665556697892448e-02
-9.016020722768142e-01 -1.574225227245252e+00
5.291406395374426e-01 3.764295130049683e-01
-5.429938750200611e-02 -5.229496663644237e-01

48
-2.842284670335813e-01 -2.224446967496700e-01
-3.176660843792751e-01 -3.900257986887385e-01
6.572615564236485e-02 2.173307576700577e-01
5.321269418748486e-02 5.459026360899175e-02
-1.385190967865949e+00 -1.709300787324606e+00

49
-7.406210892278885e-03 4.672629351543170e-01
1.185865658715139e+00 6.260363552884937e-01
6.003138973516600e-01 -1.977555894641311e+00
2.402003432813891e-01 1.485635610562220e-01
-5.445064288321939e-01 -1.737775454921140e-02

50
-1.522881144114433e-01 4.374899857690725e-01
1.589269543329877e-01 1.089829343956251e+00
-1.999398287091469e-01 -8.425272695132032e-01
2.577860328347358e-02 -8.810367970516209e-02
-4.812641436325571e+00 -5.842717137361353e+00

51
4.623661786494386e-01 6.603366652886353e-02
1.769557782821456e+00 -3.681335215705773e-01
-1.558899168697506e+00 -1.831308195145406e+00
-2.339268030305281e-01 4.999716867208653e-01
-1.360808401175986e-01 -5.413291915896299e-01

52
-2.476519644227998e-03 3.455032279717394e-03
2.292905232363318e-03 -1.308969047155736e-01
-3.780981224617482e-03 1.329236455475746e-01
3.978129434492749e-01 9.772704135370555e-01
-3.978978452796428e-01 -9.771515075309630e-01

53
-4.251837368210655e-03 -5.964321309269415e-03
2.403764804196472e-03 -1.878039616021099e-01
-4.860853709129274e-03 1.843374904544870e-01
5.644170196970008e-01 1.376467959774104e+00
9.594363659199501e-01 -7.676363822474762e-01

54
-9.592484413532248e-02 -4.576636576530156e-01
-1.117940955819901e-01 -3.389639022489920e-01
9.989502974268646e-02 4.741902007895283e-01
2.850177586537269e-01 7.773628359878303e-01
9.348543599114738e-03 2.252413706872170e-01

55
-4.075201033973894e-03 -2.968069979284241e-03
3.728260550806597e-02 -1.192566059259135e-01
-3.963725548779131e-02 1.175003643492950e-01
9.408966168890234e-02 9.913664564533196e-01
-8.075259550693270e-01 -1.562745313601847e-01

56
6.932633962934456e-02 -6.274897289693068e-02
2.898057605457240e+00 5.023887291827721e+00
2.911608426541916e+00 -5.018763219634690e+00
1.319917591601996e+00 -5.995988489978131e-01
-9.940937865160562e-01 -9.281152226122933e-01

57
5.454865231152031e-02 -1.697404158809675e-01
-2.929160311136528e-03 -5.845723497811932e-01
-5.166799656579483e-02 -6.057559374491854e-01
-1.628974537457566e-01 -2.826926052899323e-02
1.662360463636696e-01 7.627673785074743e-02

58
1.203558691255853e-02 -9.292929391230110e-01
-3.741154551149819e-01 -4.126923578043344e-01
-1.918694344265092e-01 4.323123954075491e-01
-6.521338437761480e-02 1.615195702736410e-01
-2.059703939359160e-01 -6.321578998656398e-02

59
-8.937368606888194e-03 2.238481343001055e-01
1.951767909340414e-01 8.230307079688477e-01
-1.903449772542175e-01 -7.020805750108873e-01
2.216480187124972e-01 2.660392646653190e-02
-3.720187590357864e+00 -4.721545101888929e+00

60
-9.724248058184827e-01 -1.424577607962487e+00
8.648278261017229e-01 -1.346590287083687e+00
-2.048381698683854e+00 -7.704790809213045e-01
-2.297311794281737e+00 -8.602111420700069e-01
1.423811275151330e-01 -5.181497467547963e-02

61
-7.927938339250283e-01 -7.538627376366051e-01
9.138126566181778e-01 -2.462375089494565e+00
-2.234307167172191e+00 5.763754454929446e-01
-7.915582121312723e-01 3.118186387223090e-01
5.984880239065803e-01 -9.439123231035722e-01

62
7.640370296268006e-02 -1.483207433391380e-01
-1.322913889619947e+00 5.957162528951384e+00
5.828442423228266e+00 -1.850459482487245e+00
1.448086881788386e+00 4.741110306939347e-01
-1.343413633775670e+00 9.514144718237895e-01

63
-9.103119446566077e-02 -3.777081047452994e-01
1.341834802256520e+00 7.377115463818429e-01
4.311171536648823e-01 -1.746536483806682e+00
2.385055516656262e-01 -2.911696386685712e-01
-4.891868296104148e-01 1.109365604480257e-01

64
-5.199048447839738e-03 -1.017813995156372e+00
-2.182455067692105e-02 5.270610688723286e-01
5.673566477501893e-01 -2.266850611348793e-01
2.742627716246180e-01 4.613845685045892e-03
2.680785285570714e-02 2.264413299388544e-01

65
-9.969210986729852e-05 4.366013334618138e-03
-1.194650998318735e-01 9.577868116055439e-02
1.194171014432685e-01 -9.319354330433079e-02
-5.759352759035573e-01 1.073488281805403e+00
-8.440740136425474e-01 1.573156515230844e+00

66
2.175582984893963e-01 -1.195308391756591e-01
3.188233779432618e-01 4.441596312235093e-01
4.217652974455039e-01 -1.194483101975566e+00
1.094278881290427e-01 1.510563567582651e-01
-7.387273831147015e-03 1.056537713907318e-01

67
3.214641083911860e-03 -2.410119690319722e-01
5.444555462466973e-01 2.896171191016416e-03
2.028315993022699e-01 -9.037975258228079e-01
1.591845769819626e-01 -6.589761974531133e-03
-2.664914627912819e-01 1.140496120461178e-02

68
4.012188327428436e-01 -5.350921073770861e-01
1.742442183945944e+00 3.631595351190665e-01
-6.403175061135665e-01 -1.393057431465837e+00
6.375833482316080e-01 3.104000220230467e-01
-2.726857682847065e-01 -4.709867955365077e-01

69
-1.060801080174081e-01 1.493729767832029e-01
-4.114183088130356e-01 -2.155438873090645e-01
3.561641793993399e-01 3.156142810780942e-01
-1.362916449850994e-01 -8.603663108277231e-02
-3.961707383300360e+00 -8.275544020548810e-01

70
1.104614761352932e-02 -3.057981673452097e-02
1.640466306745001e+00 1.148647825597100e+00
1.763596350517825e-01 -1.996854468756871e+00
1.675779651974375e-01 4.736864592512672e-01
-4.211700648035195e-01 -6.489155554862702e-02

71
5.080413311862821e-02 -1.725867535517654e-01
1.999475175769512e-02 7.133895145990496e-02
3.824504855749453e-01 -7.727330005677312e-01
-4.438956721031730e-03 3.247594002812866e-02
-1.700591113970927e-01 -5.538160011581818e-02

72
-4.466653775264326e-02 -4.421256850427444e-01
1.446016349284775e-02 -5.892113540833310e-02
-5.045709284905082e-02 -4.361841647006809e-01
3.448171099469594e-03 5.642659159910007e-02
-2.201564680370520e-01 -1.094044160441666e+00

73
-6.016551194645328e-02 -7.797669872083528e-01
3.256894945390070e-01 -1.886313008681047e-01
-2.512782037767675e-01 -3.020036326388384e-01
5.517869890413108e-03 8.510473666321255e-02
5.307513526310465e-02 -2.510339287834720e-01

74
1.919106710290668e-01 -9.471961853883200e-02
-3.129880894555007e-02 7.781841896524026e-02
4.038679670408581e-01 -9.632177057697784e-01
-2.978124444004170e-02 2.253011923084535e-02
9.198327082747214e-02 1.797447321384779e-01

75
4.847815847032726e-02 -1.599585430036262e-01
-3.752288151400460e-02 -1.580744379592481e-02
3.721462319811568e-01 -7.150923772472275e-01
-1.156809773107780e-02 1.938508311248061e-02
-1.526138324369531e-01 -4.833186457918188e-02

76
-1.209622668729137e-02 -6.169253837774924e-02
2.184226491239480e+00 -1.189000474333338e+00
-2.114002506966170e+00 -1.298156248256668e+00
-3.782004653459704e-01 4.996821425142849e-01
-3.253439256810564e-01 -5.936220610970565e-01

77
-1.004011150337766e-01 -2.238613732380595e-01
7.188981336823165e-01 -4.531822135370664e-01
-4.344170032941095e-01 -9.239746514138528e-01
-2.432984491119745e-01 1.471367306349363e-01
2.047916076877585e-01 -1.057703261499523e-02

78
-9.086871253548308e-02 -1.646380765443826e-01
4.838229061497075e-01 -3.940308453255588e-01
-2.011552736477134e-01 -8.106184377692118e-01
-1.735674849893989e-01 1.170556829361815e-01
4.337393658580841e-02 -6.852779943209571e-02

79
1.637616553829908e-01 -1.393622142565824e-01
4.390491573859196e-01 3.346681728767377e-01
-3.389690727129533e-01 -3.998190085449556e-01
-1.183612100571726e-01 -1.477757272663684e-01
-4.338845983978947e+00 -1.680534260665933e+00

80
-2.051873864027663e-01 -1.176476503605599e-02
9.560144626438330e-02 -6.376374167217241e-02
6.707079958849429e-01 -7.704315109789308e-01
3.966789856451627e-02 -6.396007414497587e-03
-2.301836329209012e-02 1.982527351333807e-01

81
-1.275996095514580e-02 1.150025755548410e-02
-4.966055646745665e-01 -3.181812146677678e-01
5.219715559481622e-01 -2.709586605835690e-01
6.464271646022570e-03 1.465884684630056e-01
-1.421492499998400e-01 -8.516228839811234e-02

82
-1.765274435533773e-01 -9.551485845994229e-02
4.021203096985301e-01 -1.164671623348508e-01
3.300374824389045e-01 -8.975236068716340e-01
7.288733917444466e-02 -2.676385454983765e-03
5.685015802030079e-02 -1.644799430255428e-01

83
1.655543270447274e-01 -2.823008709444225e-01
1.705395113496768e-01 4.140771258764959e-02
-3.313510021465007e-02 -1.525598372260659e-01
-1.756690611043266e-02 2.850547634068374e-02
-2.765047484759334e+00 -2.807316969334553e-01

84
8.363812069612477e-03 1.199859297204785e-02
-6.939318378946789e-01 -3.395525859543176e-01
6.417089762217348e-01 -4.308255002528003e-01
-1.790892829689125e-01 -7.176581154320089e-02
3.555271166554300e-02 1.606992718923175e-01

85
3.550837992280328e-01 -4.278149725391905e-01
1.077778377373002e+00 4.126223300643608e-01
-2.446931052215432e-01 -1.251011429426451e+00
4.521059914925138e-01 1.836947647957284e-01
-2.628784439368083e-01 -5.514215723984009e-01

86
1.225390673653287e+00 -9.445795339348183e-01
1.636164560401225e+00 -2.836409753635459e-02
-8.450993414020813e-02 -1.263872039891591e+00
2.073768813393312e+00 -6.278501504695818e-01
-9.650058674378502e-02 4.993790251695841e-02

87
-1.371895748902876e-01 -1.957648510519385e-02
-5.340203236232169e-01 -4.608292562558600e-01
6.491759455245325e-01 -3.418008786688301e-01
-1.176296022321803e-01 -1.085543249916744e-01
-1.400265105154218e-02 2.083223858025920e-01

88
-1.361582459646952e-01 -9.722617406734871e-02
1.914721726800934e-01 -3.621709974293120e-01
3.395813577105498e-01 -7.203418192488241e-01
6.789621356530885e-02 -1.045474952608406e-01
4.627885667008527e-02 -3.025430380890000e-02

89
-5.202268025380215e-02 -3.976987524921532e-01
1.594444912400047e-02 1.324226358402891e-01
-4.701990814493648e-02 -5.144524874316149e-01
5.977877775715514e-03 7.332537141549153e-02
-4.590462528993202e-01 -1.581726486826821e+00

90
1.439597946512446e-01 -9.505052050924530e-02
2.907631637119832e-01 3.344940145618609e-01
-2.038773524930145e-01 -3.763342506348988e-01
9.038864780124480e-02 1.234276498452906e-01
-3.099068009682944e+00 -1.885135882632367e+00

91
-2.041977966701392e-01 -1.914490953748938e-02
-6.678247705392584e-02 -4.890383273839360e-01
5.355440185793348e-01 -5.538764181871016e-01
4.487822280942898e-05 -1.526062439528514e-01
-2.366041365048932e-02 2.153349397597907e-01

92
-1.354292843905258e-01 4.597095684335989e-03
-1.477287929976302e-01 -4.278394833068412e-01
3.528363609925086e-01 -3.867169702989284e-01
1.425918667678234e-03 1.486433066864607e-01
-2.826168449185869e-02 -9.586053709152631e-02

93
-2.789051606005927e-01 -2.001822859164380e-01
-1.736266435819296e-01 -3.156952880052557e-01
3.268144948157441e-01 2.275171259721175e-01
1.652062962353233e-01 6.326164271046061e-01
-8.243083326127413e-03 -1.069085619449435e-01

94
-8.580620379154506e-02 -6.164992770156991e-02
-4.389342157580385e-01 -3.019968106329588e-01
4.982905092386927e-01 -3.088338275527207e-01
-4.018762463446460e-02 1.517834564774048e-01
1.346776346371723e-01 -6.420544569106794e-02

95
2.725183677176195e-03 -1.329079111888235e-03
1.264355323824254e-01 -1.352659043475328e-01
-1.248462388521789e-01 1.344761008791572e-01
-4.921603719549644e-01 1.389254155942106e+00
-7.213635937806284e-01 2.036085687421411e+00

96
-9.092304359453272e-02 -1.505022008183829e-02
-4.263165223652504e-01 -3.343092527052832e-01
4.985467736426624e-01 -2.412933806479574e-01
-9.999786679006733e-03 1.690361272303062e-01
-1.140818252275202e-01 -8.904114732700039e-02

97
-1.227598848653363e-01 9.912351415388473e-02
-3.143407474695361e-01 -2.518165302447993e-01
2.442233991759122e-01 3.226263545294146e-01
8.439534523283385e-02 1.128355680199472e-01
-3.091241725034983e+00 -1.276076632700734e+00

98
-1.239982840115580e-01 -5.605669403050905e-03
-9.845499146631820e-02 -3.928415672938312e-01
3.474169711137290e-01 -4.627432210744455e-01
-6.585166739713680e-03 1.357913897676596e-01
3.466059330036315e-02 -5.118197819904970e-02

99
-4.962379109985934e-01 -4.459721314952918e-01
8.670582234710947e-01 -3.381987219204662e-01
-1.081407235011441e+00 -6.905966923947582e-01
-1.039781131563979e+00 6.863296558434359e-01
2.642626040210392e-01 -3.512271905876123e-02

100
-8.919561490542708e-01 5.776762871274925e-01
-2.202010309233691e-01 -2.454236855517525e-01
-2.327996727338177e-01 7.983810205447193e-01
9.720689619466928e-02 -8.050391855272052e-02
-6.135840313212586e+00 -6.118265062833617e+00

101
-1.015532811714642e-01 1.186334904991024e-01
-5.764546673336124e-01 -5.964302525307037e-01
7.314901330099525e-01 -1.530459333804846e-01
1.965237390463806e-01 -5.514759848001652e-02
-1.822788722237308e-01 -1.610173119354445e-01

102
5.064582810279782e-02 1.470808578532091e-01
-7.468241130789973e-01 -3.011155470532346e-01
7.162424830932602e-01 -3.557250825278305e-01
2.170768142880520e-02 1.272819738292367e-01
1.616960256731290e-01 -1.171293594702005e-01

103
1.109884034749122e-02 7.428267317959611e-03
-5.471734599742475e-01 -3.121284729763442e-01
5.448360666489430e-01 -3.188295291490890e-01
1.127401993852977e-02 1.565364747828625e-01
1.436766097215172e-01 -7.329165925462799e-02

104
5.834055174746523e-01 -2.286873517932441e-01
9.350673193615286e-01 -1.390437008331469e-01
-3.917518810999642e-01 -4.417120076249152e-01
1.087628595348576e+00 9.100513815443722e-01
2.176897295587921e-01 -3.378763673258506e-01

105
-8.680959571830554e-02 1.885740804273354e-01
-4.167832903067619e-01 -1.280503368161653e-01
7.588251894038301e-01 -7.588291078477890e-01
-1.363547820803197e-01 -5.974536944525261e-02
-6.697343422194249e-02 -4.739123667743662e-02

106
-1.019749409470883e+00 -9.848290999809675e-01
3.307423288713176e-01 -7.961374333842927e-01
5.083503657105719e-01 5.446054971924593e-01
2.740523159210014e-01 -2.761788504545710e-01
2.522295740109834e-01 2.017325991983961e-01

107
2.969655724464417e-03 3.369156791494675e-03
-2.444947461988797e-02 1.251039584544693e-01
2.622354733849953e-02 -1.231154200897127e-01
2.088418524738394e-01 9.916090032245667e-01
-2.087407614498821e-01 -9.914927625750585e-01

108
-7.482920876701514e-02 1.672813952837764e-01
-8.882005521683729e-01 -4.351036682348208e-01
7.397358002080353e-01 -4.421568321093177e-01
-2.461292046280840e-01 -1.073779113152924e-01
1.831344892117497e-01 -1.171294271431488e-01

109
-5.483467953152507e-02 2.196978564741845e-01
-6.524318243309911e-02 -9.746012942209403e-02
6.629135299705338e-01 -9.214336515209836e-01
-8.403976947451609e-04 -4.247681926934917e-02
-2.108032799703217e-01 -3.858306480298822e-02

110
-4.919440342733773e+00 -6.788763995057852e+00
4.359814115450859e+00 -1.795476036423264e+00
-2.339263198996854e-01 6.905721326944509e+00
1.816547765904817e+00 6.346482023413921e-01
2.545919480286767e-01 5.770034854289237e+00

111
1.863264912677703e-01 2.058200565833422e-01
-1.283393353443975e-01 5.145445987241720e-03
5.035783699950933e-01 -1.181577139533093e+00
-4.195495381170756e-02 -2.686664015712079e-02
1.998752888713332e-01 -1.782373239051036e-01

112
5.830772147729495e-03 1.407524015821030e-02
-5.693826104219191e-01 -5.141894851542628e-01
7.314089078201736e-01 -2.353082099969952e-01
1.770439346948253e-01 -7.276197828066698e-02
-3.999948564127255e-04 1.920659597507454e-01

113
-1.645359829230359e-02 1.267166852346889e-02
-5.442979259712545e-01 -4.625646314010594e-01
6.706793597558441e-01 -2.393923308817358e-01
1.627014448789351e-01 -7.309547492630170e-02
-1.680708815153032e-01 -1.071926022750014e-01

114
-1.562023812396306e+00 -4.733392300572245e-01
5.976738430795920e-01 -8.200335008038404e-01
6.758055853930892e-01 1.194122418935534e+00
5.972314790602122e-01 8.573775462904358e-01
4.110785088301894e-01 -1.209426914323893e-01

115
1.595016455892049e-01 -3.862086818894815e-01
2.412623070641681e-01 -2.723039840858946e-01
-9.160860229624557e-02 1.361724843477714e-01
-3.743391254945066e-02 7.570590326899562e-02
-2.815378520897164e+00 7.170505990225970e-01

116
-3.172566708126966e-01 1.156490229465316e-01
-4.718276292133757e-01 -9.219384741954904e-01
3.721151264823236e-01 2.327875655311456e-01
7.792724153943581e-02 2.642911902359851e-01
-1.203791938899309e-01 -2.972003425545175e-01

117
-1.951933830605973e-01 2.290687158051794e-01
-6.537734551696722e-01 -2.795996315005740e-01
1.045040991820771e+00 -1.278418685954016e-01
2.622262407158041e-01 1.614023252069427e-01
-1.888039407104838e-01 -1.812431226895608e-01

118
-5.313615478178778e-02 3.629020606016769e-01
-9.265574986449385e-01 9.315003450574594e-02
1.568919968227233e+00 -4.159785695899334e-01
3.681978643498204e-01 3.214142839166091e-02
-6.793636569034699e-02 -2.695265862134993e-02

119
-2.746651216808440e-01 -1.371264230248731e-01
-2.500677702021455e-01 -3.187605577522550e-01
3.840566596472892e-01 1.203267608966455e-01
6.546572831463500e-02 5.964649426825673e-01
1.277289734773715e-01 2.777585189167310e-02

120
-2.871389950845298e-03 1.227028847889826e-03
1.262496020609756e-01 -1.340118611040976e-01
-1.279491260278647e-01 1.347231102245654e-01
-5.047371035571462e-01 1.390343786011637e+00
-7.396524506151068e-01 2.037617375479249e+00

121
2.674280833787568e-02 1.691176381985437e-01
-7.499164425917503e-01 -5.754273726455830e-01
9.062328951950192e-01 -2.312660259917733e-01
2.202690976579053e-01 -1.110769527403046e-01
-1.721809168240421e-03 1.802031628343505e-01

122
6.273463572348792e-01 -8.418008742893583e-01
-4.321725995886782e-01 2.263479838401379e-01
-4.097364890591796e-02 -5.855551217470365e-01
-1.379211646744111e-01 -1.941940104972485e-01
-1.496997809788971e-01 1.074905940563453e-01

123
4.683875906823548e-03 6.071682352104965e-03
2.748322269931523e-03 -1.873524708380605e-01
5.192309534417098e-05 1.909583431988301e-01
5.913998790578598e-01 1.392519750685797e+00
9.660919191179083e-01 -7.929991929290311e-01

124
4.286585935252280e-02 -5.526931449943215e-01
-1.104978844269219e+00 3.369728828882316e+00
3.129581229101388e+00 -1.006941880686353e+00
8.330955382483407e-01 3.620415607782386e-01
-3.215219138363804e-02 -6.931521516177690e-01

125
7.402184408103281e-02 6.126233654169948e-02
-3.436030682480530e-01 -1.580210530331417e-01
3.860763023629761e-01 1.891887698501492e-01
-5.745465383466760e-02 7.538153498316320e-02
-3.183422129590765e+00 -2.785052710885453e-02

126
1.969113523038811e-01 2.641844583277492e-02
-7.442907744017198e-01 1.699418265953188e-01
8.202264622778332e-01 -5.234573123060132e-01
-8.063422044316912e-03 1.659114552649247e-01
-5.132720251931604e-02 4.089462064567959e-02

127
2.985568155901019e-01 -4.192068066882488e-02
-1.049070918195091e+00 3.814845242380008e-01
8.775700973002676e-01 -3.535428750967882e-01
3.052294514130231e-02 2.985731282546115e-01
-3.934037608404851e-02 -2.942056918179462e-01

128
-2.354365773785773e-01 -8.323707650635459e-01
7.031809350593388e-02 4.812849517110656e-01
4.699311291738433e-01 -3.055901987144352e-01
7.243209493797549e-02 1.968317635666415e-01
2.452469987446666e-01 -5.550127615561782e-02

129
2.516831422234110e-01 -1.640161553966162e-01
-3.580288749725604e-01 1.607139560208142e-01
2.220336242634009e-01 -3.389906164210528e-01
1.454211462274248e-03 6.090177169558624e-01
2.321936378714311e-02 -8.935807407205755e-02

130
6.360360559267555e-01 -6.530883614039211e-01
-3.357457790385224e-01 7.907517111005512e-01
-2.176133900669774e-01 -4.402689416556644e-01
-2.373528056538833e-01 8.131228173203402e-01
-1.339252111837886e-01 9.104832513501693e-03

131
3.494897360504318e-03 -3.239496531409947e-03
-5.007622985866510e-02 1.016259425124044e-01
5.208522448199866e-02 -1.035332283418143e-01
-4.757013457371655e-02 9.145056759050907e-01
-7.136714288155018e-01 -2.505022560797325e-01

132
3.521767292820498e-02 -3.979537266373478e-02
2.074955447459129e+00 9.023721081248871e-01
-2.520387076472714e-01 -2.245808764756794e+00
2.925018706455688e-01 4.894035363866031e-01
1.873333670390349e-01 -5.078467014552740e-01

133
9.600843379660133e-02 1.058443542517539e-01
-3.845957707572086e-01 -1.810499613351183e-01
4.417018971621353e-01 2.335324784330687e-01
-1.992434298594388e-02 -2.082178486911999e-02
-3.587232321420534e+00 -9.049155870363249e-02

134
2.403849339525689e-01 -4.584583186028578e-03
-6.852336508447229e-01 3.215484513434773e-01
8.942704912517530e-01 -7.761645301588820e-01
-6.964773714434794e-02 4.038688627946925e-02
2.771474756406777e-02 2.137752019276347e-01

135
1.760479860022280e-02 -2.579470346687179e-01
1.168073204329828e+00 3.999324346914165e-01
3.495973891245903e-02 -1.295113156095169e+00
2.209386703665800e-01 2.033278458312655e-01
-3.699573595058204e-01 3.499417912155738e-02

136
-2.433299211307157e-02 -1.119567969143106e-01
2.153595700846701e-01 3.993229882503703e-01
-2.269068479584086e-01 -4.703336261066103e-01
-1.116530041894367e-01 1.559364048004968e-02
-3.027613716374002e+00 -2.400520844365309e+00

137
7.310396456266135e-01 1.498384804842732e-01
-2.784907427767604e+00 2.565886923395329e-01
2.338953381291614e+00 -1.818648373163200e-01
1.526624401511956e-01 -7.042186608764244e-01
-1.829578054472096e-01 7.273068761655408e-01

138
7.447557264508359e-02 7.885001910796173e-02
-3.699114245245468e-01 -2.168231118146507e-01
4.131944585621132e-01 2.575361677273423e-01
8.270460086402587e-02 -6.778782235868044e-02
-3.510788603531979e+00 -4.635306324408474e-01

139
2.375608382090648e-01 -3.418037524821419e-01
-6.200408298296720e-01 1.560255301648432e+00
1.396962382644243e+00 -1.506679138313251e+00
-2.762071355538698e-01 -2.665800859625197e-01
-1.353388517926401e-01 6.673070602384100e-02

140
-1.155687602433770e-01 1.050290209836031e-02
3.905836577884951e+00 -1.071246439520184e+00
-2.894956395765460e+00 -2.839764534722530e+00
-7.651387899534696e-01 6.526016592193423e-01
1.072950254824738e+00 4.092085257324105e-01

141
-1.356530914784104e-01 -1.476557980966284e-01
-5.131650564409214e-02 2.574424171347122e-02
5.622315035637752e-01 -7.052713834265821e-01
1.142196427983089e-02 2.305294979096999e-02
1.372208898241765e-01 -1.294457865099772e-01

142
-4.843091063794644e-01 -1.401352938302949e-02
2.087510356872416e+00 2.206879237909790e+00
7.060248475455744e-01 -2.619427467864959e+00
1.291053633173920e-01 8.367208305000887e-01
5.095754480424126e-01 -5.185553250513635e-01

143
-1.933373234311748e-01 -3.096133969713229e-01
1.645340262510079e+00 -7.686517038241013e-02
-8.749215891303879e-01 -1.643117743341129e+00
-5.033411159564543e-01 2.989807893500833e-01
3.963152028818728e-01 2.074466348844856e-01

144
1.391945989555231e-01 -2.938223461993504e-01
-2.385597866598146e-03 -1.385030165694193e-01
1.319381498736503e-01 1.911072267600387e-02
6.714048451103961e-02 -6.021733070672226e-02
-2.606375513468072e+00 -5.912386039925874e-02

145
-6.480298295406178e-03 -1.190734659684384e-01
1.459924352550425e-01 4.487692128900252e-01
-1.462487727235779e-01 -5.239032995059740e-01
1.176036457400319e-01 -1.172120069103380e-02
-2.536997718779530e+00 -3.023742991509846e+00

146
-2.881761368873636e-01 -7.225336966221924e-02
9.954297944228481e-01 -1.757710131975682e-01
1.765726062345510e-01 -1.444573058161948e+00
-9.045708187358776e-03 -2.725565671317035e-01
1.548851482195060e-01 -2.942905129704999e-02

147
-2.420960996651046e-01 2.766800782522640e-01
5.479665193218669e-01 -1.101938364631338e+00
-1.562703445637482e-01 -1.048189711609543e+00
-2.930731478891824e-01 -1.850313011450423e-01
2.630214852125584e-01 2.880967122168177e-01

148
-2.522544814268771e-02 -7.726956573341733e-01
-4.372774219820633e-01 -5.856148132373210e-02
3.419829584987261e-01 6.350827939290634e-01
3.608245393676823e-01 5.567020435132579e-01
-1.004513801670897e-01 8.704991854225429e-02

149
-5.132729293780059e-03 -1.409114926773080e-01
1.734439415725680e-01 3.852411199150575e-01
-1.699813256392571e-01 -4.751069278115351e-01
3.585768321576698e-04 3.009678481209790e-02
-2.606811474845918e+00 -2.458888730263297e+00

150
-8.562496421352596e-02 5.400113758495373e-02
2.331633380901805e+00 5.960313640732364e+00
4.005944968106354e+00 -4.994310851347305e+00
1.539730954680886e+00 -4.315142967665048e-01
-9.166944959496164e-01 -1.177755167596493e+00

151
5.958102848030958e-02 -6.447349639442493e-01
-3.247248097696308e+00 2.631523275692468e+00
3.525967742281853e+00 1.379181110115470e+00
5.995072244564227e-01 8.573869966664833e-01
-1.214122505218929e+00 1.326076118121014e-02

152
-1.952879994146673e-01 1.849083502641351e-02
2.821469582036339e-01 -2.264611815369572e-01
5.010779484488074e-01 -8.389184320863339e-01
5.844771367788750e-02 -2.740185940745557e-02
6.281095090492088e-04 2.014457484257030e-01

153
-2.458678231424121e-01 -1.928662766506742e-01
1.262972300524929e+00 1.621971713389575e-01
-4.353076155459236e-01 -1.445727835946555e+00
-3.092732028664256e-01 2.887951330003693e-01
4.799619735970043e-02 -3.763248338211969e-01

154
-1.529131734158230e-01 -1.345573613478177e-01
1.028510959990872e-01 2.042865242135275e-02
5.071276091651989e-01 -7.852509291844887e-01
3.383740914024850e-02 2.055197529267307e-02
1.156278157031518e-01 -1.466212007982830e-01

155
-2.250478515261017e-01 -3.943086102463513e-01
3.687765140939265e-01 4.636413074835488e-01
-4.370299722813532e-02 -5.939570982489361e-01
-3.957945832002002e-01 7.866375069793164e-01
1.320906573814907e-01 1.250992104455488e-01

156
-1.458638074502270e-01 6.999485171935552e-02
4.565790425228858e-01 -3.957430722112025e-01
1.297140636135916e-01 -8.087445732650078e-01
5.443429471871152e-02 1.669310011586015e-01
5.651210301151611e-02 -5.157115721287366e-02

157
-9.696057369553889e-01 -5.189538613135043e-02
5.568676026172798e+00 1.600752323253831e+00
-2.069854491898776e+00 -5.131345125293993e+00
-1.073523329822895e+00 2.748613551154626e-01
4.078959518112811e-01 -1.461075972163312e+00

158
-1.713957236672443e-01 1.339008439250876e-01
4.744429853393133e-01 -6.278434086385244e-01
3.422722916630998e-02 -6.244367951900679e-01
1.216389798395373e-01 1.968743127680514e-01
-1.502860634950582e-01 -1.387398995674579e-01

159
1.844878284970412e-01 -2.697547181526838e-01
-8.555553672272127e-02 1.049265246970160e-01
2.240414270325418e-01 -1.823708139295616e-01
-4.150528542553176e-02 5.203669735293077e-02
-2.192425331234960e+00 6.705404635057716e-02

160
-4.224316549090828e-02 -7.362105495455517e-01
-2.040057312721678e-01 -2.473390775212231e-01
2.572157279377107e-01 -1.558349227342364e-01
3.494393011869651e-02 -2.065071971176678e-01
5.602755346697748e-03 8.164398937561239e-02

161
4.300587504884885e-03 2.844410059958775e-03
3.870811916568684e-02 -1.188927299198528e-01
-3.614009258801051e-02 1.205481371292410e-01
1.064257651300592e-01 9.982547033882191e-01
-8.160161435272412e-01 -1.479507185137443e-01

162
2.843121800456914e-01 -1.004074663841429e+00
-7.350201500092417e-01 5.473499123353424e-01
5.678791249726353e-01 2.723738189087994e-01
9.767044693936457e-02 2.076257424809349e-01
-5.906124987809469e-01 4.672643223052289e-01

163
-7.093141922904169e-01 3.179219625078218e-01
-1.222700135997237e+00 -2.057791785291877e+00
8.961091800296251e-01 4.617263295237914e-01
-3.245311809049939e-01 -6.640909752849390e-01
2.205256964981238e-01 5.926210442534944e-01

164
1.168475795834474e-01 3.690595385244775e-02
-5.511306507610564e-01 -2.669199555478187e-01
4.609083169994639e-01 -4.174006470832911e-01
-2.727821182566052e-02 1.845758135848396e-01
1.304866998789665e-01 -9.216659013550048e-02

165
1.318933833214165e-02 1.390892745324686e-01
-1.603723690343952e-01 -5.033600168787337e-01
2.263375062689600e-01 -6.753108549175613e-01
-1.408303898942192e-01 3.956846973525656e-02
-5.638693584282638e-03 -6.541876830832973e-02

166
8.656950824021611e-02 -4.338171407693037e-03
-4.961401752823826e-01 -2.655431642681715e-01
4.582510955752830e-01 -3.268624227096182e-01
5.928243151643716e-03 1.694415898809537e-01
-1.361756509460631e-01 -7.701061109589380e-02

167
7.687488258697910e-02 2.266763492630283e-01
-4.058104754280072e-01 -7.641690283374409e-01
1.171846440292574e-01 -5.382672564381579e-01
-2.271516398004980e-01 1.076765591342959e-01
2.329641370099929e-01 -4.219608121907468e-02

168
1.401905435112257e-02 6.076914730962405e-03
-7.125791527480110e-01 -2.849091192432839e-01
6.034136120806902e-01 -4.753619998250776e-01
-1.827839786455668e-01 -5.804158790251879e-02
1.342208845794446e-01 -9.983716858855457e-02

169
-2.379629852637642e-02 1.819910781326776e-01
-4.288373850477145e-02 -3.541833104961278e-01
4.709697120607154e-01 -8.017148359755025e-01
2.965876660906362e-03 -6.450385210292260e-02
-1.821035698698943e-01 2.144178181083907e-03

170
1.760423333720401e-01 -4.047816628293524e-01
-1.790463070922949e-01 4.203515660030785e-01
8.647681894500726e-02 -3.168725612085480e-01
-1.826713405273752e-01 7.336407262922506e-01
-9.336310906419329e-02 1.657006424552760e-01

171
1.138037440643393e-01 1.599179291409583e-01
-2.885959137164677e-01 -3.295908876604915e-01
4.550091352317860e-01 -8.417801502133360e-01
-4.424174122776657e-02 -6.620737457539619e-02
1.742357587531455e-01 -9.140687992222912e-02

172
-1.554880997771450e-01 -4.061010041859360e-01
1.857853521065326e-01 4.737761615686616e-01
4.502302726843416e-02 -4.536842231190321e-01
-2.618711113429271e-01 7.654187845783390e-01
5.183188007857975e-02 -9.875170195977157e-02

173
1.240403528219439e-01 -2.334081874212587e-02
-6.705162914329325e-01 -3.248901439422185e-01
5.564373641279953e-01 -4.838459653735474e-01
-1.616022778967838e-01 -8.225261236178805e-02
2.711195715119012e-02 2.069999556379523e-01

174
1.858099314661751e+00 -6.673753819660495e-01
-1.406300974331804e+00 9.535876656208258e-01
1.507426343938854e-01 -7.451175181767636e-01
-2.437462166602953e-01 -5.647700712632623e-02
-1.488825170013731e+00 1.149299149801434e+00

175
7.367191221396038e-01 9.100970976212458e-01
-1.688176662213240e+00 3.373604200735147e-01
7.126813278669389e-01 -1.532263874947589e+00
-8.224694528299005e-01 1.797917552635751e-01
3.488288038567585e-01 -7.347088860202238e-01

176
1.427900705537760e-01 7.507127200605912e-02
-5.397682598603409e-01 -4.905242308916673e-01
6.446740756959376e-01 -3.858911295343412e-01
1.562217062644364e-01 -8.310707126376236e-02
-7.812043115409707e-02 2.038678674000987e-01

177
-2.846836486014960e-02 2.195933766649438e-01
-4.384596514484863e-02 -7.767880336275820e-01
3.208717323146482e-01 -3.960915778086833e-01
2.109934684441838e-01 6.004550225381564e-02
-2.327760617234350e-01 -3.046949566801923e-03

178
-3.910227437016475e-01 6.138698596306622e-01
-6.060109793630732e-01 -9.673145191209976e-01
1.115263609577781e+00 8.390853656114076e-02
5.206904871836782e-01 5.529431161603234e-02
-2.926314480120049e-01 -4.570533721148063e-01

179
5.379776965880142e-02 1.341852533999708e-01
-2.648109883663041e-01 -4.865346856220719e-01
4.917711592072611e-01 -5.440106627357222e-01
1.475791323877576e-01 -2.220500543413782e-02
-1.768700554436274e-02 -7.746586609846355e-02

180
1.767289607388567e-01 -9.350972177920124e-02
-2.914816606788309e-02 -4.633711180236862e-02
3.456470601906628e-01 -8.993451698267929e-01
-2.746751369193109e-02 6.237065305269007e-03
8.946325395639849e-02 1.728044093604667e-01

181
-7.953173260049422e-01 1.487553177282037e-02
-1.781810226655351e-01 3.706160939574801e-01
-3.580371125402007e-01 -2.026380649031826e-01
-2.671197916019084e-01 7.550221547050504e-02
-2.432240136681583e+00 -5.754317230109810e+00

182
9.459573547567728e-02 -9.686981495591279e-02
-5.497504540899607e-01 -3.863745295207907e-01
5.513475486529350e-01 -2.462032055885402e-01
1.468767129830709e-01 -5.537414693976012e-02
-1.691096167875436e-01 -1.149797282937793e-01

183
2.428184681804089e-01 -1.733603928919001e-01
-2.633599300289262e-01 -2.069260731414501e-01
4.674062957414701e-01 -1.697206600662480e-01
5.053218112068079e-01 2.778809942747987e-01
-3.013686234723316e-02 -5.897930122407398e-02

184
6.758124361240046e-03 -2.927077948769714e-03
-4.425585717291659e-02 1.677949991675715e-01
4.818151956698344e-02 -1.695704545639621e-01
1.992743662607344e-01 1.384583938680699e+00
1.050865327956165e+00 -4.803773696081887e-01

185
2.670663984449375e-01 -1.620152690512555e-01
-2.378672628207332e-01 -1.881539552145425e-01
4.551693155302918e-01 -1.512547404837294e-01
5.874353796633383e-01 3.598351373279211e-01
7.398632851185719e-02 -1.387127598418783e-01

186
2.365553018620287e-01 -1.162336759034388e-01
-3.630430476682162e-01 5.243751669597081e-02
2.813131947485355e-01 -2.970478744316946e-01
5.132812925086828e-02 5.357348828477584e-01
-1.101297389297678e-01 -1.271136452595491e-02

187
1.022429876720968e-01 -1.754058597134668e-01
-4.035360748463623e-01 -1.993325017098447e-01
5.403884059662265e-01 -2.590107554046268e-01
2.321727101555643e-01 6.606298584830453e-02
-1.523596417223847e-01 -1.258026822194131e-01

188
1.141675863765075e-01 -4.941042704045588e-02
-2.205321987452693e-01 -3.292671094925166e-01
2.823324336875064e-01 -4.721060471549930e-01
4.959065886281027e-02 1.289022084786313e-01
-5.285667817310200e-02 -4.771389546882716e-02

189
-1.079231739414996e+00 -3.937357074466610e-02
-1.160737130185970e+00 3.193401853966566e-01
5.185633577071040e-01 -4.515501276947462e-02
1.979215596623525e-01 1.464076997974851e-02
6.196513461335627e-01 -6.888585065467829e+00

190
1.231499936336290e-01 -4.450689431668910e-02
-2.093803435461668e-01 -3.664462898455167e-01
2.343079751060961e-01 -4.770843357153197e-01
4.330730895306240e-02 1.364155567604706e-01
-1.148449457720733e-02 -7.722673999225332e-02

191
1.234584828002014e-02 -1.185186695053520e-02
-4.939895796564126e-01 -2.981680806557678e-01
5.033839291759403e-01 -2.785958782873590e-01
8.252667254939618e-03 1.452304364130867e-01
-1.425671390519620e-01 -8.079769252525397e-02

192
4.800521621296405e-01 -6.720228683234792e-01
-3.588038389410332e-01 2.238728194760222e-01
-6.803333051937600e-02 -4.937154257344478e-01
-1.287060012963097e-01 8.908295628868357e-02
-1.202301785171158e-01 -1.531406498740548e-01

193
-1.641230928477311e+00 -4.812954048520530e+00
1.296786341158623e-01 1.785602796568059e+00
-2.550717084804017e+00 -4.377547733396856e+00
1.698786204899388e-01 9.206765552746963e-01
2.778143963001661e+01 -1.317996185604208e+01

194
1.925820586671799e-01 -7.820050450459598e-02
-2.617541323372575e-01 -4.000391246640576e-01
3.193353750013725e-01 -6.925248443413474e-01
-4.125541882405822e-02 -1.454936753731004e-01
7.682649221720543e-02 2.071063580841892e-01

195
1.220503822857640e-01 -2.580651985753231e-01
-4.506075742011206e-02 9.851221494083746e-01
7.626162712067402e-01 -1.182375603756390e+00
-8.243282495982972e-02 9.832553560105743e-02
-2.294400462945110e-01 -1.712428222497072e-01

196
-1.866895339325852e-01 -1.586782455646423e-02
2.640426268582461e-02 4.926170630999376e-01
-1.458554764971526e-01 -4.913797598786471e-01
-1.735729127455584e-02 1.689855086059551e-01
-2.222415612015186e+00 -3.480282262709852e+00

197
6.148514764941344e-03 -2.454602018300758e-01
-5.611339562337041e-01 -9.350306144304814e-02
5.078314148996942e-01 -5.296662339019350e-01
-2.115334798448717e-01 -6.524509731813928e-02
2.917865063334603e-01 -5.849041530655107e-02

198
-8.199196868885155e-03 -1.191243602940439e-02
-6.732768618385078e-01 -3.405194732158177e-01
6.322056202686303e-01 -4.124483592041536e-01
-1.747987597544536e-01 -7.134512955611787e-02
3.395234580748389e-02 1.588441148423666e-01

199
6.357473335434524e-02 -1.410801069589570e-01
-3.178830433294770e-01 -1.212954031418152e-01
4.568993075870734e-01 -6.296735389497093e-01
-9.758173965262533e-02 -6.789858082880884e-02
-6.819659899922713e-02 1.126030828750029e-02

200
-2.136331262570593e-01 -3.172356532608741e-02
-2.583133521027111e-02 6.396943006064235e-02
7.916811966241432e-01 -7.342174855314529e-01
2.501992883421566e-02 1.280974691795867e-02
-3.649161220706020e-02 1.954991350403702e-01

201
2.512307221731025e-01 -5.778816961734620e-01
-2.777104348424184e-01 -4.543589000348986e-01
5.859523042320955e-01 -3.121993689131753e-01
5.799293311800588e-01 -6.106541440750245e-01
-1.938546657155539e-02 1.683518981519622e-02

202
-8.899071790481033e-02 -1.206305427250033e+00
-4.721219581217588e-01 -4.797013630134926e-01
-2.101198816416973e-01 5.191342219299023e-01
-2.628254368734497e-01 -6.415721940470538e-02
-5.368709772931130e-02 2.033335121832038e-01

203
1.091979485275933e-01 -2.635363910605947e-01
-4.684367016759846e-02 -1.271857948096486e-01
1.521617614706582e-01 1.482897135132713e-02
-1.202825728075940e-02 2.745900003767772e-02
-2.420849498501499e+00 9.017982381135665e-02

204
1.610740808215346e-02 -1.336670754133609e-02
-5.455033645885216e-01 -4.347512713893165e-01
6.472073464122056e-01 -2.542066974866460e-01
1.573970979075641e-01 -7.484186775119306e-02
-1.692660934017438e-01 -1.009655722177552e-01

205
-2.603080029168401e-01 3.206695960917526e-03
5.313120530828761e-02 6.836388626042470e-01
-2.164289073075438e-01 -6.652667545697971e-01
-2.157536294188715e-02 -2.301721366192636e-01
-3.221033150335217e+00 -4.950190018832974e+00

206
3.145168435168768e-01 -3.699066460725542e-01
2.576481899919996e-01 -7.088451645925038e-01
-5.751304376671884e-01 3.535674041700471e-01
4.691434924458416e-01 8.699796372896884e-01
-1.896049881899630e-01 5.093362648931110e-02

207
2.283256740767441e-03 -3.399026484782780e-03
2.827691241543858e-03 -1.317076457854890e-01
-1.517185630830634e-03 1.297081366768697e-01
4.005410709577127e-01 9.653495680806207e-01
-4.004626702137046e-01 -9.654665227693110e-01

208
-3.227263056858284e-02 -2.337067036147898e-01
-6.096674898238137e-01 1.066102958070857e-01
1.018485628196276e+00 -2.763337753386005e-01
2.335735644295257e-01 -3.708577099211294e-02
-3.874648734462353e-02 4.873805098006762e-02

209
-9.079341400347996e-02 -5.423908390234500e-01
-1.938900648412596e-01 -1.957935071245016e-01
2.151212220408396e-01 -1.522862219259878e-01
9.096276251880895e-03 5.985114863327093e-02
2.130619099277607e-02 -1.802112382625548e-01

210
7.385488282109505e-02 -8.866048501110997e-02
-2.442204366232964e-01 -1.778238151247349e-01
2.904079417178634e-01 1.343157722342913e-01
8.383856633901371e-02 6.066371335581638e-02
-2.552394161600335e+00 -3.248337719908975e-01

211
5.801186856129084e-03 -4.028637767681829e-01
-9.663498443145720e-01 3.501239715616682e-02
1.085641176672854e+00 2.880909555701163e-01
3.633911913571251e-01 3.345863849405088e-02
-3.393679865855466e-01 9.297111802434647e-03

212
-2.550463240551553e-01 -3.830913214569814e-02
-6.653664112153318e-02 5.558076293712528e-01
9.970918381814624e-01 -8.750179578377602e-01
-3.854042682042905e-02 1.829210824100960e-01
1.101302333176488e-02 9.083040755471965e-02

213
-3.016744061484776e-03 -3.336339612608365e-03
-2.697770557382738e-02 1.218088585629904e-01
2.523532940306262e-02 -1.237616217829372e-01
1.986704864909756e-01 9.840237916465424e-01
-1.987741892005694e-01 -9.841388375401898e-01

214
-3.159983472949544e-01 -7.994818102295627e-01
-3.053011267090513e-01 7.240801508738075e-01
5.873998835950761e-01 -5.298811450050873e-02
-2.051924530685960e-01 5.409527349976038e-01
2.001127528435436e-01 1.011116646528639e-01

215
7.085902043313116e-05 -4.302911745711823e-03
-1.179895470281494e-01 9.216274117556045e-02
1.180421894421685e-01 -9.467194238102207e-02
-5.688703948243780e-01 1.060671487833016e+00
-8.337245775769903e-01 1.554594631871235e+00

216
-1.282384363011235e-02 3.202773084159342e-02
1.712144104485099e+00 1.260025189037129e+00
2.371900681552432e-01 -2.114643372556384e+00
1.638700968300968e-01 5.031489648456444e-01
-4.426136508329895e-01 -8.305120256073031e-02

217
-3.719283802458742e-01 -1.979541717881038e+00
-5.509641565909547e+00 3.632049100922997e+00
3.209015634553860e+00 1.268528023623643e+00
-2.046573350520009e+00 4.593517521307955e-01
1.444809140443107e+00 -6.547708439089124e-01

218
-2.789194340699638e-01 -3.159494866338332e-01
-5.535853302621466e-01 7.432988155571920e-01
1.002212000332474e+00 -5.859305729062408e-01
-2.388639334142465e-01 2.406400611324934e-01
3.089613899986295e-01 -2.321592738233666e-01

219
7.243139355782029e-02 -1.041013102521485e-01
-2.939947113183219e-01 -1.477347976405503e-01
3.399177280129037e-01 9.560385705500278e-02
-9.238253294630047e-02 -6.638671898087940e-02
-2.910625595538399e+00 1.720240499949504e-02

220
-1.377817112263575e+00 -6.922294478190489e-01
-1.301142297001690e+00 -3.612631932378644e-01
-2.797161031343746e-01 -5.186094574563074e-01
-3.141064318865129e+00 -9.814785116288059e-01
-1.032102892774946e+00 -6.522098956031208e-01

221
-3.522513225122548e-01 7.021186559324915e-01
-3.354111312928995e-01 3.162995374464467e+00
2.815943393761871e+00 -2.742404385221623e+00
-3.875171138237710e-01 1.675181876964632e-01
-4.708164434974812e-01 -5.403133994855281e-01

222
-9.101070329191481e-01 -1.370044246053302e+00
-6.853676214434691e-01 1.253723825060284e-01
1.114874741276588e+00 8.949736923231685e-01
-2.003126520661893e-02 2.160239100350675e-01
1.235979968801538e+00 8.789838999336949e-01

223
2.988188660210075e-01 1.524896898771640e-01
4.253405675790126e-01 -1.183957052578766e+00
-9.082747369997430e-01 -6.638654315035974e-01
-1.238742083848374e-01 3.498545100683242e-01
2.052261359121542e-01 -2.366071646791109e-01

224
1.619782546131705e-01 1.497890848924218e-01
4.856165820714660e-01 -6.066333978810453e-01
-4.000198607214214e-01 -1.006482717954360e+00
-1.564630315893259e-01 1.919109130395229e-01
-1.603690447674330e-02 -1.125431088304270e-01

225
8.528451302247898e-01 1.680649988277912e-01
3.239065323909338e+00 -2.202774707259183e+00
-4.133969560876403e+00 -1.965142460395433e+00
-5.649688256508842e-01 1.171965717953568e+00
9.159755137976973e-01 -1.772488532648665e-02

226
1.311159710347637e-02 6.986459148630873e-02
2.478048538669794e+00 -1.389941445221420e+00
-2.433769816228900e+00 -1.452163079646667e+00
-4.227542381479307e-01 5.650721922379610e-01
-3.753067800280742e-01 -6.725421088785448e-01

227
5.042452707573395e-01 -2.420865050910577e-01
-1.352902045556315e+00 -1.192406973130387e+00
-1.131677133971783e-01 9.437456717645905e-01
2.790402155301057e-01 3.380535500791326e-01
-2.718439773863322e-01 -5.150182073794887e-01

228
-1.393970516035860e-01 1.622956266354630e-01
-3.323572086161549e+00 7.244066728858750e+00
7.950234230273587e+00 -7.627844563763059e-01
1.722626632548502e+00 1.011630039455581e+00
-1.979578815720585e+00 8.139857034215727e-01

229
-4.553985919739224e-02 2.557651221370204e-01
8.654511667848812e-02 2.543955365705717e-02
6.750108709613092e-01 -1.088613315131732e+00
1.770541743631053e-02 -3.111735882992668e-02
-2.531902284525303e-01 -3.753513980430841e-02

230
-5.559001898321182e-01 -6.022847104042740e-01
-4.457277134461406e-01 1.089702995316752e+00
1.111419960239982e+00 -3.181590270515918e-01
-2.456094603934710e-01 5.215947284617322e-01
5.149684229406416e-01 -1.609178257554247e-01

231
2.113472447323211e-01 1.687979812522353e-01
5.755590420487548e-02 -7.226572872414626e-02
3.254596572783821e-01 -1.221211517864722e+00
-2.090714556250454e-02 -3.206398589854173e-02
1.545364103700834e-01 -1.929901138399185e-01

232
4.427576558818821e-01 5.837872942923681e-01
2.809114384418137e+00 2.913710444928959e-01
-3.269273574286612e-01 -3.659917610899963e+00
1.896765682413920e-01 -6.435157425579645e-01
-7.487926349544772e-01 4.939546524319570e-01

233
-3.978592921181425e+00 1.088716277482013e+00
-2.759757531071237e+01 2.748753942266791e+00
1.713505916993094e+01 1.969143521651177e+01
-1.098705260743219e-01 7.325420050046620e+00
5.546673180531746e+00 -2.497683164280951e+00

234
1.823862220615444e-01 -7.511354144220934e-01
-1.038812295312889e+00 1.648134650026228e-01
7.563419139380030e-01 7.149343456437517e-01
3.786457926428641e-01 3.341812213041981e-01
-5.178317924745851e-01 7.458401204160420e-02

235
3.472201275616182e-01 -2.088904105457303e-02
8.934275488350075e-01 -6.604746573235130e-01
-6.517397673692034e-01 -1.522509178460697e+00
-1.089429141890949e-01 -2.555047374707357e-01
8.567109215180600e-02 -1.228581639368110e-01

236
7.518507530757222e-02 -1.327040599152956e-01
-7.306207739851355e-01 -2.435516449139668e-01
5.091306162408850e-01 -4.291635754047464e-01
-2.041172146154400e-01 -7.261088304044545e-02
1.303087631401383e-01 -8.861652412304107e-02

237
1.047215230217311e-01 4.666696525802172e-01
1.518086436672642e+00 -3.127388173535302e-01
-1.848692834542083e-02 -1.738366361844244e+00
4.159066450377683e-01 2.385289071861275e-02
-5.125589356525052e-01 1.698012072281598e-01

238
1.772823780196537e-01 1.014500145784100e-01
2.161615440459712e-01 -4.881623634380521e-01
1.253525513908379e-01 -9.835332846291309e-01
9.744773358322066e-02 -1.272178876848914e-01
-1.269996845295682e-02 -7.498514042654182e-02

239
-4.059010913286738e-02 3.947244063328711e-02
2.156956783931958e+00 1.137989983803867e+00
-8.884887837289918e-02 -2.434070156258068e+00
2.739724668339312e-01 5.426268760322437e-01
2.451067007878701e-01 -5.281022184349662e-01

