5
0
2
52
-7.076157388385022e-01 -8.550336142478154e-01
8.499723117264762e-01 -2.229986087449441e+00
-2.349599073939804e+00 4.179414703770489e-01
-1.036732126191314e+00 2.800535075913112e-01
4.689945237144185e-01 -9.660681162926580e-01
9.930136612989092e-15
2.836854753601158e+02
1.231909459887842e-15
2.441406250000000e-05
4.094300213216723e-15
0.000000000000000e+00
1
1
3
52
-2.520078868400701e-02 3.210122531826693e-01
-2.984310042163039e-02 3.801468687518592e-01
7.926088199649187e-03 -1.009639604455460e-01
-1.414258978671477e-01 1.801508940926352e+00
4.325372080442588e-03 -5.509738027667808e-02
3.295021688281097e-15
4.225368681656959e+05
1.095382986130030e-12
1.490116119384766e-09
2.945467469820165e-12
0.000000000000000e+00
1
1
12
52
-1.767528727552885e-01 -3.889259709930099e-01
-1.752553057627872e-01 -3.856307334808478e-01
-1.436327995470302e-02 -3.160487586960689e-02
2.167880668906616e-02 4.770191742901979e-02
-5.064295165327037e-01 -1.114344499111454e+00
1.986027322597818e-15
8.720028234440484e+03
9.263767745926329e-16
2.441406250000000e-05
1.151954163781989e-13
0.000000000000000e+00
1
1
24
52
4.817610090807876e-02 -2.437477617055596e-01
-4.050081235464486e-01 -3.484217950803127e-01
5.071061497144806e-01 -1.681448195674129e-01
2.339481179462691e-01 -5.536302009934018e-02
-1.952952410739529e-01 -1.402018355763859e-01
1.671106944322084e-16
6.013644190928836e+01
6.548518746864789e-17
9.765625000000001e-05
7.434397843271155e-13
0.000000000000000e+00
1
1
28
52
-1.704124389021172e-01 -1.269341513319286e+00
1.754020516393992e-01 7.053008025462636e-02
-1.505887705115026e-01 1.142952060931189e-01
-4.831508320952793e-02 1.352441047874045e-01
8.227510974138993e-02 1.177120276876256e-01
5.551115123125783e-16
1.463916147180196e+03
6.823403193917939e-16
3.814697265625000e-07
2.914203267236168e-15
0.000000000000000e+00
1
1
40
52
2.615120695812071e-02 -9.959481358123929e-01
1.936161632684522e-03 -7.373719200767112e-02
4.221031730455971e-03 -1.607546714721497e-01
3.208549012187226e-03 -1.221950639780410e-01
-3.210952535614175e-03 1.222866002761667e-01
4.449557262054371e-16
1.526882556981365e+03
1.434195687338938e-16
1.525878906250000e-06
1.310938166332031e-12
0.000000000000000e+00
1
1
41
52
-6.722728150403119e-02 -2.730404464868348e-01
-5.821006429988753e-01 -1.635391757721152e-01
4.396280763770872e-01 -4.151064623116689e-01
-2.673831568567471e-01 -5.033943944455425e-02
2.134450467678069e-01 -1.687276614682981e-01
5.952023063408086e-17
3.885288191390956e+01
1.470732432778485e-16
9.765625000000001e-05
6.694617336017894e-13
0.000000000000000e+00
1
1
48
52
-2.174063944525386e-01 -2.627228876658126e-01
-2.574554686880636e-01 -3.111198470008638e-01
6.837810828858640e-02 8.263093690477830e-02
3.731484599409672e-02 4.509280473125338e-02
-1.220076677875358e+00 -1.474391168632816e+00
1.986027322597818e-15
8.976211108099121e+04
8.252483230223089e-16
2.441406250000000e-05
1.129107186811037e-13
0.000000000000000e+00
1
1
58
52
-1.304158090993095e-01 -9.566373644211152e-01
-1.196502389851498e-02 -8.776688199507275e-02
1.134650982299612e-02 8.322990385455324e-02
1.611855983404223e-02 1.182342593616118e-01
-6.508296331046876e-04 -4.774022023866210e-03
1.437310262924857e-16
2.176839696889773e+03
8.022092025736675e-17
3.814697265625000e-07
3.119324167994278e-15
0.000000000000000e+00
1
1
60
52
8.925791298511340e-02 3.091700157703457e-01
-2.807317261785267e-02 -9.723936994202534e-02
1.057003768429252e-01 3.661231377986365e-01
5.009121200087824e-01 1.735050740755273e+00
-1.531990484998072e-02 -5.306482154544658e-02
4.052819101115963e-15
4.390808822047387e+05
2.940040561179687e-12
1.490116119384766e-09
8.524458163004291e-13
0.000000000000000e+00
1
1
61
52
-7.376704773314030e-01 9.174876981466219e-01
-3.615829599783566e+00 -1.754763730429261e+00
2.490311242587588e+00 3.154642508960859e+00
7.706636708233520e-01 7.989835467650623e-01
-9.458403910713715e-01 -5.811051162622448e-01
3.623071274882352e-14
2.785088025421253e+03
7.308098851648340e-15
6.103515625000000e-06
1.372034438216305e-13
0.000000000000000e+00
1
1
64
52
-2.797387113756905e-02 -1.007139325958779e+00
-1.272895807612599e-01 7.691548630308320e-02
1.313627783121201e-01 6.973126900994826e-02
5.459471690809918e-02 9.891307929887126e-02
-4.902004517550057e-02 1.017910386117192e-01
7.199436822062911e-16
1.382887537573276e+03
1.165571174690424e-16
1.525878906250000e-06
5.413364293561831e-12
0.000000000000000e+00
1
1
68
52
8.227375094398340e-01 9.314352160562826e-02
3.177074305552118e-01 2.808833708945839e+00
9.376039835305906e-01 -2.666717755220450e+00
1.055901029324303e-02 7.806787186462276e-01
1.848188216217318e-01 -7.585596598948846e-01
1.831026719408895e-15
6.470752304707414e+02
8.771934735604234e-15
6.103515625000000e-06
8.440616121040728e-14
0.000000000000000e+00
1
1
72
52
-6.043456085723897e-02 -4.467583350035435e-01
-4.911029184424339e-03 -3.630444551041052e-02
-5.992251937165921e-02 -4.429731035349019e-01
7.412321744702665e-03 5.479507874635716e-02
-1.731561414516363e-01 -1.280044867593422e+00
1.776356839400250e-15
7.818087543733225e+03
1.949230996544803e-16
9.765625000000001e-05
4.881106804539134e-13
0.000000000000000e+00
1
1
73
52
-2.815086655628807e-02 -8.115864413307814e-01
-2.084210791507620e-03 -6.008757193607860e-02
-4.543794141672168e-03 -1.309970941819774e-01
3.456478949266259e-03 9.964991466108725e-02
-3.453891639725796e-03 -9.957532280657490e-02
4.414930887727923e-16
2.227193391673373e+03
3.478380928735117e-16
1.525878906250000e-06
6.241250980352370e-12
0.000000000000000e+00
1
1
85
52
4.174412871687571e-01 -4.700982049282020e-01
1.321898323429015e+00 2.829095066109849e-01
-4.372287329552513e-01 -1.279173171034186e+00
5.813866261741777e-01 1.789743874719869e-01
-2.464631605923178e-01 -5.561458000704587e-01
1.995954467971053e-15
2.466194963528641e+01
2.022770082979651e-16
9.765625000000001e-05
6.460661234180697e-12
0.000000000000000e+00
1
1
86
52
-3.050728730812358e-01 1.511944229327342e+00
-3.024880943564464e-01 1.499134039953607e+00
-2.479081111588202e-02 1.228635093914320e-01
-8.740899381908714e-01 4.331998530755027e+00
3.741730325798097e-02 -1.854405315245732e-01
2.712077667200546e-13
1.990713188925888e+05
2.840074453899165e-12
9.536743164062501e-08
4.631868342819166e-12
0.000000000000000e+00
1
1
89
52
-1.233142145269028e-01 -3.822141525993590e-01
3.878447428225619e-02 1.202130267680546e-01
-1.460302903089402e-01 -4.526229508771930e-01
2.116520507845003e-02 6.560185259004798e-02
-6.920348298570286e-01 -2.144971746183730e+00
3.972054645195637e-15
8.062638839968554e+04
1.252097978883783e-15
2.441406250000000e-05
7.289216848404017e-13
0.000000000000000e+00
1
1
106
52
-1.339162412408279e-02 -1.245504839919602e+00
1.609095161685467e-01 8.895763660046957e-02
-1.589595990363765e-01 9.239685804902428e-02
6.540328551069217e-02 1.234140966867962e-01
-6.273458413250300e-02 1.247918305432425e-01
1.513367095835620e-15
1.396459055417336e+03
2.939087286822777e-16
1.525878906250000e-06
8.372872202986004e-12
0.000000000000000e+00
1
1
110
52
-8.030101114150967e-02 -2.818812293617166e+00
1.134394250403469e+00 9.275880086317401e-01
-1.079747996375523e+00 9.906634612364014e-01
1.571204493198014e-01 9.500596352295448e-01
-1.027798175821925e-01 9.574635529275883e-01
4.848510593531394e-14
1.465259888552708e+03
8.992486469343849e-15
1.525878906250000e-06
8.351073403772088e-14
0.000000000000000e+00
1
1
114
52
-8.156169563911115e-01 -2.806735758432835e+00
1.379848999054095e+00 6.346880638190447e-01
-8.248072784722145e-01 1.275345110910853e+00
1.465753654653133e-01 9.872762048575419e-01
4.053621510884195e-01 9.120746509492357e-01
3.177643716156510e-14
1.695976218212989e+03
1.243880350249720e-14
1.525878906250000e-06
8.291998538264453e-14
0.000000000000000e+00
1
1
122
52
3.307640027270419e-02 -1.085516504291488e+00
-2.877731643084800e-03 9.444271951407915e-02
3.034600808544527e-03 -9.959092387480264e-02
1.650651221088964e-04 -5.417183032458539e-03
-4.088031509158012e-03 1.341628967078605e-01
1.580122658835625e-16
1.593185415389027e+03
3.883553124630909e-16
3.814697265625000e-07
2.136557619798193e-15
0.000000000000000e+00
1
1
128
52
-1.302613447403341e-01 -1.021581857085986e+00
-1.216972406174343e-01 9.110163013781084e-02
1.406642326278972e-01 5.764806195241014e-02
-3.957097629022219e-02 1.084917836645034e-01
6.552963724218927e-02 9.509046182542963e-02
7.738811215758631e-16
1.406263319959149e+03
9.257727614588480e-17
1.525878906250000e-06
5.645082210045432e-12
0.000000000000000e+00
1
1
130
52
1.026576819354900e-01 -8.455059556622408e-01
-7.239694282464698e-02 5.962734125288770e-01
8.426998088569991e-03 -6.940617533833027e-02
-8.914632997641841e-02 7.342241856567362e-01
-1.257720706096534e-02 1.035879953175423e-01
5.564421850464315e-15
1.704546117035000e+02
4.355025034040336e-15
2.441406250000000e-05
6.579924835407813e-12
0.000000000000000e+00
1
1
148
52
-3.092858108045394e-01 -7.803305634190518e-01
-2.538875695741921e-02 -6.405603596736270e-02
2.181166254597687e-01 5.503099828386435e-01
2.685789745801177e-01 6.776268914873138e-01
3.789245588022953e-02 9.560296791318962e-02
6.419703240333900e-15
1.653289615976121e+02
3.172843513387601e-15
2.441406250000000e-05
7.414304643940510e-12
0.000000000000000e+00
1
1
160
52
-3.825080677337613e-02 -1.001610759786807e+00
-6.174012135062859e-03 -1.616686681191089e-01
-2.831981889494639e-03 -7.415643672158079e-02
-4.693075485373331e-03 -1.228898237491132e-01
4.696591067286104e-03 1.229818804916456e-01
1.734723475976807e-16
1.594472350046806e+03
3.347374862419564e-16
1.525878906250000e-06
1.315856922173294e-12
0.000000000000000e+00
1
1
162
52
-7.758451522168078e-02 -1.065463618874638e+00
-3.920554422155424e-01 3.930042292745879e-01
4.448530728701251e-01 3.320625506686123e-01
7.537013757697099e-02 3.569291093777424e-01
-2.286779034285391e-02 3.640825605881102e-01
8.881784197001252e-16
2.368119955643240e+02
3.714359488803581e-15
1.525878906250000e-06
1.557910138392660e-14
0.000000000000000e+00
1
1
174
52
1.006709422898186e+00 -1.361045111192321e+00
-7.099584089225164e-01 9.598454128223607e-01
8.263909940846234e-02 -1.117259257586182e-01
-1.233379969554725e-01 1.667497829683835e-01
-8.742107625267337e-01 1.181910348135340e+00
2.383232787117382e-14
3.005973537809784e+02
6.275001875761215e-16
2.441406250000000e-05
1.099326872824796e-12
0.000000000000000e+00
1
1
175
52
7.671096875468676e-01 9.659277289539263e-01
-1.710441514674138e+00 3.642532816398392e-01
7.421433422653333e-01 -1.583513147352238e+00
-8.137478588100847e-01 2.009198133366395e-01
3.799844669218779e-01 -7.471051826933897e-01
8.042797661766892e-15
1.411317646541694e+02
1.700586048365893e-15
3.906250000000000e-04
1.482987547913886e-12
0.000000000000000e+00
1
1
178
52
-4.655842588337896e-01 7.145334859208570e-01
-6.132890541020413e-01 -1.042048408277984e+00
1.200981263247193e+00 1.401155038003752e-01
5.731572855552157e-01 8.567682614083912e-02
-3.098919265068557e-01 -4.897109212672919e-01
5.421936431859633e-15
3.947207572289580e+01
3.335524134728597e-16
3.906250000000000e-04
7.700466626899205e-12
0.000000000000000e+00
1
1
187
52
3.049986554303786e-02 -2.050611281595414e-01
-6.591020336071249e-01 -2.579310857505484e-01
7.056379322442556e-01 -5.494583041101762e-02
1.954432320902458e-01 4.182479147585826e-03
-1.882003416967421e-01 -5.287893235430541e-02
1.498303070619016e-16
1.259577449478768e+02
5.831504944583134e-17
2.441406250000000e-05
5.568697256132194e-12
0.000000000000000e+00
1
1
192
52
-7.512143110390772e-03 -9.620093214437268e-01
6.535757143437670e-04 8.369727789108096e-02
-6.892030380798939e-04 -8.825973324218170e-02
9.284528389845567e-04 1.188981988892877e-01
-3.748874755393614e-05 -4.800830344438778e-03
2.220808390968838e-16
2.230165892138349e+03
3.926163431998792e-16
3.814697265625000e-07
3.159488691535829e-15
0.000000000000000e+00
1
1
197
52
-5.364225821350582e-02 -2.226522929826353e-01
-7.818300570310155e-01 8.643692906595227e-03
6.999840997966128e-01 -3.483607491324335e-01
-2.146465054074814e-01 2.374201967927428e-02
2.019079247684223e-01 -7.661589716112534e-02
1.790718670647276e-16
1.053237070806136e+02
4.465164272851770e-16
6.103515625000000e-06
2.724629388412298e-15
0.000000000000000e+00
1
1
201
52
8.786630915883691e-01 9.200052039127291e-01
7.140186053878665e-02 7.476140046588092e-02
8.712184779707766e-01 9.122103126342270e-01
2.517531498820031e+00 2.635984260749411e+00
-1.077683604822585e-01 -1.128389861938760e-01
2.200337283745605e-13
1.187112379367491e+05
1.028066429076502e-12
9.536743164062501e-08
6.009024906847149e-12
0.000000000000000e+00
1
1
202
52
-1.244307477070204e-01 -1.088070970925767e+00
-1.141592327116475e-02 -9.982528391549211e-02
1.082579413409424e-02 9.466496466179967e-02
-6.209616643595276e-04 -5.429930893272491e-03
1.537884452783601e-02 1.344786124448793e-01
8.621854902226095e-16
1.413616652845624e+03
2.116191296236496e-16
3.814697265625000e-07
2.206334361407128e-15
0.000000000000000e+00
1
1
209
52
-7.092064430377620e-02 -8.106317293195360e-01
-1.144720740538190e-02 -1.308429953788375e-01
-5.250764551176578e-03 -6.001688775047282e-02
8.707927822195099e-03 9.953269120145120e-02
-8.701409597995639e-03 -9.945818709327833e-02
4.440892098500626e-16
2.263762288217278e+03
1.189676991238198e-16
1.525878906250000e-06
6.258026390805295e-12
0.000000000000000e+00
1
1
214
52
-1.809738393529731e-01 -1.071134813468050e+00
-3.591036398083371e-01 4.355394219038971e-01
4.822595285961804e-01 2.933867059601820e-01
1.185314312318181e-02 3.707677961061632e-01
1.106139668001383e-01 3.540816374511065e-01
1.986027322597818e-15
2.423090306321967e+02
2.182590550880500e-15
1.525878906250000e-06
1.428978229056074e-14
0.000000000000000e+00
1
1
222
52
-1.012715283461145e+00 -1.841910057616853e+00
-8.313211049667413e-02 -1.511993281185768e-01
7.141939024149824e-01 1.298964233511793e+00
1.240738108805043e-01 2.256634257227740e-01
8.794261581741278e-01 1.599485968194557e+00
2.876656200481457e-14
6.597709753175965e+02
1.450197809380894e-15
2.441406250000000e-05
1.046546067611174e-12
0.000000000000000e+00
1
1
230
52
-5.605324546608439e-01 -6.028207029783523e-01
-4.115391754195188e-01 1.092084032917834e+00
1.119081473783148e+00 -3.311626230334526e-01
-2.140180479279253e-01 5.167972349980459e-01
5.309720151951626e-01 -1.759313105166174e-01
5.402578411571408e-15
3.006333488325414e+01
2.773816727397474e-16
3.906250000000000e-04
5.443361543162950e-12
0.000000000000000e+00
1
1
234
52
1.943804598451873e-01 -7.584589241138782e-01
-1.085580785392430e+00 2.319138069198107e-01
8.402205102250309e-01 7.254647818126477e-01
4.137106474124555e-01 3.345474959688893e-01
-5.236233873347852e-01 9.432430798863162e-02
5.063396036227354e-15
2.601165583180057e+01
3.553884139819996e-16
3.906250000000000e-04
7.769765385786528e-12
0.000000000000000e+00
1
1
-1

2 0
1 5
-6822956413329828382698808715266092137564695099027436606380753174433821897472705023946724397517656925794923502772627738299504130277917217303869113067334673964451854141431502961453917684089316814787760903486320644008993268681978322375522906150731815197747689159076437900280158953492574732978832520982118048218977/100000000000000000000000000000000000000000000000000000000000000000000000000000000000000000000000000000000000000000000000000000000000000000000000000000000000000000000000000000000000000000000000000000000000000000000000000000000000000000000000000000000000000000000000000000000000000000000000000000000000000000000000 2315819032141303686327741257676575572621765440890115421551486319328608940993616906281018348235891752305879122724521923520725249355829560526420358648098588472095562144198781719549254049606195104280106006887037301727983189159468078993782542438853247691114988170805128165395616088852106528363558398248542893973999/2500000000000000000000000000000000000000000000000000000000000000000000000000000000000000000000000000000000000000000000000000000000000000000000000000000000000000000000000000000000000000000000000000000000000000000000000000000000000000000000000000000000000000000000000000000000000000000000000000000000000000000000
-2504015558816260552865049934923448069217555792253108813348460381538685449821799975338635761529174069370281055522762146924787244763167370722739702747739929853619387593189168834805842869447327887274757048095217722706377487369806614163264487406159102244391542428197181598702709427652186403156672381909181830464579/10000000000000000000000000000000000000000000000000000000000000000000000000000000000000000000000000000000000000000000000000000000000000000000000000000000000000000000000000000000000000000000000000000000000000000000000000000000000000000000000000000000000000000000000000000000000000000000000000000000000000000000000 1898201270643091178271594434964073155760747053557762234557816390368769136041672124462213028710386839277629009259538165306210460976545622442903059620407251251757228240609093219773238699777132029923929095365225464264829309163939404259589791878502325920815259546507347834027074976590451004425636112573008052339659/2500000000000000000000000000000000000000000000000000000000000000000000000000000000000000000000000000000000000000000000000000000000000000000000000000000000000000000000000000000000000000000000000000000000000000000000000000000000000000000000000000000000000000000000000000000000000000000000000000000000000000000000
4868939510496043440529023569852643157204107142821511208335090579038313691245549056595601691955498658143410477576549082349701274760043737128897098238898807517896603919028057450077694291767698070289769691246431417692107692630343050478661836670028913611709541090611269091084653953372624076937704018910434194478101/10000000000000000000000000000000000000000000000000000000000000000000000000000000000000000000000000000000000000000000000000000000000000000000000000000000000000000000000000000000000000000000000000000000000000000000000000000000000000000000000000000000000000000000000000000000000000000000000000000000000000000000000 8329737025973542386819051107048616637315356615467098738037767627144382563973355609003174781564676533008434947898506907122363608090778439735066234125238398358921136622349370489223393791302516786455011921466815824217238644036644451871549202875157803252032763390493897658108283950296433587968444828323463664311903/10000000000000000000000000000000000000000000000000000000000000000000000000000000000000000000000000000000000000000000000000000000000000000000000000000000000000000000000000000000000000000000000000000000000000000000000000000000000000000000000000000000000000000000000000000000000000000000000000000000000000000000000
832938564658540162323333364422884518450394843526098645523041929604996329695782542876157914780454411730822844640891415990561175645691939937676421393185064219313264757013876904285939948639796347779057378854248878281180181886101664662485526996864433171738233977066992343740664440665790326086544703874259827237699/20000000000000000000000000000000000000000000000000000000000000000000000000000000000000000000000000000000000000000000000000000000000000000000000000000000000000000000000000000000000000000000000000000000000000000000000000000000000000000000000000000000000000000000000000000000000000000000000000000000000000000000000 -8272723722810667411220054467072184030564947472558120746963494485050948223836145007583419598353355643987234108349983755658054749744368618781243622622366372770872843964131167075264808556724436071843274078497629458317641367967660123979995497923859283936782372115855241226972783746680021474129810320109393950038571/10000000000000000000000000000000000000000000000000000000000000000000000000000000000000000000000000000000000000000000000000000000000000000000000000000000000000000000000000000000000000000000000000000000000000000000000000000000000000000000000000000000000000000000000000000000000000000000000000000000000000000000000
-2395765079331431191188360439732202412895632326762033726831167215684179342729122423039238808227917851991202359195776400630473288794665982268483497058732481443388261111011564661679141854530496518028342356680912215589853298724438622130149411395568530715302671727365212955979754339556936169306680207114936290981939/10000000000000000000000000000000000000000000000000000000000000000000000000000000000000000000000000000000000000000000000000000000000000000000000000000000000000000000000000000000000000000000000000000000000000000000000000000000000000000000000000000000000000000000000000000000000000000000000000000000000000000000000 1973441359373196978946672405955154436920419223107242609591092600311789955178576908457573656753847851796518295875565980731067209699021805232393699481338812292760868448407012474829148068026922912133430856722491063165726141633792493374755465133014973403380257421872449178827987816496599162439387617014193644996183/20000000000000000000000000000000000000000000000000000000000000000000000000000000000000000000000000000000000000000000000000000000000000000000000000000000000000000000000000000000000000000000000000000000000000000000000000000000000000000000000000000000000000000000000000000000000000000000000000000000000000000000000

0
3922203678968911999603659536026766860052396148137106895154131316522381425774018850664357005352348925553488945418807350858872852217820603871500220789236602878786673915432577826660908328718852394040231318437833818173211850200943815098654061819853733808379051469780253053840236055345625182737750225848369254455159/5000000000000000000000000000000000000000000000000000000000000000000000000000000000000000000000000000000000000000000000000000000000000000000000000000000000000000000000000000000000000000000000000000000000000000000000000000000000000000000000000000000000000000000000000000000000000000000000000000000000000000000000 8385517561179861298609485561189155801141084461521282729593933114955454146887012267776154949087211915957154927584185756230540033767542501017013286105528751487961372342844463059658771391273897847359669580218748459806643852211847323680242687881645237993616250441700362780064310001107548830257503421856012112144179/10000000000000000000000000000000000000000000000000000000000000000000000000000000000000000000000000000000000000000000000000000000000000000000000000000000000000000000000000000000000000000000000000000000000000000000000000000000000000000000000000000000000000000000000000000000000000000000000000000000000000000000000
5 5
1 0
0 0
0 0
0 0
0 0
0 0
1 0
0 0
0 0
0 0
0 0
0 0
1 0
0 0
0 0
0 0
0 0
0 0
1 0
0 0
0 0
0 0
0 0
0 0
1 0

5 0

4 0

