20                                               

1.184212954436790e+00 1.628752247415479e-14
-3.145174660610061e-01 -5.117202862110604e-14
5.611963166718244e+00 7.801242538996692e-13
-1.716363775227163e-01 -1.297542540640530e-14

9.915273400134513e-01 3.300537896341077e-17
8.126193215874214e-02 4.071358398191930e-17
-1.226503781869510e-01 6.462414262615554e-18
2.865184076718502e+00 7.157681684299915e-16

7.403718060832944e-02 3.394653457727456e-16
1.614086775121301e-01 -3.087055149907541e-16
1.226921960934911e-01 1.149974687328571e-17
-1.227841047931856e-01 2.477527205927020e-18

1.184212954436664e+00 -1.063382612535445e-16
-3.145174660606124e-01 -6.321837508017345e-17
-1.716363775226622e-01 -1.871537226970389e-17
5.611963166712234e+00 -1.110120115906649e-15

9.174519547245850e-02 4.093621200568657e-18
-8.700256434674983e-02 4.712271471703063e-18
-1.235936037613984e-01 -3.399047317149354e-18
4.990419778089148e-03 5.413313883398371e-18

-3.145174660605897e-01 -2.646334807883888e-13
1.184212954436657e+00 8.416415746926670e-14
5.611963166711884e+00 4.038313936974586e-12
-1.716363775226477e-01 -5.125453186649956e-14

8.126193215874210e-02 -3.814451680747894e-17
9.915273400134516e-01 -2.808002776057244e-17
-1.226503781869510e-01 4.760124363346483e-19
2.865184076718500e+00 -1.845518143211689e-16

7.403718060832960e-02 1.559321941042708e-15
1.614086775121302e-01 -1.548260413244129e-15
-1.227841047931856e-01 1.048048610774019e-18
1.226921960934912e-01 2.861298447779405e-18

9.915273400134319e-01 -3.084134312327220e-14
8.126193215877291e-02 4.807992402460355e-14
2.865184076718406e+00 -1.460143066731469e-13
-1.226503781869472e-01 7.379578911964744e-15

-3.145174660606123e-01 -7.981652025014340e-17
1.184212954436664e+00 2.120418176528988e-17
-1.716363775226621e-01 -2.423073970052919e-17
5.611963166712228e+00 6.329769794642904e-17

-8.700256434674986e-02 4.469831051442545e-19
9.174519547245873e-02 -5.247453261555438e-18
4.990419778089243e-03 -2.795816311725495e-18
-1.235936037613984e-01 -1.214607597914375e-18

-7.052267444548597e-01 1.265072145316508e-15
8.208833406024670e-02 -1.256906119985923e-15
-8.683844043199632e-01 3.741303353700336e-16
-1.225159853976513e-01 -1.352601112222286e-16

8.208833406024650e-02 -2.541151342163823e-15
-7.052267444548596e-01 2.256659156664287e-15
-8.683844043199628e-01 1.348273422525139e-15
-1.225159853976513e-01 -2.059801684722381e-16

1.614086775121307e-01 -1.662103388914347e-16
7.403718060832834e-02 7.816156471429748e-17
1.226921960934908e-01 -4.138784524852871e-17
-1.227841047931857e-01 -6.706353504336405e-18

-7.052267444548579e-01 1.232565792858460e-16
8.208833406024470e-02 -7.725528915677905e-17
-1.225159853976516e-01 -2.459654372086166e-17
-8.683844043199618e-01 1.392626910612061e-16

-8.700256434674981e-02 5.500262305362674e-19
9.174519547245831e-02 -1.199234354340093e-17
-1.235936037613984e-01 7.489655651351939e-19
4.990419778089027e-03 -7.082920291523707e-18

8.126193215850826e-02 5.709442476983036e-14
9.915273400136013e-01 -3.662398845447612e-14
2.865184076719213e+00 -1.744232349615325e-13
-1.226503781869765e-01 7.639532257520099e-15

9.174519547245842e-02 -5.677093579139886e-18
-8.700256434674988e-02 -2.714877853548926e-18
4.990419778089039e-03 -5.232694185221703e-18
-1.235936037613984e-01 -2.709057921799850e-18

1.614086775121304e-01 -1.449933460178743e-15
7.403718060832921e-02 1.449287760967851e-15
-1.227841047931856e-01 -3.537561287058061e-18
1.226921960934911e-01 7.038861189703151e-18

8.208833406024477e-02 -1.031783949915007e-16
-7.052267444548580e-01 1.850629506169662e-16
-1.225159853976516e-01 2.059664460122115e-17
-8.683844043199617e-01 1.709134110901668e-16

