0
1.286795756148582e+00 -8.655732068847032e-01
5.539069300304335e-01 -1.575199352689739e+00
1.415709570592151e+00 3.687880331397116e-01
1.669952585834103e+00 -1.424026905086609e+00
3.164602048716887e-01 -2.281971828453957e-01

1
-2.086017360187872e-01 -2.725320054947340e-02
-1.488332554606002e-01 -4.126389387396342e-01
-9.988361520250305e-01 2.754754744207242e-02
-5.219564078100869e-02 -8.141926076012232e-02
1.360249806479980e-01 -7.416012714067523e-02

2
-1.235259770754690e+00 -4.950488688443737e-01
-5.228793282070291e-01 8.112097189835750e-01
-1.273482371261590e+00 -1.162451495763887e+00
-1.438340722689623e+00 -1.857440645567870e+00
4.468003457208292e-01 3.505685746038927e-01

3
-1.599505218813975e-01 -1.898509600486022e-01
1.356253462162173e-01 -4.665750560213368e-01
-1.064500523942880e+00 3.579832770644855e-02
2.288063386299338e-02 -1.207406769137293e-01
-1.282255259891207e-01 1.595076732148523e-01

4
-2.091156749173087e-02 -2.300113993093646e-02
-3.988257351659161e-02 -1.042296941907473e-01
2.279547824237569e-02 8.710929292094675e-02
1.341579427148351e-02 -1.663092131927666e-02
2.553463020515975e-01 -9.345983896269308e-01

5
-2.138745926954443e-01 -1.089658808690631e-01
-4.969472678374204e-01 -6.347235884242555e-01
-1.081072145577061e+00 -2.575480543315114e-01
1.682075537586939e-01 -8.496542332586093e-02
-6.550682396575233e-02 -5.425448326310275e-02

6
-6.513925417592804e-02 4.818808048869398e-01
-3.592153195624888e-01 7.539057418927215e-01
-1.785340569171177e+00 8.221875155334232e-01
-1.012032834085658e-01 4.943530750688259e-02
3.200373443426691e-01 -7.441009541776755e-02

7
-3.101368457772393e-01 -8.335771342495938e-01
-2.202286670806078e-01 -2.338163582087156e+00
-3.468930680790823e-01 -8.290111474735312e-01
4.894369319271766e-01 -4.052960423515343e-02
-3.788774593983045e-01 3.029343430023694e-01

8
-1.708362517038215e-01 -3.548311464488916e-01
-5.795507744802714e-02 -2.951035359022016e-01
-1.770854719484702e-01 -1.710062380452946e-01
6.462899379759834e-02 1.295595677417681e-01
-2.964339574341877e-01 -7.244257579072769e-01

9
-2.645633623824021e-01 -2.864540292577986e-02
-4.858570828499082e-01 -2.021304067532219e-01
-1.170235454487266e+00 1.119145784474432e-01
-3.984394118203593e-02 -2.836543619146108e-02
1.124757906231842e-01 -1.307607093636990e-01

10
-4.520033984894700e-01 1.802479826261949e-01
-1.498007541171205e+00 -2.635877635328528e-01
-1.998327662288412e+00 -2.359114804457460e-01
1.293049667632883e-01 -3.254066386858574e-01
2.578763590235439e-01 2.756980681113881e-01

11
1.101283973410224e-01 -4.338841937455813e-02
6.568369246334098e-02 3.577419996020540e-03
2.970101142177454e-02 -2.530533384208221e-02
-4.053379877838135e-02 1.636756718828601e-02
8.176273553737894e-02 -1.137222846937017e+00

12
-4.931944248133389e-02 5.142532993301122e-01
-6.590755853503485e-01 1.470095822474641e+00
-2.084562839390085e+00 9.136318149632935e-01
3.997682399477512e-01 -1.135842580141289e-01
-1.268562635962434e-01 1.604345199965981e-01

13
-2.930059102503839e-01 2.302225915283440e-01
-1.077299177416291e+00 4.600946635490840e-01
-1.477802733421362e+00 3.179946031464995e-01
2.534855112528341e-01 1.296547422333823e-01
2.370416318484303e-03 -2.697237259654738e-01

14
2.204813656604776e-01 5.776829364955428e-01
2.134885627379619e-01 9.016666519669161e-01
-5.242377198415321e-01 -5.877262584798645e-01
6.796137669088316e-01 -9.692521460841783e-01
-2.042614433920674e-01 -3.391653059424566e-01

15
2.147082544578014e-01 -2.497728195610896e-01
7.313184013181890e-01 1.284837049153449e-01
-9.295838616815499e-01 1.018880044997844e+00
-2.699911498840944e-01 -1.173829162429434e-01
1.618556791150820e-01 -3.448615386518421e-02

16
-1.355079341081089e-01 -3.422527395936164e-01
1.122985859854352e-01 -3.548655978507346e-01
-3.213872333343145e-01 -1.489950583589637e-01
-4.389185460989011e-02 -7.465601102559188e-02
-1.637964002154632e-01 -5.030299665691030e-01

17
-8.466468399804818e-01 -4.694615731443776e-01
-1.834357000014734e+00 -1.774011506377325e+00
-8.820828912049271e-01 -4.425433699823699e-01
-9.874198008990630e-02 5.183667264964863e-01
3.757976744454669e-01 -3.800684222933585e-01

18
-7.873685365987929e-04 2.127721860804624e-03
5.240292391358912e-02 -3.877472402706462e-02
-5.300461045307352e-02 4.037085365447660e-02
6.425778903665842e-01 -5.942070698807344e-02
-1.964494581653089e-01 -4.954105620206127e-01

19
-1.104152043779888e-01 -2.552001986728215e-01
-3.625510507995325e-01 -9.517156932620947e-01
-1.317229835406749e+00 -6.617340189955849e-02
-1.100062555646718e-01 2.128656510647185e-01
-8.284460242519570e-02 -1.004448688661115e-01

20
1.051984474547646e-01 -4.648530880246921e-02
6.914588414624860e-02 -3.595065675552199e-02
2.376344606975318e-02 1.070912777069076e-02
1.461899143856387e-02 -4.902488761242382e-03
9.661787887294983e-02 -1.055026424535448e+00

21
-6.060164550734243e-01 -2.851170568914252e+00
9.701112758918595e-01 -1.805536165248165e+00
8.407767259142670e-01 3.919965185137076e+00
7.253134824458283e-01 -5.735102682459661e-03
4.448802241007099e-01 2.152105393931325e+00

22
2.525595152928078e-03 2.577853343823328e-03
1.251071466921846e-01 1.158335094309924e-02
-1.231964199998142e-01 -9.629189471498057e-03
9.831389502221041e-01 7.250646295516598e-01
-9.827289026309878e-01 -7.246459510291408e-01

23
1.310832628060888e+00 2.090076044914160e-01
1.377101275500922e+00 -4.943222958918178e-01
4.611038710864829e-01 9.464114051776226e-01
2.117033811030956e+00 -1.634978122988134e-01
-4.538877187495364e-01 -3.454255831951663e-02

24
1.159800230411034e-01 9.888127392869048e-02
1.031144911868157e+00 -6.577398587884713e-02
-3.734752597462984e-01 8.299722261954607e-01
5.208073706375899e-02 2.182597731522256e-01
1.536234818142055e-01 -2.104572496177171e-01

25
1.779490030773600e-01 3.866051282206762e-02
1.188513716703356e+00 1.607083157264407e-01
-7.724512937343951e-01 7.321095725916268e-01
1.267226319440692e-02 2.529171371039400e-01
-2.607854639823954e-01 -8.805358946101839e-02

26
-8.771163837826851e-01 -1.068843782390652e+00
-4.914699176785719e-02 -1.037349017436938e+00
1.216321295316734e+00 1.425381887111834e+00
6.153341624506727e-01 7.501541694500670e-01
2.462980718321259e-01 -1.320935098302242e-01

27
2.839763078269890e-02 1.905752128537651e-02
7.140397843932345e-02 1.016172557185365e-01
-5.139403894249043e-02 -8.664370581041779e-02
-1.023783113951036e-02 2.113497985935996e-02
1.315967676065192e-02 -1.052150417139900e+00

28
2.480453409598711e-01 8.377972776747986e-02
1.601305912467054e+00 3.881311699637721e-01
-1.221755754709686e+00 8.797262696997896e-01
-3.316033647479755e-01 -1.871149120555407e-01
-5.073052354755332e-02 3.514225237091469e-01

29
-1.071242307069889e+00 -2.720183530637695e-01
-1.442407539565427e+00 -1.396985034542823e-01
1.300686916954432e+00 5.874597712973323e-01
1.758053590442050e+00 -6.605729158895115e-01
7.113294200778268e-01 2.406372531043778e-01

30
-5.782034408331677e-01 -4.930180881935881e-01
-8.227351050160158e-01 -5.643959278957400e-01
6.029066170165165e-01 6.859859487603878e-01
1.480414294070767e+00 3.119615157929873e-01
-1.573985660202545e-01 -4.708077580097780e-02

31
5.568543536638298e-01 8.087261159420281e-01
6.829939423513838e-01 1.268413624843198e+00
-9.503079817974315e-01 -7.134494343885232e-01
6.165614538245885e-01 -1.985654848631973e+00
7.859179630317938e-02 2.262017052767199e-01

32
-4.954688632184013e-03 -6.832663537140607e-02
-3.484157540006158e-02 -1.433018076572762e-01
2.904899074094574e-02 8.588491234189166e-02
1.624635740068178e-03 5.035509805737722e-02
1.957553319518237e-01 -9.815244056992104e-01

33
3.733609567560819e-01 5.885362115455605e-02
7.644031753039725e-01 7.904573699798259e-01
-1.630977671391663e+00 7.231468558868754e-01
-6.747206798676665e-02 -3.539723990300833e-01
-2.923145091549506e-01 1.958378108308014e-01

34
1.919734510483226e-02 7.487697434882169e-02
5.473589052697860e-02 1.470372365241405e-01
-4.471593654074572e-02 -9.713690598233635e-02
-1.162224606947855e-02 -5.556008768730750e-02
9.354064099878291e-02 -1.034376042034755e+00

35
2.921670254008098e-01 -1.843162775937101e-01
4.421879005462236e-01 6.300996726398578e-02
-1.005783578879349e+00 7.542037960198371e-01
7.985879077924853e-02 6.566126154098878e-02
-1.800774839979461e-01 -1.635105422741766e-01

36
4.822580714619697e-01 1.109730913832443e-01
7.546918910367989e-01 3.789795197190685e-02
-2.735527180542739e-01 3.299526378576887e-01
6.722711011792202e-01 -8.296144368732455e-01
1.434977533699857e-01 6.763097627451678e-02

37
9.180752625499765e-02 1.433348726962083e-01
1.122179700973450e+00 2.670366871168894e-01
-6.847545320620815e-01 7.367981791307747e-01
2.369066432446875e-01 -1.524811669471048e-01
-3.820062047974888e-02 2.427672241725065e-01

38
1.712842822765586e-01 -6.410550183577014e-02
8.646054255909010e-01 3.923649915750829e-02
-7.724347987699027e-01 4.556993070629717e-01
4.964105403822754e-02 -1.128802810572922e-01
-1.699094851991416e-01 -2.793973909975729e-02

39
1.849557591874710e-01 -9.352661991724306e-02
8.784947105695258e-01 -1.279850315324282e-01
-7.866045606081928e-01 5.910037023550634e-01
-1.727445708755150e-01 -1.697483612076975e-02
3.144941506965603e-02 -1.131254624770401e-01

40
-4.691273927186176e-03 -4.441552749698830e-01
1.983954042548265e-01 -5.415121950970611e-01
-3.200348997963289e-01 -5.898518915612732e-02
3.871255028496897e-01 -6.795611820227129e-01
-5.240742703793208e-02 1.476112149864579e-01

41
6.502605871684508e-01 1.188539375277001e+00
1.296014780605949e+00 -6.009109936578037e-02
-1.835285563430792e+00 -1.470849597169511e+00
4.303469121749006e-01 -2.364902287181524e-01
-9.219050200888637e-01 -5.181884998737716e-02

42
2.443947449640264e-02 -1.913333719071329e-01
4.451191695814000e-01 -5.671948522303331e-01
-8.075397887098633e-01 4.353672227120490e-01
1.028084035254122e-01 -4.490985772346649e-02
4.372196244851558e-02 1.387588158659555e-01

43
1.142959950309286e-01 -1.733673407474807e-01
6.607982652560425e-01 -4.426806926931445e-01
-6.185864620406597e-01 4.105973914865525e-01
1.167241169036657e-01 6.471239366350545e-02
-1.030097676803045e-01 -7.748462907203861e-02

44
7.889718941920367e-04 -2.040401851772957e-03
5.288772713099776e-02 -4.046716811909760e-02
-5.230052294083348e-02 3.892198863037594e-02
6.426659575671175e-01 -6.204856514422405e-02
-1.990000366015683e-01 -4.949383951038669e-01

45
-7.100850465756826e-02 -2.934566771488445e-01
-8.234131256753197e-02 -4.791371521891616e-01
-1.706482068946825e-01 2.650463757400608e-01
6.339911754373189e-01 -1.959684255679037e-01
-2.576009136516459e-02 -8.330267155987102e-02

46
2.810401715193325e-02 -2.031745143933399e-01
1.834053059652768e-01 -9.358803814043256e-01
-1.071806889844485e+00 7.731364315689768e-02
2.085919431083588e-01 1.416996239094329e-01
-2.118865128521985e-01 1.371534050002787e-01

47
-1.069727360265528e-01 -3.933731214408767e-01
-1.326785357444237e-01 -6.604062994304611e-01
-2.421665519288817e-01 3.767021418645766e-01
7.847314640871232e-01 -2.681953099128871e-01
-1.610381691431001e-02 2.176341328019075e-01

48
-7.500662774084192e-03 -1.755588203810053e-01
4.356889426488683e-01 -5.811346134720982e-01
-6.621690225338349e-01 4.911141654838316e-01
4.091136569948364e-02 1.162902930947324e-01
9.677335601716992e-02 -4.261659121691277e-02

49
-8.624322923913734e-02 3.161260071933569e-02
-5.119791511428470e-02 4.445801605739660e-03
-4.065574058242457e-03 2.698865837657417e-02
3.151026361561077e-02 -1.187480169973218e-02
2.055150819281902e-01 -9.168049251811704e-01

50
-7.153785873006248e-01 -3.180322855099921e-01
-3.534189809216372e-01 -3.379489250593596e-01
-3.378902671884758e-01 4.758179610545082e-02
2.650190337183159e-01 1.138931850912026e-01
-1.145342083281929e-01 -3.621217628048425e-02

51
-2.024784783704111e-01 -2.379021857710221e-01
-1.078979776617766e-01 -1.449258611529398e-01
-1.159099181110834e+00 5.147679439140157e-01
7.851793693014911e-02 8.668056824463022e-02
-1.182007602442749e-01 1.202749278704419e-01

52
1.375419180360200e-02 8.782616245814340e-06
4.565421648095835e-01 -7.033273156900226e-01
-8.359992814374765e-01 -4.424677056001208e-02
-1.849859880524113e-01 -6.916549291246871e-03
1.138095046163567e-01 -1.663743401138822e-01

53
-3.065406265313619e-03 -2.816105169205790e-01
-2.055335957203651e-01 -1.283355331846486e+00
-1.373860725163622e+00 3.836946401386877e-01
-2.084693673834642e-01 2.328999924441958e-01
2.959962062515142e-01 1.041185703421964e-01

54
-6.306938828137382e-02 -1.870584958731145e-01
5.887618111701642e-01 -9.316363141994692e-01
-1.060302064153562e+00 1.766970475562099e-01
-2.374434012038857e-01 5.403504273515931e-03
9.771541940825924e-02 2.407743730739024e-01

55
-1.498505382559457e-01 -2.830079877503061e-01
-2.385731731122465e-01 -6.663133535326792e-01
-1.407553097812217e+00 1.011266464102156e-02
-4.356537816988559e-02 -7.602065825228503e-02
-1.220347059111182e-01 2.004336707541324e-01

56
1.131430952598108e-01 -2.148451233629826e-01
7.973663118187495e-01 -5.511072179826533e-01
-7.045276900264901e-01 5.339402533062750e-01
-1.218778468276999e-01 -8.137433980692808e-02
1.457635548338247e-01 6.746963914770432e-02

57
-2.251910649543588e-02 -1.838093476184461e-02
-4.072919414800728e-02 -1.061888785235925e-01
2.273879747685401e-02 9.283696908987092e-02
-1.384303781835880e-02 1.384666955912310e-02
2.626685534956377e-01 -9.663992402207915e-01

58
-3.734490057068883e-03 -1.502980214038638e-02
6.550185327723762e-01 -1.046274961924787e+00
-1.234312297944589e+00 -4.265136479587359e-02
-2.697466190698800e-01 -2.628453417416247e-03
1.038625500416494e-01 2.569416368651612e-01

59
2.646239325043198e-02 1.240912943111266e-02
6.619488640173202e-02 9.298748705842734e-02
-4.710812265203143e-02 -8.286541789563749e-02
1.009727701185699e-02 -1.666998051508455e-02
2.736020134651433e-02 -1.015275889937748e+00

60
-1.165399664028290e-01 -5.514044708450997e-01
3.077181659753428e-01 -4.153950517644679e-01
-4.431792434587666e-01 -4.057856502347371e-01
-2.647290254361664e-01 -7.759429811215034e-01
-4.288297247422727e-02 -1.078672957510901e-01

61
-1.124083785685291e-01 -6.081813063166563e-02
4.179777927873872e-01 -6.494831174109329e-01
-6.889844926515374e-01 2.536238697079109e-03
-1.626197631396757e-01 8.868053528131609e-03
1.171009941958281e-01 -1.530059583427222e-01

62
-3.588310662586105e-01 -7.883266736151223e-01
3.540896401665437e-01 -5.955423777411237e-01
-7.705354506964229e-01 -5.705741018666117e-01
-8.490622253745395e-01 -1.087988716102411e+00
1.567287392628592e-01 2.096627055635285e-01

63
-1.039422520238773e+00 -2.072631872859164e-01
-5.272798312718662e-01 -2.883103901667325e-01
-4.578188550640503e-01 9.136227681559247e-02
-1.567794774400666e-01 -2.130563411475864e-02
3.825436140566749e-01 7.368685968616456e-02

64
3.761440503829307e-02 -2.102973435314073e-02
7.062966751817774e-02 7.358547839099022e-02
-4.024842004509938e-02 -8.812922366724359e-02
1.690107322008732e-02 2.184041358171154e-02
-2.586582445507939e-02 -1.039031697871899e+00

65
-3.245731543726930e-03 -9.604236254593801e-03
4.368855237453002e-01 -7.463206222651722e-01
-8.649266462240961e-01 -4.583915816870943e-03
9.335166542221528e-02 -1.635311987908060e-01
7.409410845128699e-02 1.520423991032500e-01

66
-1.270674781254030e-01 4.560369679723839e-02
4.135128477044229e-01 -7.351040423405689e-01
-7.619799881593522e-01 -9.562139472567881e-02
1.042182288348550e-01 -1.749557024582240e-01
1.183732651471417e-01 1.621782982781076e-01

67
3.760578920014694e-03 -8.049526013313201e-03
5.291386726230123e-01 -5.610247206241890e-01
-7.509314612150304e-01 -1.779324126952801e-01
1.131888017916296e-01 -1.233265733329231e-01
-1.480545245220549e-01 -1.955107157165430e-02

68
-3.389612362160419e-01 1.213289574644436e-01
4.705883081449176e-01 -1.758457943787188e-01
-2.513159386026516e-01 -1.000237264376403e-01
2.568796136734919e-01 -9.827761293269431e-02
-2.753741755288101e-02 -9.309050534354871e-02

69
-1.598243839691296e-01 3.591368974096677e-02
2.174366961111385e-01 -5.983560865495347e-02
-7.549027492274195e-01 1.824951262852094e-01
1.179478110658942e-01 -2.751415750161865e-02
-4.503413362881222e-02 -1.094740966966282e-01

70
-1.440263261401774e-01 1.674476407436804e-01
1.878964417079612e-01 -2.429115199396313e-01
-1.035146064764686e+00 1.260154816377238e-01
1.055375704786319e-01 -1.254404302355431e-01
1.014530231596020e-01 1.214571829714644e-01

71
-2.606222773839564e-01 1.645707080314449e-01
3.566624098471607e-01 -2.338352808109758e-01
-2.700781488266270e-01 1.325384231604432e-01
2.405242095805127e-01 -1.118156518028187e-01
2.288316132679965e-01 -1.117774600350742e-01

72
-2.609397972049682e-01 2.505567931426094e-01
-5.030408862386254e-01 -8.434447167911928e-01
-1.395932181293379e+00 -6.695690990403309e-01
2.220628785737400e-01 1.932906969234847e-01
-2.066701570836382e-01 -5.939503576146160e-02

73
-1.187423554973697e-02 2.938175340112835e-03
2.652365949969738e-01 -6.738054904500551e-01
-7.153527578508300e-01 1.061441806729636e-01
1.032436742016544e-01 1.215916691693963e-01
5.420311789354609e-02 -1.681591067356910e-01

74
-1.716704957842311e-01 1.245733494487355e-01
-1.893865743834375e-01 -5.047849489987395e-01
-9.880916763169992e-01 1.142435368452492e-02
1.211835019546505e-01 1.337309636421064e-01
8.471227509096847e-02 -1.501847933570118e-01

75
2.286865378802154e-03 -1.120987520996905e-02
5.184082032592109e-01 -7.861675656980055e-01
-9.412440981290495e-01 -5.588982596456925e-02
9.499209253123167e-02 1.845044747605621e-01
-2.084303396114302e-01 1.796000327594698e-02

76
-1.833237745663296e-01 -8.523318757306410e-02
2.403338232979583e-01 -3.234653724928828e-01
-8.089444385467729e-01 2.735309198168169e-01
-7.553430954300495e-02 1.438249966557872e-01
1.091206461296628e-02 -1.325247063808181e-01

77
-5.525016675849846e-01 4.001946662173684e-01
-1.072275214354807e-01 -6.258800901176020e-01
-7.406332423946350e-01 7.765351991408973e-01
2.816057204605464e-01 1.334655477850192e+00
1.564895805655734e-01 -2.782727307549110e-01

78
2.510513336388318e-03 9.990177866322492e-04
-5.963671310842961e-02 5.049320152004751e-02
6.153618605573488e-02 -4.972986591198616e-02
7.635250145274279e-01 -1.080612166683581e-01
-2.633338978799763e-01 -5.802480032996722e-01

79
-1.251071855621113e+00 5.172295578325526e-01
1.023464500449849e-01 -1.171898956338260e+00
-1.751417630707985e+00 1.106308571400985e+00
-1.346488419514814e-01 2.909249802329947e+00
-3.231527632902331e-01 1.816259618456089e-01

80
1.119526364062343e-01 -5.413334893103715e-02
2.614994254005980e-02 1.084313963319312e-02
7.331592125008664e-02 -4.157212661196390e-02
1.553400016090447e-02 -6.247452388750142e-03
6.575438111202167e-02 -1.143873508344700e+00

81
6.484259751686826e-02 3.345443925020355e-01
4.854896092689531e-01 2.239936074764572e-01
-1.286835044431928e+00 2.038605164146759e-01
1.539474677854406e-01 3.531708940613180e-02
-2.409616437866142e-01 1.070245240307246e-02

82
3.020623838746783e-01 4.243462249723099e-01
1.548393799115461e-01 7.510036692162386e-01
-2.144027460185717e+00 5.756717906067567e-01
-5.530442397956209e-02 1.210868534618926e-01
-2.946376148765102e-01 -4.382933635446186e-02

83
3.779391082188479e-01 2.727818965027244e-01
6.641194781006213e-01 3.158976062940127e-01
-3.868150493545902e-01 2.047137751198939e-01
8.072918167524359e-01 -4.710278223349234e-01
-2.110869358028979e-01 -9.333926388238922e-02

84
-9.325297975336384e-02 -7.372083000243881e-02
5.051407428791493e-01 -5.160057769708476e-01
-6.126055948692434e-01 -1.140588610704650e-01
1.246955982135778e-01 -1.105716586921257e-01
-1.367801176898591e-01 -1.630329002741319e-02

85
-6.866480270297240e-03 -1.146387197660315e-02
9.531926202165026e-01 1.516675468503681e-01
-6.068565356379833e-01 7.490004740267736e-01
1.794840891397040e-01 -1.093959100081988e-01
-1.862151477111937e-02 2.052523509832283e-01

86
7.292974375634269e-01 8.142161572573531e-01
-1.875064391753334e+00 2.908888278478833e+00
-4.920881389894010e+00 1.645021242199245e+00
-1.609923057437108e-01 6.378157504087288e-01
-8.061208894928925e-01 -3.448475526821709e-01

87
-3.583244717382342e-01 6.635172911367760e-01
-1.927351910977316e+00 -3.968975313499246e-01
-3.156898523881746e+00 -2.805435762558948e-01
-3.821532651200114e-01 3.179232181255420e-02
5.623450348828719e-01 1.872016536311070e-01

88
1.333437065331387e+00 2.336388161740361e-01
2.330779544541937e+00 3.929013366754402e+00
-3.347658108070875e+00 5.527769916515449e+00
-1.048048287668738e+00 4.252513440818860e-01
4.352774059831223e-01 6.482760038680863e-01

89
3.724784747224965e-01 -3.446062440278391e-02
2.091555529178300e-01 -6.329860309334941e-03
-1.461326451738429e+00 5.900092016254801e-01
-1.425407035193516e-01 1.784972565228486e-02
-3.984616283488367e-02 -2.066700674264903e-01

90
-1.592271425054759e-01 2.103531365583235e+00
-2.890876023918179e-01 2.051742588246252e+00
1.814630047549950e-01 -2.896675531486645e+00
3.516045425686141e-02 -1.566542032634233e+00
4.067079769185951e-01 -2.038075998685716e+00

91
-2.102081643652476e-03 9.458750517914817e-03
9.688124612310657e-01 2.458891435500563e-01
-6.965773707497952e-01 7.167382218311994e-01
-1.222881069061587e-02 2.168989822866143e-01
-1.808534861202227e-01 -9.387021105227969e-02

92
-5.266292330537647e-02 -1.452940688898912e-01
4.938423749808146e-01 -6.789339807006398e-01
-8.008841780801378e-01 1.414340732709668e-01
6.808505914205747e-02 1.681081499156870e-01
-1.654470368067140e-01 7.930688774211317e-03

93
1.991629553190994e-01 4.836771341349450e-01
9.713710011465690e-02 2.738674255634796e-01
-2.123541931422667e+00 -1.665075268973737e-01
-7.970801021186887e-02 -1.833696350228503e-01
-2.626716424574091e-01 7.811802165649501e-02

94
-8.732427597311576e-01 1.763134485910472e+00
-9.441800237829671e-01 1.584276490566896e+00
1.184295931971475e+00 -2.455849249445205e+00
1.079516057250838e+00 -1.423082634540409e+00
5.048403676954031e-01 -1.429028751643252e+00

95
2.684803781409940e-01 -1.546578357724923e-01
1.050112300638652e+00 6.746525502757154e-01
-8.487317696294219e-01 1.304321654252379e+00
-1.801094691789191e-01 2.623098171224935e-01
-1.836703959236779e-01 -2.606997487844179e-01

96
1.300825880412024e-02 -5.083388371925603e-03
8.777105045309790e-01 1.553595956271512e-01
-5.752424591035258e-01 6.826332716598604e-01
-1.726331719377506e-01 -9.307807567175524e-02
1.809986865420109e-01 -1.159682912078187e-01

97
-3.326852076231747e-01 -7.394959049886188e-02
4.077903188828388e-01 -7.562144770560774e-01
-3.187532155585162e-01 -4.440604748256607e-02
9.375691047693558e-03 1.532012712619770e-01
8.568750007150613e-02 -1.544962189643904e-01

98
-6.416609447286931e-03 -1.830997160653502e-02
1.207171030325125e+00 4.771487419557688e-01
-1.014607082299066e+00 8.055881840433577e-01
-2.136116067286088e-01 -1.805327025308808e-01
-7.900977691290673e-02 2.981223773753590e-01

99
5.867552989988728e-01 -5.561932973113808e-02
6.165520714468907e-02 1.937365822318882e+00
-2.484050554848466e+00 1.391424729356226e+00
-5.022025371031520e-02 -5.260733278367178e-01
-4.788534498124801e-01 2.045260098834242e-01

100
-8.184709634408087e-01 -2.827558174447293e+00
-1.949608009181589e-01 -1.538358584761050e+00
6.649564507194828e-01 2.959071126149443e+00
3.660313129505163e-01 5.074007595298144e-01
-1.461868608816194e-02 9.803298397897996e-01

101
-1.003762293198400e-01 3.349382214789410e-02
-7.658116976681821e-02 1.833292878293873e-02
1.261231152386944e-02 1.707676640874744e-02
-1.014919909308776e-02 5.944085502490498e-03
2.247960306075458e-01 -9.703068234646216e-01

102
-1.632075160839143e-02 -2.387103338575984e-01
2.998094225012239e-01 -2.538983511070820e-01
-8.327580656544883e-01 7.045118196910537e-01
8.809473974470333e-02 -4.259326353265389e-02
8.203795297579944e-02 1.102173793168333e-01

103
-1.010119726790669e+00 3.170445503580401e-01
-3.624733387465990e-01 3.083859926634947e-01
-6.003324220176109e-01 -7.778438623919619e-03
-1.507218434944639e-01 5.683865099345546e-02
3.740667266923124e-01 -1.193491871445144e-01

104
2.017991924022638e-03 -6.980014112339996e-03
7.242638931413670e-01 2.242848954659227e-01
-5.561900271631612e-01 5.156768705573894e-01
1.507783714869065e-01 -6.574311663669109e-02
-1.134747079916396e-01 -8.814444428513316e-02

105
-3.931219592082683e-02 5.674106075997892e-03
-3.699809438044799e-02 -8.385134088258872e-02
8.592215881441977e-03 8.998464189919925e-02
-7.504285424981185e-03 -2.384657774303390e-02
2.876026648960967e-01 -9.243629519736553e-01

106
-9.632207740830361e-02 -1.056968166257332e-01
9.703059620358031e-01 -1.613688026918567e-02
-3.828154732464995e-01 7.296781996172140e-01
1.800848356282885e-01 -1.292475899171129e-01
5.093359110028250e-02 2.234141154262668e-01

107
3.723998217211765e-02 -1.581891002739813e-01
8.471369555825308e-01 2.664662969550819e-01
-4.034799379429884e-01 7.141495760009033e-01
1.795734152805883e-01 -3.816945092352481e-02
-1.709231754736413e-01 -9.154531210862479e-02

108
-6.326635730508356e-02 -2.943226383926381e-01
-2.411742332259043e-02 -1.694712424701566e-01
-9.096877005255798e-01 9.160057825612092e-01
2.819038972799376e-02 1.097485577255908e-01
1.580243528792811e-01 -2.203892773461443e-02

109
-6.087692062992862e-04 8.874289549799090e-04
-3.106233110246077e-03 -4.675811098470219e-02
2.649455892580998e-03 4.742491487633259e-02
2.170666307651942e-01 -4.077690954419761e-01
3.182001752163686e-01 -5.977218747840595e-01

110
6.101820651032169e-02 -6.029005613801676e-01
5.882907763656620e-01 -1.870168472756577e-01
-6.278256286044386e-01 8.697352606866086e-01
2.202768583719319e-01 2.884131461735577e-02
-3.352391219539423e-01 1.486830346701958e-01

111
-2.508103959226052e-03 -2.649180231195766e-03
1.225551868881182e-01 9.220212640794343e-03
-1.244387226198397e-01 -1.120508566858804e-02
9.784875526093270e-01 7.171397166059649e-01
-9.788958061416725e-01 -7.175715740210110e-01

112
-1.678486155008391e-01 -7.750984318180419e-01
6.165305381257078e-01 -4.938475611067953e-01
-3.262130543975851e-01 1.386207195739388e+00
-3.811509071026776e-01 3.480956166356833e-01
2.668756879469264e-01 -8.152647756360300e-02

113
-2.817400998144248e-02 -1.236552946755191e-02
-4.444449493157644e-02 -9.769449622905371e-02
2.249588088300494e-02 8.947163842384290e-02
1.886233387440790e-02 7.515937650091044e-03
2.479273955050931e-01 -9.436359308653823e-01

114
-1.843698287350244e+00 -1.873556001189536e+00
-7.265575118631084e-01 -1.067321281813375e+00
1.755800591748337e+00 2.047436399039520e+00
3.499143049779390e-01 8.057143963498785e-01
5.581849526094987e-01 2.220402459078687e-01

115
3.326498585278920e-02 6.716268724396009e-03
6.956460704643215e-02 9.282259226174706e-02
-4.502501751396580e-02 -8.635731208319883e-02
-2.192484046421032e-02 -4.022959069801396e-03
3.060753673228790e-02 -1.049022409988549e+00

116
-3.353570212875479e-01 1.442402590139482e-01
4.588218258467946e-01 -2.065816118969362e-01
-1.931498497138195e-01 1.300999485127908e-01
1.377074780172413e-01 -7.943951572587864e-02
2.396063984631078e-01 -1.356867483462628e-01

117
1.376326987284894e-02 -2.229921509166203e-01
1.096450906038059e+00 2.067810570811980e-01
-3.516161332378657e-01 1.034718690416635e+00
-2.464752254688387e-01 -6.748474405398081e-02
2.162166499150926e-01 -9.367222594403803e-02

118
-1.826172412322974e-01 -1.712882238502803e-01
3.601367405631992e-01 -3.049563818500619e-01
-8.625525958891418e-01 6.727164452477968e-01
-1.197229012963500e-01 1.384914168237157e-01
1.508084406096063e-01 7.259589257475549e-02

119
2.935613576240766e-02 -3.721449479901496e-02
5.573073235781298e-02 7.291290963102388e-02
-3.080069856378820e-02 -1.016766686881883e-01
-1.972953361726914e-02 -2.366708246918959e-02
9.799537127311918e-03 -1.041517894759017e+00

120
-5.576286791133232e-04 -5.091816463566309e-04
8.473262158336105e-03 4.782277142314274e-02
-8.895137051957954e-03 -4.820532487889780e-02
1.734870863530490e-01 -4.455092412113160e-01
2.543252530539120e-01 -6.528639631025354e-01

121
4.301161574624668e-03 5.465243354253804e-03
1.917029655083772e-01 9.836811819774800e-02
-1.884815829917595e-01 -9.426921221050710e-02
-1.092905290755342e+00 -1.776124791673639e+00
1.661450301885766e+00 -4.524108989648359e-01

122
3.940980513408176e-03 -2.312395565847136e-03
-1.606202687960891e-01 -4.791939320776278e-02
1.635839396504626e-01 4.615902201377638e-02
1.112969869095702e+00 1.223463092967047e+00
-1.112328740581238e+00 -1.223838342483984e+00

123
-2.477299984012090e-03 -9.025485714723939e-04
-6.134851944577302e-02 4.961125408709934e-02
5.948860200263811e-02 -5.028215820193895e-02
7.600345523825185e-01 -1.080036210002364e-01
-2.625611413304558e-01 -5.769597139029246e-01

124
-1.762460419092324e-02 -1.351705499599656e-02
4.584641584656321e-02 8.034326430179044e-02
-5.979449753619877e-02 -9.033611863733523e-02
7.393871678247630e-03 -1.314154906019849e-02
1.097645499724005e-02 -9.751049050578184e-01

125
-1.363742678456256e-01 5.463033073286272e-02
6.315501676834996e-01 -5.986834443484235e-02
-6.323026253196299e-01 3.045443027645944e-01
-6.754692811255919e-02 -6.894001657569290e-02
9.067347878806682e-02 -6.936981693379467e-02

126
-2.189977592738704e-01 2.180030552311254e-01
8.694676331170732e-01 -2.542854586230848e-01
-5.918110737659807e-01 7.244597202388338e-02
-7.803840154278324e-02 -1.210166465600510e-01
1.624262871645814e-01 8.100317820806394e-02

127
-1.651521019960092e-01 -5.136069101809778e-02
1.075572522782677e+00 1.085988702434688e-01
-7.002592348136238e-01 6.598353058668567e-01
-1.551632693430982e-01 -7.990721228650266e-02
3.649392666443192e-02 2.333029958755927e-01

128
-2.136930370709532e-02 -1.125090458539729e-02
4.714658227275841e-02 8.070387186994354e-02
-6.392748772131102e-02 -8.871829548185901e-02
1.443029002680447e-02 7.233878776278709e-03
-4.161051051143785e-03 -9.763301931519017e-01

129
-1.264844928339156e-01 4.433928036388546e-02
5.815795774114713e-01 5.077304520123116e-02
-6.058026854620967e-01 2.621520100609271e-01
9.757732617012466e-02 -6.858489956299475e-02
-7.202232575218033e-02 -6.836063833284302e-02

130
-8.732619266091012e-02 1.488248328105077e-01
6.124861750496327e-01 -2.621665202323029e-01
-7.599381800081220e-01 1.867501163867255e-01
7.626512348297664e-02 -7.704739629434050e-02
6.827261223555534e-02 6.726926306142000e-02

131
1.810406394815198e-02 1.803645540618748e-02
-2.208335344878753e-02 -9.624010410067262e-02
3.491972905121102e-02 1.100866139431510e-01
-1.210796488573364e-02 -1.186640150941782e-02
3.110305721219216e-01 -9.877793942176325e-01

132
-3.569350559843854e-02 -5.422694985522103e-02
5.182814382905236e-02 7.290247956384376e-02
-8.382553625015708e-02 -1.165975157152339e-01
2.633837492430529e-02 4.010402858509566e-02
-9.220532911906164e-02 -9.634354843642992e-01

133
-2.514277960289740e-01 1.862028885019562e-01
2.179587044243567e-01 -3.121319536349855e-01
-3.970467128928388e-01 2.302605448501356e-01
6.345114695749845e-01 1.774011982400267e-01
-6.683626604655256e-02 1.902070938994550e-02

134
-7.154976710852745e-02 1.445989975492843e-01
5.907871745859280e-01 -3.234480876222263e-01
-6.879496465264133e-01 2.059506262838950e-01
5.973526678187092e-02 5.005387250177960e-02
6.769760976282992e-02 -6.312387896541742e-02

135
1.500054074669767e-02 1.651605368194553e-02
-2.450067914443323e-02 -9.434260220156494e-02
3.516100108911082e-02 1.069102114819588e-01
1.215106560398363e-02 -8.682267778019337e-03
2.912723980002981e-01 -9.749417059646400e-01

136
1.524776674702962e-03 -9.272445121402481e-03
9.768458629966669e-01 2.278511938234342e-01
-6.849346028562078e-01 7.326441297158746e-01
-8.088790441916710e-03 2.200084172662884e-01
-1.832009995589548e-01 -8.694330553501048e-02

137
-1.794269595265689e-01 1.657954008721558e-01
7.047508205434859e-01 -2.113681716705037e-01
-4.833185217118613e-01 7.046360064109210e-02
1.257525369689179e-01 6.898700551333289e-02
-5.774498312601008e-02 -1.008113038717329e-01

138
-1.958557181767292e-01 1.874100039415022e-01
1.498766918470769e-01 -3.127712442367286e-01
-3.282878886122263e-01 2.384312342267420e-01
5.072357991663179e-01 1.110000074662216e-01
9.784813315013940e-02 -1.411366114093884e-01

139
-2.588582166138039e-01 1.676810952337451e-01
3.536042042128830e-01 -2.371272434318065e-01
-2.678673196445813e-01 1.399563463108037e-01
2.177164692517099e-01 -1.053730525813596e-01
2.494878787373301e-01 -1.306466030593333e-01

140
1.470178297014262e-02 1.938198890065327e-02
-2.472754722036316e-02 -9.805447603903064e-02
3.504495470794245e-02 1.126687670807023e-01
-1.171197174756382e-02 1.162517514943993e-02
3.015337054244711e-01 -9.986085688281934e-01

141
-4.327308440707609e-03 -5.642516145518379e-03
1.868562415125471e-01 9.121616708925932e-02
-1.901389868677295e-01 -9.549193276932645e-02
-1.096911404018372e+00 -1.745895216004555e+00
1.639708464057817e+00 -4.632545759660450e-01

142
-1.358832506959653e-02 -4.053656839185392e-04
4.439445181988416e-01 -6.838733156672617e-01
-8.127982951272698e-01 -4.297925898633336e-02
-1.762185116271974e-01 -5.379787129721218e-03
1.142656375859485e-01 -1.633280974751280e-01

143
-3.356312690504306e-01 -1.570336558817139e-01
6.100825900510568e-01 -7.091261883365571e-01
-3.301080574674027e-01 -1.247455468525070e-01
1.273481116437410e-01 -1.437727595680161e-01
-2.597219603086191e-02 1.647777328774255e-01

144
-1.304968530357654e-01 1.992506739792122e-01
4.932606007249912e-01 -1.105431879179843e+00
-1.160290690860523e+00 -3.086006495103356e-01
-2.383445584294116e-01 1.400723713635127e-02
2.213635308844558e-01 1.671069608444930e-01

145
-3.683818692301773e-01 2.043271643990123e-01
5.133984800074098e-01 -2.862968289233480e-01
-2.896558536588455e-01 -7.757488095151784e-02
-5.073323487912514e-02 -1.106199072781315e-01
2.835946065299514e-01 -1.656398421944922e-01

146
-4.125697162755158e-02 2.718943022067405e-01
2.805399207774387e-01 -1.117679589269852e+00
-1.082145151834849e+00 -8.425546056758928e-01
-2.333688133306031e-01 4.754363321152461e-02
1.630147740841006e-02 -2.668547952316448e-01

147
-4.145191007671902e-01 1.906648744958096e-01
1.160493108067790e+00 -2.284270568012658e-01
-2.951193333574661e-01 -8.424686021070911e-03
-8.935077337248382e-02 -2.247968395139048e-01
1.701044325390830e-01 2.256340396932433e-01

148
-3.331576271038507e-01 1.128129301831304e-01
4.563245824589334e-01 -1.649301846845846e-01
-1.894301256227765e-01 1.128264455763750e-01
2.375394912860005e-01 -1.055451042549018e-01
1.377262625201015e-01 -8.120159939762196e-02

149
-3.911560954404454e-03 7.756048978882454e-03
5.343638337031272e-01 -5.488796044360137e-01
-7.429878079545721e-01 -1.885749635252282e-01
1.146635186143885e-01 -1.231827124110187e-01
-1.449631697840919e-01 -2.378145656999762e-02

150
-3.626924877174272e-01 -1.180761067546925e-01
6.400507462526225e-01 -6.970044724202913e-02
-2.423863837227619e-01 2.768028073479468e-01
1.978830114606299e-01 -1.547494018302716e-01
-3.536501585992908e-02 1.186314730778976e-01

151
4.900279029883706e-01 8.657705044807552e-02
-6.744141248930551e-01 -5.456780202113642e-02
-2.297519844572403e+00 3.613977343950378e-01
-3.620036624901108e-01 -5.753325898975813e-02
1.186051043964292e-01 -3.425090006317122e-01

152
-4.922392726116944e-01 1.593453394651968e-01
5.147628619720417e-01 -1.335474016027998e-01
-2.719666516501701e-01 6.091394590934347e-02
8.769571878637256e-02 -7.037862608891966e-02
1.719830041913012e-01 -7.250027660692208e-04

153
-4.461791335825043e-02 4.213437602155405e-01
1.254045441631585e-02 -5.927746168126043e-01
-1.589530665929590e+00 -1.139047371309645e+00
2.716105078984163e-02 -3.123309143723161e-01
-2.993329773622049e-01 2.447162937817445e-02

154
9.307337862502605e-03 7.538239478452868e-02
-1.640931933109499e-02 -1.034382997167258e-01
1.858409671251883e-02 1.540987232193632e-01
-6.717088365318370e-03 -5.578716517919646e-02
4.121893545682693e-01 -9.252088130575090e-01

155
3.044960505866544e-03 9.395029189670350e-03
4.541322626349103e-01 -7.425165719920052e-01
-8.702449302927499e-01 -2.147257701159086e-02
9.539078303048756e-02 -1.650238087557442e-01
7.050176605882919e-02 1.504942765597230e-01

156
-1.022983006353368e-01 1.389204766285455e-01
4.825272194604113e-01 -7.502709402718277e-01
-8.533178267578782e-01 -2.777095203899567e-01
1.599446541498411e-01 1.469606808299481e-01
-1.917293526768352e-01 -4.054524857815858e-04

157
-2.884013820337666e-01 1.655317602601168e-01
8.359730225710060e-01 -2.393699176181802e-01
-2.251597639706242e-01 1.960310423070898e-02
1.382657597247293e-01 1.514337841546835e-01
-7.844797457798544e-02 -1.570794745038659e-01

158
1.696189359581062e-01 2.703650120317794e-01
-2.372121288679937e-01 -1.235272064582766e+00
-1.214589697365383e+00 -9.944218188603851e-01
2.576909090317154e-01 -7.671862957899787e-02
-1.485296353468362e-01 -2.505990533629866e-01

159
-9.446319888959273e-02 5.363676256303484e-02
2.500608973374934e-01 -6.447824343583296e-01
-6.461791493905665e-01 3.707596311882474e-02
1.271323120296937e-01 1.248940648797674e-01
6.471731276016054e-02 -1.695852964403988e-01

160
-3.695815640995765e-02 2.644625516770277e-02
-3.104114199211968e-02 -8.136820810479309e-02
6.083252374048203e-03 1.014663178412317e-01
1.233580302043990e-02 2.641476108824953e-02
2.673345145445810e-01 -9.398142564932713e-01

161
9.171495696808692e-02 -5.699743182459261e-01
-8.831357883439399e-01 1.920908631820291e+00
-1.352859167704097e+00 2.050591750622945e+00
4.815877382041757e-01 -4.186569006374164e-03
-4.066083962277606e-01 -1.988388854622773e-01

162
-2.500683874305015e-01 -2.318890996014046e-01
5.607874542535214e-01 1.104447365206565e+00
-4.591530515402470e-01 1.609323727436632e+00
1.743533293054076e-01 -2.403871463559093e-01
1.876862632285727e-01 2.375178174657776e-01

163
-2.898374140085992e-01 -1.096054976594003e-01
1.266560812742788e-01 2.969674283623759e-01
-4.530628058143505e-01 -2.068231648024755e-01
2.006434999512557e-01 -6.598130296414888e-01
-1.088185620841864e-01 -2.687278052695543e-02

164
8.320995601098705e-04 1.984846221548107e-01
9.479292677990517e-01 -6.502214825679442e-01
-1.066483851906856e+00 -2.361075583221474e-01
-2.047302887454696e-01 -1.349008203393891e-01
-1.753340251738872e-03 1.767391049935568e-01

165
-1.359814782096224e-02 4.497885945330466e-03
8.529703356539997e-01 1.587397234192522e-01
-5.659285693757626e-01 6.594274617986163e-01
-1.621719532015530e-01 -9.494260049055776e-02
1.824651459466692e-01 -1.112762657027532e-01

166
-3.353450433382522e-01 -1.394078004539670e-03
2.482212550579379e-01 2.761055739703855e-01
-5.539889072333753e-01 -3.835003951769557e-02
-4.180025382898312e-02 -6.827617431044505e-01
1.993939111886641e-01 5.514352371869775e-02

167
-2.039961917680405e-01 -6.214972027148384e-03
5.653726090765488e-01 5.451838461913587e-01
-9.142646417667061e-01 5.157282518099128e-01
-3.760463176523536e-03 -2.228628937075845e-01
-1.175975452099438e-01 1.544891916407477e-01

168
-1.477107043375488e-01 -2.179680042134560e-01
2.149045712603513e-01 2.805593769242684e-01
-5.463759279846154e-01 1.125621652395860e+00
1.108671392426106e-01 1.589730588600075e-01
1.337495050320722e-01 -1.337418420461381e-01

169
-2.419441343733766e-01 6.863207866803296e-02
3.220848352358274e-01 -3.151830613114845e-02
-3.012990130457590e-01 1.369863462759069e-01
2.731195852646451e-01 -3.315105060062137e-01
1.637983118470157e-01 -2.673187427696651e-02

170
-4.495485360447078e-01 6.576515036175491e-02
6.104556497442649e-01 -1.010905505728375e-01
-1.513357490280552e-01 2.548751745740155e-01
3.253250752298442e-01 -5.852875345624201e-02
4.897006082438141e-02 1.290668215443747e-01

171
-2.519468249187590e-01 2.985474881056810e-02
3.055925726280774e-01 6.906511510087137e-03
-3.243758745986514e-01 7.347529471659313e-02
4.120163667091643e-01 -2.843426219079256e-01
-4.454696140897919e-02 1.492577684189824e-02

172
-1.337802656678310e-01 -3.322507433539819e-02
8.865880828463242e-01 4.285274496242406e-02
-5.143038354496435e-01 5.737028058825067e-01
5.415419634374693e-02 1.868441685937893e-01
-1.378122866364593e-01 -4.534757558352740e-02

173
-3.745972437428704e-01 -2.098612940436912e-02
5.706770032070416e-01 -2.169016141847236e-01
-1.579049193276116e-01 3.139923399716534e-01
4.954032365905897e-04 1.176846979372977e-01
1.527524150741526e-01 -1.900304309154540e-01

174
-4.271225874573640e-01 1.746357008728872e-01
5.729974677183041e-01 -2.443521592730570e-01
-1.034483744072237e-01 2.750082830734743e-01
8.406449091666954e-02 1.067399287909700e-01
3.000645542298653e-01 -1.432789440965722e-01

175
-2.048120306183983e-01 -1.524540393502845e-01
2.872005790962052e-01 1.924845088684366e-01
-8.945020848837628e-01 7.603188884189064e-01
1.520118345251880e-01 1.104361772210282e-01
-1.336090667490898e-01 1.255535060228521e-01

176
-4.569304308985553e-01 -1.568505321321688e+00
-1.109229730376844e+00 5.967251562397276e+00
-1.083625487757691e+00 6.883390545941784e+00
-1.261038658482561e+00 -4.490316041939194e-02
1.247494226651793e+00 -5.707585020170677e-01

177
1.031647204224065e-02 -8.257866061068306e-03
8.764011398310646e-01 -7.599146212069706e-02
-3.735015806683155e-01 7.979122470505013e-01
5.182034770060703e-02 1.856896456296480e-01
1.214602856240913e-01 -1.597026901324075e-01

178
-1.046722944133125e-01 -7.365940740501239e-02
8.317894366420507e-01 -1.917645649062586e-01
-1.764796368833552e-01 7.065305978981160e-01
9.913331631723545e-02 1.811331336986357e-01
1.240609453136743e-01 -1.547852979741992e-01

179
-1.844244370918910e-02 -1.199934723449783e-02
4.741870452040244e-02 8.386243885690324e-02
-6.192351804467851e-02 -9.262743954857024e-02
-9.465770478228266e-03 1.145415317664694e-02
3.462896393397520e-03 -9.995761294975037e-01

180
-3.352289124744758e-01 -7.953737077744492e-01
-5.590749946226661e-01 5.021609417107521e-03
-4.043633103004744e-02 -1.018390812463361e+00
-1.613181547658049e-02 -1.569521987933916e+00
-7.048571764982278e-02 -2.486495000601934e-01

181
-1.746150225331555e-01 6.282411677826803e-02
6.514949399816365e-01 4.948806306288013e-01
-6.531112441172465e-01 6.808236104493756e-01
-7.467832575504191e-02 1.412351972081187e-01
-4.485568379799135e-02 -1.990572308147552e-01

182
-1.073969182295343e-02 8.061850294547240e-03
8.602723719223597e-01 -6.131616269735159e-02
-3.782547503918541e-01 7.766017071914388e-01
5.004416424308249e-02 1.806588445231811e-01
1.262956201507218e-01 -1.565283905177777e-01

183
-3.313072210535096e-01 5.645596381187224e-03
9.643005194879548e-01 8.120427142585545e-01
-4.503897736038733e-01 1.558891520862970e+00
-1.239520568388023e-01 2.135930785405969e-01
2.903933483924590e-01 8.697727489372031e-02

184
5.027987188158572e-03 1.841752667457387e-02
1.204802238922357e+00 5.317215162241684e-01
-1.060712587629494e+00 7.764961564837179e-01
-2.129173132892296e-01 -1.987477184770596e-01
-9.421520383503404e-02 2.954733614339000e-01

185
-4.292011129573273e-02 1.136086506794718e-02
2.807077731099287e-02 8.214087917620848e-02
-5.888506937996653e-02 -7.124360695573222e-02
-1.198109113765601e-02 -2.508444071319880e-02
7.328051301575073e-02 -9.615814356924637e-01

186
-1.647100985845956e-01 1.338491235727793e-01
3.889766738234267e-01 4.049155796952872e-01
-8.718559524617312e-01 5.397392058376295e-01
-1.081406630150402e-01 -1.684294102268755e-01
1.899015050921816e-01 -4.537990779653372e-02

187
-3.097893444724021e-01 5.007951063875180e-03
-1.138491509991659e-01 8.666780931202080e-01
-1.247130575779541e+00 5.749277735752343e-01
5.307844198103442e-02 -2.554636118694604e-01
-1.077549090686287e-01 1.245009736204257e-01

188
-2.574796790468146e-01 -4.147782145973092e-01
-2.393994434582909e-01 -1.873722573382973e-01
-1.119193661888230e-01 -3.558949138468441e-01
9.788228086502476e-02 1.537865100760276e-01
-4.620032201656677e-01 -8.561738708220042e-01

189
-2.264724638512221e-01 3.072874573973701e-02
-1.315542558372326e-01 1.327862621790105e-02
-9.527828338470151e-01 2.041725670712605e-01
8.480300068380048e-02 -1.339867851369654e-02
-2.751402814655181e-03 -1.242216666183557e-01

190
-1.647821197500492e-01 2.722691765028776e-01
-9.717461653178958e-02 1.513357544562821e-01
-1.309942602486181e+00 3.136533960979857e-01
6.033708918589516e-02 -1.039221952950426e-01
1.562629274182154e-01 6.973190171825604e-02

191
-3.262938553607475e-01 8.436822702189327e-01
1.817082619717252e+00 1.422304241087085e+00
-3.887029241755907e-01 7.961770822153023e-01
-3.305671666923837e-01 -2.973159970291832e-01
4.711581026297761e-01 5.925002352322339e-02

192
-3.174190047814095e-01 -1.039787806615361e-01
2.320854944715897e-01 9.890673867758505e-01
-9.316621964455866e-01 1.296875125756463e+00
2.193961507959384e-01 1.681283415181478e-01
-1.643470173052325e-01 1.495260896627701e-01

193
-6.275092728344089e-02 1.147642002775781e-01
6.537618983504263e-01 3.915773572905633e-01
-5.384861970864299e-01 4.841192430719748e-01
1.811574624967881e-01 -3.180635876246218e-02
-9.986788353028747e-02 -1.533010717491855e-01

194
-4.087397495324979e-02 2.459687212657236e-01
2.690421035160902e-01 2.911371541049165e-01
-9.892244491695923e-01 6.010996649548458e-01
7.985496052248386e-02 6.857685441842450e-02
1.121849333507613e-01 -1.216623396867404e-01

195
1.151045059418199e-01 -3.843173624666554e-02
3.201328459619145e-02 -2.478558050771794e-02
6.681303450776933e-02 7.715152360531833e-03
-4.254104159175749e-02 1.449807475934176e-02
1.461501602705530e-01 -1.160662683483116e+00

196
-3.805806782384716e-01 -8.550302234027398e-01
-8.378677512703361e-01 -3.479290557761834e-01
2.539127338058524e-01 -9.135196667484610e-01
-1.173231793933243e-01 -1.944651691181088e-01
-4.725522567957929e-01 -1.259287586126179e+00

197
-2.996093926716789e-01 2.889291212858449e-02
-2.813919581275082e-01 4.452260512958260e-01
-1.087333967410962e+00 5.431971946612525e-01
-4.515566848466582e-02 1.044192132527715e-01
3.579216495784494e-02 -2.151693228773579e-01

198
-2.292371707816501e-03 6.847435272515890e-03
7.171606258314945e-01 2.329959718465777e-01
-5.602219691532060e-01 5.051951628237463e-01
1.523414148362002e-01 -6.545004854177437e-02
-1.110892362901055e-01 -9.201468950798204e-02

199
-2.922437749990200e-01 -3.496461127514591e-01
-8.405773601053973e-01 -7.743843359850017e-02
-1.927623411881597e+00 6.599305559527135e-01
-1.754867022795331e-01 3.026021333833788e-02
1.759734470037100e-02 2.834435585144874e-01

200
4.261952330150903e-02 -2.574977010975069e-02
-3.389949404194558e-03 -1.001435699237815e-01
3.867848905556077e-02 8.145169880624549e-02
-1.036166607809915e-02 -2.982033560677437e-02
2.563759485221949e-01 -9.962630188900209e-01

201
-2.913843688007040e-03 1.075490834588658e-02
5.323344285596591e-01 -7.703335363506251e-01
-9.344600533000811e-01 -7.596082427459501e-02
9.161391655078252e-02 1.807300635148740e-01
-2.055982775896470e-01 1.043850589754088e-02

202
1.560317179123122e-02 1.615241570647494e-01
7.480766339039067e-01 -5.363332443766288e-01
-8.502750510304352e-01 -1.202856526284842e-01
3.959909322777217e-03 1.244984347695966e-01
-1.581430875899081e-01 -9.093272972402121e-02

203
-4.592293244735378e-01 1.508249936731837e-01
4.779946833939432e-01 -1.248961579704067e-01
-2.435815929254514e-01 5.299925671018296e-02
1.590718612355984e-01 7.151649017921756e-03
8.316674596573119e-02 -7.451252453290473e-02

204
4.895737726186777e-02 -6.045691246534180e-03
-1.830887168922481e-02 -9.381035081522725e-02
5.662785721074341e-02 9.196293964140397e-02
9.110370009777711e-03 3.023072457797593e-02
2.405988776562152e-01 -1.045632276611457e+00

205
-2.873988624795474e+00 3.838565510861433e+00
-1.633676153125101e+00 2.310233086897281e+00
3.895301968396574e+00 -5.297002116670579e+00
8.855150610581352e-01 -2.103915217929992e+00
2.177163411073556e+00 -2.780358893521493e+00

206
2.135518202759157e-01 2.513681899838287e-01
4.874527398875152e-01 -2.779790403844734e-01
-1.373497697734172e+00 9.027007151633971e-02
-2.079798071882034e-01 1.177470592461182e-01
-3.951477384712042e-02 -2.034328581325474e-01

207
7.969736044159316e-02 3.474726045288277e-01
6.425026600755686e-01 -1.284793093635946e-01
-1.347001721266951e+00 3.463409889031004e-01
-2.500167166996355e-01 4.089432873320253e-02
1.896669089207926e-01 2.289713264450388e-02

208
3.343785362361032e-03 1.427729701871771e-02
6.881633168866323e-01 -1.031622093204400e+00
-1.238169066253697e+00 -7.877651577919217e-02
-2.702933185662341e-01 -1.480196136558611e-02
9.572707231153144e-02 2.545199455417831e-01

209
-2.279422443726065e+00 1.049571722762061e+00
-1.281584610889225e+00 6.719909655250291e-01
3.112536590621048e+00 -1.472349856107521e+00
1.689823056924115e+00 -6.306311803646026e-01
9.656895786517761e-01 -9.142007360816966e-01

210
-2.518836896105917e-01 3.758046985836210e-01
9.061551489672203e-01 -3.037681108646497e-01
-6.005366375401854e-01 -8.763522418807687e-02
-1.361938683539986e-01 -1.270924528394286e-01
2.551095155890853e-01 4.631975905304933e-02

211
1.254769816729772e-01 7.937627313035910e-02
6.374159459810635e-01 -7.646757514839041e-01
-8.678014900569030e-01 -1.299815408391284e-01
-2.336411556268663e-01 -5.740924855494071e-02
1.371266850909904e-01 -1.835853653401311e-01

212
-8.294968637773932e-01 7.413616985738615e-02
-2.929104971629478e-01 2.217121623131601e-01
-5.026081871808773e-01 -1.347695212863470e-01
3.072160964697302e-01 -3.086748327722000e-02
-1.258329233530509e-01 2.510301616044005e-02

213
-7.404920010056920e-02 2.976602276102299e-01
3.985189908289439e-01 -7.942249150654239e-01
-1.063913187789640e+00 -1.047435860757358e+00
6.816179362356872e-02 -2.697542776099069e-01
-2.578735331843427e-01 2.334863615721455e-04

214
-2.352511009105659e-01 2.786117006988847e-01
7.008362439411839e-01 -1.899954185498148e-01
-4.331376223358113e-01 -1.127157831863141e-01
2.056238305174408e-01 5.466382921877205e-02
-9.609889085702200e-02 -1.083952479360971e-01

215
3.818034307238449e-01 2.140615978278904e-01
-6.051773334775061e-01 -8.939369339765078e-01
-2.069636971070878e+00 -4.157411863481134e-01
-3.063679254161503e-01 -2.034992219812080e-01
2.402389875140925e-01 -2.379157064184887e-01

216
9.559500743527632e-03 -9.339887909333238e-04
-1.414984884794915e-01 -2.355890905759531e-01
1.487131199342027e-01 2.349334202234391e-01
-2.204851857351798e-03 -2.709345655722266e+00
2.147704737732264e+00 6.299218706941179e-01

217
-3.576157970042928e-02 3.402931214913569e-02
2.773119872097617e-02 9.611206636431383e-02
-5.133426883557680e-02 -7.040429967748317e-02
1.695489261128265e-02 2.602047731642316e-02
4.174108454823687e-02 -9.934426224432350e-01

218
9.441689545781898e-02 9.171463458819948e-02
6.950845597240135e-01 -5.372778726620092e-01
-7.058394847859558e-01 -2.569607142169383e-01
1.393723010819381e-01 -1.279889671897379e-01
-1.797626315004256e-01 -8.393117406522915e-02

219
2.871127573200080e-01 2.352833581129079e-02
2.717542790316153e-01 -2.634583545071452e-01
-1.265558274673358e+00 1.769317420845137e-01
4.068286770129943e-02 -9.689467691355449e-02
-1.205325950609942e-01 -1.074210603356068e-01

220
1.077665001037725e+00 1.252496424022336e+00
1.118506847543383e+00 3.771209276556668e-02
-1.463132779919352e+00 -1.702058329715423e+00
3.143682504328212e-01 -3.443726988479713e-01
-7.778002815297502e-01 -8.887892496627002e-01

221
-8.964634494227752e-02 3.390617322029764e-02
1.205170435376429e-02 1.485275219347980e-02
-6.867058919778034e-02 1.948182389706359e-02
-9.180273388429505e-03 6.150496128886376e-03
1.689802216034269e-01 -8.855399932933563e-01

222
1.077378098179451e-01 -3.719091792165061e-01
-1.785703865927331e-01 -5.086013268341610e-01
-1.325172207860077e+00 7.789053591369031e-01
-9.016497895751049e-02 -8.505532609119368e-02
2.321431524379808e-01 1.367514649863584e-01

223
1.159912931621250e-02 -3.059870164298260e-03
2.673204306545280e-01 -6.931674314741868e-01
-7.332504617190799e-01 1.140008215457490e-01
1.016336007656968e-01 1.253478570305999e-01
5.180986925831942e-02 -1.708725467745725e-01

224
9.548498117228732e-02 -9.984657578973109e-02
1.458527780042040e-01 -8.154591939286543e-01
-7.975648669204949e-01 1.701651252331679e-01
1.442623526719464e-01 1.561589109639796e-01
1.854185147286054e-02 -1.845973696424743e-01

225
-8.257541742065137e-02 1.453558179902603e-01
7.784567395817358e-01 4.279389670960116e-01
-6.631670359145767e-01 6.486325231435512e-01
-1.479395724486728e-01 -1.788606245040040e-01
2.243223072680920e-01 -6.756723392581013e-02

226
-9.280391149372864e-03 5.243001705931637e-04
-1.439458597444938e-01 -2.315211460877064e-01
1.369566043678060e-01 2.319632055868532e-01
1.405126381345408e-02 -2.655595800154527e+00
2.101566874344407e+00 6.283902013356141e-01

227
1.322924758138482e+00 2.416757444313736e-02
6.098212085182341e-01 -1.164428407204822e+00
-2.235266411157907e+00 9.549086153926883e-01
-4.343588886690055e-01 7.646522457349206e-01
-4.431988250772724e-03 -5.325234495879572e-01

228
1.705046553758315e-01 -2.363348571371197e-01
-3.605722278591970e-01 -6.473983382309518e-01
-1.210266896500223e+00 4.030283520248762e-01
1.834390941657664e-01 1.723749167192999e-01
-5.008120259298750e-02 -1.656689734657928e-01

229
5.301263438317779e-04 5.248600129596744e-04
8.889160230288467e-03 4.828279949037353e-02
-8.491155159083913e-03 -4.788606281668004e-02
1.740597485717998e-01 -4.458728476786220e-01
2.550328889743711e-01 -6.535219586619946e-01

230
2.011596088287653e-02 -4.386137438306230e-01
-1.081439204767223e+00 -4.087801602141278e-01
-1.879269671382329e+00 7.093825381859018e-01
3.532514221544599e-01 5.933035484738007e-02
-1.583362971083655e-01 2.950585508056258e-01

231
-3.914142340500168e-03 2.106083714135357e-03
-1.625006816243607e-01 -4.695195879361516e-02
1.595447850231810e-01 4.852247507228670e-02
1.098460879356838e+00 1.224793110038042e+00
-1.099096854217419e+00 -1.224449370740183e+00

232
4.417907471789404e+00 4.831229993890540e-01
2.242685097981668e+00 -2.278684727563417e+00
-6.156240908537391e+00 -6.497820275654528e-01
-3.274583919705022e+00 -4.664080472200630e-01
1.439354117943640e-01 -1.341676914379404e+00

233
-8.096870054541778e-02 3.416793585392407e-02
-2.768868083483926e-03 2.624490162905619e-02
-4.861089760689716e-02 6.323827009067772e-03
2.965977727076755e-02 -1.284145875319711e-02
1.544584614779549e-01 -8.863457533944576e-01

234
-2.716662126117259e-01 -2.451669336444790e-01
-3.393851971016099e-02 9.643726507966914e-01
-4.686239268393761e-01 1.674594519319940e+00
1.684212128672616e-01 2.388503703860255e-01
1.899373863057470e-01 -2.303919202139015e-01

235
6.426913810658986e-03 1.169476993141782e-02
9.622756054217038e-01 1.765301879999223e-01
-6.329193578338254e-01 7.445532416980387e-01
1.834939739331520e-01 -1.113130956023395e-01
-2.607564610774442e-02 2.051557970860638e-01

236
-3.063590603072447e-04 -3.776841147406125e-01
1.607130366903896e-01 -4.252850858465975e-01
-2.359213966705659e-01 -8.611371163184389e-02
2.732232258383436e-01 -6.256717411580448e-01
1.641561615626356e-02 -8.433927099020186e-02

237
1.601677283023173e-01 -1.015799541614893e-01
3.605205591087427e-01 -1.066384514519468e+00
-1.060577590687064e+00 2.998912916675103e-03
5.252430962064220e-02 -2.207032419551779e-01
1.390960352897229e-01 2.208056419182451e-01

238
-2.612183481173184e-01 4.990275242735628e-01
1.027159025088378e+00 1.005541021286640e+00
-2.953699506392978e-01 4.608335453117960e-01
2.873065592081457e-01 6.973425937012470e-02
-1.836697986784530e-01 -2.070756352302324e-01

239
5.967562186548233e-04 -8.930194872048376e-04
-2.748467690421734e-03 -4.741618572509838e-02
3.200243038177697e-03 4.674097963423417e-02
2.164892251127123e-01 -4.085870938680355e-01
3.172080098566171e-01 -5.987052887261541e-01

