40

1
4.483897801460207e-01 -5.503571413508819e-01
4.483897801460203e-01 5.503571413508818e-01
1.245909350170926e-01 2.961733672205016e-18
-3.663176524724149e-01 -7.676328459644544e-18

3
7.085545492343038e-01 -4.568279051466720e-01
7.085545492343034e-01 4.568279051466715e-01
1.424935597273968e-01 -2.883198680165951e-17
2.730011595214675e+00 4.703065726285799e-15

15
6.636413787467705e-01 7.736111751409308e-02
6.636413787467705e-01 -7.736111751409290e-02
-3.876020288297918e-01 -8.795649828938629e-17
3.557621054240893e+00 5.507557195830451e-17

22
6.636413787467996e-01 -7.736111751454257e-02
6.636413787467732e-01 7.736111751454393e-02
3.557621054240524e+00 -1.269121721013977e-14
-3.876020288297658e-01 8.793742771471752e-15

24
6.807736931065972e-01 -5.322843652662981e-01
-1.475150730203642e+00 2.056816326350397e-01
1.850060076490356e-01 -9.633306626277599e-02
-6.117946169306093e-01 3.387608702267177e-01

28
4.483897801460204e-01 -5.503571413508813e-01
4.483897801460207e-01 5.503571413508815e-01
-3.663176524724149e-01 3.579644035837990e-18
1.245909350170926e-01 1.484060142346381e-17

29
6.807736931065963e-01 -5.322843652662983e-01
-1.475150730203642e+00 2.056816326350399e-01
-6.117946169306088e-01 3.387608702267174e-01
1.850060076490354e-01 -9.633306626277600e-02

42
6.381365769651514e-01 -4.883837943367148e-01
-1.404291372673697e+00 -4.614051512915011e-02
1.808298823234590e-01 -8.656091811008991e-02
-7.405836859550539e-01 -7.811801198889989e-02

51
9.140440703143887e-01 1.546814277293157e-15
-1.403730912352732e+00 -1.768891081152860e-16
-8.258342338237912e-01 1.737585763280958e-01
-8.258342338237926e-01 -1.737585763280977e-01

52
6.381365769651514e-01 -4.883837943367156e-01
-1.404291372673697e+00 -4.614051512915007e-02
-7.405836859550540e-01 -7.811801198889981e-02
1.808298823234590e-01 -8.656091811009017e-02

54
9.140440703143877e-01 1.584491855592243e-15
-1.403730912352732e+00 -1.083106151793704e-16
-8.258342338237911e-01 -1.737585763280984e-01
-8.258342338237911e-01 1.737585763280971e-01

60
6.636413787467216e-01 7.736111751392001e-02
6.636413787468070e-01 -7.736111751391662e-02
3.557621054241036e+00 -3.530750671744043e-14
-3.876020288297999e-01 2.126391946039327e-16

62
7.085545492343081e-01 4.568279051466996e-01
7.085545492343091e-01 -4.568279051466995e-01
2.730011595214600e+00 -1.242417563432761e-15
1.424935597273926e-01 1.738623541804029e-15

64
4.483897801460206e-01 5.503571413508819e-01
4.483897801460203e-01 -5.503571413508818e-01
-3.663176524724149e-01 6.167380833481445e-17
1.245909350170926e-01 9.035823886945535e-18

67
9.490348757950938e-02 9.120380600903961e-01
9.490348757950914e-02 -9.120380600903962e-01
-4.219765741629413e-02 -2.432715893259109e-16
-2.225629296233977e-01 2.378358098585327e-16

69
-1.403730912352732e+00 -1.920981699818435e-16
9.140440703143888e-01 -4.257680419395830e-17
-8.258342338237912e-01 -1.737585763280963e-01
-8.258342338237920e-01 1.737585763280968e-01

80
7.085545492343031e-01 4.568279051466717e-01
7.085545492343041e-01 -4.568279051466719e-01
1.424935597273968e-01 1.002015741685707e-16
2.730011595214672e+00 5.725112397480800e-15

90
4.522650893004213e-01 -7.562795046198455e-16
-1.402056211219270e+00 2.693338888891173e-17
-6.791458559002785e-01 1.451655410139213e-01
-6.791458559002809e-01 -1.451655410139208e-01

106
6.381365769651517e-01 4.883837943367151e-01
-1.404291372673698e+00 4.614051512915004e-02
1.808298823234590e-01 8.656091811008998e-02
-7.405836859550542e-01 7.811801198889996e-02

110
6.381365769651516e-01 4.883837943367152e-01
-1.404291372673696e+00 4.614051512914985e-02
-7.405836859550540e-01 7.811801198889977e-02
1.808298823234590e-01 8.656091811009008e-02

120
4.483897801460205e-01 5.503571413508815e-01
4.483897801460205e-01 -5.503571413508818e-01
1.245909350170927e-01 -9.457135226038643e-18
-3.663176524724149e-01 1.687800185682147e-17

122
-1.475150730203642e+00 -2.056816326350395e-01
6.807736931065971e-01 5.322843652662982e-01
1.850060076490355e-01 9.633306626277595e-02
-6.117946169306092e-01 -3.387608702267178e-01

125
-1.404291372673697e+00 4.614051512915007e-02
6.381365769651512e-01 4.883837943367146e-01
1.808298823234589e-01 8.656091811008984e-02
-7.405836859550537e-01 7.811801198889988e-02

140
-1.404291372673697e+00 -4.614051512914984e-02
6.381365769651514e-01 -4.883837943367149e-01
1.808298823234590e-01 -8.656091811008991e-02
-7.405836859550540e-01 -7.811801198889985e-02

141
9.490348757950905e-02 -9.120380600903961e-01
9.490348757950928e-02 9.120380600903960e-01
-4.219765741629443e-02 -3.588221523575205e-16
-2.225629296233974e-01 3.581164898923351e-16

142
6.807736931065970e-01 5.322843652662980e-01
-1.475150730203641e+00 -2.056816326350393e-01
1.850060076490355e-01 9.633306626277591e-02
-6.117946169306090e-01 -3.387608702267175e-01

150
-1.402056211219270e+00 -2.491118829079842e-16
4.522650893004198e-01 1.169456823405594e-16
-6.791458559002792e-01 -1.451655410139205e-01
-6.791458559002794e-01 1.451655410139202e-01

153
-1.404291372673696e+00 -4.614051512914979e-02
6.381365769651510e-01 -4.883837943367144e-01
-7.405836859550536e-01 -7.811801198889994e-02
1.808298823234589e-01 -8.656091811008980e-02

154
4.522650893004198e-01 -9.903471576545323e-16
-1.402056211219270e+00 3.418182698628017e-16
-6.791458559002801e-01 -1.451655410139211e-01
-6.791458559002786e-01 1.451655410139220e-01

155
-1.475150730203641e+00 -2.056816326350392e-01
6.807736931065975e-01 5.322843652662979e-01
-6.117946169306092e-01 -3.387608702267176e-01
1.850060076490355e-01 9.633306626277588e-02

156
6.807736931065972e-01 5.322843652662986e-01
-1.475150730203642e+00 -2.056816326350398e-01
-6.117946169306093e-01 -3.387608702267179e-01
1.850060076490355e-01 9.633306626277603e-02

165
-1.475150730203642e+00 2.056816326350394e-01
6.807736931065972e-01 -5.322843652662981e-01
1.850060076490354e-01 -9.633306626277592e-02
-6.117946169306091e-01 3.387608702267177e-01

168
-1.475150730203641e+00 2.056816326350391e-01
6.807736931065971e-01 -5.322843652662979e-01
-6.117946169306093e-01 3.387608702267175e-01
1.850060076490355e-01 -9.633306626277582e-02

169
6.636413787467703e-01 -7.736111751409333e-02
6.636413787467711e-01 7.736111751409318e-02
-3.876020288297918e-01 3.533330061829018e-17
3.557621054240891e+00 -1.307658812306361e-15

170
-1.403730912352732e+00 2.436351633038523e-16
9.140440703143876e-01 -1.844063448202901e-16
-8.258342338237915e-01 1.737585763280966e-01
-8.258342338237917e-01 -1.737585763280962e-01

177
9.490348757950928e-02 9.120380600903956e-01
9.490348757950932e-02 -9.120380600903956e-01
-2.225629296233977e-01 4.314657375643706e-16
-4.219765741629410e-02 -3.772699462051680e-16

180
7.085545492343032e-01 -4.568279051466926e-01
7.085545492343114e-01 4.568279051466909e-01
2.730011595214621e+00 1.057110842693632e-14
1.424935597273993e-01 4.563896100599209e-15

212
-1.404291372673696e+00 4.614051512914987e-02
6.381365769651514e-01 4.883837943367145e-01
-7.405836859550537e-01 7.811801198889977e-02
1.808298823234588e-01 8.656091811008976e-02

214
-1.402056211219270e+00 -1.012485433090182e-16
4.522650893004206e-01 5.184470517537739e-16
-6.791458559002798e-01 1.451655410139204e-01
-6.791458559002793e-01 -1.451655410139207e-01

217
9.490348757950963e-02 -9.120380600903961e-01
9.490348757950910e-02 9.120380600903961e-01
-2.225629296233975e-01 3.430349304491709e-16
-4.219765741629430e-02 -3.957354356668503e-16

