240

1.521920775615812e+00 3.719896791917968e-01;
1.521920775615812e+00 3.719896791917968e-01;
1.521920775615812e+00 3.719896791917968e-01;
1.521920775615812e+00 3.719896791917968e-01;
1.521920775615812e+00 3.719896791917968e-01;

-1.098052791352901e+00 7.573634613868725e-01;
-1.098052791352901e+00 7.573634613868725e-01;
-1.098052791352901e+00 7.573634613868725e-01;
-1.098052791352901e+00 7.573634613868725e-01;
-7.573634613868726e-01 -1.098052791352901e+00;

-1.189989370061769e-01 5.768502417913906e-01;
-1.189989370061769e-01 5.768502417913906e-01;
-1.189989370061769e-01 5.768502417913906e-01;
-1.189989370061769e-01 5.768502417913906e-01;
1.189989370061769e-01 -5.768502417913906e-01;

3.277681456584320e-01 5.090659460988327e-01;
3.277681456584320e-01 5.090659460988327e-01;
3.277681456584320e-01 5.090659460988327e-01;
3.277681456584320e-01 5.090659460988327e-01;
5.090659460988326e-01 -3.277681456584322e-01;

-2.175211430063689e+00 -1.101871863829580e+00;
-2.175211430063689e+00 -1.101871863829580e+00;
-2.175211430063689e+00 -1.101871863829580e+00;
3.757651179690953e-01 -2.409246136428710e+00;
-2.175211430063689e+00 -1.101871863829580e+00;

-6.219262544951143e-01 3.444378437142135e-02;
-6.219262544951143e-01 3.444378437142135e-02;
-6.219262544951143e-01 3.444378437142135e-02;
-2.249437674592543e-01 -5.808433022712611e-01;
-3.444378437142138e-02 -6.219262544951143e-01;

-3.770956353256670e-01 3.762529502379015e-01;
-3.770956353256670e-01 3.762529502379015e-01;
-3.770956353256670e-01 3.762529502379015e-01;
-4.743667799192813e-01 -2.423707054357135e-01;
3.770956353256670e-01 -3.762529502379016e-01;

-8.230355110971729e-02 9.435546176041085e-01;
-8.230355110971729e-02 9.435546176041085e-01;
-8.230355110971729e-02 9.435546176041085e-01;
-9.228069635430789e-01 2.132990833634967e-01;
9.435546176041085e-01 8.230355110971713e-02;

-7.067597893777712e-01 4.623353338821155e-01;
-7.067597893777712e-01 4.623353338821155e-01;
-7.067597893777712e-01 4.623353338821155e-01;
3.000267896778512e-01 -7.894601233202353e-01;
-7.067597893777712e-01 4.623353338821155e-01;

-3.831691920580486e-01 1.586141699815479e-01;
-3.831691920580486e-01 1.586141699815479e-01;
-3.831691920580486e-01 1.586141699815479e-01;
2.167593181761140e-01 -3.535427592882922e-01;
-1.586141699815480e-01 -3.831691920580486e-01;

-2.303882693172495e-01 2.546209437632308e-01;
-2.303882693172495e-01 2.546209437632308e-01;
-2.303882693172495e-01 2.546209437632308e-01;
3.672558951346886e-02 -3.414114976341073e-01;
2.303882693172495e-01 -2.546209437632309e-01;

-1.761876268608339e-01 4.634241493876166e-01;
-1.761876268608339e-01 4.634241493876166e-01;
-1.761876268608339e-01 4.634241493876166e-01;
-1.298550962372185e-01 -4.784785011635436e-01;
4.634241493876167e-01 1.761876268608338e-01;

-1.627882137801739e-01 6.241122719598369e-01;
-1.627882137801739e-01 6.241122719598369e-01;
-1.627882137801739e-01 6.241122719598369e-01;
4.985424206648439e-01 -4.092329231064465e-01;
-1.627882137801739e-01 6.241122719598369e-01;

-2.807654694591841e-01 3.059149285428615e-01;
-2.807654694591841e-01 3.059149285428615e-01;
-2.807654694591841e-01 3.059149285428615e-01;
4.069563196797399e-01 -8.246057372309150e-02;
-3.059149285428615e-01 -2.807654694591841e-01;

-1.242162996691348e-01 2.762014424006018e-01;
-1.242162996691348e-01 2.762014424006018e-01;
-1.242162996691348e-01 2.762014424006018e-01;
2.628402319156839e-01 -1.504391517331002e-01;
1.242162996691348e-01 -2.762014424006018e-01;

-1.561262869264830e-02 3.646477608375495e-01;
-1.561262869264830e-02 3.646477608375495e-01;
-1.561262869264830e-02 3.646477608375495e-01;
2.269654580410028e-01 -2.858293625832920e-01;
3.646477608375495e-01 1.561262869264824e-02;

3.377724116991377e-01 6.669826907540080e-01;
3.377724116991377e-01 6.669826907540080e-01;
3.377724116991377e-01 6.669826907540080e-01;
7.387156497437194e-01 -1.151316667742759e-01;
3.377724116991377e-01 6.669826907540080e-01;

-2.478209362077907e-01 5.746120933492751e-01;
-2.478209362077907e-01 5.746120933492751e-01;
-2.478209362077907e-01 5.746120933492751e-01;
4.699076948717102e-01 4.132566182730745e-01;
-5.746120933492751e-01 -2.478209362077907e-01;

-4.819923444783835e-02 3.633593505108054e-01;
-4.819923444783835e-02 3.633593505108054e-01;
-4.819923444783835e-02 3.633593505108054e-01;
3.306808954998318e-01 1.581244103749365e-01;
4.819923444783831e-02 -3.633593505108054e-01;

1.315263153101512e-01 3.639176662379872e-01;
1.315263153101512e-01 3.639176662379872e-01;
1.315263153101512e-01 3.639176662379872e-01;
3.867501345089170e-01 -1.263221581920231e-02;
3.639176662379872e-01 -1.315263153101512e-01;

3.335250804643292e-01 -6.010990688670920e-01;
3.335250804643292e-01 -6.010990688670920e-01;
3.538045235979089e-01 5.893907269149039e-01;
3.335250804643292e-01 -6.010990688670920e-01;
3.335250804643292e-01 -6.010990688670920e-01;

-4.157208709593517e-01 -7.807373498199282e-01;
-4.157208709593517e-01 -7.807373498199282e-01;
8.839988141070717e-01 3.034383977577276e-02;
-4.157208709593517e-01 -7.807373498199282e-01;
7.807373498199282e-01 -4.157208709593518e-01;

-2.084491164619398e+00 1.938469119665606e+00;
-2.084491164619398e+00 1.938469119665606e+00;
-6.365179197723732e-01 -2.774456862357412e+00;
-2.084491164619398e+00 1.938469119665606e+00;
2.084491164619398e+00 -1.938469119665606e+00;

1.019236491143776e+00 -3.626571180662796e-02;
1.019236491143776e+00 -3.626571180662796e-02;
-4.782112178610227e-01 9.008175496979369e-01;
1.019236491143776e+00 -3.626571180662796e-02;
-3.626571180662815e-02 -1.019236491143776e+00;

-1.050216931077668e-01 -6.032679029853454e-01;
-1.050216931077668e-01 -6.032679029853454e-01;
5.749561758269587e-01 2.106824973128934e-01;
5.412883822575950e-01 -2.863015997659002e-01;
-1.050216931077668e-01 -6.032679029853454e-01;

-3.715406455922060e-01 -3.268617109496265e-01;
-3.715406455922060e-01 -3.268617109496265e-01;
4.688408680029256e-01 -1.583327821465081e-01;
1.960515865369941e-01 -4.543619755528821e-01;
3.268617109496265e-01 -3.715406455922060e-01;

-7.994906667433852e-01 -6.279171449085395e-02;
-7.994906667433852e-01 -6.279171449085395e-02;
4.541245532679514e-01 -6.609833702429033e-01;
-1.873377336319922e-01 -7.797645152070670e-01;
7.994906667433852e-01 6.279171449085386e-02;

-4.330225960580446e-02 -2.689384645405649e+00;
-4.330225960580446e-02 -2.689384645405649e+00;
2.350726553271999e+00 1.307191465842929e+00;
2.544375657724144e+00 -8.722484560097925e-01;
-2.689384645405649e+00 4.330225960580495e-02;

-6.372190278545461e-01 -5.458643125225260e-01;
-6.372190278545461e-01 -5.458643125225260e-01;
7.913418755911085e-01 -2.789157096355979e-01;
8.363720153269212e-01 6.706555840047201e-02;
-6.372190278545461e-01 -5.458643125225260e-01;

-4.425661202162411e-01 -1.035537193300510e-01;
-4.425661202162411e-01 -1.035537193300510e-01;
3.109632117043082e-01 -3.314966432965572e-01;
4.189108614317630e-01 -1.763571198586596e-01;
1.035537193300509e-01 -4.425661202162411e-01;

-4.633847275554700e-01 1.825314489658982e-01;
-4.633847275554700e-01 1.825314489658982e-01;
7.361549198368421e-02 -4.925686702717171e-01;
2.675968257444490e-01 -4.200417532159660e-01;
4.633847275554700e-01 -1.825314489658983e-01;

-1.032037557629364e+00 7.552533687076172e-01;
-1.032037557629364e+00 7.552533687076172e-01;
-1.380498247798900e-01 -1.271397426920484e+00;
3.910091310848224e-01 -1.217629266529874e+00;
7.552533687076174e-01 1.032037557629364e+00;

-3.079072679252894e+00 7.725029339860163e-01;
-3.079072679252894e+00 7.725029339860163e-01;
8.705291742965430e-01 -3.052806627324629e+00;
2.945087956380839e+00 1.184865509802328e+00;
-3.079072679252894e+00 7.725029339860163e-01;

-6.163575654466272e-01 1.401402897885027e-01;
-6.163575654466272e-01 1.401402897885027e-01;
1.868137316727571e-01 -6.038514543857603e-01;
5.810161406475657e-01 2.489100110728916e-01;
-1.401402897885028e-01 -6.163575654466272e-01;

-3.071086108716856e-01 3.844116239479511e-01;
-3.071086108716856e-01 3.844116239479511e-01;
-1.793559264131134e-01 -4.581696707098051e-01;
4.744075686804821e-01 -1.304816242867594e-01;
3.071086108716856e-01 -3.844116239479512e-01;

-1.820427233849900e-02 7.607156050882111e-01;
-1.820427233849900e-02 7.607156050882111e-01;
-6.496969028923921e-01 -3.961231648466559e-01;
4.618649795516709e-01 -6.047316495932985e-01;
7.607156050882111e-01 1.820427233849886e-02;

1.303938037923155e+00 -4.351609408970506e-01;
1.303938037923155e+00 -4.351609408970506e-01;
-2.751085894099929e-01 1.346823936250815e+00;
-1.092363514709082e-02 -1.374590893837315e+00;
1.303938037923155e+00 -4.351609408970506e-01;

-1.816207566482543e+00 1.454414861506864e-01;
-1.816207566482543e+00 1.454414861506864e-01;
7.821477614706142e-01 -1.645602634194741e+00;
-4.229159302122109e-01 1.772259931955497e+00;
-1.454414861506866e-01 -1.816207566482543e+00;

-1.591430954499942e-01 7.467528961693605e-01;
-1.591430954499942e-01 7.467528961693605e-01;
-5.671354307072723e-01 -5.111984115812668e-01;
6.610262869326660e-01 3.821134134661414e-01;
1.591430954499941e-01 -7.467528961693605e-01;

4.961311917157790e-01 5.181026809287889e-01;
4.961311917157790e-01 5.181026809287889e-01;
-6.967556793110440e-01 1.706108751713180e-01;
6.460579004869842e-01 -3.117462695803552e-01;
5.181026809287888e-01 -4.961311917157791e-01;

-7.835018924201346e-01 -8.722707867105517e-01;
-7.835018924201346e-01 -8.722707867105517e-01;
-3.636577140603076e-01 1.114667936104295e+00;
-7.835018924201346e-01 -8.722707867105517e-01;
-7.835018924201346e-01 -8.722707867105517e-01;

-5.322116189039425e-01 -1.061439396349135e-01;
-5.322116189039425e-01 -1.061439396349135e-01;
1.741824612703745e-01 5.139807519775133e-01;
-5.322116189039425e-01 -1.061439396349135e-01;
1.061439396349134e-01 -5.322116189039425e-01;

-4.915453347907173e-01 2.811257363304415e-01;
-4.915453347907173e-01 2.811257363304415e-01;
4.892346967151270e-01 2.851278788752670e-01;
-4.915453347907173e-01 2.811257363304415e-01;
4.915453347907172e-01 -2.811257363304415e-01;

-6.563925103453082e-01 1.337148876889643e+00;
-6.563925103453082e-01 1.337148876889643e+00;
1.486201151200916e+00 -1.001218496319456e-01;
-6.563925103453082e-01 1.337148876889643e+00;
1.337148876889644e+00 6.563925103453080e-01;

-4.624739754700176e-01 -2.887479581395267e-01;
-4.624739754700176e-01 -2.887479581395267e-01;
-1.882607930470672e-02 5.448881904159799e-01;
1.317033092791390e-01 -5.290669141438649e-01;
-4.624739754700176e-01 -2.887479581395267e-01;

-3.370382600882404e-01 -8.414319401462661e-02;
-3.370382600882404e-01 -8.414319401462661e-02;
9.564898647189100e-02 3.339552922910363e-01;
-2.412561715233187e-02 -3.465441104092098e-01;
8.414319401462660e-02 -3.370382600882404e-01;

-3.795706077954812e-01 8.135442664111672e-02;
-3.795706077954812e-01 8.135442664111672e-02;
2.602403040792653e-01 2.880405755602279e-01;
-1.946664259605217e-01 -3.358531995382694e-01;
3.795706077954812e-01 -8.135442664111676e-02;

-7.480492305389722e-01 1.551132883843505e-01;
-7.480492305389722e-01 1.551132883843505e-01;
5.083566634748756e-01 5.702729927359765e-01;
-3.786814285475513e-01 -6.635044530495185e-01;
1.551132883843507e-01 7.480492305389722e-01;

-4.567149133614488e-01 -2.886927762986841e-02;
-4.567149133614488e-01 -2.886927762986841e-02;
2.033559288643527e-01 4.099613560731577e-01;
3.864590621290674e-01 -2.450945543580021e-01;
-4.567149133614488e-01 -2.886927762986841e-02;

-2.921064158123827e-01 1.164406392136121e-02;
-2.921064158123827e-01 1.164406392136121e-02;
1.561372630653801e-01 2.471495447412632e-01;
2.294748455084455e-01 -1.811160889105009e-01;
-1.164406392136123e-02 -2.921064158123827e-01;

-2.671055166997366e-01 1.166840800896719e-01;
-2.671055166997366e-01 1.166840800896719e-01;
2.346041359247422e-01 1.729781229081044e-01;
1.475077208473652e-01 -2.514000872876181e-01;
2.671055166997366e-01 -1.166840800896719e-01;

-3.936218669897258e-01 2.269349525804696e-01;
-3.936218669897258e-01 2.269349525804696e-01;
3.933423674361667e-01 2.274190600079269e-01;
1.850577613957914e-01 -4.149593616516631e-01;
2.269349525804697e-01 3.936218669897257e-01;

-5.252645692670884e-01 2.372316593398266e-01;
-5.252645692670884e-01 2.372316593398266e-01;
4.680809282037701e-01 3.362766310232759e-01;
5.643892338169333e-01 1.168183233572648e-01;
-5.252645692670884e-01 2.372316593398266e-01;

-3.159626552487341e-01 1.107913611193578e-01;
-3.159626552487341e-01 1.107913611193578e-01;
2.539294608735865e-01 2.182360055329093e-01;
3.207406858314268e-01 9.608609505488465e-02;
-1.107913611193578e-01 -3.159626552487341e-01;

-2.226784232829245e-01 1.947687922132836e-01;
-2.226784232829245e-01 1.947687922132836e-01;
2.800139335625787e-01 9.546077533103491e-02;
2.946328523862891e-01 -2.668416966498549e-02;
2.226784232829245e-01 -1.947687922132836e-01;

-2.369646583862775e-01 3.537377855615892e-01;
-2.369646583862775e-01 3.537377855615892e-01;
4.248282377679272e-01 2.834852118082266e-02;
3.996302892324519e-01 -1.468955485579088e-01;
3.537377855615893e-01 2.369646583862774e-01;

-1.151009717046349e+00 8.003054459604073e-01;
-1.151009717046349e+00 8.003054459604073e-01;
1.268589705511922e+00 5.966509319846723e-01;
4.054541461491233e-01 1.341983275208558e+00;
-1.151009717046349e+00 8.003054459604073e-01;

-4.813562540939853e-01 1.799182579557021e-01;
-4.813562540939853e-01 1.799182579557021e-01;
3.964919090412725e-01 3.269076153380572e-01;
2.236516876553619e-02 5.133948014221580e-01;
-1.799182579557022e-01 -4.813562540939853e-01;

-2.547642233091151e-01 3.155894888439080e-01;
-2.547642233091151e-01 3.155894888439080e-01;
4.006906261607276e-01 6.283754493915114e-02;
2.214169652780047e-01 3.398176899958780e-01;
2.547642233091151e-01 -3.155894888439080e-01;

-1.112328527974405e-01 5.870643872539275e-01;
-1.112328527974405e-01 5.870643872539275e-01;
5.640290994177668e-01 -1.972017173689656e-01;
5.239585691354532e-01 2.872016019328841e-01;
5.870643872539275e-01 1.112328527974404e-01;

5.332270676229771e-01 -2.233930868464566e-01;
2.233930868464566e-01 5.332270676229771e-01;
5.332270676229771e-01 -2.233930868464566e-01;
5.332270676229771e-01 -2.233930868464566e-01;
5.332270676229771e-01 -2.233930868464566e-01;

1.262361786461368e+00 -1.389397371881065e+00;
1.389397371881065e+00 1.262361786461368e+00;
1.262361786461368e+00 -1.389397371881065e+00;
1.262361786461368e+00 -1.389397371881065e+00;
1.389397371881065e+00 1.262361786461368e+00;

5.695222437450702e-01 7.591635669305802e-01;
-7.591635669305802e-01 5.695222437450702e-01;
5.695222437450702e-01 7.591635669305802e-01;
5.695222437450702e-01 7.591635669305802e-01;
-5.695222437450703e-01 -7.591635669305801e-01;

4.895938074631653e-01 1.489558129869542e-01;
-1.489558129869542e-01 4.895938074631653e-01;
4.895938074631653e-01 1.489558129869542e-01;
4.895938074631653e-01 1.489558129869542e-01;
1.489558129869541e-01 -4.895938074631653e-01;

4.410251009388416e-01 -7.273870448063257e-01;
7.273870448063257e-01 4.410251009388416e-01;
4.410251009388416e-01 -7.273870448063257e-01;
8.280704399677595e-01 1.946648377642871e-01;
4.410251009388416e-01 -7.273870448063257e-01;

-6.759761162594917e-01 -7.874323036145020e-01;
7.874323036145020e-01 -6.759761162594917e-01;
-6.759761162594917e-01 -7.874323036145020e-01;
5.400045157781177e-01 -8.862214539651745e-01;
7.874323036145020e-01 -6.759761162594917e-01;

-9.278628471206052e-01 1.327963628800670e+00;
-1.327963628800670e+00 -9.278628471206051e-01;
-9.278628471206052e-01 1.327963628800670e+00;
-1.549693850783227e+00 -4.720866777709938e-01;
9.278628471206051e-01 -1.327963628800671e+00;

1.058810261564206e+00 2.778887898395142e-01;
-2.778887898395141e-01 1.058810261564206e+00;
1.058810261564206e+00 2.778887898395142e-01;
6.290242025967852e-02 1.092860757387512e+00;
2.778887898395140e-01 -1.058810261564206e+00;

-5.227900010883927e-01 -5.776125461455279e+00;
5.776125461455279e+00 -5.227900010883930e-01;
-5.227900010883927e-01 -5.776125461455279e+00;
3.818067357004276e+00 4.365695407273432e+00;
-5.227900010883927e-01 -5.776125461455279e+00;

-7.929884185776193e-01 6.481055435648665e-02;
-6.481055435648669e-02 -7.929884185776193e-01;
-7.929884185776193e-01 6.481055435648665e-02;
6.034464189281656e-01 -5.185397375679143e-01;
-6.481055435648669e-02 -7.929884185776193e-01;

-3.555963806472992e-01 4.867543217680936e-01;
-4.867543217680936e-01 -3.555963806472991e-01;
-3.555963806472992e-01 4.867543217680936e-01;
1.576503256977087e-03 -6.028068267089022e-01;
3.555963806472991e-01 -4.867543217680937e-01;

2.151110227161029e-01 8.863907710336776e-01;
-8.863907710336776e-01 2.151110227161030e-01;
2.151110227161029e-01 8.863907710336776e-01;
-6.950358960364527e-01 -5.906661106652815e-01;
8.863907710336776e-01 -2.151110227161031e-01;

7.265044204676063e-01 8.462426341118040e-01;
-8.462426341118040e-01 7.265044204676063e-01;
7.265044204676063e-01 8.462426341118040e-01;
-9.034548245476225e-02 -1.111653256437219e+00;
7.265044204676063e-01 8.462426341118040e-01;

-4.883330864763963e-01 7.136105666352801e-01;
-7.136105666352801e-01 -4.883330864763963e-01;
-4.883330864763963e-01 7.136105666352801e-01;
8.145195328232683e-01 -2.902880893361868e-01;
-7.136105666352801e-01 -4.883330864763963e-01;

-7.662097086128833e-02 4.430496113089125e-01;
-4.430496113089125e-01 -7.662097086128830e-02;
-7.662097086128833e-02 4.430496113089125e-01;
3.224056951135811e-01 -3.133979882115285e-01;
7.662097086128827e-02 -4.430496113089125e-01;

1.944583012573022e-01 4.345006817281232e-01;
-4.345006817281232e-01 1.944583012573022e-01;
1.944583012573022e-01 4.345006817281232e-01;
9.807302241637575e-02 -4.658181572504409e-01;
4.345006817281231e-01 -1.944583012573022e-01;

5.995661985896984e-01 1.417082500397071e-01;
-1.417082500397070e-01 5.995661985896984e-01;
5.995661985896984e-01 1.417082500397071e-01;
3.200486992300476e-01 -5.264310826136430e-01;
5.995661985896984e-01 1.417082500397071e-01;

6.383892656453822e-01 1.206827172468739e+00;
-1.206827172468739e+00 6.383892656453823e-01;
6.383892656453822e-01 1.206827172468739e+00;
1.345033978529415e+00 -2.342141654586129e-01;
-1.206827172468739e+00 6.383892656453823e-01;

1.568184609001214e-01 4.793119730038228e-01;
-4.793119730038228e-01 1.568184609001214e-01;
1.568184609001214e-01 4.793119730038228e-01;
5.043123447134331e-01 -1.027673848870068e-03;
-1.568184609001214e-01 -4.793119730038228e-01;

3.074181082640401e-01 2.670795458953137e-01;
-2.670795458953137e-01 3.074181082640401e-01;
3.074181082640401e-01 2.670795458953137e-01;
3.490051623250744e-01 -2.098398765600488e-01;
2.670795458953136e-01 -3.074181082640401e-01;

2.334139547695299e-01 -2.904511104635095e-01;
2.904511104635095e-01 2.334139547695299e-01;
1.348310628340345e-01 3.473679696599595e-01;
2.334139547695299e-01 -2.904511104635095e-01;
2.334139547695299e-01 -2.904511104635095e-01;

1.267938610354308e-01 -5.191402953172864e-01;
5.191402953172864e-01 1.267938610354307e-01;
3.861917533552104e-01 3.693768523592401e-01;
1.267938610354308e-01 -5.191402953172864e-01;
5.191402953172864e-01 1.267938610354307e-01;

8.419960252970650e-01 -6.808843166560381e-01;
6.808843166560381e-01 8.419960252970650e-01;
1.686651026140047e-01 1.069632106120802e+00;
8.419960252970650e-01 -6.808843166560381e-01;
-8.419960252970649e-01 6.808843166560382e-01;

4.293838916238479e-01 -1.877173717551204e-01;
1.877173717551204e-01 4.293838916238479e-01;
-5.212393314034215e-02 4.657160439996367e-01;
4.293838916238479e-01 -1.877173717551204e-01;
-1.877173717551205e-01 -4.293838916238479e-01;

1.089324713407500e-01 -3.805443030495066e-01;
3.805443030495066e-01 1.089324713407500e-01;
2.750947980359418e-01 2.846104390028631e-01;
3.955811240377847e-01 -1.399372005011233e-02;
1.089324713407500e-01 -3.805443030495066e-01;

-1.097752553456675e-01 -4.364952576338085e-01;
4.364952576338085e-01 -1.097752553456675e-01;
4.329036094151453e-01 1.231794689806326e-01;
3.812092396409049e-01 -2.392869244973793e-01;
4.364952576338085e-01 -1.097752553456675e-01;

-2.931094972531593e-01 -1.004312445121742e+00;
1.004312445121742e+00 -2.931094972531593e-01;
1.016314839438873e+00 2.483159518491499e-01;
8.645820794654288e-01 -5.891133105554888e-01;
2.931094972531594e-01 1.004312445121742e+00;

4.107983108655375e-01 -5.050051574289940e-01;
5.050051574289940e-01 4.107983108655374e-01;
2.319481399428999e-01 6.082643517557893e-01;
6.072321050534784e-01 2.346372345391567e-01;
-5.050051574289941e-01 -4.107983108655374e-01;

2.753891836046619e-02 -6.256390396197496e-01;
6.256390396197496e-01 2.753891836046615e-02;
5.280498427297691e-01 3.366689227027841e-01;
3.454619477865938e-01 5.223395854731669e-01;
2.753891836046619e-02 -6.256390396197496e-01;

-3.755533755574877e-01 -4.251962048224341e-01;
4.251962048224341e-01 -3.755533755574877e-01;
5.560074027477032e-01 -1.126406612985652e-01;
5.537531216462411e-01 1.232462200437323e-01;
4.251962048224341e-01 -3.755533755574877e-01;

-1.110209455008264e+00 -1.044912204224076e-01;
1.044912204224075e-01 -1.110209455008264e+00;
6.455967788623762e-01 -9.092239813476298e-01;
9.595967147757675e-01 -5.680295715248154e-01;
1.110209455008264e+00 1.044912204224075e-01;

1.395053835494016e+00 -1.451012338958297e+00;
1.451012338958297e+00 1.395053835494016e+00;
5.590866289955544e-01 1.933658230663883e+00;
-2.757386072485167e-01 1.993885711922437e+00;
-1.451012338958297e+00 -1.395053835494016e+00;

6.690852955793533e-01 -7.424684609877695e-01;
7.424684609877695e-01 6.690852955793533e-01;
3.084539009344675e-01 9.506790937642245e-01;
-9.777133864709819e-01 2.073911334592242e-01;
6.690852955793533e-01 -7.424684609877695e-01;

-1.046780149951647e+00 -8.656244149312838e-01;
8.656244149312837e-01 -1.046780149951647e+00;
1.273042808442357e+00 -4.737259945697689e-01;
3.380616655643295e-01 1.315586796959361e+00;
8.656244149312837e-01 -1.046780149951647e+00;

-4.339259468199725e-01 1.136423416431081e+00;
-1.136423416431081e+00 -4.339259468199725e-01;
-7.672085746748321e-01 -9.440026015228518e-01;
1.019026389815614e+00 -6.643305845705545e-01;
4.339259468199724e-01 -1.136423416431081e+00;

8.317274132524418e-01 4.351896585843582e-01;
-4.351896585843582e-01 8.317274132524418e-01;
-7.927490064245516e-01 5.027022396083537e-01;
-4.170835487426581e-01 -8.409529370081295e-01;
4.351896585843580e-01 -8.317274132524419e-01;

4.296159623336714e-01 -2.709184969427425e-01;
2.709184969427425e-01 4.296159623336714e-01;
1.981431954067618e-02 5.075175857236291e-01;
-1.249001684864322e-01 -4.923074801276761e-01;
4.296159623336714e-01 -2.709184969427425e-01;

5.450286339024729e-01 -9.877402859956496e-01;
9.877402859956496e-01 5.450286339024728e-01;
5.828938630623031e-01 9.658787857472947e-01;
-7.709737251065756e-01 -8.235815682418189e-01;
9.877402859956496e-01 5.450286339024728e-01;

9.950403083893459e-01 6.531630951854364e-01;
-6.531630951854362e-01 9.950403083893459e-01;
-1.063175987439734e+00 5.351486372619576e-01;
9.286793832600171e-01 -7.445010727591855e-01;
-9.950403083893460e-01 -6.531630951854362e-01;

5.108526456329245e-01 4.923784579414008e-02;
-4.923784579414005e-02 5.108526456329245e-01;
-2.980675481018082e-01 4.177924458115322e-01;
2.046901232128292e-01 -4.706344063790096e-01;
4.923784579413999e-02 -5.108526456329245e-01;

1.778349143317301e-01 -6.379892919586507e-01;
6.379892919586507e-01 1.778349143317301e-01;
-6.414323913445035e-01 1.649850924882181e-01;
1.778349143317301e-01 -6.379892919586507e-01;
1.778349143317301e-01 -6.379892919586507e-01;

-3.989259126165505e-01 -5.661182304497312e-01;
5.661182304497312e-01 -3.989259126165505e-01;
-2.908098128066848e-01 6.285390897786896e-01;
-3.989259126165505e-01 -5.661182304497312e-01;
5.661182304497312e-01 -3.989259126165505e-01;

-1.774864629323235e+00 1.808632593346200e-01;
-1.808632593346201e-01 -1.774864629323235e+00;
1.044064491856652e+00 1.446646227605062e+00;
-1.774864629323235e+00 1.808632593346200e-01;
1.774864629323235e+00 -1.808632593346202e-01;

1.335139461883323e+00 -4.269177554943801e-01;
4.269177554943802e-01 1.335139461883323e+00;
-1.037291352526429e+00 -9.428058138388524e-01;
1.335139461883323e+00 -4.269177554943801e-01;
-4.269177554943803e-01 -1.335139461883323e+00;

-1.637108570835070e-01 -5.052068832373882e-01;
5.052068832373882e-01 -1.637108570835071e-01;
-3.556665665085831e-01 3.943812027283350e-01;
4.298908613775909e-01 -3.118157900130867e-01;
-1.637108570835070e-01 -5.052068832373882e-01;

-3.242509599910247e-01 -2.706583128753169e-01;
2.706583128753169e-01 -3.242509599910247e-01;
-7.227149469994876e-02 4.161387249913775e-01;
1.572122950699049e-01 -3.920190067617477e-01;
2.706583128753169e-01 -3.242509599910247e-01;

-6.272288727291100e-01 -1.138014548886511e-01;
1.138014548886511e-01 -6.272288727291100e-01;
2.150594854433546e-01 6.000968652148112e-01;
-8.559276580021544e-02 -6.316966901626708e-01;
6.272288727291100e-01 1.138014548886511e-01;

-7.641146565692638e-01 -1.382132444661276e+00;
1.382132444661276e+00 -7.641146565692639e-01;
-8.149044801867225e-01 1.352808926323643e+00;
1.078361653347178e+00 -1.153818637204158e+00;
-1.382132444661276e+00 7.641146565692640e-01;

-5.085317065536196e-01 -4.040294855325007e-01;
4.040294855325007e-01 -5.085317065536196e-01;
-9.563394507229284e-02 6.424161192715385e-01;
6.488933658676911e-01 2.795928258901875e-02;
-5.085317065536196e-01 -4.040294855325007e-01;

-3.796521360968361e-01 -1.062605119369537e-01;
1.062605119369536e-01 -3.796521360968361e-01;
9.780176529187680e-02 3.819186504293639e-01;
3.696033918706805e-01 -1.371873666110778e-01;
1.062605119369536e-01 -3.796521360968361e-01;

-4.329377574743196e-01 1.104984482209680e-01;
-1.104984482209680e-01 -4.329377574743196e-01;
3.121633419752776e-01 3.196858721197429e-01;
2.853046450378155e-01 -3.438695514668038e-01;
4.329377574743196e-01 -1.104984482209680e-01;

-9.850337051022273e-01 2.954625729665115e-01;
-2.954625729665115e-01 -9.850337051022273e-01;
7.483949466076263e-01 7.053329257191819e-01;
6.232404644657179e-01 -8.180225276017580e-01;
2.954625729665116e-01 9.850337051022273e-01;

-1.601601813602507e+00 -2.795381814650308e-01;
2.795381814650307e-01 -1.601601813602507e+00;
5.587137403248333e-01 1.526796948059515e+00;
1.131414664908363e+00 1.167549065462310e+00;
-1.601601813602507e+00 -2.795381814650308e-01;

-5.380867265361252e-01 4.914922296645312e-02;
-4.914922296645315e-02 -5.380867265361252e-01;
3.116078389332768e-01 4.414221631362679e-01;
4.642104946366259e-01 2.765168856720833e-01;
-4.914922296645315e-02 -5.380867265361252e-01;

-3.536055290767312e-01 3.167634511213667e-01;
-3.167634511213667e-01 -3.536055290767312e-01;
4.511279601998995e-01 1.478496455384026e-01;
4.722617673624271e-01 -4.842290003366383e-02;
3.536055290767311e-01 -3.167634511213667e-01;

-2.386922437603859e-01 8.138658808295295e-01;
-8.138658808295295e-01 -2.386922437603859e-01;
8.241746499519640e-01 -2.002193936319633e-01;
6.714844437232605e-01 -5.181315480140701e-01;
8.138658808295295e-01 2.386922437603858e-01;

1.209535796583042e+00 -1.281001775724091e+00;
1.281001775724091e+00 1.209535796583042e+00;
-1.714147978361560e+00 -4.069878387655148e-01;
-8.445379697390609e-01 -1.546188219555780e+00;
1.209535796583042e+00 -1.281001775724091e+00;

-1.149249363561390e+00 -1.879563386181018e-01;
1.879563386181017e-01 -1.149249363561390e+00;
4.118497177351093e-01 1.089257313436313e+00;
-5.338946847367858e-01 1.034919393229632e+00;
1.879563386181017e-01 -1.149249363561390e+00;

-3.733954955495053e-01 7.154101634017621e-01;
-7.154101634017621e-01 -3.733954955495052e-01;
8.062611234062549e-01 -3.433509689633062e-02;
5.650099439791744e-01 5.761941176373174e-01;
3.733954955495052e-01 -7.154101634017621e-01;

5.924978758669592e-01 7.359078362487932e-01;
-7.359078362487932e-01 5.924978758669592e-01;
3.410659431020136e-01 -8.810721303135023e-01;
8.829818558310299e-01 -3.360909380397358e-01;
7.359078362487931e-01 -5.924978758669593e-01;

2.347631792608179e-01 -4.976266136476973e-01;
-2.347631792608178e-01 4.976266136476974e-01;
2.347631792608179e-01 -4.976266136476973e-01;
2.347631792608179e-01 -4.976266136476973e-01;
2.347631792608179e-01 -4.976266136476973e-01;

-2.210140711337803e-01 -6.556313388818147e-01;
2.210140711337804e-01 6.556313388818147e-01;
-2.210140711337803e-01 -6.556313388818147e-01;
-2.210140711337803e-01 -6.556313388818147e-01;
6.556313388818147e-01 -2.210140711337803e-01;

-3.557029384091572e+00 -2.511710677261155e+00;
3.557029384091572e+00 2.511710677261154e+00;
-3.557029384091572e+00 -2.511710677261155e+00;
-3.557029384091572e+00 -2.511710677261155e+00;
3.557029384091572e+00 2.511710677261154e+00;

8.284725208310519e-01 -3.209286924577756e-01;
-8.284725208310519e-01 3.209286924577757e-01;
8.284725208310519e-01 -3.209286924577756e-01;
8.284725208310519e-01 -3.209286924577756e-01;
-3.209286924577757e-01 -8.284725208310518e-01;

-5.304426056554550e-02 -4.992668781353694e-01;
5.304426056554556e-02 4.992668781353694e-01;
-5.304426056554550e-02 -4.992668781353694e-01;
4.584394398521749e-01 -2.047300397352751e-01;
-5.304426056554550e-02 -4.992668781353694e-01;

-2.890785683755884e-01 -3.407829795846787e-01;
2.890785683755884e-01 3.407829795846786e-01;
-2.890785683755884e-01 -3.407829795846787e-01;
2.347736830388499e-01 -3.802377882602739e-01;
3.407829795846787e-01 -2.890785683755884e-01;

-7.346558688505523e-01 -2.938308374348462e-01;
7.346558688505523e-01 2.938308374348461e-01;
-7.346558688505523e-01 -2.938308374348462e-01;
5.242858413875911e-02 -7.894979735435855e-01;
7.346558688505523e-01 2.938308374348461e-01;

1.143695190135055e-01 -1.335307106914077e+00;
-1.143695190135053e-01 1.335307106914077e+00;
1.143695190135055e-01 -1.335307106914077e+00;
1.305294650299524e+00 -3.038607124227579e-01;
-1.335307106914077e+00 -1.143695190135053e-01;

-4.148798449177400e-01 -5.696172109992793e-01;
4.148798449177401e-01 5.696172109992793e-01;
-4.148798449177400e-01 -5.696172109992793e-01;
6.704574412394407e-01 2.169697496708411e-01;
-4.148798449177400e-01 -5.696172109992793e-01;

-4.097885456846884e-01 -1.725987015977178e-01;
4.097885456846884e-01 1.725987015977177e-01;
-4.097885456846884e-01 -1.725987015977178e-01;
4.329768689230753e-01 -1.012323809122362e-01;
1.725987015977178e-01 -4.097885456846884e-01;

-5.341179454416173e-01 1.081552757982798e-01;
5.341179454416173e-01 -1.081552757982799e-01;
-5.341179454416173e-01 1.081552757982798e-01;
3.685384187910454e-01 -4.014461074674563e-01;
5.341179454416173e-01 -1.081552757982799e-01;

-1.736671805359730e+00 2.786901629730804e-01;
1.736671805359730e+00 -2.786901629730806e-01;
-1.736671805359730e+00 2.786901629730804e-01;
1.241187036433280e+00 -1.246255153272939e+00;
2.786901629730807e-01 1.736671805359730e+00;

-1.653082696315743e+00 -2.067722083753384e+00;
1.653082696315743e+00 2.067722083753384e+00;
-1.653082696315743e+00 -2.067722083753384e+00;
1.219954477568954e-01 2.644479935115136e+00;
-1.653082696315743e+00 -2.067722083753384e+00;

-6.787390169264721e-01 -9.650572734391705e-03;
6.787390169264721e-01 9.650572734391622e-03;
-6.787390169264721e-01 -9.650572734391705e-03;
5.434389351094098e-01 4.067602616524459e-01;
9.650572734391663e-03 -6.787390169264721e-01;

-4.110749394051825e-01 4.169988005075770e-01;
4.110749394051825e-01 -4.169988005075770e-01;
-4.110749394051825e-01 4.169988005075770e-01;
5.776723571024491e-01 -9.573532927520997e-02;
4.110749394051825e-01 -4.169988005075770e-01;

4.299310238525016e-02 1.059716798588443e+00;
-4.299310238525029e-02 -1.059716798588443e+00;
4.299310238525016e-02 1.059716798588443e+00;
5.881037553463102e-01 -8.825996108150139e-01;
1.059716798588443e+00 -4.299310238525035e-02;

8.085851258036355e-01 -6.407167624821117e-01;
-8.085851258036354e-01 6.407167624821118e-01;
8.085851258036355e-01 -6.407167624821117e-01;
-3.594913067860186e-01 -9.670025210627533e-01;
8.085851258036355e-01 -6.407167624821117e-01;

-1.423246335516686e+00 -9.774647205965464e-01;
1.423246335516686e+00 9.774647205965462e-01;
-1.423246335516686e+00 -9.774647205965464e-01;
-1.369431496828491e+00 1.051534491620051e+00;
9.774647205965463e-01 -1.423246335516686e+00;

-2.342262603266512e-01 1.047427438399227e+00;
2.342262603266510e-01 -1.047427438399227e+00;
-2.342262603266512e-01 1.047427438399227e+00;
9.237827956660997e-01 5.464352900110858e-01;
2.342262603266510e-01 -1.047427438399227e+00;

7.022291929696746e-01 4.314324180138495e-01;
-7.022291929696746e-01 -4.314324180138494e-01;
7.022291929696746e-01 4.314324180138495e-01;
6.273173670668798e-01 -5.345397008159404e-01;
4.314324180138494e-01 -7.022291929696747e-01;

8.484978091232065e-02 -3.021997381093120e-01;
-8.484978091232061e-02 3.021997381093120e-01;
2.192877597635083e-01 2.245819348302696e-01;
8.484978091232065e-02 -3.021997381093120e-01;
8.484978091232065e-02 -3.021997381093120e-01;

-4.732853791134985e-02 -3.516469265211940e-01;
4.732853791134990e-02 3.516469265211940e-01;
3.281994404857488e-01 1.348357471053931e-01;
-4.732853791134985e-02 -3.516469265211940e-01;
3.516469265211940e-01 -4.732853791134987e-02;

-4.187985369710798e-02 -6.399239003947044e-01;
4.187985369710806e-02 6.399239003947044e-01;
5.751302810791907e-01 2.836929329888809e-01;
-4.187985369710798e-02 -6.399239003947044e-01;
4.187985369710806e-02 6.399239003947044e-01;

2.447696832750494e-01 -3.945696935974804e-01;
-2.447696832750493e-01 3.945696935974805e-01;
2.193225365813356e-01 4.092616105912039e-01;
2.447696832750494e-01 -3.945696935974804e-01;
-3.945696935974805e-01 -2.447696832750493e-01;

-1.074345431612905e-02 -2.933669081675753e-01;
1.074345431612909e-02 2.933669081675753e-01;
2.594349222608812e-01 1.373793497216222e-01;
2.756885997161596e-01 -1.008729924458892e-01;
-1.074345431612905e-02 -2.933669081675753e-01;

-1.168768792749182e-01 -2.686348541376505e-01;
1.168768792749182e-01 2.686348541376505e-01;
2.910830476625916e-01 3.309908050169908e-02;
2.193699865861518e-01 -1.941692528486221e-01;
2.686348541376505e-01 -1.168768792749182e-01;

-2.282150662081357e-01 -3.971538887547429e-01;
2.282150662081358e-01 3.971538887547429e-01;
4.580528899774541e-01 9.368995147782340e-04;
3.071934600414410e-01 -3.397727268412903e-01;
2.282150662081358e-01 3.971538887547429e-01;

3.167263263513027e-02 -4.592848589038993e-01;
-3.167263263513022e-02 4.592848589038993e-01;
3.819160390667632e-01 2.570717339187044e-01;
4.465932396371034e-01 -1.118043630045416e-01;
-4.592848589038993e-01 -3.167263263513019e-02;

-1.045587537259223e-01 -3.585183713165426e-01;
1.045587537259223e-01 3.585183713165426e-01;
3.627653941465093e-01 8.870864874358167e-02;
2.953216200107165e-01 2.285893617525328e-01;
-1.045587537259223e-01 -3.585183713165426e-01;

-2.154571710003616e-01 -2.490388283050416e-01;
2.154571710003616e-01 2.490388283050416e-01;
3.234025373410579e-01 -6.207196936132024e-02;
3.206898634251424e-01 7.483409674333324e-02;
2.490388283050416e-01 -2.154571710003616e-01;

-4.222998411317874e-01 -2.612027514262945e-01;
4.222998411317875e-01 2.612027514262944e-01;
4.373581388394566e-01 -2.351210147211134e-01;
4.951788733440491e-01 -3.690415378135182e-02;
4.222998411317875e-01 2.612027514262944e-01;

-2.372833320427880e-01 -6.652925515635049e-01;
2.372833320427880e-01 6.652925515635049e-01;
6.948019166239577e-01 1.271528823380798e-01;
5.830153983735868e-01 3.987613372563776e-01;
-6.652925515635049e-01 2.372833320427881e-01;

-5.044081815617795e-02 -5.774629476083250e-01;
5.044081815617802e-02 5.774629476083250e-01;
5.253179914511408e-01 2.450484438932409e-01;
-2.986167252509900e-01 4.968257072627526e-01;
-5.044081815617795e-02 -5.774629476083250e-01;

-3.458580168726508e-01 -3.601281101723103e-01;
3.458580168726508e-01 3.601281101723103e-01;
4.848091004624272e-01 -1.194577736280675e-01;
6.812702119554884e-02 4.946400029863979e-01;
3.601281101723103e-01 -3.458580168726508e-01;

-8.682172123121131e-01 -1.617291474461296e-01;
8.682172123121131e-01 1.617291474461295e-01;
5.741701563768038e-01 -6.710335881421328e-01;
6.073404718346715e-01 6.411669019532336e-01;
8.682172123121131e-01 1.617291474461295e-01;

5.016041532771683e-01 -1.947855705416959e+00;
-5.016041532771681e-01 1.947855705416959e+00;
1.436090447158961e+00 1.408329792090290e+00;
-1.550727141688126e+00 1.281012844487549e+00;
-1.947855705416959e+00 -5.016041532771680e-01;

1.754947918273412e-01 -4.204411646014166e-01;
-1.754947918273411e-01 4.204411646014166e-01;
2.763653334278710e-01 3.622035302550474e-01;
-3.456324362139585e-01 -2.968289303398865e-01;
1.754947918273412e-01 -4.204411646014166e-01;

-1.215991371345393e-01 -5.437642325925619e-01;
1.215991371345394e-01 5.437642325925619e-01;
5.317132076617785e-01 1.665741744595021e-01;
-5.547267166112919e-01 -5.238473705668157e-02;
5.437642325925619e-01 -1.215991371345393e-01;

-4.223972402935502e-01 -1.847821632370660e+00;
4.223972402935504e-01 1.847821632370660e+00;
1.811459095442197e+00 5.581040756026753e-01;
-1.887910730045049e+00 -1.692846391299193e-01;
4.223972402935504e-01 1.847821632370660e+00;

5.970968926849369e-01 -4.204745902564044e-01;
-5.970968926849369e-01 4.204745902564045e-01;
6.559323046543072e-02 7.273383727141083e-01;
-2.153820118717686e-01 -6.978066847396688e-01;
-4.204745902564045e-01 -5.970968926849368e-01;

-6.822561714940460e-02 -3.999243440763764e-01;
6.822561714940466e-02 3.999243440763764e-01;
-3.122318329872682e-01 2.590472896784440e-01;
-6.822561714940460e-02 -3.999243440763764e-01;
-6.822561714940460e-02 -3.999243440763764e-01;

-2.239583183567821e-01 -2.923000661468250e-01;
2.239583183567821e-01 2.923000661468250e-01;
-1.411601236326310e-01 3.401036261592286e-01;
-2.239583183567821e-01 -2.923000661468250e-01;
2.923000661468250e-01 -2.239583183567821e-01;

-5.025143644755871e-01 -3.350639841609369e-01;
5.025143644755871e-01 3.350639841609368e-01;
-3.891673993880423e-02 6.027221974829193e-01;
-5.025143644755871e-01 -3.350639841609369e-01;
5.025143644755871e-01 3.350639841609368e-01;

-9.736629739903269e-02 -8.270294485769984e-01;
9.736629739903278e-02 8.270294485769984e-01;
-6.675453634460001e-01 4.978364113084926e-01;
-9.736629739903269e-02 -8.270294485769984e-01;
-8.270294485769984e-01 9.736629739903284e-02;

-1.456406994779224e-01 -2.877319498496393e-01;
1.456406994779224e-01 2.877319498496393e-01;
-1.763628283112564e-01 2.699945204976356e-01;
2.286438946394772e-01 -2.274265986044409e-01;
-1.456406994779224e-01 -2.877319498496393e-01;

-2.002792640604797e-01 -1.892692402426392e-01;
2.002792640604798e-01 1.892692402426392e-01;
-6.377233817486558e-02 2.680815506489468e-01;
1.181160480513991e-01 -2.489643109109272e-01;
1.892692402426392e-01 -2.002792640604797e-01;

-3.300059457874809e-01 -1.752903135958647e-01;
3.300059457874809e-01 1.752903135958646e-01;
1.319710828238108e-02 3.734386892498011e-01;
6.473354949565881e-02 -3.680219910077650e-01;
3.300059457874809e-01 1.752903135958646e-01;

-3.121758215862996e-01 -4.239350481653011e-01;
3.121758215862997e-01 4.239350481653010e-01;
-2.110506104725803e-01 4.823197160236647e-01;
3.067185559403812e-01 -4.278999837436835e-01;
-4.239350481653010e-01 3.121758215862997e-01;

-2.583695903045697e-01 -2.465949148511112e-01;
2.583695903045697e-01 2.465949148511112e-01;
-8.437266555283782e-02 3.470520861946906e-01;
3.539702436258909e-01 4.763364201911760e-02;
-2.583695903045697e-01 -2.465949148511112e-01;

-2.435365100295997e-01 -1.238381859297884e-01;
2.435365100295997e-01 1.238381859297884e-01;
1.452124004102260e-02 2.728278973995312e-01;
2.698154347248938e-01 -4.295997202041339e-02;
1.238381859297884e-01 -2.435365100295997e-01;

-3.280831931992237e-01 -4.631385858190089e-02;
3.280831931992237e-01 4.631385858190085e-02;
1.239326185204059e-01 3.072853091561961e-01;
2.926474819181717e-01 -1.553737638196902e-01;
3.280831931992237e-01 4.631385858190085e-02;

-4.931241290215591e-01 -1.959660692535087e-01;
4.931241290215591e-01 1.959660692535086e-01;
7.685047025746067e-02 5.250410575784996e-01;
5.141317661717233e-01 -1.313112102414968e-01;
-1.959660692535086e-01 4.931241290215591e-01;

-4.453271118423349e-01 -3.376555412346148e-01;
4.453271118423350e-01 3.376555412346147e-01;
-6.975472051659271e-02 5.544923624667234e-01;
1.618082540438223e-01 5.349257798905994e-01;
-4.453271118423349e-01 -3.376555412346148e-01;

-3.439346163817304e-01 -1.042265945639680e-01;
3.439346163817304e-01 1.042265945639679e-01;
8.170442954852802e-02 3.499694123094180e-01;
2.169860944252809e-01 2.864807815301280e-01;
1.042265945639680e-01 -3.439346163817304e-01;

-4.054607943181813e-01 7.300869411360981e-02;
4.054607943181813e-01 -7.300869411360987e-02;
2.659577809586043e-01 3.146350010613572e-01;
3.709381068452859e-01 1.792586010079862e-01;
4.054607943181813e-01 -7.300869411360987e-02;

-8.526052423484811e-01 1.155194727765878e-01;
8.526052423484811e-01 -1.155194727765879e-01;
5.263454192305508e-01 6.806180628852784e-01;
7.576727730037720e-01 4.076915708221934e-01;
1.155194727765879e-01 8.526052423484811e-01;

-2.037346498138714e-01 -6.572896943464999e-01;
2.037346498138715e-01 6.572896943464999e-01;
-4.673622480428418e-01 5.050842295431893e-01;
-6.880771160374034e-01 -9.350519479989475e-03;
-2.037346498138714e-01 -6.572896943464999e-01;

-4.146657992713552e-01 -2.770287887688157e-01;
4.146657992713552e-01 2.770287887688156e-01;
-3.258106901774974e-02 4.976255106339802e-01;
-3.916088137208552e-01 3.087640068210889e-01;
2.770287887688157e-01 -4.146657992713552e-01;

-7.121615896696412e-01 6.297368506629193e-02;
7.121615896696412e-01 -6.297368506629202e-02;
4.106176058721504e-01 5.852631857202725e-01;
-1.601785004115812e-01 6.967658593943277e-01;
7.121615896696412e-01 -6.297368506629202e-02;

-3.311553939499198e+00 -3.200417442196867e+00;
3.311553939499198e+00 3.200417442196867e+00;
-1.115865837907700e+00 4.468098558707175e+00;
-4.067104308360556e+00 2.160491574490767e+00;
-3.200417442196867e+00 3.311553939499198e+00;

-2.781740695526465e-01 -1.146398091455243e+00;
-1.146398091455243e+00 2.781740695526467e-01;
-2.781740695526465e-01 -1.146398091455243e+00;
-2.781740695526465e-01 -1.146398091455243e+00;
-2.781740695526465e-01 -1.146398091455243e+00;

-6.070526950395719e-01 -2.322084192612845e-01;
-2.322084192612844e-01 6.070526950395719e-01;
-6.070526950395719e-01 -2.322084192612845e-01;
-6.070526950395719e-01 -2.322084192612845e-01;
2.322084192612845e-01 -6.070526950395719e-01;

-6.372222931416448e-01 3.766838143423243e-01;
3.766838143423244e-01 6.372222931416447e-01;
-6.372222931416448e-01 3.766838143423243e-01;
-6.372222931416448e-01 3.766838143423243e-01;
6.372222931416448e-01 -3.766838143423243e-01;

4.207602688488588e-01 2.343721152316385e+00;
2.343721152316385e+00 -4.207602688488593e-01;
4.207602688488588e-01 2.343721152316385e+00;
4.207602688488588e-01 2.343721152316385e+00;
2.343721152316385e+00 -4.207602688488593e-01;

-4.306895488632318e-01 -4.215721440564493e-01;
-4.215721440564492e-01 4.306895488632319e-01;
-4.306895488632318e-01 -4.215721440564493e-01;
2.678485447949873e-01 -5.398830588151229e-01;
-4.306895488632318e-01 -4.215721440564493e-01;

-3.639926156265140e-01 -1.331879432681872e-01;
-1.331879432681871e-01 3.639926156265140e-01;
-3.639926156265140e-01 -1.331879432681872e-01;
1.418935728157774e-02 -3.873348868906295e-01;
1.331879432681871e-01 -3.639926156265140e-01;

-4.533082315443899e-01 7.395779215163623e-02;
7.395779215163631e-02 4.533082315443899e-01;
-4.533082315443899e-01 7.395779215163623e-02;
-2.104179873938863e-01 -4.082675328592185e-01;
4.533082315443899e-01 -7.395779215163628e-02;

-1.089229728686702e+00 9.137537439729097e-02;
9.137537439729117e-02 1.089229728686702e+00;
-1.089229728686702e+00 9.137537439729097e-02;
-4.234936421920572e-01 -1.007682487653754e+00;
9.137537439729117e-02 1.089229728686702e+00;

-5.347876280374834e-01 -9.661581015619011e-02;
-9.661581015619002e-02 5.347876280374834e-01;
-5.347876280374834e-01 -9.661581015619011e-02;
4.894416278118900e-01 -2.361764485272440e-01;
-5.347876280374834e-01 -9.661581015619011e-02;

-3.279909392899890e-01 -5.707832143318784e-03;
-5.707832143318724e-03 3.279909392899890e-01;
-3.279909392899890e-01 -5.707832143318784e-03;
2.687052234430064e-01 -1.881705037952270e-01;
5.707832143318764e-03 -3.279909392899890e-01;

-3.049420581972420e-01 1.301741216536972e-01;
1.301741216536972e-01 3.049420581972420e-01;
-3.049420581972420e-01 1.301741216536972e-01;
1.701888784430735e-01 -2.845535212577248e-01;
3.049420581972420e-01 -1.301741216536972e-01;

-4.817928486053409e-01 2.853075976467188e-01;
2.853075976467189e-01 4.817928486053408e-01;
-4.817928486053409e-01 2.853075976467188e-01;
2.220790040263009e-01 -5.140094261906849e-01;
2.853075976467189e-01 4.817928486053408e-01;

-6.950871738526726e-01 3.012102232824492e-01;
3.012102232824493e-01 6.950871738526726e-01;
-6.950871738526726e-01 3.012102232824492e-01;
7.393842633040123e-01 1.648778003332814e-01;
-6.950871738526726e-01 3.012102232824492e-01;

-3.691275266108596e-01 1.204572156245433e-01;
1.204572156245433e-01 3.691275266108596e-01;
-3.691275266108596e-01 1.204572156245433e-01;
3.694334169960970e-01 1.195157818217177e-01;
-1.204572156245433e-01 -3.691275266108596e-01;

-2.450374557785277e-01 2.294685610577233e-01;
2.294685610577234e-01 2.450374557785276e-01;
-2.450374557785277e-01 2.294685610577233e-01;
3.331177020377332e-01 -4.161456280457584e-02;
2.450374557785277e-01 -2.294685610577234e-01;

-2.352862625681723e-01 4.423963646870593e-01;
4.423963646870594e-01 2.352862625681723e-01;
-2.352862625681723e-01 4.423963646870593e-01;
4.503846437914735e-01 -2.196083820769416e-01;
4.423963646870594e-01 2.352862625681723e-01;

-2.294237609278861e+00 2.318704843535015e+00;
2.318704843535015e+00 2.294237609278860e+00;
-2.294237609278861e+00 2.318704843535015e+00;
1.496260940407792e+00 2.898468829825897e+00;
-2.294237609278861e+00 2.318704843535015e+00;

-6.175094131174028e-01 2.091391793497081e-01;
2.091391793497082e-01 6.175094131174028e-01;
-6.175094131174028e-01 2.091391793497081e-01;
8.082276493383337e-03 6.519139118275917e-01;
-2.091391793497081e-01 -6.175094131174028e-01;

-2.691462609379229e-01 3.948522029104432e-01;
3.948522029104432e-01 2.691462609379229e-01;
-2.691462609379229e-01 3.948522029104432e-01;
2.923559919491810e-01 3.779893462671993e-01;
2.691462609379229e-01 -3.948522029104432e-01;

2.757446685511000e-02 6.861450455963745e-01;
6.861450455963745e-01 -2.757446685511012e-02;
2.757446685511000e-02 6.861450455963745e-01;
6.610836956071249e-01 1.858056033095356e-01;
6.861450455963745e-01 -2.757446685511012e-02;

-2.253969828934567e-02 -4.438242061121812e-01;
-4.438242061121812e-01 2.253969828934575e-02;
3.956328864522825e-01 2.023921517438805e-01;
-2.253969828934567e-02 -4.438242061121812e-01;
-2.253969828934567e-02 -4.438242061121812e-01;

-2.362514056365411e-01 -3.449945260351566e-01;
-3.449945260351565e-01 2.362514056365411e-01;
4.168997265312880e-01 -3.210245594344848e-02;
-2.362514056365411e-01 -3.449945260351566e-01;
3.449945260351566e-01 -2.362514056365411e-01;

-6.328302167713685e-01 -4.324549124842307e-01;
-4.324549124842306e-01 6.328302167713686e-01;
6.909320485884041e-01 -3.318195877643031e-01;
-6.328302167713685e-01 -4.324549124842307e-01;
6.328302167713685e-01 4.324549124842306e-01;

1.529187259899425e-01 -9.656825797787739e-01;
-9.656825797787739e-01 -1.529187259899423e-01;
7.598462830855399e-01 6.152727913110286e-01;
1.529187259899425e-01 -9.656825797787739e-01;
-9.656825797787739e-01 -1.529187259899423e-01;

-1.394493606883843e-01 -3.276059061683291e-01;
-3.276059061683291e-01 1.394493606883844e-01;
3.534397175157863e-01 4.303626418652463e-02;
2.684795095307356e-01 -2.338600156394993e-01;
-1.394493606883843e-01 -3.276059061683291e-01;

-2.164245741396495e-01 -2.139216558825800e-01;
-2.139216558825800e-01 2.164245741396496e-01;
2.934738754837718e-01 -8.046835126687521e-02;
1.365727133942647e-01 -2.719374286544639e-01;
2.139216558825800e-01 -2.164245741396495e-01;

-3.815204673781281e-01 -1.984260022072255e-01;
-1.984260022072254e-01 3.815204673781282e-01;
3.626021923719083e-01 -2.311934157095585e-01;
7.081803427986394e-02 -4.241645334078548e-01;
3.815204673781281e-01 1.984260022072254e-01;

-3.307939287527614e-01 -5.395365040565625e-01;
-5.395365040565624e-01 3.307939287527615e-01;
6.326492831584096e-01 -1.670769368926990e-02;
4.109087623414415e-01 -4.813296703303140e-01;
-5.395365040565624e-01 3.307939287527615e-01;

-2.855692892423803e-01 -2.898172375744805e-01;
-2.898172375744804e-01 2.855692892423803e-01;
3.937737348153201e-01 -1.024016402373274e-01;
4.013807061750841e-01 6.661365373624149e-02;
-2.855692892423803e-01 -2.898172375744805e-01;

-2.703990113360092e-01 -1.347893403912467e-01;
-1.347893403912466e-01 2.703990113360092e-01;
2.519304986061721e-01 -1.667777427795571e-01;
2.979845818812205e-01 -4.988968406066346e-02;
1.347893403912466e-01 -2.703990113360092e-01;

-3.690841301602441e-01 -3.287799151338703e-02;
-3.287799151338696e-02 3.690841301602441e-01;
2.130152409561243e-01 -3.031972370957602e-01;
3.179205321902985e-01 -1.903433546881417e-01;
3.690841301602441e-01 3.287799151338698e-02;

-6.124795832514767e-01 -2.167855126080821e-01;
-2.167855126080820e-01 6.124795832514767e-01;
4.939815527167690e-01 -4.220301220910438e-01;
6.229297187798246e-01 -1.846233025312352e-01;
-2.167855126080820e-01 6.124795832514767e-01;

-5.425757918025227e-01 -4.332492442118512e-01;
-4.332492442118511e-01 5.425757918025228e-01;
6.464927475591326e-01 -2.532597970735157e-01;
1.842955199900979e-01 6.694240500399236e-01;
-5.425757918025227e-01 -4.332492442118512e-01;

-3.956139915818855e-01 -1.045853637019870e-01;
-1.045853637019869e-01 3.956139915818855e-01;
2.883805776208983e-01 -2.903190849514825e-01;
2.585847080125803e-01 3.171474064501831e-01;
1.045853637019870e-01 -3.956139915818855e-01;

-4.408851048561849e-01 1.293123773338825e-01;
1.293123773338825e-01 4.408851048561849e-01;
1.084547486331911e-01 -4.464738896225633e-01;
4.326914507311698e-01 1.545298517437494e-01;
4.408851048561849e-01 -1.293123773338825e-01;

-1.014288875250106e+00 4.032336938820789e-01;
4.032336938820791e-01 1.014288875250106e+00;
1.579338150613345e-01 -1.080016779683576e+00;
1.057591755774090e+00 2.699611313811450e-01;
4.032336938820791e-01 1.014288875250106e+00;

-8.831812486757050e-02 -8.199286933955393e-01;
-8.199286933955393e-01 8.831812486757065e-02;
7.542381402061044e-01 3.334786069478473e-01;
-8.070903282466066e-01 -1.693763722725952e-01;
-8.831812486757050e-02 -8.199286933955393e-01;

-4.995541613928416e-01 -3.404147703333862e-01;
-3.404147703333861e-01 4.995541613928416e-01;
5.445849196285785e-01 -2.624192091657392e-01;
-4.781244110497983e-01 3.699102912657619e-01;
3.404147703333862e-01 -4.995541613928416e-01;

-8.486331517983412e-01 2.373068625378658e-01;
2.373068625378660e-01 8.486331517983412e-01;
2.188028044489969e-01 -8.535912992199522e-01;
-3.654982791746610e-02 8.804299423679067e-01;
8.486331517983412e-01 -2.373068625378660e-01;

6.617162826094292e+00 1.445704608876649e+00;
1.445704608876648e+00 -6.617162826094292e+00;
-4.560598330702568e+00 5.007778803937363e+00;
3.419762556719363e+00 -5.846548532153960e+00;
1.445704608876648e+00 -6.617162826094292e+00;

-3.072661861226542e-01 -3.559023870917901e-01;
-3.559023870917900e-01 3.072661861226543e-01;
-1.545874154276858e-01 4.440515164520712e-01;
-3.072661861226542e-01 -3.559023870917901e-01;
-3.072661861226542e-01 -3.559023870917901e-01;

-3.024645400329702e-01 -1.537936274273723e-01;
-1.537936274273723e-01 3.024645400329703e-01;
1.804308172422167e-02 3.388387891262137e-01;
-3.024645400329702e-01 -1.537936274273723e-01;
1.537936274273723e-01 -3.024645400329702e-01;

-4.242643036505975e-01 -1.777894114757441e-02;
-1.777894114757433e-02 4.242643036505975e-01;
1.967351371391110e-01 3.763131354541194e-01;
-4.242643036505975e-01 -1.777894114757441e-02;
4.242643036505975e-01 1.777894114757436e-02;

-8.062943235276354e-01 -2.693314155253790e-01;
-2.693314155253788e-01 8.062943235276354e-01;
1.698993138816174e-01 8.329370748648106e-01;
-8.062943235276354e-01 -2.693314155253790e-01;
-2.693314155253788e-01 8.062943235276354e-01;

-2.518323733840863e-01 -2.063565845371839e-01;
-2.063565845371838e-01 2.518323733840863e-01;
-5.279385775534903e-02 3.212715251145388e-01;
1.184362912950406e-01 -3.032745112441698e-01;
-2.518323733840863e-01 -2.063565845371839e-01;

-2.279350448406096e-01 -1.055248811829350e-01;
-1.055248811829350e-01 2.279350448406096e-01;
2.258029458454871e-02 2.501599798361805e-01;
2.992432341093813e-02 -2.493880913026138e-01;
1.055248811829350e-01 -2.279350448406096e-01;

-2.945023739978175e-01 -3.841144945464493e-02;
-3.841144945464488e-02 2.945023739978175e-01;
1.139858959750045e-01 2.742522620842581e-01;
-5.447477914491028e-02 -2.919581925150764e-01;
2.945023739978175e-01 3.841144945464490e-02;

-4.271331200114891e-01 -1.442130960164704e-01;
-1.442130960164703e-01 4.271331200114891e-01;
8.867435529707697e-02 4.420146807358921e-01;
5.163411757618743e-03 -4.507920345929219e-01;
-1.442130960164703e-01 4.271331200114891e-01;

-2.929360149996608e-01 -1.086707373951088e-01;
-1.086707373951087e-01 2.929360149996608e-01;
5.235638826767882e-02 3.080253993706399e-01;
3.008652711957932e-01 -8.426699613822729e-02;
-2.929360149996608e-01 -1.086707373951088e-01;

-2.270645901448929e-01 -4.495812539555061e-02;
-4.495812539555057e-02 2.270645901448929e-01;
7.459741637337344e-02 2.191227660631543e-01;
2.101248353262209e-01 -9.709332992476259e-02;
4.495812539555060e-02 -2.270645901448929e-01;

-2.497647383259219e-01 2.508184968612105e-02;
2.508184968612109e-02 2.497647383259219e-01;
1.466038881650446e-01 2.037616835167605e-01;
1.873211765555640e-01 -1.670996723770954e-01;
2.497647383259219e-01 -2.508184968612108e-02;

-3.659938247084706e-01 1.663769533188244e-02;
1.663769533188251e-02 3.659938247084706e-01;
1.974055791720714e-01 3.086411021598230e-01;
2.863158320772224e-01 -2.285859508644812e-01;
1.663769533188251e-02 3.659938247084706e-01;

-4.115934167944195e-01 -4.476933744200922e-02;
-4.476933744200914e-02 4.115934167944195e-01;
1.670253248618321e-01 3.788350236954084e-01;
3.066713126562180e-01 2.781476951499209e-01;
-4.115934167944195e-01 -4.476933744200922e-02;

-2.748489360155393e-01 9.762803901288871e-04;
9.762803901289377e-04 2.748489360155393e-01;
1.382699516268380e-01 2.375380205975163e-01;
2.229313033378640e-01 1.607623237713223e-01;
-9.762803901289040e-04 -2.748489360155393e-01;

-2.611844639436911e-01 9.705023572800511e-02;
9.705023572800515e-02 2.611844639436911e-01;
2.146402015555662e-01 1.776672629850546e-01;
2.683473672895863e-01 7.500508602196597e-02;
2.611844639436911e-01 -9.705023572800514e-02;

-3.883683790965892e-01 1.781951569318812e-01;
1.781951569318813e-01 3.883683790965891e-01;
3.485057222826586e-01 2.472393038582908e-01;
4.189371040414954e-01 8.411429541650484e-02;
1.781951569318813e-01 3.883683790965891e-01;

-6.115418802471745e-01 -2.471805039219042e-01;
-2.471805039219041e-01 6.115418802471745e-01;
9.170634440697945e-02 6.532010557331062e-01;
-4.240594627244326e-01 5.052279138064342e-01;
-6.115418802471745e-01 -2.471805039219042e-01;

-3.737710472430426e-01 -4.158492433731758e-02;
-4.158492433731751e-02 3.737710472430426e-01;
1.508719227309507e-01 3.444876842802472e-01;
-1.550512188740682e-01 3.426269417529320e-01;
4.158492433731756e-02 -3.737710472430426e-01;

-3.644121963455010e-01 1.450988544189965e-01;
1.450988544189966e-01 3.644121963455010e-01;
3.078653921596216e-01 2.430407922745882e-01;
2.538764937388864e-02 3.914146058316240e-01;
3.644121963455010e-01 -1.450988544189966e-01;

-6.548555496258813e-01 3.872017143374488e-01;
3.872017143374489e-01 6.548555496258812e-01;
6.627542958180568e-01 3.735206846165097e-01;
1.658892198461413e-01 7.424565476851241e-01;
3.872017143374489e-01 6.548555496258812e-01;

