40

5
4.893245101921920e-01 -1.988403640839449e-16
6.993219401247751e-02 9.120316377785998e-17
1.707849584221329e-01 -7.638872688149211e-17
-3.048598384955438e+00 2.131386703014237e-16

17
9.335560736465121e-01 3.050925811291282e-01
-1.733429098166309e+00 3.099577708518602e-01
2.453911949241149e+00 5.251503057637980e-01
-4.676312108423076e-01 -1.079074815971207e+00

19
1.084396983485068e+00 8.647525870064519e-17
-2.615135472980468e-01 -8.634800686402452e-17
2.645320057744397e-01 4.423466901742192e-01
2.645320057744400e-01 -4.423466901742192e-01

26
-1.733429098166309e+00 -3.099577708518597e-01
9.335560736465121e-01 -3.050925811291273e-01
2.453911949241151e+00 -5.251503057637962e-01
-4.676312108423082e-01 1.079074815971207e+00

28
3.020509156384086e-01 -5.146656512078812e-01
3.020509156384085e-01 5.146656512078813e-01
-2.533854889608642e+00 8.796853593437808e-17
7.900953344867797e-01 -2.326052357238703e-16

32
4.893245101921923e-01 1.713704401425058e-15
6.993219401247720e-02 -1.756831788370917e-15
-3.048598384955439e+00 -1.842835478725830e-15
1.707849584221341e-01 -2.015856122204397e-15

37
9.335560736465121e-01 3.050925811291274e-01
-1.733429098166309e+00 3.099577708518591e-01
-4.676312108423082e-01 -1.079074815971207e+00
2.453911949241150e+00 5.251503057637945e-01

48
9.335560736465121e-01 -3.050925811291278e-01
-1.733429098166309e+00 -3.099577708518603e-01
-4.676312108423078e-01 1.079074815971207e+00
2.453911949241148e+00 -5.251503057637973e-01

53
7.749980642068771e-01 6.306383588702985e-17
-3.064425458123536e+00 8.917208676629509e-15
-7.537923867835504e-01 -9.557548461994649e-01
-7.537923867835504e-01 9.557548461994653e-01

59
7.749980642068786e-01 -5.813269456137667e-17
-3.064425458123532e+00 -8.504787594132830e-17
-7.537923867835504e-01 9.557548461994660e-01
-7.537923867835505e-01 -9.557548461994658e-01

65
6.993219401247734e-02 8.750994751539651e-17
4.893245101921923e-01 -1.267510913079182e-17
1.707849584221330e-01 8.609546454567078e-18
-3.048598384955438e+00 -4.387133847155432e-16

66
-2.615135472980468e-01 -1.063462667103355e-16
1.084396983485068e+00 5.501025281225070e-17
2.645320057744400e-01 4.423466901742191e-01
2.645320057744395e-01 -4.423466901742193e-01

77
-1.733429098166310e+00 3.099577708518597e-01
9.335560736465119e-01 3.050925811291276e-01
-4.676312108423086e-01 -1.079074815971207e+00
2.453911949241149e+00 5.251503057637945e-01

81
1.084396983485068e+00 7.467976014295169e-17
-2.615135472980468e-01 -1.142922934272334e-16
2.645320057744400e-01 -4.423466901742190e-01
2.645320057744399e-01 4.423466901742190e-01

82
3.020509156384086e-01 5.146656512078811e-01
3.020509156384082e-01 -5.146656512078812e-01
7.900953344867796e-01 -2.522908147883092e-16
-2.533854889608641e+00 -7.904310145170378e-17

90
-8.757265039771407e-01 6.246707063441486e-01
-8.757265039771405e-01 -6.246707063441488e-01
-9.971064592451159e-01 -2.086454267255369e-17
1.791668628697635e+00 2.442946811989085e-17

99
-5.070072899818532e-01 -1.546339305066163e-18
-1.327207780302093e+00 -1.933714983691488e-16
-4.680431933788753e-01 3.235792471558831e-17
1.870471150202003e+00 2.680443875295680e-16

102
8.161058158775408e-02 1.167259930431260e+00
8.161058158775429e-02 -1.167259930431260e+00
1.236807015993464e+00 -2.637576987639741e-17
-1.607103799774989e+00 1.020470765346282e-16

106
9.335560736465123e-01 -3.050925811291276e-01
-1.733429098166309e+00 -3.099577708518603e-01
2.453911949241150e+00 -5.251503057637968e-01
-4.676312108423080e-01 1.079074815971207e+00

108
-1.390057690238874e-01 1.287777897354102e-17
-3.410078084187456e+00 -5.618142809275216e-16
-6.323098380839364e-01 3.357048136565476e-01
-6.323098380839364e-01 -3.357048136565481e-01

114
8.161058158775436e-02 1.167259930431261e+00
8.161058158775440e-02 -1.167259930431260e+00
-1.607103799774988e+00 -4.420999246966924e-20
1.236807015993464e+00 1.844319497018201e-17

128
3.020509156384093e-01 5.146656512078811e-01
3.020509156384075e-01 -5.146656512078812e-01
-2.533854889608641e+00 -1.215174975966960e-15
7.900953344867800e-01 -5.429280931496248e-16

132
6.993219401247436e-02 -1.378544124371196e-15
4.893245101921949e-01 1.329096390393966e-15
-3.048598384955441e+00 -1.152700292262203e-15
1.707849584221329e-01 -6.560959063925333e-16

137
-2.615135472980464e-01 -2.833492712264440e-16
1.084396983485068e+00 6.264264377023878e-17
2.645320057744402e-01 -4.423466901742190e-01
2.645320057744401e-01 4.423466901742189e-01

138
3.020509156384084e-01 -5.146656512078809e-01
3.020509156384084e-01 5.146656512078808e-01
7.900953344867796e-01 7.816737848075444e-17
-2.533854889608641e+00 4.404844442703906e-16

141
-1.733429098166309e+00 3.099577708518597e-01
9.335560736465118e-01 3.050925811291278e-01
2.453911949241149e+00 5.251503057637971e-01
-4.676312108423079e-01 -1.079074815971207e+00

148
-8.757265039771402e-01 -6.246707063441493e-01
-8.757265039771407e-01 6.246707063441497e-01
-9.971064592451166e-01 -1.367737237596489e-16
1.791668628697634e+00 -6.188012606629738e-17

151
-3.064425458123533e+00 1.604175181607641e-15
7.749980642068804e-01 5.022827579404237e-15
-7.537923867835535e-01 9.557548461994665e-01
-7.537923867835480e-01 -9.557548461994676e-01

158
-3.064425458123532e+00 7.970119805943897e-16
7.749980642068804e-01 4.125699369736775e-15
-7.537923867835483e-01 -9.557548461994676e-01
-7.537923867835530e-01 9.557548461994665e-01

163
-1.327207780302093e+00 -2.284641155954541e-16
-5.070072899818533e-01 7.543305894250878e-17
1.870471150202003e+00 1.596644651425359e-16
-4.680431933788765e-01 -4.559826271813562e-16

174
-3.410078084187454e+00 5.576374141538306e-16
-1.390057690238876e-01 -7.795170153069232e-17
-6.323098380839359e-01 -3.357048136565478e-01
-6.323098380839365e-01 3.357048136565478e-01

177
-1.390057690238875e-01 2.605151386504010e-17
-3.410078084187456e+00 3.462198579783160e-16
-6.323098380839365e-01 -3.357048136565478e-01
-6.323098380839365e-01 3.357048136565479e-01

180
-1.327207780302094e+00 2.094201108709590e-17
-5.070072899818532e-01 -1.866035761180943e-17
-4.680431933788757e-01 -1.662630829278216e-17
1.870471150202004e+00 1.048400808619669e-17

182
8.161058158775471e-02 -1.167259930431260e+00
8.161058158775469e-02 1.167259930431260e+00
1.236807015993464e+00 1.387662962910705e-17
-1.607103799774988e+00 1.395925393368610e-16

187
-8.757265039771414e-01 6.246707063441486e-01
-8.757265039771408e-01 -6.246707063441489e-01
1.791668628697636e+00 1.639311672644302e-16
-9.971064592451168e-01 -4.345769707258480e-16

188
-1.733429098166309e+00 -3.099577708518604e-01
9.335560736465117e-01 -3.050925811291280e-01
-4.676312108423077e-01 1.079074815971206e+00
2.453911949241148e+00 -5.251503057637984e-01

192
8.161058158775582e-02 -1.167259930431260e+00
8.161058158775399e-02 1.167259930431259e+00
-1.607103799774990e+00 1.163665753366592e-15
1.236807015993463e+00 3.929456947160976e-16

195
-3.410078084187454e+00 -2.080471268431725e-16
-1.390057690238874e-01 3.024927312827593e-17
-6.323098380839370e-01 3.357048136565482e-01
-6.323098380839355e-01 -3.357048136565481e-01

202
-8.757265039771409e-01 -6.246707063441491e-01
-8.757265039771406e-01 6.246707063441489e-01
1.791668628697635e+00 3.096589304653085e-16
-9.971064592451160e-01 -2.554292543461246e-16

220
-5.070072899818534e-01 1.264784254124751e-16
-1.327207780302093e+00 -1.647412863469408e-16
1.870471150202003e+00 2.387805744085071e-16
-4.680431933788747e-01 -3.101833549271688e-16

