40

2.445368928715412e-56
6.899264523265355e-60
3.544390739721982e3

2.609818762203563e-51
2.683005906588512e-55
9.727219592751446e3

3.465951195306609e-50
3.563146860475295e-54
9.727219592751446e3

3.186759773221231e-56
8.990994524128557e-60
3.544390739721982e3

5.579650355800116e-54
1.567253532730626e-57
3.560145336586795e3

1.551703317895446e-51
1.584986476781305e-55
9.790009824226083e3

1.077690163282840e-57
4.950597054019629e-61
2.176889275219463e3

9.273215669185337e-54
6.667456554828398e-59
1.390817561828718e5

2.971801381508833e-55
8.347415907346012e-59
3.560145336586795e3

1.922419444147316e-57
6.059535927474608e-61
3.172552266636217e3

1.007063308235285e-50
1.028664246835825e-54
9.790009824226083e3

3.411905941197133e-53
1.075445147768896e-56
3.172552266636217e3

4.482748308277244e-55
2.059244978284583e-58
2.176889275219463e3

2.110452800825378e-58
9.694810043164058e-62
2.176889275219463e3

3.063954595644392e-57
2.651272032137585e-60
1.155654553174644e3

6.061095504838389e-42
3.412009430210367e-47
1.776400572393697e5

1.066611187363967e-58
9.229498420907266e-62
1.155654553174644e3

1.419351290493434e-50
1.020515795491681e-55
1.390817561828718e5

1.343341654060527e-42
7.562155039447977e-48
1.776400572393697e5

5.489921120768595e-56
1.548904035676162e-59
3.544390739721982e3

1.017524187850077e-50
7.316014808672562e-56
1.390817561828718e5

3.917594983464360e-43
2.205355618741671e-48
1.776400572393697e5

6.566648421771729e-55
3.016528445669205e-58
2.176889275219463e3

5.703277523718444e-43
3.210580773475706e-48
1.776400572393697e5

2.870061249809754e-57
2.483494087333922e-60
1.155654553174644e3

2.054118841395234e-57
1.837543705881648e-60
1.117861215937541e3

1.299328355688999e-57
4.306004282299509e-61
3.017480407602212e3

5.198564790602393e-54
4.650456350471378e-57
1.117861215937541e3

3.927342539640861e-53
3.398370671280828e-56
1.155654553174644e3

2.522247945744533e-54
7.084676908619349e-58
3.560145336586795e3

2.172928169819449e-55
6.103481640170041e-59
3.560145336586795e3

2.089510501986904e-58
6.924686227365754e-62
3.017480407602212e3

1.363648025763589e-56
4.298268117137857e-60
3.172552266636217e3

4.033282562867971e-54
2.899936464394946e-59
1.390817561828718e5

1.398643290513389e-54
1.251177937451170e-57
1.117861215937541e3

9.304349594949349e-57
2.625091384726722e-60
3.544390739721982e3

4.462806618421210e-57
1.406692859044059e-60
3.172552266636217e3

1.747221152327283e-58
5.790331390140432e-62
3.017480407602212e3

6.146237119860973e-59
5.498211255773978e-62
1.117861215937541e3

1.262256229974930e-58
4.183146398547654e-62
3.017480407602212e3

