12                                               

-4.181691167533519e-01 -2.875516425229197e-16
1.159931657640305e+00 1.677395012852904e-16
-6.618707723065874e-01 -9.294325477204609e-17
4.133805346399305e-01 -7.376044741442971e-18

1.159931657640305e+00 3.210384311710455e-17
-4.181691167533531e-01 -1.089835595322570e-16
4.133805346399304e-01 -1.172632505478537e-17
-6.618707723065879e-01 -8.239078810964906e-17

1.244498215961228e+00 2.533026853297243e-16
-9.938506649828449e-01 7.297927088768563e-16
-1.507879837181379e+00 -2.668620692827919e-15
-8.069638348739339e-01 -5.057877359059907e-17

0.122914507856015417281e1 -0.211012847819991300469e-16
-0.296588485662414978836e0 0.298155597433513719352e-18
-0.651623750785668023758e0 0.615284732885523766299e-17
-0.105272744837047000799e2 0.145283091113057594157e-16

1.159931657640305e+00 8.979472594475697e-17
-4.181691167533518e-01 -3.166919390778862e-16
-6.618707723065876e-01 -7.851770029749065e-17
4.133805346399308e-01 -5.305380539910078e-17

-0.296588485662415010956e0 0.263639004832900980535e-18
0.122914507856015407631e1 0.338813178901720135627e-18
-0.651623750785668041919e0 0.355753837846806142409e-18
-0.105272744837046998692e2 -0.194478764689587357850e-17

-2.965884856620105e-01 -3.598872891859495e-13
1.229145078560018e+00 1.205687719306864e-13
-1.052727448372900e+01 2.166402792206548e-11
-6.516237507857433e-01 -9.132178976114470e-14

-9.938506649828436e-01 -6.065254185148808e-16
1.244498215961229e+00 -2.779770214259152e-16
-1.507879837181386e+00 2.134061420580494e-15
-8.069638348739331e-01 -3.894091184741016e-16

1.244498215961229e+00 -7.513197620459170e-17
-9.938506649828460e-01 4.372259642726155e-17
-8.069638348739350e-01 5.014612337404043e-17
-1.507879837181378e+00 1.106733956710279e-16

1.229145078560330e+00 -5.839963518162047e-14
-2.965884856629395e-01 1.734526904279498e-13
-1.052727448367314e+01 -1.043718110808623e-11
-6.516237507856538e-01 3.720032100042179e-14

-9.938506649828456e-01 3.427275793603745e-18
1.244498215961228e+00 -1.016716706670999e-16
-8.069638348739345e-01 -1.416460606734347e-18
-1.507879837181376e+00 -1.651653952833678e-16

-4.181691167533539e-01 -7.528529703492765e-16
1.159931657640306e+00 2.736467273049095e-16
4.133805346399302e-01 -1.730346356094999e-16
-6.618707723065878e-01 -8.887686326716435e-17

