0
2.106456808215734e-02 -2.324133434200663e-01
-5.193652827411958e-02 -3.318630442981571e-02
5.579076959679360e-02 -2.253100671373106e-01
1.912508718045750e-01 -5.323150629632574e-01
-9.160162912165964e-03 -1.750849254340043e-01

1
7.091846267678262e-03 -9.780377997387955e-04
4.225572241174472e-01 5.824791103014785e-01
2.927850509716314e-01 -6.573642296598509e-01
9.482070098298870e-02 1.118566984219245e-01
-1.313089722553172e-01 1.325094837706563e-02

2
-2.346528309665172e-01 -7.659621839030113e-02
-3.128497695367649e-01 3.829981232604605e-01
-1.618998452200298e-01 -5.110252796098076e-01
-2.084117134860317e-02 -2.466013187297792e-01
-1.215497890317109e-01 1.701256058323738e-01

3
1.581318508327919e-01 -1.180741480567448e-01
3.294656577701400e-01 3.561409133994424e-01
1.182000199979815e-01 -6.822440559085224e-01
1.328788765012277e-01 1.056285252054919e-01
-1.090219190134252e-01 -2.014459970107446e-01

4
-7.030787891732952e-01 -2.066578094751598e-01
-1.103412689345102e+00 -3.426212708692739e-01
3.877222318923839e-01 6.970929426521323e-01
2.992351678618260e-01 -1.828002569748059e+00
-3.361446528363612e-01 9.728492176984981e-02

5
5.418282724001289e-02 -3.518864273907040e-01
8.465720890244032e-01 -1.212886548274967e+00
1.477256226237371e-01 -2.092577474000166e+00
3.201235703045192e-01 1.285104286467842e-01
4.771938123964736e-02 -9.478084024871714e-02

6
-3.787824333672375e-01 -1.022685743097108e-01
-6.136026921300056e-01 -8.069916251216697e-01
-8.542248835492385e-01 -2.045215394613733e+00
-2.413212968714595e-02 -8.549394133599364e-02
-6.721224333783506e-02 4.032933735253345e-01

7
9.808384880140224e-02 1.930360477235056e-02
4.736219375450555e-02 4.102525446443191e-02
1.422920187087616e-02 -1.442214016357871e-02
-1.039540642101791e-02 -2.239397573514398e-03
6.486901023999727e-01 -7.743624633632975e-01

8
2.062358126863053e-01 -4.540498571499006e-01
2.107757896030657e-01 -3.727047499082362e-01
5.420402449600970e-03 -1.441767045206419e-01
-2.230764889043871e-02 4.543949612930360e-02
5.823438824838816e-01 -9.717514660341969e-01

9
-1.568560372039464e-02 -2.445771157325867e-01
2.629576600683031e-01 -6.110874753486840e-01
-1.913387527917607e-01 -1.427463726272443e+00
2.273601932452103e-02 -4.464270005074238e-02
2.267322268442128e-01 2.500948921073630e-02

10
-7.960519017906359e-01 2.979179481314742e-02
-2.748242042725357e+00 -1.355543266628829e+00
-3.090886525011869e+00 -1.865607419800229e+00
1.157788023459289e-01 -7.038444413163206e-01
1.385114735438920e-01 8.279343442535149e-01

11
1.053962236236860e-01 3.031724910405579e-01
2.033984123060674e-02 1.196341263731174e+00
9.582755199769181e-02 -9.999811347430654e-02
-3.006827527563792e-01 1.200981850367039e-01
2.931064633876594e-01 -9.988568107076719e-02

12
4.791433072914605e-02 2.487003466441837e-01
-3.517677687279783e-02 3.884118810122643e-01
-1.800134291990106e-01 -2.818945394593754e-01
4.836981613522004e-01 -2.681096170291510e-01
-5.986944134492513e-02 -6.230442621882044e-02

13
-3.258972933466343e-01 1.557841712128969e-01
-1.452596626479601e+00 1.800034389061772e-01
-1.800425767261648e+00 -9.870740526734598e-01
2.160429619290063e-01 3.225719269597458e-01
-1.150382851342001e-01 -1.968555087802266e-02

14
6.276108620426564e-02 1.001273947848840e-01
-1.884969751976384e-01 4.838367785883860e-01
-4.220951262327466e-01 -5.532740178326732e-01
1.119039582120395e-01 -1.087806828493980e-01
2.062612741692015e-02 8.823736254785844e-02

15
-6.000372768589698e-01 1.373420354348358e-01
-2.478963249269639e+00 -1.731749525298602e-01
-2.648008937202975e+00 -8.780580802967268e-01
2.319329719185522e-01 6.016438931949316e-01
-1.269912195614338e-02 -5.691794435371061e-01

16
6.158404804733846e-01 1.997364943568773e-01
8.913151486485897e-01 1.040979419472877e-01
-3.253566202537204e-01 3.782123023399662e-01
1.273222299360260e+00 -1.009481252638796e+00
2.805770303257897e-01 2.941819387458775e-01

17
1.314644763761582e-01 2.940858731729456e-01
1.227802322619530e-01 1.196298425976746e+00
8.897201694617625e-02 -1.049923708009667e-01
2.844942719566897e-01 -1.250756406191695e-01
-2.903039807455273e-01 1.458410847194263e-01

18
-4.514924455893013e-04 2.437468988958917e-03
7.343021928106519e-02 -5.954929544727772e-02
-7.369781869819142e-02 6.093835367759134e-02
1.034068610106138e+00 -4.745168576306610e-02
-2.782652933576877e-01 -8.085079815361536e-01

19
1.617459549337958e-01 4.770400456654058e-02
6.837743282443464e-01 3.141771220752494e-01
6.477490186516940e-01 -7.416591873228184e-01
-1.499145718910221e-03 -1.709397493795861e-01
7.350659835958938e-02 2.726364290845787e-03

20
-3.516469313913204e-01 -7.436461829176956e-01
-6.919340517867104e-01 -3.958005581185648e-01
2.848407964312130e-01 -5.504428949688046e-01
-7.845338616821121e-01 -9.068389381922666e-01
3.561990248399791e-02 4.438140059557129e-02

21
-1.499566810995600e-01 1.487416956040935e-01
-5.758092721062226e-01 -6.659339345926039e-02
-3.228629063276076e-01 -1.202206963722258e+00
-7.398689502291632e-02 -3.514822668431495e-02
-7.826450236656256e-02 -1.342524364002062e-01

22
-1.342324623818851e-02 3.026995941794216e-03
-4.371014171202763e-01 4.485786618484650e-01
4.293894634626111e-01 -4.468392255082537e-01
-6.694435331714303e+00 1.094925159650168e+00
6.693912342718320e+00 -1.094806958317859e+00

23
1.045675302797394e-01 1.994161321800721e-03
4.231378723492965e-02 -3.064863056829312e-02
2.713335987692393e-02 4.500000238425628e-02
3.353370528133832e-02 6.533598631443038e-03
6.638315520678499e-01 -8.899656356931467e-01

24
-1.576106641378796e+00 -7.317482537235709e-02
-5.567615006660076e-01 -4.875307437543706e-01
5.409692581507697e-01 -2.669183603934401e-01
2.267810181666310e-01 -3.709258357232873e-02
-6.395981784336735e-02 -3.236356223365143e-01

25
8.418865489556834e-03 1.749099597825979e-02
-1.291427402478617e-03 8.712128903819727e-02
5.368929200467754e-03 -7.710041720745339e-02
-1.640330756785523e-02 9.396198708038433e-03
5.624071551813595e-01 -6.687875544991811e-01

26
-1.097135865767449e-01 1.638243130834808e-01
-7.405411537233977e-01 1.276023693499931e-01
-5.375478157773608e-01 -1.045990719816217e+00
-7.657418905525415e-02 -1.306247184782257e-01
-1.046567785435367e-01 7.262631185786468e-04

27
3.378381069497727e-02 1.223700594565138e-01
-4.158355947063367e-01 4.198136535475291e-01
-4.865870654150276e-01 -6.180290259236116e-01
-1.016939265369090e-01 -5.180304140883955e-02
1.534962200059780e-01 -4.745158220331087e-02

28
1.498977893198612e-01 -1.563565292890478e-01
1.583604106466185e-01 -2.223147663436597e-01
-3.259201677297883e-02 9.403768869119644e-02
-2.457292920647371e-02 3.258401252404002e-02
8.708510217804439e-01 -9.816950589943908e-01

29
-3.576496728301838e-02 6.569257643759620e-02
-2.751248941011176e-01 5.181080599078012e-01
-2.323911191677918e-01 -5.069174150475788e-01
7.602809549808633e-02 -7.488932538752412e-02
-1.240402016183540e-01 -3.910308737937460e-02

30
1.087535230163817e-01 8.439999728890522e-02
1.038601739773102e-01 1.135339587734170e-01
-5.510398139073639e-02 -3.458900202443350e-02
-2.049809011621332e-02 -1.465074140581594e-02
7.297624771757144e-01 -6.290752269058144e-01

31
7.598382244397284e-02 1.872078841470723e-01
-3.980322665775551e-01 3.133464369254755e-01
-5.755717634380758e-01 -8.470018014222735e-01
-9.937693380491994e-02 6.604234679339707e-02
2.091230497652921e-01 -8.732296149521250e-02

32
6.981030830280135e-03 9.474719227912870e-04
1.708237105126082e-01 2.989817607407231e-01
-1.668369925882759e-01 -2.984163388093952e-01
4.684659287240674e-01 -3.706354535761497e+00
-4.681937510629113e-01 3.706391533306861e+00

33
-7.988186101662064e-03 1.227178085917181e-01
-2.980107671855861e-01 4.083078328612577e-01
-3.430718248421148e-01 -6.621597274879514e-01
1.457759107918062e-01 -2.275456030313897e-02
-1.201571330543534e-01 -6.442525726352887e-02

34
2.842817912440832e-04 3.021268447286706e-04
-3.033558615806256e-04 3.390376273036567e-02
4.651398651183889e-04 -3.373047811587074e-02
2.232404736376288e-01 -2.928148964980153e-01
3.271667158795105e-01 -4.291499500065500e-01

35
6.485628888985190e-02 2.614748000469234e-01
-2.489441538206483e-02 3.652269190806108e-01
-1.530299052574774e-01 -2.937694626211381e-01
4.493319371349248e-01 -4.312620060009683e-01
-3.377646442771406e-02 7.912099928427073e-02

36
2.413197886101055e-01 -8.236900453712895e-02
4.761524592862911e-01 3.636611363647482e-01
6.137254978006467e-02 -5.755988671641633e-01
1.709650584650001e-02 -2.514311330233777e-01
1.927582857963023e-01 1.958847905133707e-01

37
-9.686012441194289e-02 4.187204472094850e-02
-3.043681182153175e-01 6.738109074952870e-01
-3.860793061032628e-01 -5.201902574802520e-01
6.494750269876305e-02 1.728622333991091e-01
-1.438840443752047e-01 -5.048102207555374e-02

38
2.816884948846580e-02 9.257167899269673e-02
-1.043001755374158e-01 5.073082674016833e-01
-2.613839745382784e-01 -5.298589827123988e-01
5.109740099590304e-02 3.281895827055276e-02
6.321070404315024e-02 -6.471628854236362e-02

39
2.327189334258768e-02 9.695702907887842e-02
-7.797480784966884e-02 4.859841146940341e-01
-2.368225696754068e-01 -5.535564424698167e-01
7.234996995807924e-02 -4.896617135078683e-02
3.926483838234723e-02 2.410275806124500e-02

40
2.723714783844045e-01 -9.079600552015918e-02
5.153359045821259e-01 3.948962701176384e-01
6.431538496654927e-02 -6.209371717436714e-01
2.063180911702188e-01 2.155570846104191e-01
1.468327270685675e-02 -2.713864366456065e-01

41
1.464632819472531e-02 1.276378297233624e-01
4.874882191201114e-01 6.995263093566247e-01
4.726378107990802e-01 -6.859033415404836e-01
1.184862982984215e-01 1.165351150319271e-01
-2.053615653075626e-01 1.842840823779156e-02

42
1.084323892504692e-01 7.070778019457509e-02
1.770193523531791e-01 5.617626544210249e-01
3.930044878061170e-02 -7.927960009333785e-01
-4.565472231485135e-02 2.658131423328083e-02
-3.986615224442207e-02 8.357013410380827e-02

43
-8.876534785974365e-01 2.834245534988216e-01
-1.571478997241972e+00 3.981246040139032e-01
9.444453815816191e-01 6.543587556291363e-01
-9.281207010872093e-01 -1.748569344135272e+00
2.050932785807692e-01 1.487549790220413e-01

44
1.068505465114285e-01 7.784839461159093e-02
2.034015901823791e-01 5.644812374356930e-01
8.196488817542942e-02 -8.127820755952954e-01
-3.298849653764467e-02 8.112115848952024e-02
-6.120568462156458e-02 2.996436578844892e-02

45
-8.909553816677275e-02 -8.278542107850959e-03
-3.207527895473907e-02 -2.390934600540806e-02
-1.172457359073876e-02 3.128012103949217e-02
8.655189572589917e-03 1.026065882048251e-03
6.549341856865075e-01 -7.309994003337916e-01

46
8.933062916136632e-02 1.946148509844235e-02
2.268102874728169e-01 5.287002506725056e-01
2.337543715640113e-01 -5.614972740254390e-01
-8.724198598922660e-02 7.812782763951647e-04
5.018132057730224e-02 -1.103815535530465e-01

47
6.525529594400779e-01 -2.066361015002610e+00
6.795255076592683e-01 -6.509527736633866e-01
-7.060937523067130e-01 -5.200231980214053e-01
-6.524075309737822e-02 2.013571151762829e-01
-4.968620607830178e-02 -5.676160548434924e-01

48
4.651033379205150e-04 -2.383807142668559e-03
7.334225582237883e-02 -6.101120455418650e-02
-7.308570834243143e-02 5.964556878393044e-02
1.031607811848139e+00 -5.076084792964649e-02
-2.804345705959704e-01 -8.057852739971585e-01

49
-1.087868298311148e-02 -2.240527544780777e-02
1.733039248765120e-03 -1.113599541453937e-01
-8.859292680884133e-03 9.859058709962373e-02
2.087648441448173e-02 -1.216297178240007e-02
7.463888441305653e-01 -8.631035397786446e-01

50
6.969622247346298e-02 9.868838548886254e-02
3.580072916100636e-01 6.235353289832867e-01
5.090789723192455e-01 -5.855413366251756e-01
-1.711543687461238e-01 5.557946329594185e-02
6.608917991500128e-02 -1.510197330450356e-01

51
9.031042166853055e-02 1.766983132349324e-01
7.174824952224572e-02 8.048119743923603e-01
2.087232283226189e-02 -4.479641040584986e-01
-1.701050004703649e-01 1.125419199689541e-01
1.790831209970156e-01 -7.591460698145486e-02

52
-6.317200275714732e-02 5.548229502711361e-02
3.140981513535077e-01 5.026246939366117e-01
2.253285864615350e-01 -4.751950704814415e-01
4.352019632889963e-02 -1.086509887609061e-01
8.264513010879124e-02 1.111830584356211e-01

53
7.565042380368929e-02 1.156983756725599e-01
4.512619477792169e-01 6.085956613087135e-01
5.608205528144300e-01 -6.201359276382721e-01
6.863643827130858e-02 -1.430077594386753e-01
-1.724201898955672e-01 6.458570342980974e-02

54
8.317494712097549e-02 2.529053187454706e-02
2.562147975738769e-01 5.254993228693154e-01
2.612134406812713e-01 -5.560664762923905e-01
6.315827503266785e-02 -1.166684437426267e-01
-1.066304116187320e-01 -2.171462628606023e-03

55
1.835004304379652e-01 1.581360860823296e-02
5.693141543906146e-01 1.972443394758056e-01
5.088518855368870e-01 -9.037559076757190e-01
6.118084094484181e-02 5.988587370754853e-03
-2.267288866768273e-02 -1.865774594233205e-01

56
-1.005538362823835e-02 -2.504106230823632e-02
6.590009453339676e-03 -1.196577003015959e-01
-1.334908635316962e-02 1.052724244530688e-01
-2.473900057495901e-02 9.294645306455320e-03
8.108066425299257e-01 -8.844083324793445e-01

57
1.030059550630390e-01 1.686382568767745e-01
1.137193454022126e-01 7.959603042434465e-01
-6.325675117592235e-03 -4.458014948172351e-01
1.714367583005545e-01 -8.885025937243433e-02
-1.603214448753985e-01 1.245818857177482e-01

58
6.294953944634627e-03 4.592415280549333e-04
2.630201883431086e-01 5.374884034743449e-01
3.335153679878489e-01 -4.969304266836900e-01
5.982542913485938e-02 -1.063276914985558e-01
-1.240599442360541e-01 -1.260899814626857e-02

59
7.992674980333023e-03 1.686606919223805e-02
7.705374231702761e-04 8.294982442303836e-02
3.096592603591211e-03 -7.330807617657642e-02
1.661618699660199e-02 -7.432002845366281e-03
5.331026566391469e-01 -6.568598892402275e-01

60
1.370357303027716e-01 -3.061224196496364e-01
1.823592554256334e-01 -2.793372377677072e-01
-5.675390114417894e-02 -7.104069916474161e-02
5.078442977295413e-01 -6.297940029177711e-01
7.106805097743753e-02 -2.336818324911126e-01

61
-6.270341792647851e-04 -1.596880966936081e-03
4.239699495283857e-02 5.082387914290033e-02
-4.275934099448334e-02 -5.174121960642639e-02
-3.862039766856414e-02 -7.246095525645500e-01
5.833221996970344e-01 1.380620055201348e-01

62
2.602439780994674e-01 -3.160011349819311e-01
3.157627597480178e-01 7.223959992678014e-03
2.264503392093024e-02 -3.940889221955576e-01
2.425495712949850e-01 -5.264695639725783e-01
-8.362735200658529e-03 1.971869892509438e-02

63
-8.411198325869938e-02 -7.057944195996570e-02
9.400902734264020e-02 4.530645396231532e-01
-1.332647785697363e-02 -6.614409559015608e-01
7.771348542877258e-03 3.543102014896687e-02
-6.736652786399006e-02 6.511496551126757e-02

64
2.509760323280068e-02 -6.694518423760991e-03
6.452176527796433e-03 7.638966246658134e-02
9.071249146902301e-03 -7.970982372877729e-02
6.500564689145087e-03 2.285516235030213e-02
5.270153517967184e-01 -7.006865154685356e-01

65
6.813888954903953e-03 -1.453193371764479e-01
3.424962435127196e-01 4.863351690457633e-02
4.729858888253335e-03 -8.842252737309734e-01
1.076815229311052e-01 -1.549478622922427e-02
5.342246454043893e-02 3.914739859113920e-02

66
-1.092989955373450e-01 -2.758480696584006e-01
7.524267409746026e-01 -1.137766385577860e-01
6.809190243280955e-01 -1.137850249033870e+00
1.882377643279239e-01 -1.057909872958689e-01
-2.931793585158381e-01 1.222491610599932e-01

67
-3.609594095947756e-01 -4.991674592957067e-01
2.136059483277382e-01 1.012452960397418e-01
1.387293179191408e-02 -2.894461739553922e-01
6.689903453564391e-02 6.087453192138147e-02
8.325513267463228e-02 -9.866865296766389e-02

68
3.448122368753585e-02 -1.455095831095931e-01
-1.263930519638573e-02 5.800162269718056e-02
3.374288484074804e-02 -1.865340598367981e-01
-5.130416037807493e-03 2.674468583886161e-02
3.392869882775884e-01 -6.781107396174316e-01

69
-4.440462104275089e-02 -1.534810857163941e-01
8.538132901800955e-03 -3.186848085619350e-02
-2.841137334132781e-01 -8.856716925142573e-01
7.103055751745806e-03 1.624283460632019e-02
1.467372622074263e-01 -4.223541997479806e-02

70
-1.641740206562180e-02 -9.376529259598161e-02
4.759985709427332e-01 5.547331115624364e-01
3.099692263446813e-01 -6.244410930185715e-01
1.138054272882511e-01 9.617384064560021e-02
-1.614051844216483e-01 4.276543180199400e-02

71
-6.519620251647290e-02 -9.746393497926741e-02
6.251435933776880e-02 5.195763052900160e-01
-6.003549584553464e-02 -4.406570502554552e-01
9.124246458020281e-02 -6.091609387604540e-02
-9.289567469672316e-02 6.973055226096236e-02

72
-2.912234445900442e-02 -2.343775839359485e-01
8.335251881031391e-01 1.151040290679021e-01
7.795154235313421e-01 -1.055476257151909e+00
-2.628649529045288e-01 3.866908898103272e-02
1.227174446273404e-01 6.030706569366378e-02

73
-1.566040551201445e-02 -2.745929397515929e-01
9.852908848429502e-01 2.002662917831115e-01
1.037744939789762e+00 -8.279806799196135e-01
-3.033874650075018e-01 2.428182668563404e-02
1.709305723597395e-01 -5.812609773126982e-02

74
1.047032638581264e-03 -9.656270794543497e-03
4.105086695419087e-01 5.745104222976420e-01
2.928269545210038e-01 -6.419825908916322e-01
-1.419385737225694e-01 2.558130072161374e-02
1.082535830300522e-01 1.154687561911777e-01

75
5.024945329223746e-03 3.441958392684807e-03
2.487368843959055e-01 5.545198803620670e-01
3.560842413657462e-01 -4.932072379857672e-01
-1.240021924486819e-01 -3.140355528747927e-03
5.227815318448497e-02 -1.130081624237577e-01

76
4.443698302578857e-02 -7.537670759969896e-02
3.832945593950309e-01 4.473265237465618e-01
1.591817446384241e-01 -4.947145990614735e-01
1.715956586472908e-02 -1.084195011500312e-01
1.039871528918763e-01 9.676349130093394e-02

77
1.235988035580110e-01 -1.274050390406245e-01
2.899527067906948e-01 3.444069665266952e-01
1.033013916105471e-01 -6.277227377359776e-01
-1.199722555398614e-01 -1.681025583961271e-01
1.437382294213328e-01 8.970908494882857e-02

78
2.022346078066014e-03 -2.888564953290880e-06
-4.560550101910457e-02 6.161610922585720e-02
4.676861381236021e-02 -6.161502584815426e-02
8.040697370847113e-01 -2.381096918984570e-01
-3.758992716788499e-01 -5.818872558480109e-01

79
2.276803538558673e-01 -1.929923113326917e-01
1.211669747420270e-01 2.762316797068841e-01
2.662293097554654e-01 -3.869457568929301e-01
-1.219859556348055e-01 -5.845707011674838e-01
1.533324082479322e-02 4.027071525145284e-02

80
9.184895244628292e-02 -1.531930701021961e-03
2.524449642058291e-02 3.863248255126127e-02
3.616537681832587e-02 -2.821433744231722e-02
2.965732424427293e-02 4.704077748615259e-03
5.546706547636775e-01 -8.020147487969861e-01

81
1.873015727951916e-03 -1.135521057671913e-03
-6.265263151317021e-02 -5.360105767335906e-02
6.373002793452348e-02 5.295846723259487e-02
-2.052882004504691e-01 -8.764567226878985e-01
7.424435645416524e-01 4.137660738571387e-02

82
-1.428290069011487e+00 -1.825605690969008e-01
-4.621749899272256e-01 -4.261701424622695e-01
4.516484057630790e-01 -2.160441620229605e-01
-4.578737239067821e-02 -2.839572239853303e-01
1.981438094522237e-01 -9.711797098897459e-03

83
1.577775484807639e-01 -1.902336933095909e+00
4.295698125241835e-01 -6.089824604319606e-01
-6.136714161290105e-01 -3.055057990490738e-01
-1.116058889829103e-01 -4.371905071162069e-01
-1.865770903476052e-02 1.883977640105683e-01

84
1.559763845784150e-01 3.365254234750158e-02
-5.695974917038305e-02 -9.150672121800934e-03
1.509748077584248e-01 6.336449735292020e-02
-2.736335734892972e-02 -4.250568110686258e-03
6.028202435784331e-01 -1.059319479340892e+00

85
7.038680977253766e-03 -4.105261754850703e-03
-2.651802114996282e-01 6.474580003140618e-01
-4.277356109975641e-01 -5.528047800208518e-01
5.335699007486074e-02 1.319830851527027e-01
-1.349958321269049e-01 -3.572373236431846e-02

86
-2.812457381974583e-01 1.528733895756645e-01
-3.685880157652222e-01 -8.939190914112817e-01
8.741595912998669e-02 -1.918587717590200e+00
-1.552196398305223e-01 -1.918709129016201e-01
2.899866190687800e-02 -1.355029580055682e-01

87
1.703565825224803e-01 5.326372488188004e-02
-3.703076647760304e-01 7.609662462401390e-01
-6.913598621995971e-01 -3.304018985887089e-01
2.411787109503619e-03 1.880917856725096e-01
1.002676684415764e-01 -1.866535637085982e-01

88
3.306100860512496e-03 7.940389844582235e-03
-2.640695566469839e-01 6.324765315251502e-01
-4.160747256063395e-01 -5.456770988513451e-01
-1.381738513996203e-01 -1.987900119915595e-02
6.843153355343935e-02 1.280744370479377e-01

89
-9.411259601388842e-02 3.836370895735944e-02
-3.060726242200289e-01 6.493510238203575e-01
-3.849331281605007e-01 -5.070719714992079e-01
-1.437471939058488e-01 -3.784027691807292e-02
7.140278276442427e-02 1.679169541000217e-01

90
-6.438769103500168e-01 -1.958661286790026e+00
1.431549245865120e+00 5.229517722039169e-01
-8.204493095135146e-01 9.370552276648233e-01
8.998734577009341e-01 5.705735733033622e-01
-1.024221801905776e-01 5.831045593643125e-01

91
-4.458979242811400e-03 -1.413198028244035e-03
-2.850036926296903e-01 4.932588584811717e-01
-2.849692349399905e-01 -4.931327405432023e-01
-1.116635802180882e-01 -3.119742861553264e-02
6.941723104338586e-02 -8.246686806992357e-02

92
1.897280193156490e-01 -7.540196089886146e-02
4.593011991758199e-02 8.142064996886859e-03
-6.112908599461471e-02 -1.135536710594130e+00
-1.924015308548085e-02 1.111778996164208e-02
-7.029468681551350e-02 -1.787392362963193e-01

93
-1.662125762501186e-01 7.001776030771822e-02
-3.680091081159555e-02 -1.158061384942165e-02
1.678179461236599e-01 -1.020036984977050e+00
1.733051262607443e-02 -1.087690336713736e-02
-6.259107319424125e-02 -1.561083623348758e-01

94
6.232542071224444e-01 -2.003527539966261e-01
-1.127499633700747e-01 8.983271444013069e-01
-6.368797500942481e-01 -6.365084788461598e-01
-2.940603483148642e-01 -3.160550533864428e-01
-3.778645408216898e-02 4.415983566330762e-01

95
-1.050758573709925e-02 1.842623587547692e-01
-2.813927124590147e-02 3.083562373093716e-02
-1.827622846220190e-01 -1.086571721566383e+00
-2.377961791328266e-03 -2.052287081826574e-02
1.786312133822664e-01 1.101962936966157e-02

96
3.420256290554715e-03 6.673186414339980e-03
-1.526690163378853e-01 5.459985293373053e-01
-3.967519541204794e-01 -4.060666251002492e-01
5.953989528703002e-02 -9.907159461079747e-02
6.461190210818903e-02 1.096510438907276e-01

97
1.841822888682387e-01 2.943222351115434e-02
-3.557909825790698e-01 8.069417425238646e-01
-7.092165820590093e-01 -2.152916443320848e-01
7.220874194378266e-02 -2.001228857996878e-01
2.078420488205368e-02 1.922601405772854e-01

98
6.373093286657785e-03 -2.993135990759639e-03
-2.680453524384296e-01 5.017470030517246e-01
-2.999860781220028e-01 -4.823870302975243e-01
7.944753613129077e-02 -8.339580824093464e-02
-1.191499762868296e-01 -3.818073624298654e-02

99
1.043421515444787e-01 1.531408397453091e-01
-7.010762388409615e-01 3.486620869531355e-01
-8.847023145704942e-01 -6.888716361914918e-01
1.845955297631739e-01 -1.084504231236795e-01
-1.023519080036100e-01 -3.808846792424688e-02

100
-3.922185029535337e-01 5.874064030075938e-01
-1.926530536181058e-01 4.646639074195455e-02
3.877859832579662e-01 -4.282459314659532e-01
1.863795374005583e-02 -7.669207221194017e-02
4.788393281848526e-01 -4.934828470291218e-01

101
-2.142343733546804e-02 -2.297783967035169e-02
-2.228150901036874e-03 -1.127992781341406e-01
-1.115555416388041e-02 1.005245588646917e-01
4.521200747723541e-03 4.666050782854983e-03
7.668737724589698e-01 -8.734203911040348e-01

102
2.560353166411726e-01 7.811683358908655e-02
3.855255660260905e-02 4.913376782718076e-02
-3.643219689880065e-01 -1.572062945919130e+00
-2.898956169311245e-02 -3.873207105623697e-03
-7.052268449728977e-02 2.384572479889591e-01

103
3.563254728526036e-02 5.932143181665678e-01
3.110960890885815e-01 9.267974269583578e-01
-6.306646611374059e-01 -1.534394585865831e-01
1.063488228651698e+00 4.419213883406695e-01
-7.634522782996628e-02 -7.193377456135495e-02

104
4.772070329044362e-03 4.804077116669053e-04
-1.658617570313211e-01 5.629898837128342e-01
-4.049577280382669e-01 -4.249443464214742e-01
5.587435080998041e-02 1.053118500564938e-01
5.929272681763272e-02 -8.709842078827548e-02

105
-3.279885352812650e-02 2.968816989617467e-03
8.818721407423416e-03 -9.574046507150649e-02
-2.621471858130164e-02 9.837076995392550e-02
-3.073612025407599e-03 -2.977614019755272e-02
7.972299832746075e-01 -7.984540783416507e-01

106
6.580275371010503e-01 -2.047275419183896e-01
-1.392767507893908e-01 9.733523311774425e-01
-6.780763528291893e-01 -7.073786870394065e-01
-4.335998854991199e-02 4.710413291369301e-01
-3.067695750521165e-01 -3.458009649839724e-01

107
1.955490261733296e-01 -6.665302821102202e-02
5.925521272235668e-02 5.190265019049154e-01
-2.018401900673769e-01 -6.408405244107234e-01
5.034558856638633e-02 1.645267429929350e-01
-6.619641857394708e-02 -1.822019086210380e-01

108
1.725490653606443e-01 2.267313615553133e-02
-7.108233444859427e-02 4.035464499553040e-01
-4.342973431070116e-01 -9.898967742856470e-01
-9.136526253811049e-03 1.255637978055492e-01
-2.859983023613572e-02 5.586274956458174e-02

109
-3.439020115727948e-04 5.653708112440886e-04
9.306096428836195e-04 -3.848535623816318e-02
-1.126363876502575e-03 3.880704133588271e-02
2.601536530310471e-01 -3.308099983396775e-01
3.812833535209535e-01 -4.848414386796400e-01

110
-1.885512810584035e-03 1.082956312644215e-03
-6.346360128914097e-02 -5.316546877451350e-02
6.239320034330292e-02 5.379062719894176e-02
-2.019114394234416e-01 -8.763406080187142e-01
7.415313175946100e-01 4.392509276662303e-02

111
-2.844916543326313e-01 -2.146360496637034e-01
3.082946429738366e-01 2.416205387602849e-01
-3.332298450840507e-01 -9.825579169848228e-02
7.155247705227040e-01 5.567173234741687e-02
-7.568930259767834e-02 1.164875741833100e-02

112
-1.658733404227315e-01 7.756693026873592e-01
-3.190220212250858e-01 7.753703724487648e-02
3.307377653567108e-01 -6.034299503958974e-01
4.022968136938341e-01 -6.228300398164834e-01
-4.180711805762596e-02 -9.682760474613492e-02

113
1.830573319128373e-01 -4.498912899841234e-02
8.018160142626996e-02 5.234716252142522e-01
-1.670410504031959e-01 -5.953400328529390e-01
-4.565887054826881e-02 -1.683692164932190e-01
3.515335820725755e-02 1.583264586246828e-01

114
-3.485667309749854e-02 2.722308534400268e-03
1.955715880424346e-03 -1.039811888350294e-01
-2.051272648244995e-02 1.066291453392989e-01
5.580602184113604e-04 3.171507394825241e-02
8.033662685308878e-01 -8.810515975325948e-01

115
1.649285341395431e-02 1.745472892172854e-02
3.031705969413185e-03 8.452729535374312e-02
5.487775356363554e-03 -7.387194008306483e-02
-3.244281871532742e-03 -3.690929422512229e-03
5.530125314228475e-01 -6.641612964255350e-01

116
1.247952827222222e-01 -3.680441479592228e-02
8.439257613363697e-02 3.776193371748842e-01
-1.471102665278909e-02 -7.147452444565398e-01
-3.404769099050296e-02 -1.304044248602018e-01
-2.133201176646178e-02 3.793567016401592e-02

117
-6.476807590560864e-01 -1.697855428707534e+00
1.202390841207529e+00 4.760185472572246e-01
-6.617602078269916e-01 7.811034919104628e-01
-5.306047787993023e-02 4.930944337370931e-01
7.929302077534796e-01 5.577613560067747e-01

118
-9.139998431862496e-02 -1.089340754467175e-02
-2.851821148976730e-02 -2.244436860600115e-02
-1.655266496386278e-02 2.898332635625879e-02
-2.159731010740859e-02 4.275295286125710e-03
6.881616810760047e-01 -7.207772486789317e-01

119
2.435353971917913e-02 -3.242168609176265e-03
2.686085338454668e-03 7.341091095813380e-02
1.219277807454116e-02 -7.456754078196981e-02
-1.411423847898947e-03 -2.216981775860113e-02
5.337787796753751e-01 -6.615660731202073e-01

120
-2.920032161539877e-04 -2.968241429080234e-04
-4.702291183890511e-04 3.370857659790642e-02
3.027580883732579e-04 -3.387747984807705e-02
2.230705310329401e-01 -2.926255457718342e-01
3.269343621873951e-01 -4.288550744041683e-01

121
6.254777370221322e-04 1.561921597860377e-03
4.281903600848887e-02 5.192359259266407e-02
-4.246564105666020e-02 -5.103582971430295e-02
-3.781894430018789e-02 -7.265681302628948e-01
5.846064064874930e-01 1.391672882482010e-01

122
-6.998792506388877e-03 -8.719601261472531e-04
1.630308124997225e-01 2.969943457819934e-01
-1.670311152147570e-01 -2.974681478340063e-01
4.912941084703419e-01 -3.668958458289678e+00
-4.915669676021274e-01 3.668924268485339e+00

123
-9.907073671896344e-02 -1.478635643207327e-01
-3.438471153738708e-02 1.893853170453118e-01
-1.521464532826269e-01 -2.339931146510308e-01
3.441888809039201e-01 -2.983294355198962e-01
-8.535917006742776e-02 -4.035269834601467e-02

124
-6.231581536770323e-03 -1.382721024556026e-02
-3.318711256731639e-03 7.212900218393919e-02
-7.125688907049205e-04 -8.005009022828535e-02
1.296520322742329e-02 -6.903388709321939e-03
5.149702193968855e-01 -6.463763650153845e-01

125
-3.383280604186407e-02 -7.789646800011427e-02
-1.187772931944732e-03 4.252376910329437e-01
-1.958723322391010e-01 -4.762051471811435e-01
6.444471863880023e-02 -4.579114164495063e-02
2.720890188286380e-02 2.434870925488684e-02

126
7.833220331834234e-03 2.180947389776285e-02
1.396798584011048e-02 -1.093871668664572e-01
-1.021360634945987e-02 1.217519166566244e-01
-2.065075454123908e-02 8.925841583316106e-03
8.510214082219452e-01 -9.030558286721091e-01

127
-5.113338037030963e-02 -9.957817179979275e-02
3.668403333964639e-01 5.215747069099409e-01
4.045911114231694e-01 -4.781329798755999e-01
5.846739348425879e-02 -1.131432108195104e-01
-1.473109070940429e-01 5.646942133080582e-02

128
-9.718275135190127e-03 -1.565726737496146e-02
-4.312160402940741e-03 7.319844190244158e-02
-1.912600066647210e-03 -8.199422225448570e-02
2.068655622709547e-03 3.211713046737622e-03
5.244886903035103e-01 -6.506884586386323e-01

129
-4.327110389624616e-02 -1.380962766471520e-01
8.129567112598622e-03 6.757950525237789e-02
-2.634616787406913e-01 -8.017989486463635e-01
6.911408092830713e-03 2.705495989951693e-02
1.332933103239943e-01 -4.753391428106018e-02

130
8.302125857975771e-04 -7.790533168083588e-03
3.562824386840498e-01 4.420548491468961e-01
2.049107414574077e-01 -5.288207227093447e-01
3.289558014860351e-02 -1.104868335137406e-01
8.423664265857296e-02 9.636492878599223e-02

131
5.191253072556873e-03 2.306123421564683e-03
3.617746897187694e-01 4.693019486456756e-01
2.256691995715971e-01 -5.482629466304754e-01
8.060654179006196e-02 8.965753996656511e-02
2.658531974754234e-02 -1.038525319801328e-01

132
1.371249384143199e-02 -3.235017546719247e-03
-4.251463982117449e-01 4.609412629752398e-01
4.329367304644506e-01 -4.627792504130852e-01
-6.748101546785226e+00 1.245532526439474e+00
6.748636082881970e+00 -1.245658930893723e+00

133
2.754636259567071e-01 -7.745732531016682e-01
3.734339025332958e-02 1.082128218430066e+00
7.349510638469859e-01 -1.026058547497239e+00
-1.808831183029951e+00 -4.663473911478073e-02
7.613620107105631e-02 2.781479260882994e-01

134
-1.052028545234435e-01 -7.143070042752699e-03
4.233867696500008e-02 -2.605119665721975e-03
-8.859638664040151e-02 1.385515781974638e-02
1.939712881677256e-02 -7.978441396368599e-04
7.178995101719170e-01 -5.919236623722455e-01

135
-5.726462892944602e-01 -2.038709091999127e-01
4.388746346039133e-01 2.851164010331652e-01
-5.713739143516901e-02 -2.229047422604123e-01
4.689021259102867e-01 3.563527498616855e-01
7.903402321725429e-02 -1.560855199563443e-02

136
-4.614716355940485e-02 -9.793006086726033e-02
-2.966644751578056e-01 4.085851989953707e-01
-4.148551866164839e-01 -4.484629365873630e-01
-9.652330096113541e-02 -2.676280205696810e-02
1.303575855237903e-01 -5.736970314474363e-02

137
-5.792195826193711e-02 -1.042432698485016e-01
5.934723646725917e-02 5.167030816091808e-01
-4.028626692719425e-02 -4.486608639039580e-01
-9.917659675741256e-02 6.210671431310461e-02
9.959634416430248e-02 -5.502110207217953e-02

138
2.209065151956650e-01 -9.392522390052084e-01
9.872641591895319e-03 1.189705195073976e+00
6.792562285098764e-01 -1.126283669429409e+00
-2.139155039404133e+00 6.218332054819264e-01
2.465734029091485e-01 -1.762343327630151e-01

139
7.757928656041784e-03 2.068536100774161e-02
9.284706645264431e-03 -1.036534705155543e-01
-5.536266836526106e-03 1.153804743813274e-01
2.030022744899295e-02 -6.924524418120109e-03
7.909347179793411e-01 -8.894065691488905e-01

140
1.287644219128855e-02 2.337846341038871e-02
1.235187604554690e-02 -1.054305259385337e-01
-5.964494248006580e-03 1.189629658006608e-01
-2.510909638110515e-03 -4.832274816507027e-03
8.229840456811254e-01 -8.944301459855387e-01

141
1.845482660754058e-01 -1.665579950623153e-01
6.515947387506102e-02 1.828160458994877e-01
2.059100485236071e-01 -2.786947233838248e-01
-9.349690547568415e-02 -6.080872866985729e-01
1.365373689182316e-01 -3.437563751943650e-02

142
-3.694117095935463e-01 -5.156441270447683e-01
2.054664223684548e-01 8.181351718949606e-02
-6.597267591828911e-04 -2.775770879023826e-01
7.790785690039584e-02 -1.002957821376552e-01
6.287868688955398e-02 6.165704997724020e-02

143
-1.761841063601923e-01 -1.094648797645608e-01
-1.572132875882596e-02 -3.790190482999380e-02
-1.756770142427868e-01 -1.210302962085203e+00
2.138608661332227e-02 9.534140790582374e-03
-1.012573923111011e-01 1.701069727948572e-01

144
-7.848184431977727e-02 -1.624875444121868e-02
1.848553150641173e-01 4.900096162542897e-01
2.485937548838381e-01 -4.551990339390138e-01
6.166919732274309e-02 -9.290458504758956e-02
-7.780818941169466e-02 -1.233999286902118e-02

145
-1.276889927279432e-01 -3.407506444471835e-02
5.487753826420968e-01 3.060371156758934e-01
6.317345706709396e-01 -5.350556163223861e-01
2.575723704309986e-03 -1.423888911430402e-01
7.943148312159201e-02 1.425576814770068e-02

146
-2.873173853106230e-01 7.342610811436946e-04
1.973057470940882e-01 3.785350234961565e-01
1.860995959637010e-01 -3.817616804026318e-01
8.348440954122430e-02 -1.840506052072910e-01
8.990618758898090e-02 1.815232686138802e-01

147
-1.888564099927750e-01 -1.918644648673229e-01
5.122233881489435e-01 9.838206343074131e-01
6.009256583764748e-01 2.193161281682482e-01
1.600741935553094e-01 -2.139725480846275e-01
-2.206848075929335e-01 1.729965833199850e-01

148
4.548411344260211e-02 -7.811800043075676e-02
3.943711210264730e-01 4.747389079265396e-01
1.672906553702182e-01 -5.015790779648693e-01
1.024217842576952e-01 9.496295527916049e-02
1.573305298431464e-02 -1.027833774196189e-01

149
-1.508868038472661e-01 -6.909301836907051e-03
4.372247506281361e-01 1.698497072066265e-01
5.645123530344877e-01 -7.219353711381243e-01
7.427257834288116e-02 8.958372694607836e-03
-1.763491678801912e-02 -1.590875064882588e-01

150
-5.552136424318210e-01 -2.474779097866910e-01
4.239811756296934e-01 2.518060211366598e-01
-7.881671536400577e-02 -1.357916427456724e-01
6.784755119805301e-02 7.796877464937237e-03
5.026325201589814e-01 3.184124935517188e-01

151
-1.311956499670520e-01 2.185332455192917e-01
5.891445755872463e-01 -3.439914147617289e-01
4.564921527059600e-01 -1.511905377825365e+00
7.288399290927218e-02 -7.799097340156665e-02
1.873514991473587e-01 1.639583170234809e-01

152
-7.682549056261508e-02 -7.275601784250496e-02
1.164193726823150e-01 4.788442314423837e-01
3.046962932825595e-02 -6.348708625092138e-01
-6.287754143605531e-02 5.634616938900427e-02
-3.351932405305878e-03 3.610131843269135e-02

153
-5.097305321643300e-03 -2.280573086069595e-03
3.570430731108493e-01 4.661767190033536e-01
2.253314706190787e-01 -5.425966528528122e-01
7.992131298485154e-02 8.884691197545400e-02
2.684425922074040e-02 -1.024002314153508e-01

154
-3.086981047606023e-01 -7.020782943163765e-03
1.956254876687428e-01 3.974703639126823e-01
2.021248996794060e-01 -3.915247447852935e-01
9.035556589462881e-02 1.935130015002598e-01
9.329470987897938e-02 -1.913677071737838e-01

155
-6.964186368444758e-03 9.005549210212162e-04
4.136914238667219e-01 5.815001501604794e-01
2.963795799203679e-01 -6.491960805439468e-01
9.318584935719713e-02 1.113136017346965e-01
-1.293576611693993e-01 1.186047182401136e-02

156
-4.811360695177711e-02 -9.417709542303540e-02
3.207633959118750e-01 5.438306500136972e-01
4.038436938462349e-01 -4.676480904912481e-01
-1.505140553850091e-01 5.470807561963880e-02
5.660770552820028e-02 -1.204235629083680e-01

157
-1.728832642753666e-01 -2.127736270514793e-01
4.486426047717978e-01 1.055161424306818e+00
5.857884192048988e-01 2.851825530250524e-01
-2.403345401187462e-01 1.538995553647924e-01
1.829913138901037e-01 -2.011939124714187e-01

158
-1.530354394704289e-02 -8.627123384688776e-02
4.415196908787542e-01 5.554133534653956e-01
3.020541476580924e-01 -6.156479084574780e-01
-1.663120658334548e-01 4.508701506043148e-02
1.196899656516523e-01 1.050797395182491e-01

159
-2.952795152647719e-01 1.763798583449970e-01
1.525927000623593e+00 -2.648061845741127e-01
1.495398122651274e+00 -1.537757356884206e+00
1.157963399012956e-01 3.385580746164999e-01
1.601587299590027e-01 -7.910178449241437e-02

160
1.829449166242788e-01 -8.881604373974765e-02
-2.713905213629838e-02 8.284957258024281e-01
-3.862117534298713e-01 -1.603335238067528e-01
-3.325794604462783e-02 -1.750299916744749e-01
1.007163130662519e-01 1.955277762875763e-01

161
2.973175627291704e-01 3.255473220545571e-02
-1.568765310796721e-01 -4.677984036276066e-02
-7.040087943001213e-01 -1.666837455590333e+00
-5.968880732305638e-02 -1.037457324449539e-02
-1.562299564365999e-02 2.854484381363233e-01

162
6.561586517351202e-02 -1.291651840504275e+00
1.905053500159318e-01 6.214699514444976e-01
-7.377791130592039e-01 -1.050912332945921e-01
2.318082199175911e-02 3.045689652473372e-01
-3.670054822644124e-01 8.280592648828485e-02

163
1.303809867959799e-02 1.130731555987382e-01
4.379025232594463e-01 6.841277278571050e-01
4.385669664897863e-01 -6.683668947700814e-01
-2.061868112818962e-01 1.825244417689435e-02
1.199246176118113e-01 1.297702800317163e-01

164
3.444439497025126e-02 -6.795026475524321e-02
-2.000645515686949e-01 5.396440105513917e-01
-2.808694744766008e-01 -4.514190069385539e-01
5.842512005605991e-02 -7.178124183225344e-02
-1.221679131572894e-01 -2.211884961954443e-02

165
-8.358952947583505e-02 -5.588434658051490e-02
-2.161558809319277e-01 4.421931146914094e-01
-4.234466990537108e-01 -4.169116528681442e-01
8.831025684275044e-02 -1.148513630342424e-01
2.256402009855893e-02 1.075913986234091e-01

166
1.974701970209133e-02 -3.243945281870037e-01
-6.069779163184927e-01 1.231083065010694e+00
-9.834735118385649e-01 6.612082552914118e-01
3.502871594322570e-01 -1.414843613357161e-02
-2.907907467546810e-01 -7.599218640535199e-02

167
-2.694893598684221e-02 -1.052171267672329e-01
-2.332327546185035e-01 4.132427838457123e-01
-3.836395136497376e-01 -4.708159725461056e-01
1.361613699388606e-01 -5.012553758671309e-02
-1.164287104605717e-01 -3.564138670433024e-02

168
1.209873018496504e-01 -2.749217469931350e-01
-9.743644041763488e-01 8.754345130578202e-01
-1.842125431510767e+00 5.274984075950750e-02
3.188453654064527e-01 9.830014626934355e-02
-1.114128554027115e-01 1.106089857119765e-01

169
1.937767979907290e-01 -8.984696643926152e-02
-3.251284029195663e-02 8.761705951057703e-01
-4.039389971319198e-01 -1.719213374997136e-01
1.022114337751448e-01 2.066045343481441e-01
-3.231399638964151e-02 -1.844582934631709e-01

170
-2.108791534326396e-01 -1.642726106269533e-01
2.248965123027344e-01 2.336353260187774e-01
-3.125085396710356e-01 -8.876710895198156e-02
5.449339228121082e-01 -1.302712099408697e-01
5.811437430145412e-02 8.010172186867325e-02

171
7.540824458918205e-02 -5.517950193767886e-02
-1.973670948266714e-01 7.351228292734860e-01
-4.736308886513711e-01 -4.794717098119808e-01
8.269019629976967e-02 1.525364946665840e-01
-1.517764087423687e-01 -1.872798935177909e-02

172
7.446778770126118e-02 -5.175915835601558e-02
-2.085845074672601e-01 7.139756312203870e-01
-4.687554958533847e-01 -4.712958891953710e-01
-1.520037730578426e-01 -8.795956240261428e-03
8.867755900785100e-02 1.494547198709964e-01

173
-5.394081113450238e-01 -3.737598355626660e-02
5.627204031850697e-01 3.655717681471628e-02
-4.326764720453498e-01 -1.083187510723137e-01
9.910723692070896e-01 3.261490071494194e-01
2.115384942792936e-01 -1.048002337763298e-02

174
3.661406081745520e-02 -6.526608507468137e-02
-2.238173202052246e-01 5.425585096271511e-01
-2.744747436706519e-01 -4.529292987144249e-01
-1.220077346448020e-01 -1.764945651773734e-02
5.328822089819957e-02 -7.727990554771413e-02

175
1.752308911020516e-01 -9.583823850608345e-02
-9.648809158055043e-02 3.626300647877146e-02
-2.131738479224194e-01 -1.105991410224127e+00
-3.584953820735055e-02 1.749570077147383e-02
-8.111403697292106e-02 -1.686482267292648e-01

176
6.065133991142778e-02 -3.396925980952709e-01
-7.570841266653362e-01 1.101309951283853e+00
-1.130049158313964e+00 5.602423091606494e-01
-2.976475391500440e-01 -1.128482251105009e-01
3.693287530747257e-01 2.825084319391271e-02

177
-3.308795741913532e-03 -7.946343262622843e-03
-2.569815143902595e-01 6.259338663679801e-01
-4.139585646218490e-01 -5.362766918657089e-01
-1.363507746140408e-01 -1.885571813662092e-02
6.808579432623361e-02 1.271969873318034e-01

178
8.039437422952303e-02 -1.622024464801926e-01
-6.388370648932508e-01 3.246104855457807e-01
-7.902488595960914e-01 -7.544216005168436e-01
-1.129270535219786e-01 -1.145994781091601e-01
-8.797635059741059e-02 5.704615674922871e-02

179
-5.858603137016414e-03 -1.479510378897620e-02
-5.168375472641431e-03 7.501732345797173e-02
1.318856495820427e-03 -8.353179321641174e-02
-1.459631857047339e-02 5.255289502558075e-03
5.379888195896670e-01 -6.546286809395523e-01

180
-1.709657465099423e-01 -2.302355446000094e-01
-2.253274320083550e-01 8.216124396001279e-02
-4.329553687081216e-02 -3.581454278090957e-01
2.299848892118517e-03 -4.528257013721217e-01
-9.416298490074495e-03 2.778922887582766e-02

181
4.448309874824826e-03 1.354149758405798e-03
-2.853968925753146e-01 4.979897604031677e-01
-2.888631850661854e-01 -4.958344830824737e-01
-1.126604904609094e-01 -3.094708973242730e-02
6.905390816125100e-02 -8.323965584699648e-02

182
-3.906678065408421e-02 6.303207943103856e-02
-2.984751329169801e-01 5.186567106580897e-01
-2.218774646582942e-01 -5.030179292650155e-01
-1.236959254759373e-01 -3.338194492803349e-02
6.920341519808774e-02 -8.070291239513384e-02

183
-5.452923883855534e-03 -1.190773002239098e+00
1.515635884322846e-01 5.381221503606991e-01
-6.355608290401170e-01 -1.028614842386527e-01
-3.148953475024327e-01 7.637964888060925e-02
2.562121846515477e-02 2.628443647174063e-01

184
-6.426734083698016e-03 2.885250334078838e-03
-2.724170765916988e-01 4.961454955599204e-01
-2.929664686676228e-01 -4.833643530054965e-01
8.069216295686762e-02 -8.280082573077298e-02
-1.182459342548231e-01 -3.956003996356052e-02

185
-1.062293097385628e-01 -1.041581870452947e-01
-4.952819040774708e-01 2.999062906602684e-01
-6.506512708510860e-01 -4.842307409944656e-01
1.306926626449344e-01 -1.078394177018817e-01
-7.046878412490726e-02 8.198577489479492e-03

186
-1.219397364500042e-01 -1.402067602476100e-01
-5.448794462333244e-02 2.341693123789048e-01
-2.009666496991479e-01 -2.669943262066095e-01
2.348500617335619e-01 -2.973315012696381e-01
1.323140715597944e-03 5.823963818615672e-02

187
-1.048977541832718e-01 -5.850775371085155e-02
-2.994794236059341e-01 4.199541213887572e-01
-4.914480763827029e-01 -4.332458075995163e-01
8.939604016564061e-02 -1.228327468693053e-01
5.621994643231190e-03 1.134163512511932e-01

188
6.736751827979763e-02 -3.184039436630151e-01
2.821852253639515e-03 -7.236057888703129e-02
6.473258047120350e-02 -2.817221954665409e-01
-5.923331848844041e-03 3.469508610983198e-02
2.149550766883281e-01 -7.444174239954489e-01

189
-8.689541856293438e-02 -4.029907047964218e-02
-2.511665958544289e-01 5.266192156588352e-01
-4.389091777447829e-01 -3.832700221784904e-01
1.491705057146854e-02 1.232126665090831e-01
8.914627031337434e-02 -1.076058252537855e-01

190
-1.503999202976989e-01 -1.083331955606960e-01
5.453907122572250e-02 6.660044077545918e-02
-9.449231428176040e-02 -1.098696127961782e+00
2.703475291772781e-02 2.296660643533195e-02
-1.058585635173015e-01 1.396891016591041e-01

191
-2.324767223795384e-01 -2.787105332602100e-03
-2.715775922887517e-01 5.307555970891251e-01
-1.958387502588826e-01 -4.701988190370137e-01
-4.922286969050906e-02 -1.829725192854604e-01
-4.873197599749649e-02 2.287648419279343e-01

192
-2.407958066301958e-01 -8.379164353700161e-02
-3.575672676442750e-01 3.989221633695123e-01
-1.527765253749943e-01 -5.488469990378412e-01
-1.420655917707571e-01 1.766907971985522e-01
-2.057640351559815e-02 -2.596871994822451e-01

193
-3.995875720476852e-02 -7.803620734814357e-02
-3.936456838542483e-02 4.155048831106531e-01
-2.287361133340697e-01 -4.832799726126503e-01
3.271729961583433e-02 3.356320491910593e-02
6.485866606306480e-02 -5.879487198209901e-02

194
-1.353972745647805e-01 -4.770850786884299e-02
-1.542219303905247e-01 3.022000678700750e-01
-3.094423007123028e-01 -8.328459383334516e-01
-4.626489401528856e-02 9.504444647240567e-02
1.257783287005802e-02 5.864281534052582e-02

195
3.576638327581245e-02 1.232406726199671e-03
2.181834215535606e-02 -9.897743636834540e-02
-2.330695542533385e-04 1.011178967567911e-01
2.886608903320419e-03 -3.184428957318805e-02
7.810253199933512e-01 -8.659195767040309e-01

196
-7.067908045227247e-03 4.018367587864341e-03
-2.723998678981122e-01 6.414830316054031e-01
-4.189690824456608e-01 -5.560692067150261e-01
5.244554683648675e-02 1.322809542217545e-01
-1.340706845189000e-01 -3.762802066004599e-02

197
-9.744561469861658e-02 -1.387187822229728e-01
-3.377909407788823e-01 2.213442113888494e-01
-5.076197619500121e-01 -6.101142792326846e-01
-9.459327163158518e-02 5.160389085622767e-02
1.595829734001832e-01 -1.019729456162501e-01

198
-4.746318654933578e-03 -5.369078913298516e-04
-1.671715228595170e-01 5.585704144116979e-01
-4.004787940039393e-01 -4.238756416169596e-01
5.547745518974754e-02 1.052613423993970e-01
5.988464208453844e-02 -8.638126705349644e-02

199
2.994125591468184e-01 -2.120678859884080e-01
-4.284651249691013e-01 -8.763422449785426e-01
-5.802495658181780e-01 -2.071853727805879e+00
-1.459864627266617e-01 -2.138447806484961e-01
-1.054146731382783e-01 -8.711922365617783e-02

200
1.108573592854469e-01 1.573056033916905e-02
1.384961469084670e-02 -1.835721429022374e-02
5.651089632818139e-02 4.443981637252564e-02
-1.190996408598272e-02 -2.203885941618675e-03
6.755951138932981e-01 -9.109171870685595e-01

201
-4.890846412924511e-03 -3.428731241747144e-03
2.459564402525861e-01 5.493567979219727e-01
3.530080535310972e-01 -4.882037248240021e-01
-1.220248285208180e-01 -2.696423969351795e-03
5.188500702132263e-02 -1.112961630743263e-01

202
-8.036876237688090e-02 -1.343747312887554e-02
1.633162847887142e-01 4.981002839646447e-01
2.436521395025947e-01 -4.520191250181925e-01
-6.747931212215534e-02 -1.197798811998081e-02
5.475047683962235e-02 -8.887691352754329e-02

203
-6.054122940229194e-01 -4.876574936496059e-01
-2.657227080955608e-01 1.687613674872643e-01
-1.291013075127823e-01 -3.123751613219202e-01
5.852198320031218e-02 4.825218256261136e-02
-1.956457138693470e-01 -5.748201406314606e-02

204
3.898586431405612e-02 -4.370987390989281e-03
1.787816382322223e-02 -1.099017047434027e-01
6.051241368907167e-03 1.086604537457435e-01
4.804705644707509e-03 3.507434844634340e-02
7.877566197324304e-01 -9.578480783125018e-01

205
-2.245690395509102e-01 1.478633774138670e-01
-1.858791778917960e-01 2.712710194421113e-01
2.973353907158544e-01 -1.389937767979236e-01
4.509492186780081e-02 -5.595732728546144e-01
9.355577138946548e-02 -3.511110043966903e-02

206
-1.151013421141281e-01 4.311646829418327e-02
1.756957470490341e-02 3.442115578986895e-01
1.229579954732056e-01 -6.462931134467261e-01
-3.551361568470046e-02 -1.221431410154614e-01
8.692484245392151e-03 2.764012362920371e-02

207
-1.952859408301843e-01 5.868575596079221e-02
2.674406821045479e-02 7.437900147739199e-01
1.176941087537609e-01 -2.311993921446277e-01
-5.991852498374662e-02 -1.635051324662596e-01
4.675267240963962e-02 1.918337261060216e-01

208
-2.321239594708571e-01 1.969361195360569e-01
-1.482582929034677e-01 2.608103183611831e-01
2.599248173632307e-01 -2.095000704152912e-01
1.789185359131534e-01 -5.985418430801548e-01
8.951117322125569e-04 7.516033941814279e-02

209
-6.113587004885145e-03 -4.875453539358425e-04
2.577911595316022e-01 5.346387769444260e-01
3.336783417841837e-01 -4.909690850871998e-01
6.019218167404995e-02 -1.046629407379747e-01
-1.220078930441333e-01 -1.307610662452165e-02

210
-4.931385485379081e-01 1.122773713008445e-02
1.385182268042992e-01 2.334985499255349e-01
2.290204945863484e-01 -2.569030911215308e-01
1.220312621787788e-01 5.419986171178442e-02
2.168085044663343e-01 -1.457057272772626e-01

211
-4.692537629495360e-01 3.183741888881162e-03
1.425233654855100e-01 2.347708755147951e-01
2.122389424758996e-01 -2.631801551648364e-01
1.901265213968832e-01 -1.470925274136721e-01
1.197956338604585e-01 5.726198417118610e-02

212
-2.293599897309541e-01 2.881077293417739e-03
-2.826937963346519e-01 5.643705314719220e-01
-1.933299410642315e-01 -4.928545524207896e-01
-4.100998209410114e-02 2.307062997576227e-01
-5.043708245176179e-02 -1.842743132585814e-01

213
-1.684432352215085e-01 5.146681517323577e-02
8.992746641067795e-02 3.441541806864014e-03
2.827425036897415e-01 -9.735456861276862e-01
3.413856571971796e-02 -6.548220917812622e-03
-5.319586398995532e-02 -1.609462412521484e-01

214
-8.314144948674390e-02 -1.096713698514404e-02
-1.539646020808772e-02 2.622475980848286e-02
-2.573876197795900e-02 -2.078227858907234e-02
-1.971628793506220e-02 3.631544761894025e-03
6.351132638110434e-01 -6.488242568183353e-01

215
-9.326656534090176e-04 7.751354208677170e-03
3.544837496617755e-01 4.494310723324190e-01
2.121914881855702e-01 -5.309603993009088e-01
3.492189927319945e-02 -1.113225090787536e-01
8.329883449452828e-02 9.773628914462372e-02

216
-6.054588171607709e-01 -5.029552255835958e-01
-2.478093626718837e-01 1.353335590128547e-01
-1.043629077432863e-01 -2.888749864912040e-01
-1.737938140146959e-01 -6.553725004539050e-02
5.934434417868713e-02 5.099279757092755e-02

217
-2.055959039289460e-01 5.973467214906051e-02
2.484449861746598e-02 7.819177254235840e-01
1.273584798893982e-01 -2.420778604927155e-01
4.739370389084530e-02 2.018181364457600e-01
-6.131015557302157e-02 -1.720579662824288e-01

218
-2.693386396735249e-02 1.083806522234387e-03
-1.063891963293581e-02 7.644938924258925e-02
-3.761989787875369e-03 -7.478320496301068e-02
-2.472814094350286e-04 2.419533235837129e-02
5.439940330571507e-01 -6.646756844352134e-01

219
-5.631868964313701e-02 1.451078506492974e-01
2.971078743995330e-01 1.750438589718884e-01
1.598607157210422e-01 -9.549706186160304e-01
1.009014257385236e-01 3.984290320251414e-02
6.318177341594625e-02 1.028029830149036e-02

220
-2.934014876803406e-02 2.019262007200936e-01
4.760561192189219e-02 -1.008715368675947e-01
-1.085065272211399e-01 -1.228061759673163e+00
9.782218978064019e-03 -3.994181503034896e-02
1.918632709846593e-01 3.846560716005904e-02

221
5.298602031421858e-01 -2.896239841231567e-01
-1.480975917433452e+00 -5.275985703808100e-01
-2.971436121019151e+00 -2.056332938208348e+00
-2.362999485692959e-01 -4.616398730629514e-03
3.453973231852780e-01 5.397177718483495e-01

222
-8.031120041976818e-02 -9.586394978449219e-03
-1.128383600571987e-02 2.803960670297002e-02
-2.847107486832022e-02 -2.241369263638879e-02
7.784579606775755e-03 1.184036558957509e-03
6.089288078595276e-01 -6.452298282353657e-01

223
-7.418552397178747e-01 1.887435105708985e-01
7.317489999108283e-02 4.365608462458971e-01
3.167363030639491e-01 -2.198137034712829e-01
1.670343299447803e-01 -6.828048538806258e-02
1.130293632802242e-01 1.939808457230624e-01

224
-1.200466964389527e-03 9.626665797890982e-03
4.061444160528712e-01 5.857914717923240e-01
3.047784352099893e-01 -6.438462778976775e-01
-1.435042090866604e-01 2.228012155432357e-02
1.069506810139820e-01 1.178424132052817e-01

225
-2.572416696992842e-02 2.001018011451825e-03
-1.409049455218079e-02 7.221746225500500e-02
4.277277002402166e-04 -7.018173995268495e-02
-2.212586440568032e-03 -2.302678122755766e-02
5.420246780671687e-01 -6.263905963105316e-01

226
-9.380217282549787e-03 4.321393371607697e-01
1.437565886084608e+00 6.391448767563449e-01
2.194431209222741e+00 -9.285971293305447e-01
-4.779344289872937e-01 -2.228198919298779e-02
2.257670476785215e-01 -1.060562517539491e-01

227
-5.854354495472152e-02 3.572973216427523e-01
1.110808285905342e+00 7.300380217364351e-01
1.612421642328268e+00 -7.889636625161418e-01
-3.976709261939019e-01 -7.060262537234625e-02
2.095921502684849e-01 1.093645655569917e-01

228
-1.987724933872813e-03 3.117080833823248e-05
-4.679814081902343e-02 6.139178965736870e-02
4.566986363257988e-02 -6.137154829848155e-02
8.027176825991800e-01 -2.357533262504506e-01
-3.736961473628703e-01 -5.812688132882445e-01

229
-9.768456533413684e-02 1.754677935137702e-02
-7.616991796179937e-02 3.481383475265926e-02
3.631025380132556e-02 -1.437084663334557e-02
1.751997325702898e-02 -5.211178724767388e-03
5.388205483307192e-01 -7.128345111256500e-01

230
-1.185984263533474e-01 8.631850879824078e-02
1.036773978787292e-01 3.790978786962825e-01
1.836690231435042e-01 -6.455743161965481e-01
-7.417656642501774e-02 -1.360781280899029e-01
8.681873895936645e-02 9.123643676250874e-02

231
-3.373051091698798e-03 -6.688385009817747e-03
-1.481180319833366e-01 5.406917028474801e-01
-3.944314356736373e-01 -3.994746684489991e-01
5.917642916529608e-02 -9.756859128466454e-02
6.423047151170046e-02 1.090913990601944e-01

232
-8.274776780280715e-01 1.975008376340343e-01
3.486229348293030e-02 4.604251127502642e-01
3.490224044769344e-01 -1.962310327584448e-01
1.061228788719730e-01 2.078630614945357e-01
1.777976196587058e-01 -6.254981145753645e-02

233
2.466754952782969e-01 5.997302472854699e-01
1.635873553153646e+00 -1.943842064713981e-01
1.885888768965325e+00 -2.350017764894258e+00
4.360429565579625e-01 -1.498649640595669e-01
-6.395578165693316e-01 2.566894936411362e-01

234
-1.081090063646171e-01 2.573200081502932e-01
-1.211211848188617e-01 1.966617773573053e-01
1.104857443728947e-01 -2.683116735692480e-01
3.198966070383253e-01 -4.438672222031986e-01
2.346362223881503e-02 -1.132220654984684e-01

235
1.420349195850272e-01 -2.057323768601643e-01
-7.277349842953033e-01 -4.363534157599189e-02
-8.940942859614082e-01 -1.181071290906633e+00
-1.084696419208551e-01 2.641130310052773e-02
-1.368174109781191e-01 -1.487807740056757e-01

236
2.422227618679055e-01 -5.329611725457598e-01
5.718559131756268e-01 -4.222769589899411e-01
-3.422561812359804e-01 -3.153065551718823e-01
8.038698903895272e-01 -4.916227673844883e-01
-3.808572866521873e-02 6.058358592409698e-03

237
-1.537477846582606e-01 7.079525349341943e-02
1.377661326069398e-01 3.475447943045769e-01
2.611562617683171e-01 -6.932876580714915e-01
5.700269933468648e-02 1.090181441836789e-01
-6.177327749110197e-02 -1.722169992663419e-01

238
-6.471917459291605e-02 5.702828964121816e-02
3.160586919544819e-01 5.331577367744260e-01
2.365246342093710e-01 -4.803377297964299e-01
8.026263758325039e-02 1.097176268158698e-01
4.191416628975483e-02 -1.036185360356573e-01

239
3.386290694052194e-04 -5.657553844869310e-04
1.084228059285043e-03 -3.879390047110460e-02
-8.900427216234608e-04 3.846931274438233e-02
2.597375168071127e-01 -3.310164542373599e-01
3.806538621425516e-01 -4.851114308774310e-01

