0
1.654609068227124e-01 -3.909842892101286e-01
-1.324681561519714e-01 -3.068351703788118e-01
3.489686898053737e-01 -2.823748619837192e-01
4.774888391301979e-01 -6.206114514844558e-01
8.544473734752242e-02 -2.339094391561365e-01

1
2.008429836500037e-01 -4.610962189063462e-01
5.427301600020212e-01 -4.011269972009165e-01
-3.133450654796843e-01 -3.472414978006649e-01
6.803290832180553e-01 -4.469177120199680e-01
-5.458179454410670e-02 2.255519339850483e-02

2
3.217125758940797e-01 -3.670685909189251e-01
-2.091000711251694e-01 -4.011530579734818e-01
6.322954872991091e-01 -2.273739726186527e-01
7.788425089454710e-01 -1.700559333212049e-01
-1.473260069027301e-01 2.825134351002388e-02

3
3.413319667076756e-01 -3.459121527730445e-01
8.112509962100110e-01 4.345239943509812e-01
-1.807405392519860e-01 -1.401732999141401e+00
2.892466648667027e-01 1.356512877769170e-01
-3.310365946785801e-01 -3.283952810078178e-01

4
-1.044651205190941e+00 -4.647955588529344e-01
-1.696641856397557e+00 -1.131496115866149e+00
1.122423242078230e-01 1.286189616351307e+00
9.467046563161021e-01 -2.334373593467086e+00
-3.804340858506398e-01 -1.368942718405842e-01

5
1.362893160986796e-01 -1.484030170439143e-01
5.704627314594519e-01 -1.988721922210537e-01
4.955978156432405e-01 -6.674591690497663e-01
3.695633713105229e-02 1.655344200082744e-01
4.617617504454787e-02 -1.642241705288000e-02

6
7.288727784767224e-02 -1.748768466377253e-01
2.472777328788449e-01 -2.378877369231497e-01
6.448796553532145e-01 -2.911775106873139e-01
3.883788281752486e-02 9.094302431170513e-03
-1.533673127272386e-01 -2.445476893990267e-03

7
8.568886825524153e-01 -2.077784964466236e+00
2.274099424783323e+00 -3.552917888556654e+00
-2.772022508757416e+00 2.133794481506227e-01
4.109382752099988e+00 1.585262557636659e+00
-9.202125918616157e-01 3.928823094294126e-01

8
-1.169755233188474e+00 -1.066297042535820e+00
-5.681179711910335e-01 -1.155450760218478e+00
-1.123441726153768e+00 -3.354233761512148e-01
3.035398639696251e-01 2.405200352767923e-01
-2.305487262934478e+00 -2.540825901104741e+00

9
1.776773098560918e-01 -9.835144160377797e-02
3.766187091460803e-01 -6.896971855705884e-02
6.918132970217632e-01 -4.521612138054329e-01
2.008170171105730e-02 1.322920508679591e-02
-5.795382836417380e-03 1.515516236443214e-01

10
7.101560764464086e-02 -1.487904701056300e-01
4.015968393336000e-01 -2.547787641188117e-01
5.145074464500387e-01 -4.279425105232983e-01
5.636063524199545e-02 1.165791315760551e-01
-1.448290875380874e-01 -7.448135245691753e-03

11
1.482026754047139e-02 -1.569702623230174e-01
5.220450132885145e-02 -8.053319400824777e-02
-7.433593096475765e-03 -7.786398767146721e-02
-2.037465392145352e-03 3.908774166620307e-02
-1.012097255646634e+00 -4.808030604613093e-01

12
4.066614472059801e-01 9.669219002756327e-02
6.854227286776656e-01 2.617717377405819e-01
-5.792522933820726e-01 1.494634589175395e-01
-2.921302560973283e-01 -7.512921121199636e-01
-2.086093029620683e-01 6.234346322663829e-04

13
1.304786974917360e-01 -9.349583675915953e-02
4.113446455224475e-01 -2.226957097902943e-01
6.263469374234688e-01 -1.536141536634877e-01
-1.225007668578288e-01 -6.465473840720661e-02
6.243547760439681e-03 1.314127285178707e-01

14
1.005179343873259e-01 -1.447252689395541e-01
3.504939796566783e-01 -3.699690031558900e-01
6.735984142086304e-01 -1.028419783049108e-01
-1.535876165987259e-01 -2.701370516488075e-02
4.327810069148726e-02 -1.375240010470256e-02

15
-4.257166403709258e-01 -2.548193129850121e-01
-6.855735852520152e-01 -1.341400022774755e+00
1.997106701661705e+00 5.019075450318510e-01
2.176477715460801e-02 5.551810856072832e-01
-2.439562266211756e-01 -1.101787131024646e-01

16
2.630315093210464e-01 -1.414591214091124e-01
3.300562033103627e-01 -3.467322124200641e-01
1.045624043156426e-01 2.641678363099978e-01
-2.754613746925222e-02 -6.351248616118284e-01
1.610924354989542e-01 6.955277603966151e-04

17
6.012899760659991e-01 -1.024537370323926e-01
1.839645235789612e+00 3.653260184313037e-01
-1.051328485244069e+00 -4.403918127398698e-01
-8.578663092297831e-02 -4.629163190725515e-01
1.155054200432101e-01 4.923038800034677e-01

18
2.886744420872866e-03 2.896585242573020e-03
-1.856873633822335e-02 -7.598717106476549e-02
2.123440900906663e-02 7.872001209812798e-02
1.537364043806850e-01 -5.632556996629124e-01
-4.818999905826016e-01 8.816388308529956e-03

19
1.640273202887255e-01 1.595859030423673e-02
5.339623376638769e-01 2.664823519464651e-02
2.584555262326984e-01 -6.290794061360518e-01
-8.307551231370770e-02 -1.252331896128325e-01
5.966793112517504e-02 -2.442594406462595e-02

20
7.155458564543872e-01 8.922220499645275e-02
6.871646754416956e-02 -8.792757006578568e-02
4.447352592544087e-01 1.127815649265914e-01
1.159613435093551e-01 -9.331123758870520e-03
-1.749933119871155e-01 -1.585873774746169e-02

21
-2.136466214072378e-01 1.486957187746922e+00
-1.183632712611940e+00 4.869783250090384e-01
5.253974675131673e-01 -2.135099684842550e+00
-4.987566889928061e-01 -1.021436440778321e-01
3.817513084022933e-01 -1.403466631946520e+00

22
4.313968933719294e-03 -2.135241025527789e-03
4.171011194721398e-02 -1.060478932160411e-01
-3.762514187419904e-02 1.040378998208253e-01
6.326494313519844e-01 -5.273903276960584e-01
-6.317266082643871e-01 5.269336158086645e-01

23
4.721234876210517e-04 -1.443967231017880e-01
-4.502694586699361e-02 -9.572582443544304e-02
7.013769002617747e-02 -5.478721999893079e-02
6.229368519387037e-03 -3.818941838951383e-02
-9.416829066933635e-01 -4.777123523430905e-01

24
7.593373125664120e-02 -1.057948103512638e-01
-8.633327268833359e-02 -6.886009695139529e-01
5.751913751421521e-01 2.159340471098955e-01
1.778831026620563e-01 -4.213732511276658e-02
-1.944012834378848e-01 -1.212495486789627e-01

25
1.342972346635597e-02 -1.776245394124800e-01
6.773103597053304e-02 -1.054646107276670e+00
7.265557935835193e-01 6.463349718671262e-01
2.757568624778137e-01 -1.995341441378003e-02
-7.876011271713745e-02 2.865027126699872e-01

26
1.417739572201928e-02 -8.362201606429770e-04
-5.545860210694015e-02 -8.318365912488069e-01
7.489139673433103e-01 3.662446699083570e-01
2.131125231794959e-01 -5.094725806087978e-02
-3.416005989340455e-02 2.025204553437626e-01

27
1.605449598987111e-01 -3.275313706799780e-01
6.259669438184100e-01 -7.685252804655960e-01
-3.325474409075593e-02 1.097789738164786e-01
2.479040091802056e-01 1.282888868761840e-01
-2.625089903246690e-01 -8.797721953866251e-02

28
-3.034840424673772e-03 2.788807580511200e-03
2.041301093967663e-02 8.296808100282975e-02
-2.322122471767338e-02 -8.035400731830546e-02
1.541870698806868e-01 -5.986846990912259e-01
-5.099287253106795e-01 1.748440287063836e-02

29
3.965433983999837e-01 4.428119746025909e-01
3.161259080346034e-01 3.494912152119399e-01
-5.735424472013005e-01 -6.279355529339368e-01
-1.480040320672784e-01 -1.295274291921542e-01
-4.795657289274972e-01 -5.181262772789974e-01

30
-7.976928288677902e-02 5.227591938908900e-01
4.507825913680708e-03 7.702915939377815e-01
2.361266040497764e-01 -6.432365879770842e-01
-4.096849895440033e-01 -1.002746368721614e+00
5.502928312800694e-02 1.536285018420011e-01

31
4.586912380347102e-01 1.855860691390221e-01
7.345802779490230e-01 3.952042630159470e-01
-6.502756784362591e-01 3.042985080572174e-02
-3.030881638838837e-01 -1.031194025565192e+00
1.013370131805180e-01 1.055692532999644e-01

32
-1.010616430629497e-01 -2.736619947147889e-02
-2.427138299878042e-01 8.981011298585112e-03
1.360211941719172e-01 -3.746779282408682e-02
7.170138937170253e-02 2.163120409502191e-02
-1.234249330833380e+00 -3.826713563870023e-01

33
-4.380662845041078e-01 -5.701167937592794e-01
-6.796120551258885e-01 -1.977517017771116e+00
3.189497952718989e+00 7.512189962743193e-01
-2.830093237338951e-01 6.815069176972519e-01
7.406129093388512e-01 -3.034720447588289e-02

34
8.513136676878952e-02 1.695591018053732e-02
1.893284172813577e-01 -9.868432929475642e-03
-1.215302975464015e-01 2.434827684965146e-02
-5.877049804111106e-02 -1.491098816792333e-02
-9.506578662337680e-01 -2.617494372697771e-01

35
-3.521075648410650e-01 -1.277528384328577e-01
-1.980862076528151e-01 -5.081866557797092e-01
1.381017372935801e+00 2.360852775946665e-03
1.270962625407463e-02 -1.316021814412765e-01
-3.246459313503409e-02 3.248362885886629e-01

36
-4.751436401416428e-02 4.397538316022968e-02
-1.924228277982261e-01 7.542075894365402e-02
1.484778233177709e-01 -2.921053279848436e-02
3.545331231357555e-02 3.533519578300875e-02
-1.208218031428792e+00 -2.916176727070047e-01

37
1.485556921981529e-01 -8.373470472555741e-02
2.924765616872240e-01 -8.355020761143120e-01
5.053455959336570e-01 5.839770375765254e-01
-1.298277110864633e-01 -2.499872723570991e-01
2.152979157293914e-01 7.964148250082900e-02

38
1.370656243826677e-02 -3.137931214802157e-01
5.148098607024247e-01 -1.214068251788902e+00
3.667212376643387e-01 1.335090523522154e+00
-1.656804978592323e-01 -1.553187134100472e-01
-1.930430923702650e-01 2.796801519748514e-01

39
-3.196485191458805e-01 -5.109056241071531e-01
-5.819766883832879e-01 -2.008118640007317e+00
1.988818655511679e+00 1.630674647710111e+00
-9.660751807732698e-02 5.569980097688546e-01
-3.007340025380422e-01 -6.181721967353015e-02

40
1.724388749683225e-01 -4.798594665345940e-01
6.569240878200033e-01 -3.157534851213586e-01
-4.004677013243109e-01 -5.276035132161416e-01
4.320344181113582e-01 -3.050429842429019e-01
-1.294839466095181e-01 -2.835741076532572e-01

41
5.888735884407179e-02 1.273204849313284e-01
1.636487441491302e-02 9.749622326026371e-02
5.734173179208134e-02 -1.080715048756052e-03
2.045645310578540e-02 1.953621444451332e-02
-1.056304814049373e+00 -1.019499990056016e-01

42
3.921059140217323e-01 2.340023563056799e-01
8.768804450112722e-01 1.256751811902384e+00
-1.921220711868413e-02 -2.033122076833824e+00
8.115859901262318e-03 2.729335370659542e-01
-3.949440958184868e-01 7.730544003584450e-03

43
-2.609611855510702e-03 -2.821368975888274e-03
-2.031108341645648e-02 -7.922292599686280e-02
1.782373921851099e-02 7.658654513036078e-02
1.591543328345503e-01 -5.656254347843177e-01
-4.856381860603085e-01 5.953764651642008e-03

44
1.645582700720410e-01 -5.096602425034079e-01
9.945634448902724e-01 -1.323319527520972e+00
-7.475178298279378e-01 6.448634796028790e-01
4.311268633161459e-01 1.120516682816421e-01
-3.973490006562747e-01 -1.228927528475477e-01

45
-4.519677191161435e-02 3.682598162109964e-02
-1.772743829461762e-01 5.924860058953133e-02
1.351717220533334e-01 -2.036937434374313e-02
-3.134500703752170e-02 -3.412451264673448e-02
-1.108157052801726e+00 -3.485988699726739e-01

46
-2.344436944319955e-02 -7.464569672131658e-03
-1.322304212272773e-01 -4.788837489635846e-01
1.101351201155684e-01 4.721419230121771e-01
9.400973662079672e-01 -3.470215673858437e+00
2.533091585062242e+00 1.550038634895617e+00

47
4.128961051318403e-02 -3.712826710737076e-02
1.676966018372098e-01 -6.699473307412043e-02
-1.282265818153230e-01 3.656105223734272e-02
3.071664423709873e-02 3.164305856302277e-02
-1.045337235673296e+00 -2.507092823410522e-01

48
1.622452121351606e-01 5.876830736097013e-01
-8.614252647963930e-01 1.976283539959375e+00
1.874314147677882e+00 -1.903632968252235e+00
-2.790373645882138e-01 -3.428909847190619e-01
-3.133268418695570e-01 1.946037048194410e-01

49
5.373792855482781e-02 1.195997213342430e-01
1.674288019055181e-02 8.678834353268203e-02
5.015774186711983e-02 3.896459822581240e-03
-1.444871162512158e-02 -2.802590183524296e-02
-1.000699045735874e+00 -1.382647007897709e-01

50
2.182694947918858e-01 1.227107632171406e-01
1.604278044307098e-01 1.045421400445283e-01
5.763357219851978e-01 -7.458528351191610e-01
-5.815426995081432e-02 -2.809206173206901e-02
3.984955885514026e-02 -1.588200456859679e-01

51
9.852406194049593e-01 2.477372665019982e-01
5.960817556016180e-01 2.959757223996816e-01
1.735025051941388e-01 -2.172773946959270e-01
-2.379158854361497e-01 -4.829635028868211e-02
1.794542070518498e-01 -1.396847567425513e-02

52
1.498592767756820e-02 3.923931004238656e-02
1.293285087636456e+00 1.770600527551141e-01
-4.901536606509455e-01 -1.204927875931594e+00
-1.290864062851994e-01 -3.292430298576389e-01
3.777655830507196e-01 7.170038485402304e-02

53
1.292238837900122e-01 7.171774187107834e-02
5.365131720425818e-01 2.138017868317841e-01
1.715452634676822e-01 -6.698010369629437e-01
-4.034893577818684e-02 -1.596539711498078e-01
-1.353315345253589e-01 1.013174607679301e-01

54
2.000278579966267e-02 -5.297810616732883e-03
8.007219095470105e-01 3.133899661072191e-01
-1.311250565013781e-01 -8.511528656002761e-01
-3.664316296425227e-02 -2.262121927102930e-01
-2.068800059757394e-01 1.176054996773677e-01

55
2.012194344914192e-01 -2.040811111032891e-03
4.336282481938615e-01 4.265821542926249e-02
2.170243416653501e-01 -7.436307073680573e-01
4.359245571330811e-02 -7.790430075814116e-03
-8.581108590742322e-02 -1.447534765501172e-01

56
6.033674132610209e-01 -3.166426612165700e-01
9.528267341445614e-01 3.865610203775455e-01
1.257954025445259e-01 -9.793580659254392e-01
1.443932396853501e-01 -5.076485256361830e-01
6.131927733001297e-01 1.747789935060765e-01

57
3.632525143813599e-01 -1.680128317802000e-01
1.067566089969922e+00 -2.178819038547214e-01
-9.487454982653082e-02 6.244494764934495e-02
-1.619408229341904e-01 -2.559629498264742e-01
1.220601114853572e-01 2.805568082875516e-01

58
1.724236841369489e-01 -1.993617291979939e-02
7.262679819729776e-01 4.668041274271882e-01
-8.592050044655916e-02 -8.819846044927527e-01
-3.907699637967905e-03 -2.386060980594510e-01
-2.383402288214133e-01 8.780563783631046e-02

59
3.931790021465602e-02 -3.341514796542737e-02
1.556762580237000e-01 -5.580945459514206e-02
-1.181018722074384e-01 2.846315589473255e-02
-2.661927872401284e-02 -2.891154592712594e-02
-9.724996212576920e-01 -2.973395390173738e-01

60
1.282609074254523e-01 -4.037632084852555e-01
3.377279762991018e-01 -2.997062414840773e-01
-1.723278319493154e-01 -3.121709017842908e-01
3.877037653364387e-01 -6.318299447370519e-01
3.065662938627196e-02 -2.087437895774389e-01

61
5.757937230543969e-03 -3.252191784746732e-02
2.234092699935952e-01 6.085017189409317e-01
-2.179512069002484e-01 -6.393257420500500e-01
8.415465369112708e-01 -4.780184781948238e+00
3.596771420415644e+00 1.781354170498475e+00

62
2.941480967813458e-01 -2.578878383813927e-01
3.684676363680376e-01 7.523065883192936e-02
1.038606032968068e-01 -4.490259368476832e-01
3.040366311709082e-01 -4.885407010806740e-01
-2.446606449146803e-02 4.630019380389007e-02

63
-3.892123310929892e-02 -2.236558084313020e-01
4.312814792367526e-01 -9.793110235247987e-02
4.711309559161064e-01 -5.665992514230729e-01
1.042439365208489e-01 -5.043561900101338e-02
-1.777852889380099e-01 7.409066465834856e-02

64
-2.823102111577972e-02 -5.932294196034853e-02
1.249679386982520e-01 -6.355040454587639e-02
-1.492701636153760e-01 2.607615039454776e-03
4.118702800311132e-02 -2.052836119216887e-02
-1.071165806595413e+00 -2.910150427205448e-01

65
2.013351290337158e-01 -2.032078338060474e-01
4.199159530489234e-01 2.900642667571481e-01
8.320455274599121e-01 -9.363201888363362e-01
1.364680282978334e-01 6.144936368871829e-02
-4.527016860191825e-02 2.130981591179152e-01

66
1.923846282132381e-02 -1.711839305127057e-02
1.185490905515010e+00 -1.775577307743264e-02
-6.095587067560500e-01 -1.017518405010231e+00
3.123055753873526e-01 1.465956338451672e-03
-1.595870407092789e-01 2.242194566792896e-01

67
1.727900563140610e-02 -1.285967000415110e-02
9.431826747396068e-01 -3.350033398536812e-01
-7.625182958897125e-01 -6.501506041679227e-01
2.484696873441517e-01 -8.392802661069003e-02
-1.906859516728747e-01 -1.289082505996943e-01

68
-7.335185167338962e-02 4.157168768808556e-01
1.624052797947670e-01 -6.072492639952505e-01
-3.662842151755255e-01 1.453062663610682e-01
1.181569286261340e-01 -3.879014198756325e-01
-1.545098549992975e-01 -2.372268357020509e-02

69
4.201547395295396e-01 2.187558028072230e-01
-7.670010732747919e-01 -2.823441757708653e-01
1.833570170819067e+00 1.052486800248411e+00
-3.222144238352643e-01 -1.615433039986394e-01
-1.545698758796320e-01 3.515505378251398e-01

70
1.861599319636497e-01 -6.034373568121822e-01
-2.422580986894013e-01 1.131116019218694e+00
2.273604614566979e+00 -1.668398314957847e+00
-1.517100822246097e-01 4.803364747812513e-01
-4.709148431662445e-01 -1.864495147292516e-01

71
1.499684116357124e-01 3.973906699534956e-01
-2.468748109804265e-01 -5.782706622696907e-01
4.210317214221578e-02 4.736658682068132e-01
-6.853490427364270e-02 -5.393280679518538e-01
-9.250566499931208e-03 -2.351621556914023e-01

72
-9.348647359179052e-02 -2.788155490169480e-01
7.830322402097395e-01 -1.605628808729581e-01
5.459969833258318e-01 -8.318079278356021e-01
-2.267235417662087e-01 1.341983232261761e-01
1.169632656144645e-01 -1.054670577177155e-01

73
-3.245576733412139e-02 -1.336760315678117e-01
3.835121549765315e+00 1.143264623681856e+00
-9.145870123201143e-01 -3.883151752670333e+00
-7.722067625230424e-01 7.634405012889243e-01
1.183522704182072e+00 3.026438184716210e-01

74
9.163478125387997e-02 -2.545731750282159e-01
6.312901398475135e-01 3.193098768511130e-01
9.085064869989056e-01 -7.678472940365080e-01
-2.535802023085153e-01 -3.389903026947309e-02
4.366862997034108e-02 2.215546060985615e-01

75
2.973896762039449e-02 -1.064697887595603e-02
1.351815421146626e+00 6.796405102005779e-02
-6.188845662782605e-01 -1.207823076452813e+00
-2.043437742117260e-01 3.036158910872199e-01
-2.169273470671851e-01 -3.005778069137413e-01

76
-1.246230260376298e-02 -4.579195322486917e-02
1.415292226229548e+00 2.522005873040503e-01
-4.863275292540973e-01 -1.346848873122447e+00
-1.291565939475257e-01 -3.505049209274920e-01
4.256970372839544e-01 1.082752762049663e-01

77
5.438417574477491e-01 -1.020615398928106e-02
1.839084253681476e-02 1.080452367713609e+00
1.074030373463449e+00 -9.863967619118722e-01
8.346157372354580e-02 -5.146881064060390e-01
8.121707109096375e-02 4.177714290608850e-01

78
3.284797682065488e-03 -2.669888295535851e-03
2.281032831917394e-02 7.947010904395795e-02
-1.968459210974233e-02 -8.197417670850506e-02
1.565031387668227e-01 -5.924685870190529e-01
-5.064299070574249e-01 1.352199924731898e-02

79
3.213685178169983e-01 -1.343655986779400e-01
7.868910961545915e-02 3.312341181160244e-01
4.376077983924661e-01 -3.664278520658775e-01
-1.989012851859858e-03 -7.256384622851167e-01
1.018395713778453e-01 -2.482606737165722e-02

80
-4.974061914129349e-03 -1.458038735111741e-01
6.915688085199825e-02 -5.797548933636668e-02
-4.951985901243331e-02 -9.494925337642614e-02
4.112550517278516e-03 -3.822644631220177e-02
-9.696995921724546e-01 -4.476895205149786e-01

81
-1.689929688716157e-03 3.115615824790342e-02
2.702773844413260e-01 6.233743418000629e-01
-2.718653131504692e-01 -5.944082770418171e-01
4.646649308517702e-01 -4.845169386802994e+00
3.727842538873443e+00 1.495045923081133e+00

82
-2.361315642628130e-01 -2.311382805587529e-01
-1.008252273044915e-01 -5.207800888669815e-01
1.255316133740102e+00 -3.809832504599375e-01
4.528705193450913e-02 -9.085666273041666e-02
2.242119146786558e-01 -3.144821154623900e-03

83
2.421709367358146e-01 -9.212060030989359e-02
3.579691580852692e-01 -2.800404394054282e-01
4.708783132792128e-02 2.839157922731453e-01
-2.460535737479261e-02 -5.006953307167661e-01
-8.138045238067296e-02 5.262146430397795e-02

84
-1.936620919039103e-01 -2.230485793270188e-01
1.113722588736672e+00 -5.960318476030422e-01
-9.377393024534958e-01 -5.055712284311983e-01
3.366652641057304e-01 -1.525405249599606e-01
-2.466985347146725e-01 -8.172857697226397e-02

85
-2.038464917463139e-02 1.246517009144794e-02
1.928440277173613e-02 -9.013814699023714e-01
7.698654219731125e-01 4.648217541307403e-01
-1.431607034082676e-01 -1.889140380116248e-01
2.339213660024620e-01 2.907886653600132e-04

86
-1.685981110628472e-01 -1.010191216474764e-01
1.986585236280703e-01 -4.446801501213171e-01
7.305662113798655e-01 -4.096391375753453e-01
2.393417497365621e-02 -1.141022774699859e-01
1.513801832252380e-01 1.696241537664021e-02

87
-1.789020987532211e-01 -4.369825537869771e-02
2.018800254442999e-01 -6.363995342879963e-01
5.793324250777327e-01 1.605133225191360e-01
-9.357074634216327e-03 -1.617639909920375e-01
-6.281356496096496e-02 1.759902350542252e-01

88
1.023142156291529e+00 7.891389946816824e-01
5.801280478841011e-01 5.995434181090145e-01
-5.455188772743479e-01 -3.436580785933316e-01
-1.974724917328622e-01 -1.924313810560485e-01
-6.110836615520272e-02 2.917605863695185e-02

89
4.296718516231471e-01 2.647732139881228e-01
4.728329948674462e-01 3.273139511719964e-01
-6.119770838258333e-01 -3.537634703020795e-01
-2.003751122546851e-01 -1.356909427659026e-01
-6.297349229856054e-01 -4.419317199613719e-01

90
-1.528451522489763e-01 -1.285390187889374e-01
-9.277661047877556e-03 -6.077026786488361e-01
7.799975715867468e-01 -3.278924249993693e-01
1.710348242090267e-01 1.852404789511623e-02
1.123849620396989e-02 -1.078011688344569e-01

91
-4.850315620751574e-01 9.119324161380785e-02
-3.646050028869723e-01 5.241477761831961e-02
1.685622418855711e+00 -1.148400678524655e+00
1.304472124571053e-01 -2.958819010776000e-02
1.450830870937527e-01 3.108319069110261e-01

92
-1.848484508250336e-01 5.858870136220138e-01
-5.270741199661854e-01 1.825589017233136e-01
3.435911964620634e-01 -8.250145222397866e-01
2.599896704655355e-01 -5.002311372408749e-01
-1.578333881204851e-01 -4.947298382338046e-02

93
-5.131701226198432e-01 -9.801223655357252e-02
-3.780680262131955e-01 -8.624250346750087e-02
1.400281623097317e+00 -1.446097172751641e+00
1.381177825014076e-01 2.344223707524195e-02
1.639879738361400e-01 -2.946057906562190e-01

94
1.974837690822419e-01 5.190563566550803e-01
7.074598592462664e-02 5.401398522611703e-01
-3.016501104580631e-01 -7.536499804495373e-01
-1.311845020673973e-01 -6.746571549969992e-01
-1.038451516089836e-01 -2.551208692077224e-01

95
-1.627582676332096e-01 -1.016763183355574e-01
-1.527781545006228e-02 -6.772038433043371e-01
9.023810655515163e-01 9.328998446621833e-03
1.977322323997056e-01 6.816876985279297e-03
-7.740515187191650e-02 1.927085031819672e-01

96
-1.583529621999041e-02 -2.214654429812888e-02
-1.026954175168208e-01 -9.098854469335642e-01
8.405642126817842e-01 3.703307605919922e-01
-5.349019952698612e-02 2.410318442795402e-01
-2.026214076891368e-01 -1.798422602493283e-01

97
-2.316632064431780e-01 4.110945827542602e-02
1.352277372996090e-03 -8.607749887145837e-01
7.174202931733151e-01 -1.029540746606206e-01
1.579898766929353e-02 2.283699304347533e-01
-8.359352389118647e-02 -1.844797155629755e-01

98
-3.306006290620325e-02 3.028090841739223e-02
-2.259522037022006e-01 -1.512322428792904e+00
1.417249800948599e+00 5.554481280354371e-01
-7.418761509307223e-02 3.867450552481531e-01
4.375081199015610e-01 -1.033670673060579e-01

99
-2.337615912597183e-01 -3.060576803998143e-02
1.257216704764712e-01 -7.460333550408200e-01
1.006325250857221e+00 -3.893371371123788e-01
-1.399080508516925e-02 2.277303796741560e-01
2.052713660547029e-01 -4.409109123421610e-02

100
1.140479016430893e+00 3.689578530023146e-01
7.165047729559992e-01 3.245043995129154e-01
-5.410838976218494e-01 -1.275130140259945e-01
-2.643897071153239e-02 3.481296198844267e-02
-2.348889041035961e-01 -9.894757532899028e-02

101
3.187372031781588e-02 5.458423918452533e-02
-1.148003436093969e-01 5.878275074837110e-02
1.466292811077383e-01 -1.315647183893366e-02
4.013972442062909e-02 -1.962205485715256e-02
-1.038434413164659e+00 -2.185498402704724e-01

102
7.084164397209121e-02 2.150441474661399e-01
4.383649161174111e-02 1.647585854350685e-01
6.345041661262990e-01 -6.886447738666109e-01
-2.250451409659318e-02 -5.497093703340781e-02
-1.456201094001654e-01 8.433568106855090e-03

103
7.673928800889604e-01 -4.731494849036983e-04
4.855012533316554e-01 6.043153842449373e-02
5.334164503911076e-02 -1.017820089955930e-01
1.157936177751199e-01 -2.338203800315606e-02
-1.815210660726482e-01 3.290383649103074e-03

104
-1.198554489318784e-02 -2.598968770235193e-03
1.570985935512562e-01 -7.082351330861880e-01
5.359437610502606e-01 4.898814040004504e-01
-8.519793934322549e-02 -1.696264800576011e-01
-9.076807335994852e-02 1.323499634349919e-01

105
2.301866365825866e-02 5.990264129373272e-02
-1.218397153254292e-01 5.048044270086345e-02
1.466254037876958e-01 8.796473889385673e-04
-4.026478006893205e-02 1.642405004410950e-02
-1.066122232467967e+00 -3.084633738982496e-01

106
-1.046286776918679e-01 1.053542735861008e-01
-4.034585992233020e-02 -9.120259980057674e-01
7.088245151408523e-01 3.576595373527607e-01
-1.402084983679270e-01 -2.086312207384194e-01
2.510250157943873e-01 -5.406012035187308e-02

107
-8.437630113059771e-01 5.609770976774709e-01
-3.435501767177990e-01 -1.614193098433851e+00
6.852485112227479e-01 1.101716464090403e+00
-1.890315159032188e-01 -5.682901165392181e-01
3.080089033351954e-01 4.256745962376782e-01

108
-1.850682704182166e-02 3.216514317378522e-01
-4.987714874106962e-01 1.058766428429514e-01
1.242502655237147e+00 -6.464522965081211e-01
-1.548502196992269e-01 1.489322122240536e-02
-9.598634696816413e-02 -1.695753351643303e-01

109
1.331628311689012e-03 2.263448946763519e-03
-7.013504369609946e-02 -2.349236657630837e-02
7.138048761995333e-02 2.560087738432016e-02
-3.620698340907300e-01 -4.107221536273690e-01
-5.308511719395045e-01 -6.023029539950785e-01

110
-6.883040032560976e-01 1.054576480405998e+00
-1.280658510234586e+00 -1.078463096417914e+00
1.906144476570539e+00 5.175130871987376e-01
-4.754864577107459e-01 -4.255788430100050e-01
6.668645686211300e-01 2.170336421624647e-01

111
-4.546599102770748e-03 2.067216264784716e-03
3.776798530148515e-02 -1.055583819015258e-01
-4.199325566685454e-02 1.074946366151038e-01
6.365044091564395e-01 -5.348070404887547e-01
-6.374859142887018e-01 5.352506599712126e-01

112
3.807234834460270e-01 -1.374258182248463e-01
1.607668239026418e+00 8.548824836782807e-01
-5.934598525551891e-01 -1.840264530422271e+00
-3.943980046065248e-01 2.442576862339929e-01
-1.202460140825949e-01 -4.322328416226064e-01

113
-1.478913942725530e-02 5.266876992683086e-02
-1.464222492237050e-01 7.430483209444030e-02
1.363775959419817e-01 -2.356898230720806e-02
8.535750328978612e-03 -3.559229344711341e-02
-1.082525659174885e+00 -2.676363569965710e-01

114
1.327654815972627e-01 6.183804255625371e-01
-9.310853654245697e-01 1.486470506746854e-01
9.605213754482009e-01 -4.704999577534710e-01
3.323729496560058e-01 -1.515121702027412e-01
-3.398726286443491e-01 2.551720793025075e-02

115
1.812108988998163e-02 -5.345083448903323e-02
1.516872323522138e-01 -6.372746133050679e-02
-1.305323006247557e-01 1.497536564370577e-02
-1.190303005896569e-02 3.545822833073554e-02
-1.062062412424239e+00 -3.291732352357827e-01

116
-3.434425863192566e-01 4.384985723189844e-01
-5.467577638775696e-01 -1.265694660685711e+00
5.227209818171611e-01 2.510123351789882e-01
2.067064307945571e-01 2.311818867715442e-01
-2.586344267102864e-01 -3.302510160904023e-01

117
1.404613636593194e-02 2.472112102484429e-02
-1.058096009347289e-01 -8.553369458224538e-01
7.944730849567925e-01 3.410260008346382e-01
-5.861597528978682e-02 2.159968260993232e-01
-1.948960366308594e-01 -1.809718121312171e-01

118
2.204725953411015e-01 2.140123130729402e-01
-4.085615677701110e-01 4.837121169470504e-01
9.099484057461596e-01 -8.743787860880202e-01
1.455434924809767e-01 -2.009232745669156e-01
-1.854168463448805e-01 -7.397687567864429e-02

119
-2.673292732091475e-02 -6.170087378259025e-02
1.309398316989203e-01 -4.818390336999963e-02
-1.538947493498644e-01 -1.502773628453559e-02
-4.574905392007565e-02 1.390591231962514e-02
-1.089283313023262e+00 -3.944271343843194e-01

120
-1.551065757269206e-03 3.648162241215491e-04
7.210249484409575e-02 2.191941107452251e-02
-7.355786676759760e-02 -2.156780373151065e-02
-3.859997913305352e-01 -4.012217755069506e-01
-5.654621489805592e-01 -5.880779937814519e-01

121
3.356515459617543e-01 -8.707259553146396e-02
3.897701709716191e-02 3.733273083189412e-01
4.998307992254372e-01 -3.266324553983390e-01
6.814516333323448e-02 -6.506471777517677e-01
-1.945579850688768e-02 1.093045927681827e-01

122
1.482006087005327e-03 4.313821604707535e-03
-4.377015196236315e-02 1.147268089684307e-01
4.512050480260733e-02 -1.106754272952159e-01
6.905963674080102e-01 -5.558557165794061e-01
-6.902736621908512e-01 5.567820778657311e-01

123
4.230949509105141e-02 -4.532779857241894e-01
2.343380530457480e-01 -2.519930023343075e+00
1.727737122380893e+00 1.726649965670581e+00
-2.962194526520405e-01 6.589037202142434e-01
6.879435287169898e-01 5.673779302650070e-02

124
-2.966869033341340e-02 2.200807705639408e-02
1.319286141122717e-01 -3.581184244082385e-02
-1.598805112678605e-01 5.832719930129552e-02
-1.777117180395236e-02 -2.233128914479445e-02
-1.090565415921320e+00 -2.414749495031681e-01

125
2.276137376287369e-01 2.656971761685588e-01
-4.999428827507023e-01 -1.200328224898895e+00
9.701482624949438e-01 1.197647421428625e+00
-1.668583450131991e-01 1.915365966558746e-01
-2.049771298985789e-01 -1.593035424330699e-01

126
2.447335716646972e-01 6.373277831731543e-01
5.884737342006706e-02 -2.239506095637713e+00
3.402317204606015e-02 1.976222944885861e+00
-4.399263795353687e-01 1.100735333094271e-01
4.103484078983568e-01 -2.876202787603348e-01

127
-1.292059660438878e-01 1.515068371385975e-01
1.034378694391956e+00 9.585093644647506e-02
-5.559162681107315e-01 -8.167501713092084e-01
-7.203659687158483e-02 -2.671667842261527e-01
-1.273024825035800e-01 1.370431452184596e-01

128
-2.804995291865754e-02 3.458367714681599e-02
1.315188942195731e-01 -4.016744194830328e-02
-1.568511447619594e-01 7.516772046759712e-02
1.860366223982261e-02 -2.411660365833913e-02
-1.096653428930677e+00 -1.835795923622315e-01

129
1.333640684862676e-01 1.967059270881396e-01
-5.368844023785850e-02 -8.292640797511450e-01
5.802383077824680e-01 9.039592952459451e-01
-1.467357450380209e-01 -1.546610199143163e-01
-1.331355756182194e-01 1.459197085695045e-01

130
5.685441540403012e-01 1.623536032849517e-01
-1.114017309482341e+00 -1.448184187351504e+00
1.556205499211680e+00 2.045331063301003e+00
-3.782181309979486e-01 -1.606538439258674e-01
1.383557246192556e-01 -3.935393655509065e-01

131
3.368229324643028e-02 -2.893904719837392e-02
-1.355977960642782e-01 1.501175371429981e-02
1.678079208830836e-01 -3.957007358975119e-02
-2.259277263764011e-02 1.957748576319791e-02
-1.033815264679987e+00 -4.071283045383736e-01

132
7.194601172841929e-02 2.054960203882272e-01
-1.952444414819815e-01 -3.028304178556253e-01
9.033755677324734e-01 -2.266244699888989e-01
-6.811097694715236e-02 -1.553423185077779e-01
1.706955295684288e-01 -4.986379370171169e-02

133
3.006978531684537e-01 2.908403208991332e-01
-5.250483771544764e-01 -1.887157303733868e-01
4.461250349865959e-01 5.454494744432679e-01
9.311221940019600e-02 -8.969904161730667e-01
3.589256380086581e-02 1.064366869318117e-01

134
4.392639124158164e-01 1.870419169517530e-01
-1.076092840964411e+00 -1.303953388501637e+00
9.910747518278901e-01 1.778116037810000e+00
1.330963038785240e-01 -2.672033602809524e-01
-2.415820281588391e-01 -1.904473240072828e-01

135
2.962187993313603e-01 2.847762184650487e-01
-4.313969176189133e-01 -3.782435559534982e-01
3.190796017919705e-01 3.707875680096949e-01
-1.259923580888923e-01 -1.680821986956952e-01
-3.941191518609177e-01 -5.023040106440453e-01

136
-1.322805614123407e-02 2.189026574476969e-03
-7.760823179610152e-02 -8.454202236394385e-01
7.715099288433541e-01 3.537789589421773e-01
2.193492829522813e-01 -5.856376659875449e-02
-2.279739146592502e-02 2.044600194145958e-01

137
1.552498971023270e-01 3.095872811132682e-01
-1.708628076479266e-01 -1.096476894921575e+00
1.604526819116537e-01 9.894232017904836e-01
1.914395027602752e-01 -1.591505642589642e-01
-2.276779496942198e-01 7.902180152915586e-02

138
3.059587259871983e-01 2.182291613905233e-01
-5.393961646573792e-01 -7.507868399663263e-02
4.796583612510851e-01 4.544857881211072e-01
2.382753365612884e-02 -7.282055731615966e-01
-1.981963294311870e-01 -5.714795774729436e-02

139
3.085716328073598e-02 -1.858553108542102e-02
-1.311421079361731e-01 2.081491111938081e-02
1.598361036897149e-01 -3.644069952599874e-02
-1.421613144681099e-02 -2.333097373255202e-02
-9.985375115546719e-01 -3.741102577557278e-01

140
3.272798338321452e-02 -2.009885330267360e-02
-1.396765631311939e-01 2.435384143152155e-02
1.700745801455761e-01 -4.124966970792848e-02
1.610687580773474e-02 2.493725426370106e-02
-1.055412690161624e+00 -3.587063271033950e-01

141
1.083675211752570e-01 6.885753511026487e-01
9.186839561338405e-01 8.906061773966673e-02
-1.527838140606121e+00 -1.001221308954535e+00
3.264613211244052e-01 -4.155818321663213e-02
-5.229493842908555e-01 -1.016642946324764e-01

142
9.989930752234745e-02 -5.153025955351777e-01
2.010571609659006e+00 7.564755375516451e-01
-4.136122774957238e-01 -1.855677120233157e+00
-1.886478536586408e-01 -4.758961685820509e-01
6.241100709365106e-01 2.894467828122236e-01

143
7.794379232103119e-01 6.211195003058019e-01
-3.951460397943139e-01 -2.654838404756817e-01
4.605575568836248e-01 4.624081500621650e-01
-2.912292671351659e-02 1.865371377959658e-02
-1.631911084038252e-01 -1.466327484893487e-01

144
-2.023355850714085e-01 -1.040701092014919e-01
9.768110872456250e-01 2.214027981237756e-01
-5.541128161658190e-02 -9.545182182620724e-01
-4.541867757475700e-02 -2.232743377380531e-01
-1.256404026362233e-01 2.628699367078590e-01

145
3.037903783506412e-02 7.909689623832474e-01
7.831365079817905e-02 -1.172339301449731e+00
-6.191716722787078e-01 3.418971996425049e-01
-3.156891677664230e-01 1.189788840037048e-02
4.808089183259676e-02 -7.738594421233946e-01

146
-1.594452490200759e-01 8.103197225702213e-02
6.197699363010138e-01 -1.953763869576554e-01
9.738762389205399e-02 -8.106052822624771e-01
-1.006532055943561e-01 -1.244875649976183e-01
1.482742664996671e-01 -8.738630078699040e-02

147
-1.796186154469620e-01 1.612347878571527e-01
6.554858484855923e-01 -3.740283326932147e-01
1.465224709818155e-01 -4.113159090304935e-01
-1.433364279877706e-01 -1.275769948242761e-01
1.332032495110116e-01 1.572527905169286e-01

148
-4.245848940407815e-01 1.014663159339936e-01
2.949952051093194e-01 -1.021777581053544e+00
1.858127275049857e-01 4.277544700338918e-01
5.863651575117491e-03 -3.275679903905577e-01
1.352747819233581e-02 2.402389530524373e-01

149
-1.659566469243902e-02 1.290089114259762e-02
9.312579458305705e-01 -3.767223182144896e-01
-7.924839022433030e-01 -6.190551129764452e-01
2.493967134641647e-01 -1.019525283179104e-01
-1.886809266714674e-01 -1.243806620199753e-01

150
2.321367672573996e-02 3.546481342650768e-01
-5.029244786880076e-02 -5.110671870877201e-01
1.031307558929208e-01 2.478741603564066e-01
-7.309893356447027e-02 -3.919875272083702e-01
-6.056124545143385e-02 -1.003002467538946e-01

151
-1.738689169128798e-01 8.044000892182909e-02
2.633327070831500e-01 -2.514822843717714e-01
5.438671069567058e-01 -6.662323062275953e-01
1.298260763527926e-01 -7.331809023977490e-02
6.160937955516562e-02 1.493050414694000e-01

152
5.592563939351108e-01 7.835732861417121e-01
-3.175731612213971e-01 -3.695921514670591e-01
2.824651105325636e-01 5.525227389914318e-01
-1.040122788095594e-01 -1.835824563349579e-01
-5.014271285065833e-02 8.724527630062828e-03

153
-1.785170062932818e-01 6.264449888770590e-02
3.048965126737659e-01 -2.309230613506071e-01
2.009416895457585e-01 -8.019046465865374e-01
1.355625001456656e-01 -6.352072281043238e-02
-6.653497468704056e-02 -1.289789469497079e-01

154
1.663771428252244e-01 3.465717727655669e-01
-3.048329423446604e-01 -4.551375029114011e-01
3.209791651243102e-01 -1.128556200439184e-02
1.142579561343262e-01 -7.844996941177580e-02
-2.063949421099742e-01 -2.876990983607442e-01

155
-1.679357893972092e-02 1.752509731921319e-02
1.180944404640696e+00 -8.240694843951607e-02
-6.629705342985102e-01 -9.811700111715628e-01
3.149415604132361e-01 -2.433874512195530e-02
-1.368972986451753e-01 2.231453231095750e-01

156
-3.222099609309318e-01 5.681954686483871e-02
1.438811292882691e+00 -5.636156809775814e-01
-9.849974557899770e-01 -1.084333396530780e+00
9.501471349197226e-02 4.605199160295474e-01
-2.997837824674214e-01 -2.236334956475130e-01

157
-8.699343087633954e-02 1.904587383462528e-01
3.923164150973200e-01 -5.403148390657149e-01
-2.307727939300674e-02 -3.748737423327542e-01
1.601691032915135e-01 7.881259897130424e-02
-1.579767375957404e-01 -5.184509791470002e-02

158
-9.745701443648569e-02 1.484709022542392e-01
4.743778657361095e-01 -4.105885832346044e-01
1.138803477733952e-01 -8.063295710022914e-01
1.180443110948235e-01 1.054844347865718e-01
8.915367290890931e-02 -1.344840196089604e-01

159
-1.232354439132350e+00 -1.068724208865159e+00
9.860934059470731e+00 3.958633995669284e-01
-3.934214832456128e+00 -8.638853738678383e+00
-1.291961383143302e+00 2.828783210753052e+00
3.193870777330366e+00 8.732465000814812e-02

160
8.155889663915758e-02 -3.379381316239655e-03
-1.305998426521660e-01 1.830071182799860e-02
1.981122713480786e-01 -1.673878141169718e-02
-5.723709771734248e-02 1.802938054946633e-03
-9.559320175139967e-01 -3.989498426654895e-01

161
-6.106467867869516e-02 1.721322020670217e-01
3.713407988245639e-01 -4.612970955050554e-01
4.361079076441015e-01 -2.006498215528546e-01
-1.529410949986981e-01 -5.046649234090852e-02
1.207970333628167e-01 6.798799821801423e-02

162
1.598988956726939e-01 1.887812020558164e-01
6.509806036266912e-03 -9.100311087632121e-01
1.008146442392098e+00 4.041427684162363e-01
-2.381607675062787e-01 1.933040263348418e-01
2.595250061873074e-01 -2.114128063514508e-02

163
-1.315282786097314e+00 5.389870863039383e-01
1.241416642941026e+00 9.902542489126969e-01
-2.457404039167964e+00 5.465149862357277e-01
-1.364677305181901e+00 -2.939925641940914e+00
-6.522937931998584e-01 3.870705324044058e-01

164
-7.017069620712606e-04 1.297429645409307e-01
1.628123518313799e-01 -4.105295248092771e-01
5.469183961658566e-01 -2.435127133146108e-01
-1.210283126213487e-01 3.495905681139550e-03
2.066681821920048e-02 -1.136263943709098e-01

165
1.866401483305749e-01 3.605572626210981e-01
-2.786056599096152e-01 -5.188994335093726e-01
2.373608101004782e-01 2.601783615998855e-01
-8.335663935148833e-02 -9.252270985776682e-02
-2.813355024230340e-01 -3.981537923529444e-01

166
8.614790349114442e-01 5.689727462340587e-01
1.339038734977877e-01 -1.322826440876155e+00
1.441123585542786e+00 1.343535275593465e+00
-1.104474690827914e+00 1.698738227013058e+00
-3.119502047302049e-01 -5.517793181606891e-01

167
-3.396931428968396e-03 2.434198266180320e-01
-3.835076223148222e-01 -1.346916734606648e+00
1.168674241684006e+00 4.727382453698483e-01
-3.102381339831849e-02 2.611750746433592e-01
3.398573646350364e-01 -1.782615828455316e-01

168
-1.648706399553584e-02 1.473776726161644e-01
-4.093774239013018e-02 -2.461672084916706e-01
6.328604719572919e-01 -2.391414502446691e-01
5.067830766915696e-03 -1.163185134591555e-01
-1.174771532269443e-01 3.412614044778548e-03

169
5.609833472476670e-02 3.425528628624925e-01
5.725555286497350e-02 -4.982898702268880e-01
1.966580550419499e-01 4.984333048804022e-01
-4.568105122017949e-01 -4.041492465890844e-01
-1.394538610098937e-02 -1.971801018643757e-01

170
-2.836449005647620e-03 3.942806484492803e-01
-8.100094795742820e-02 -5.618986887203891e-01
3.281026815532998e-01 1.247413609370279e-01
-5.015520931451301e-02 -3.533816504391820e-01
1.474847819311951e-01 -1.166989750579223e-02

171
-3.325869212124509e-02 3.548558414650877e-01
1.331921269840214e-01 -4.451141089685352e-01
3.467020891530841e-02 5.174683378760701e-01
-2.999575302164411e-01 -6.522506743894722e-01
1.913267984941493e-02 8.520672309428073e-02

172
-1.982417321331088e-02 1.408442576710009e-01
-1.398948941709653e-01 -8.284099146295459e-01
6.553395948693491e-01 3.271749916896449e-01
2.043462610763644e-01 -1.017826892908972e-01
-1.381770464946622e-02 1.571201178731511e-01

173
1.440206104862064e-02 1.385798820970000e-02
-1.924540318402433e-01 -6.302449907755779e-01
6.440174035266115e-01 1.505222804333066e-01
1.535771295815906e-01 -7.973548947849861e-02
-1.714615686168847e-01 -8.630307832268556e-02

174
7.248877450615987e-02 1.118621331517854e-01
-6.400385691268438e-03 -4.242802600720490e-01
5.329309706355539e-01 -2.400327060060630e-01
9.835349196312752e-02 -2.339382496474987e-02
-3.699257789589919e-02 -1.143884565964175e-01

175
-8.114477079476698e-02 2.053746745415119e-02
1.279681450974695e-01 -4.741664101625014e-02
-2.108879829079793e-01 7.174656199710513e-02
5.778937484864224e-02 -1.478113499866530e-02
-1.188449693833220e+00 -1.793092527552036e-01

176
-7.850043946250846e-03 1.559007189838559e-01
1.932917206511788e-01 -4.310170756372109e-01
3.126845457123259e-01 -2.695748380815421e-01
1.151135930518050e-01 2.517819816382334e-02
-1.369024745692094e-01 -3.870429287740933e-03

177
-1.453044254744026e-02 -1.295848991615383e-02
-1.999020635130228e-01 -6.571652656007740e-01
6.710094811952686e-01 1.571968915913497e-01
1.650150561455278e-01 -8.003008006840347e-02
-1.735087314521458e-01 -8.062038113228967e-02

178
-5.080856148534765e-02 1.003628813459838e-01
-2.318862497396863e-01 -6.278179970186376e-01
5.785052673658528e-01 7.176800328391879e-02
1.604230799392134e-01 -1.117145975229966e-01
-1.565020332341979e-01 -1.057524630471464e-01

179
-3.087301534314575e-02 2.433049529805071e-02
1.398717086433074e-01 -4.125251467790127e-02
-1.689229746807788e-01 6.610874182766865e-02
1.878814293859758e-02 2.366498941863945e-02
-1.149749246052395e+00 -2.079050168265090e-01

180
2.902651063169909e-01 -3.699574539394536e-01
-1.505729756845961e-01 -5.735997629059335e-01
6.274679073943706e-01 -6.615396990389132e-02
4.145217624784178e-01 -1.957651191526219e-01
3.914933931928988e-02 -2.759236909565443e-01

181
5.860019814072002e-02 1.229850821735891e-01
5.517685984494441e-02 -1.868298777399223e-03
1.748546510201350e-02 9.465271998724713e-02
2.040480308817574e-02 1.956376047006416e-02
-1.025470463634730e+00 -8.690681428775854e-02

182
1.188246870904559e-01 8.599981234401761e-02
2.353412664148170e-02 -5.456012118185621e-01
5.965533947434969e-01 1.590485733119109e-01
1.237457027414470e-01 -1.992198124296626e-02
-1.260745939404586e-01 1.194563581717289e-01

183
1.326106537259998e-01 7.360590959722299e-02
2.118863939209543e-01 -1.537488546030776e-01
3.985186497725785e-01 -4.775499170240549e-01
4.698512938502261e-02 -5.402152951855597e-02
-4.584573142423081e-02 -8.660869402726742e-02

184
3.507966670885459e-02 -2.331681592751412e-02
-8.057313637868123e-02 -1.538507922448620e+00
1.368805346245228e+00 6.944662361817194e-01
-1.290738475573950e-01 3.986354447310869e-01
4.421978773444907e-01 -5.117777595206838e-02

185
1.921681485184097e-02 6.782237869427757e-02
1.345785035167533e-01 -1.127364103970716e-02
-1.111423796563042e-01 7.033919486869694e-02
-4.390122403612801e-02 1.595769760243576e-02
-1.069744396239955e+00 -2.075136098441078e-01

186
1.980021372581499e-01 1.556875237178423e-02
2.072574416815518e-01 -5.060873012577829e-01
7.316868012987243e-01 -8.674016940206007e-02
-7.384160466031006e-02 1.709968699818960e-01
5.678515604418640e-02 -6.409083747215150e-02

187
1.827900200896635e-01 -2.528883776431384e-02
2.941725133339515e-02 -4.943469208070855e-01
8.188798879833783e-01 4.704319379554447e-02
-2.481942480660215e-02 1.888544177999032e-01
-1.519142929157580e-01 -8.372283357200108e-02

188
-1.444737683785292e+00 -1.585241694775498e+00
-1.406819962065638e+00 -5.904808652919200e-01
-6.895100926058509e-01 -1.621837589868033e+00
3.879248595293700e-01 3.972456376579305e-01
-2.796996829560471e+00 -3.824312938517687e+00

189
2.408888009164450e-01 -6.643680162177278e-02
1.892440662493420e-01 -4.760728251564685e-02
9.690286619168336e-01 -2.792736108907327e-01
-6.152004428615095e-02 1.907987975444558e-02
-5.139800341944794e-03 1.715620013170089e-01

190
1.329264685770774e-01 -1.971083581820853e-01
1.025649026054005e-01 -1.495255778735839e-01
9.198040133333791e-01 -2.832047234007263e-01
-3.337051634509258e-02 5.205242420382868e-02
-1.546123060410185e-01 -4.264338633782518e-02

191
3.963645042926654e-01 1.649946944265565e-01
5.827701215142750e-01 -8.559004970324209e-01
-9.944375407494867e-02 2.105790675181891e-01
-1.054671119871696e-01 2.262746882010447e-01
9.295297185698409e-02 -2.811761064515597e-01

192
7.958932132455314e-02 1.127983457487680e-01
1.533905398531354e-01 -3.332257617659476e-01
5.330405438932942e-01 -2.569540691262454e-01
-2.869503899962614e-02 -1.069479801831655e-01
8.652689064428795e-02 -2.610697991879326e-02

193
1.007555875027179e-01 3.883788916543589e-02
1.884358288562296e-01 -5.372115796377970e-01
4.377942942056633e-01 3.501054800858726e-01
-5.510411212415035e-02 -1.579633475058201e-01
-1.247461820243163e-01 1.111366536203163e-01

194
1.722048369663352e-01 -1.098893530564176e-01
-6.515583372078013e-02 -3.130250454595715e-01
8.865860953724477e-01 1.255091898030443e-01
-3.038737260255596e-02 -9.763070539060233e-02
-1.479410581821464e-01 5.279993389295250e-03

195
-6.871478666431416e-03 -7.318369311375950e-02
-1.355818343927774e-01 -2.991406552657172e-02
1.345979245309358e-01 -4.314272290724051e-02
-4.914639408193733e-02 1.972241406271228e-05
-1.028048746512453e+00 -4.959108148847217e-01

196
5.059843268859336e-01 -1.722167769651687e-01
1.987489004909287e-01 -6.904609234578323e-01
6.779164259080067e-01 3.607304131636916e-01
1.689152211399353e-01 -3.072516282628103e-01
5.060066880643737e-01 1.465773955554917e-01

197
1.929396278494361e-01 2.615272310346474e-02
1.406873233109610e-01 -2.806954612828522e-01
6.566605691151511e-01 -1.497077898085187e-02
3.316167359552100e-02 -8.040005846788523e-02
-6.855062753223461e-02 1.555661665840536e-01

198
1.139271784017602e-02 3.181572559889320e-03
1.640786608157650e-01 -6.878644627936047e-01
5.148726518795825e-01 4.858766255733744e-01
-8.519809772569875e-02 -1.698502692279237e-01
-9.675071307432535e-02 1.267083255285890e-01

199
6.593582024452932e-02 6.447955086730497e-01
-8.783413897527786e-01 -2.363258137049390e-01
7.753730687407258e-01 -1.753789980448028e-01
3.059084152816803e-01 -7.235608940023543e-02
-3.440768000564763e-01 -6.932768080840988e-02

200
1.807051758057623e-02 -1.567343486044026e-01
-6.394927702855191e-03 -7.694941982545911e-02
5.443469564672652e-02 -8.052094070240483e-02
-3.563371829331644e-03 3.938239500307859e-02
-1.004618171147959e+00 -5.013501193754391e-01

201
-2.919504439347090e-02 9.823973865916069e-03
1.390106833917557e+00 -2.108673463046873e-02
-7.150022086852982e-01 -1.196519066272044e+00
-1.716619491085689e-01 3.183161308284594e-01
-2.292995415776734e-01 -2.928695771198356e-01

202
-3.833338023506680e-02 2.876266116547843e-01
1.325507543538841e+00 -5.579007684469627e-01
-1.237724258639820e+00 -5.552196353628114e-01
-4.542263318165255e-02 2.162264575409887e-01
-2.619863703853847e-01 -2.443721662686092e-01

203
4.122138299090008e-01 1.106292301029215e-01
4.278850514065773e-01 -7.035504479795130e-01
-6.403008625912381e-02 7.791934659247555e-01
9.064327890900663e-02 -2.720323599000002e-01
-6.178672267547273e-02 2.732986171481631e-01

204
-9.027866637749675e-03 -7.216506349223215e-02
-1.379656732120611e-01 -1.009367554842713e-02
1.350727510415146e-01 -6.181261342687758e-02
4.969260238953793e-02 -9.468709944049901e-03
-1.052563317739774e+00 -3.894986735566020e-01

205
1.254659844848931e-01 4.851205143199617e-01
3.533795010916746e-01 6.865504975408467e-01
1.441446311581225e-02 -7.323343221230634e-01
-7.187627752879313e-01 -5.081738052857127e-01
-4.916893601506544e-02 -3.065369993467977e-01

206
-8.858884994262058e-01 2.942509256044750e-01
-1.907395612124974e-01 1.704915607458275e+00
1.426236414518263e+00 -3.369884483072264e+00
-9.042998402178730e-03 -7.551054216980052e-01
4.995122420476110e-01 2.214372074122888e-01

207
7.221277267061367e-01 -1.871905104869225e-01
-1.077507305709296e-01 -1.432799708905344e+00
5.866612818535718e-01 1.153777541153564e+00
1.402326372419230e-01 4.516382328823434e-01
-1.189758430478943e-01 -4.845898272746922e-01

208
-1.766285369105298e-02 6.360527373231717e-03
8.332130029978086e-01 2.870688424410771e-01
-1.700568898119017e-01 -8.658696766947560e-01
-3.965996854454544e-02 -2.295565398519891e-01
-1.953449109103214e-01 1.262722219476602e-01

209
8.387205341256278e-02 4.796908979397000e-01
6.109359522502672e-02 3.261943083299830e-01
-1.267577025505470e-01 -6.809838218244477e-01
-8.451841335441401e-02 -5.315638013196764e-01
-1.046625603466359e-01 -1.720867792601329e-01

210
9.645878794463410e-02 4.763749955465564e-01
4.686027542068684e-01 8.732672409457082e-02
-2.314839909188493e-01 -6.811452371787365e-01
-1.294714914740496e-01 -4.242020494819237e-01
1.980182609955562e-01 -1.966827909539768e-02

211
2.927600862165022e-02 1.933725398247953e-01
1.143043388733706e+00 -1.080767259772290e-01
-6.215064313073334e-01 -8.413048148562404e-01
-1.683824199475012e-01 -2.939356494423007e-01
3.205593916090928e-01 -4.651734921447138e-02

212
8.152205875183037e-01 3.164113293060292e-01
1.730906446736140e-01 -1.640959629234179e-01
4.770038451345774e-01 3.164779080135642e-01
-2.024467664400740e-01 -6.795770237755214e-02
1.565581649888271e-01 9.750154006043420e-03

213
-1.469042017565982e-01 1.456485965319949e-01
4.584855940812751e-01 -9.833426337447593e-02
-1.347405978007014e-01 -9.138894777248127e-01
1.466928740975168e-01 -1.090629681396054e-01
-1.370855489593506e-01 -1.295426693262137e-01

214
8.070770068672956e-02 1.211750408777482e-01
7.318038525011235e-01 -4.194700870674178e-01
-6.563292008980207e-01 -3.458316544354358e-01
1.784634947814304e-01 -1.264799269183811e-01
-1.889630896117439e-01 -1.270678123144064e-01

215
-1.315209210738006e-01 1.635326251621914e-01
4.538541122430798e-01 -8.400273685267355e-02
2.398203332998262e-01 -9.215588562007617e-01
1.312378642150410e-01 -1.202299490389098e-01
1.061442290164106e-01 1.293577625507147e-01

216
2.318567578141211e-02 5.587005347866242e-03
-1.100071166610206e-01 -4.442861368249539e-01
1.317023035407695e-01 4.497967402102488e-01
8.542930501802616e-01 -3.284098926238227e+00
2.402574972719620e+00 1.444474711361516e+00

217
2.221334594971307e-01 1.519638133410668e-01
4.724696774129892e-01 -4.543927736947732e-01
-9.486228367535722e-02 1.085309995954016e-01
9.290962381404798e-02 -1.608715687198050e-01
-9.401671181229085e-02 1.255498697695772e-01

218
2.830314485604665e-01 3.244581126885165e-01
3.675092426485615e-01 -1.103312185851328e-01
-4.644340570720900e-01 -4.072080793473679e-01
1.206403058194315e-01 -1.057082565079964e-01
-2.979544925030690e-01 -2.515759816120325e-01

219
-2.005143652769442e-01 5.506923409381304e-01
5.858214705775995e-01 5.460922169326894e-01
-7.675911533774432e-02 -2.543140961317264e+00
2.363266279199779e-01 1.223884892122651e-01
3.141983498446677e-01 -1.962427408273624e-01

220
2.488633855147176e-01 4.768815512312738e-01
4.061344187557932e-01 -4.494400610981279e-01
-5.681213137230163e-01 9.255631782569927e-02
1.711601565337097e-01 -1.737680749148933e-01
-2.355398927402126e-01 4.438885223403088e-02

221
3.118974186490901e-02 6.270597144688864e-02
1.341575351562805e-01 -2.381815839686046e-02
-1.008483531565527e-01 7.650998572214525e-02
4.357790360913052e-02 -1.867873110158341e-02
-1.032876972809568e+00 -1.109156022467697e-01

222
1.015513071671069e-01 1.702238037649207e-01
3.221489751580814e-01 1.911593163645871e-02
2.660672579679534e-01 -6.395349469771284e-01
8.690229996601591e-02 -2.410945103265075e-02
-1.577716275754512e-01 5.417755088090805e-02

223
3.134213093288196e-02 8.982188140137262e-02
3.018412360682788e+00 6.281168047216527e-01
-9.550417518631428e-01 -2.923245274796115e+00
-5.612145944466930e-01 5.797249820035202e-01
9.021346467981526e-01 1.315943666691930e-01

224
2.519039243229200e-01 2.637723050391671e-01
1.640115776665286e+00 7.991842781859411e-01
2.420317104685851e-02 -1.898557999456142e+00
-5.444355598762479e-01 2.728899870727071e-01
4.441007296839570e-01 1.922051258392973e-01

225
1.471144225699483e-01 2.267965104987469e-02
5.826809347827961e-03 -7.321483119960277e-01
7.305994165950307e-01 3.027075127439180e-01
-1.059067200464365e-01 2.200032739788237e-01
-1.660178448111908e-01 -1.820205037919766e-01

226
2.300292940650131e-01 1.508033362327687e-02
9.713623848688645e-01 2.621942089098171e-01
-1.417033458484701e-01 -1.143249621175083e+00
-2.020475447694091e-01 2.514353156608981e-01
-1.549677746709235e-01 -2.811892710873021e-01

227
-1.205616078439834e+00 6.489970543096053e-01
1.766202261658615e-01 2.282511077828817e+00
8.678647908772599e-01 -3.921950113868031e+00
-1.549129175937206e-01 -1.018158555654677e+00
3.641040001880207e-01 5.184978329258705e-01

228
1.100592960858245e-01 2.057324290252034e-01
6.721022607227258e-01 -1.744543998958338e-02
2.515129754904885e-01 -7.842452924863076e-01
-2.077911146868734e-01 7.497862876803890e-02
1.436180552108280e-01 -3.588110747393190e-03

229
1.536268753254175e-03 -2.113925747301025e-04
7.333320772926295e-02 2.153188157096701e-02
-7.189219202318142e-02 -2.172167379841920e-02
-3.840434653036923e-01 -3.998586860272554e-01
-5.630883162757282e-01 -5.859880391007593e-01

230
1.004443068222718e-01 1.229616061376169e-01
4.153444035180156e-01 -1.093489326170317e-01
3.458189482633309e-01 -6.049654572625025e-01
-1.280128637021048e-01 6.805414051834933e-02
-1.943767444417221e-02 -1.243147461817517e-01

231
-1.768227349268974e-03 -4.445796261855821e-03
-4.678018335250844e-02 1.102353511099377e-01
4.507742198329144e-02 -1.144010858886278e-01
6.976894677097391e-01 -5.508666772133977e-01
-6.980660211281766e-01 5.499117594325887e-01

232
2.625946796206749e-01 1.068236003869485e+00
1.093196301705110e+00 -6.932652364170727e-01
-1.240637642015501e+00 -1.329858514659628e-01
-5.045940766879541e-01 -3.030734261599009e-02
4.324674327644498e-01 -2.546153411166160e-01

233
5.337569699566939e-02 1.159229176511811e-01
4.871670933099608e-02 3.446847346504767e-03
1.718393884802072e-02 8.421215266494977e-02
-1.464053227639093e-02 -2.775771088275057e-02
-9.752162913997809e-01 -1.261207356306746e-01

234
2.714270978764828e-02 1.145591236379683e-01
1.958600600202066e-01 -2.147731720604050e-01
4.215026132008162e-01 -3.187346330148967e-01
3.534912003983636e-03 -9.281391674557962e-02
-1.026669869828701e-01 1.881838803649671e-02

235
2.042585831114917e-02 -1.033087238325937e-02
6.690220735893315e-02 -8.889628266119052e-01
7.358744943634830e-01 4.999911464104889e-01
-1.424481474343154e-01 -1.925532548993664e-01
2.257637554234847e-01 1.823418562743481e-02

236
-1.941461441837272e-01 -1.358867116648181e-01
1.348031783705351e+00 -1.291818529756839e-01
-6.286072179450533e-01 -1.107856469017855e+00
3.939718364249514e-01 -2.397714543573408e-02
-1.237221123456202e-01 3.688038089589088e-01

237
1.467167888948263e-01 1.034763584365098e-01
7.709942218510255e-01 6.430059114642823e-02
-1.796923763462856e-01 -7.851687320567152e-01
1.716866469401835e-01 -3.820716568619185e-03
-1.728361349531839e-01 1.599118457415290e-01

238
2.601158071956426e-01 -1.919408478688962e-01
1.230223269937045e-01 -3.574114590756224e-01
2.890138481754633e-01 8.529774159204775e-02
2.924287226514390e-01 -3.977080381016104e-01
-5.506276535994101e-02 4.583395418394519e-02

239
-1.359963474141577e-03 -2.267104102064348e-03
-7.131970865761286e-02 -2.602255237857221e-02
7.003887821230438e-02 2.388017199236064e-02
-3.609680943159572e-01 -4.144740271567429e-01
-5.288067916281610e-01 -6.070772497679482e-01

