6.9892203247235707e-01 2.4910988318477004e-01
6.9892203247235707e-01 -2.4910988318477004e-01
-2.4585368118867984e-01 -1.4353996364130580e-63
2.3888610421242995e+00 -6.1456997208556222e-61
6.9892203247235707e-01 -2.4910988318477004e-01
6.9892203247235707e-01 2.4910988318477004e-01
-2.4585368118867984e-01 -1.4353996364130580e-63
2.3888610421242995e+00 -6.1456997208556222e-61
6.9892203247235707e-01 2.4910988318477004e-01
6.9892203247235707e-01 -2.4910988318477004e-01
2.3888610421242995e+00 -6.1456997208556222e-61
-2.4585368118867984e-01 -1.4353996364130580e-63
6.9892203247235707e-01 -2.4910988318477004e-01
6.9892203247235707e-01 2.4910988318477004e-01
2.3888610421242995e+00 -6.1456997208556222e-61
-2.4585368118867984e-01 -1.4353996364130580e-63
-7.5429040495411442e-03 -5.8953814284277313e-61
6.6713984120749692e-01 -2.1092205098724122e-61
1.3236836461326346e-01 -2.8157529370503892e-61
-2.3642327299377019e-01 8.7512011412537055e-62
6.6713984120749692e-01 -2.1092205098724122e-61
-7.5429040495411442e-03 -5.8953814284277313e-61
1.3236836461326346e-01 -2.8157529370503892e-61
-2.3642327299377019e-01 8.7512011412537055e-62
-7.5429040495411442e-03 -5.8953814284277313e-61
6.6713984120749692e-01 -2.1092205098724122e-61
-2.3642327299377019e-01 8.7512011412537055e-62
1.3236836461326346e-01 -2.8157529370503892e-61
6.6713984120749692e-01 -2.1092205098724122e-61
-7.5429040495411442e-03 -5.8953814284277313e-61
-2.3642327299377019e-01 8.7512011412537055e-62
1.3236836461326346e-01 -2.8157529370503892e-61
3.7498264119400432e-01 7.5637850620692049e-01
-1.4271500311781808e+00 -1.5946853616773068e-01
-1.8692941444412730e-02 3.6230030948861669e-01
-9.2301992074339723e-01 -1.0927434507541793e-01
-1.4271500311781808e+00 -1.5946853616773068e-01
3.7498264119400432e-01 7.5637850620692049e-01
-1.8692941444412730e-02 3.6230030948861669e-01
-9.2301992074339723e-01 -1.0927434507541793e-01
3.7498264119400432e-01 7.5637850620692049e-01
-1.4271500311781808e+00 -1.5946853616773068e-01
-9.2301992074339723e-01 -1.0927434507541793e-01
-1.8692941444412730e-02 3.6230030948861669e-01
-1.4271500311781808e+00 -1.5946853616773068e-01
3.7498264119400432e-01 7.5637850620692049e-01
-9.2301992074339723e-01 -1.0927434507541793e-01
-1.8692941444412730e-02 3.6230030948861669e-01
7.9811093642795616e-01 2.3534578856491921e-62
-1.4221509230047351e+00 -6.6290446161023509e-62
-3.0580511178414643e-01 3.5281104376571266e-62
-1.1791761292731469e+00 6.5666091973474569e-62
-1.4221509230047351e+00 -6.6290446161023509e-62
7.9811093642795616e-01 2.3534578856491921e-62
-3.0580511178414643e-01 3.5281104376571266e-62
-1.1791761292731469e+00 6.5666091973474569e-62
7.9811093642795616e-01 2.3534578856491921e-62
-1.4221509230047351e+00 -6.6290446161023509e-62
-1.1791761292731469e+00 6.5666091973474569e-62
-3.0580511178414643e-01 3.5281104376571266e-62
-1.4221509230047351e+00 -6.6290446161023509e-62
7.9811093642795616e-01 2.3534578856491921e-62
-1.1791761292731469e+00 6.5666091973474569e-62
-3.0580511178414643e-01 3.5281104376571266e-62
8.5865046391039557e-01 1.0173633036057779e+00
8.5865046391039557e-01 -1.0173633036057779e+00
6.7752871771673151e-01 3.7475042116163515e-01
6.7752871771673151e-01 -3.7475042116163515e-01
8.5865046391039557e-01 -1.0173633036057779e+00
8.5865046391039557e-01 1.0173633036057779e+00
6.7752871771673151e-01 3.7475042116163515e-01
6.7752871771673151e-01 -3.7475042116163515e-01
8.5865046391039557e-01 1.0173633036057779e+00
8.5865046391039557e-01 -1.0173633036057779e+00
6.7752871771673151e-01 -3.7475042116163515e-01
6.7752871771673151e-01 3.7475042116163515e-01
8.5865046391039557e-01 -1.0173633036057779e+00
8.5865046391039557e-01 1.0173633036057779e+00
6.7752871771673151e-01 -3.7475042116163515e-01
6.7752871771673151e-01 3.7475042116163515e-01
-1.3707969524718691e+00 1.5345037292020145e-57
1.1648442978439917e+00 -5.0315279148527014e-57
-1.5851094153542384e+00 -4.0974767171701197e-57
-4.9421727763772932e-01 6.1414593185036044e-57
1.1648442978439917e+00 -5.0315279148527014e-57
-1.3707969524718691e+00 1.5345037292020145e-57
-1.5851094153542384e+00 -4.0974767171701197e-57
-4.9421727763772932e-01 6.1414593185036044e-57
-1.3707969524718691e+00 1.5345037292020145e-57
1.1648442978439917e+00 -5.0315279148527014e-57
-4.9421727763772932e-01 6.1414593185036044e-57
-1.5851094153542384e+00 -4.0974767171701197e-57
1.1648442978439917e+00 -5.0315279148527014e-57
-1.3707969524718691e+00 1.5345037292020145e-57
-4.9421727763772932e-01 6.1414593185036044e-57
-1.5851094153542384e+00 -4.0974767171701197e-57
6.8340748081591907e-01 8.4110740594006375e-63
-4.2852927050377609e-01 -1.3557696176341152e-62
-2.1802018901022477e-01 -2.2676071043989401e-62
4.5016541537864843e-03 2.2552124442921780e-62
-4.2852927050377609e-01 -1.3557696176341152e-62
6.8340748081591907e-01 8.4110740594006375e-63
-2.1802018901022477e-01 -2.2676071043989401e-62
4.5016541537864843e-03 2.2552124442921780e-62
6.8340748081591907e-01 8.4110740594006375e-63
-4.2852927050377609e-01 -1.3557696176341152e-62
4.5016541537864843e-03 2.2552124442921780e-62
-2.1802018901022477e-01 -2.2676071043989401e-62
-4.2852927050377609e-01 -1.3557696176341152e-62
6.8340748081591907e-01 8.4110740594006375e-63
4.5016541537864843e-03 2.2552124442921780e-62
-2.1802018901022477e-01 -2.2676071043989401e-62
1.4013487032236541e-01 2.2012129393257789e+00
1.4013487032236541e-01 -2.2012129393257789e+00
-2.5317320734424664e-02 6.4685642320091474e-01
-2.5317320734424664e-02 -6.4685642320091474e-01
1.4013487032236541e-01 -2.2012129393257789e+00
1.4013487032236541e-01 2.2012129393257789e+00
-2.5317320734424664e-02 6.4685642320091474e-01
-2.5317320734424664e-02 -6.4685642320091474e-01
1.4013487032236541e-01 2.2012129393257789e+00
1.4013487032236541e-01 -2.2012129393257789e+00
-2.5317320734424664e-02 -6.4685642320091474e-01
-2.5317320734424664e-02 6.4685642320091474e-01
1.4013487032236541e-01 -2.2012129393257789e+00
1.4013487032236541e-01 2.2012129393257789e+00
-2.5317320734424664e-02 -6.4685642320091474e-01
-2.5317320734424664e-02 6.4685642320091474e-01
-3.6135478258183712e-01 1.1677406119493721e+00
-3.6135478258183712e-01 -1.1677406119493721e+00
-1.2233657115820987e-01 4.6713157224591589e-01
-1.2233657115820987e-01 -4.6713157224591589e-01
-3.6135478258183712e-01 -1.1677406119493721e+00
-3.6135478258183712e-01 1.1677406119493721e+00
-1.2233657115820987e-01 4.6713157224591589e-01
-1.2233657115820987e-01 -4.6713157224591589e-01
-3.6135478258183712e-01 1.1677406119493721e+00
-3.6135478258183712e-01 -1.1677406119493721e+00
-1.2233657115820987e-01 -4.6713157224591589e-01
-1.2233657115820987e-01 4.6713157224591589e-01
-3.6135478258183712e-01 -1.1677406119493721e+00
-3.6135478258183712e-01 1.1677406119493721e+00
-1.2233657115820987e-01 -4.6713157224591589e-01
-1.2233657115820987e-01 4.6713157224591589e-01
-1.4271500311781808e+00 1.5946853616773068e-01
3.7498264119400432e-01 -7.5637850620692049e-01
-1.8692941444412730e-02 -3.6230030948861669e-01
-9.2301992074339723e-01 1.0927434507541793e-01
3.7498264119400432e-01 -7.5637850620692049e-01
-1.4271500311781808e+00 1.5946853616773068e-01
-1.8692941444412730e-02 -3.6230030948861669e-01
-9.2301992074339723e-01 1.0927434507541793e-01
-1.4271500311781808e+00 1.5946853616773068e-01
3.7498264119400432e-01 -7.5637850620692049e-01
-9.2301992074339723e-01 1.0927434507541793e-01
-1.8692941444412730e-02 -3.6230030948861669e-01
3.7498264119400432e-01 -7.5637850620692049e-01
-1.4271500311781808e+00 1.5946853616773068e-01
-9.2301992074339723e-01 1.0927434507541793e-01
-1.8692941444412730e-02 -3.6230030948861669e-01
