40

1.281400962052478e-48
8.228583115762369e-53
1.557255901806319e4

1.751596159213073e-55
1.647135369781504e-59
1.063419674756560e4

3.268903784948463e-56
2.531064871747367e-61
1.291513236755451e5

1.314436028561500e-51
9.701993240866604e-56
1.354810290966655e4

2.020854711349024e-43
1.133835891682058e-48
1.782316758689888e5

8.216034522838943e-57
3.627489059761629e-60
2.264937092154549e3

1.121048223184327e-57
4.952206092981736e-61
2.263734994335305e3

1.865640385600834e-57
4.828150159138293e-61
3.864089400926597e3

8.039392827886707e-55
1.008289125469236e-58
7.973301134379833e3

6.749274945467366e-54
8.464843898050425e-58
7.973301134379833e3

1.485604376046979e-43
8.335243265843437e-49
1.782316758689888e5

4.604899823627457e-52
2.957060440924360e-56
1.557255901806319e4

5.362786014882570e-50
4.488526649335717e-54
1.194776467613541e4

7.548217347183519e-50
6.317681634842046e-54
1.194776467613541e4

1.182202358910880e-53
1.011311722041811e-57
1.168979191227059e4

1.041501320910863e-55
4.598367541944055e-59
2.264937092154549e3

1.481745477256363e-57
6.542104336535169e-61
2.264937092154549e3

9.175802904465836e-57
4.053390934639903e-60
2.263734994335305e3

6.542055904591593e-57
1.693039478595611e-60
3.864089400926597e3

1.373357208811419e-57
6.066775537985068e-61
2.263734994335305e3

3.223967410426848e-56
8.343407918185718e-60
3.864089400926597e3

3.291999176739197e-56
8.381277812443449e-60
3.927801047057118e3

2.333471648231966e-55
6.038865580264283e-59
3.864089400926597e3

2.484695565905159e-53
2.125525915732523e-57
1.168979191227059e4

8.793902202590060e-55
7.522719196874016e-59
1.168979191227059e4

1.653846763686620e-49
3.327824897531173e-54
4.969752960600680e4

2.976478551303876e-55
2.546220303698916e-59
1.168979191227059e4

4.137354028185155e-56
1.053351220852961e-59
3.927801047057118e3

5.522995604115453e-54
6.926861924606130e-58
7.973301134379833e3

7.892398650187550e-58
2.009368233174866e-61
3.927801047057118e3

3.108331771710922e-50
6.254499562358984e-55
4.969752960600680e4

7.082024729997510e-55
6.659670587361234e-59
1.063419674756560e4

3.020334079696633e-51
2.229340963701737e-55
1.354810290966655e4

3.033088496569620e-55
2.348476508215562e-60
1.291513236755451e5

1.150576662721131e-55
2.929315026236357e-59
3.927801047057118e3

6.079449414573728e-59
2.685583528896598e-62
2.263734994335305e3

2.771155040045819e-57
1.223501990251625e-60
2.264937092154549e3

2.549379349806039e-54
3.197395039820393e-58
7.973301134379833e3

8.664293247579264e-50
1.743405218784162e-54
4.969752960600680e4

3.642453071740750e-49
7.329243728244587e-54
4.969752960600680e4

