4                                                

7.368857419427833e-01 -7.642833396090875e-19
4.582988447426875e-01 6.670812643949940e-19
-5.044915243091190e-01 -7.498461963284751e-19
3.712645335846725e+00 1.165730155883366e-17

7.368857419426966e-01 -4.402995058974119e-15
4.582988447427889e-01 5.118240129429311e-15
3.712645335846462e+00 -1.117172756274653e-14
-5.044915243091201e-01 2.282269859034728e-15

4.582988447428405e-01 -3.624167375623002e-15
7.368857419426519e-01 3.057132024031527e-15
3.712645335846332e+00 9.863394328194726e-15
-5.044915243091124e-01 7.254296483702607e-16

4.582988447426878e-01 2.133401444145149e-17
7.368857419427828e-01 -2.157036137740877e-17
-5.044915243091190e-01 -5.294532650538290e-19
3.712645335846724e+00 1.445001550597010e-16

