40

3.767411960509905e-48
6.770642289738760e-54
5.564334666180198e5

4.315507940979078e-54
6.905307741882066e-58
6.249551942203333e3

2.468734722974532e-54
3.950258747836182e-58
6.249551942203333e3

1.519123121377199e-54
4.227898418774930e-58
3.593092763608492e3

3.911899780733581e-56
1.129037998407584e-59
3.464807903942115e3

1.980104506398965e-55
1.332571675417758e-58
1.485927205963017e3

7.418930290692200e-59
4.992795246577409e-62
1.485927205963017e3

1.328965508904357e-54
2.126497261235369e-58
6.249551942203333e3

9.573198710818822e-54
2.664333859614744e-57
3.593092763608492e3

4.624810170532653e-57
1.978229228443603e-60
2.337853522754429e3

1.806646696134828e-53
2.713766399965058e-57
6.657340499750051e3

5.607779595463386e-54
8.423453172740570e-58
6.657340499750051e3

3.933428315402947e-49
7.069000251387045e-55
5.564334666180198e5

4.028309659037322e-54
6.445757545967539e-58
6.249551942203333e3

3.253053780868108e-57
2.189241685469937e-60
1.485927205963017e3

6.396393633008490e-59
4.304648038840532e-62
1.485927205963017e3

3.041758057821624e-52
8.338830864624673e-56
3.647703265844489e3

3.546716009767205e-53
6.751829017984808e-57
5.252970714038874e3

1.275672548595666e-55
3.681798772001931e-59
3.464807903942115e3

1.636034151383043e-52
7.644317165837066e-56
2.140196587727394e3

1.190331084219591e-36
1.676028007322219e-42
7.102095424535159e5

1.183606322900757e-55
5.530362629713332e-59
2.140196587727394e3

5.570535665708891e-47
1.001114418865994e-52
5.564334666180198e5

2.868049638959139e-58
1.226787568615522e-61
2.337853522754429e3

2.330087597001940e-38
3.280845240338977e-44
7.102095424535159e5

1.324622660590508e-38
1.865115267269456e-44
7.102095424535159e5

4.826370156540820e-58
2.064445060208243e-61
2.337853522754429e3

1.306957543814113e-55
3.582960149340808e-59
3.647703265844489e3

6.761153123515276e-56
3.159127139201137e-59
2.140196587727394e3

7.844808292659816e-37
1.104576582505334e-42
7.102095424535159e5

2.036494634208740e-57
9.515455944031893e-61
2.140196587727394e3

2.000171171195614e-46
3.594627733936591e-52
5.564334666180198e5

1.484997551488368e-55
2.826967124563678e-59
5.252970714038874e3

5.545747200047943e-53
8.330274229260403e-57
6.657340499750051e3

5.460941018318989e-57
2.335878174217253e-60
2.337853522754429e3

2.091177904127922e-54
3.141161105108617e-58
6.657340499750051e3

7.447150806503481e-55
2.041599950367501e-58
3.647703265844489e3

7.466190472703467e-57
2.046819581684079e-60
3.647703265844489e3

7.601555386108608e-55
1.447096471677065e-58
5.252970714038874e3

5.858229721310617e-55
1.115222231423098e-58
5.252970714038874e3

