5
0
2
52
2.058295426435011e-01 -1.786511455234791e-01
2.086592984877039e-01 -1.787813120972093e-01
-1.657280681403372e-01 1.456811156048971e-01
-5.166065697388001e-05 -6.144481078446552e-04
-7.640887334168706e-01 6.295071012250859e-01
4.335559509131367e-16
3.942268662118791e+04
1.673790896391388e-15
3.814697265625000e-07
2.036313677355329e-14
0.000000000000000e+00
1
1
7
52
-9.404304090113380e-02 -2.840766642534825e-01
5.251811554336999e-01 -5.005932243527035e-01
-7.201433704746174e-01 -8.833090202171602e-02
2.364984053808465e-01 -1.508326060579017e-01
-2.797833179265348e-01 2.008147922641488e-02
1.551583845779546e-16
8.979916461963802e+01
1.202677142302550e-15
2.441406250000000e-05
7.335273539315486e-14
0.000000000000000e+00
1
1
13
52
-1.228766455588052e+00 -1.554671736567797e+00
2.133967313181206e+00 -4.304818039950002e+00
-4.681343787334922e+00 1.081801828240992e+00
-1.695512731650858e+00 7.587997116146667e-01
1.129952026046717e+00 -1.474363877870579e+00
3.413564442514687e-13
7.300541690178866e+03
4.645327357315052e-14
6.103515625000000e-06
2.467793789664406e-14
0.000000000000000e+00
1
1
22
52
4.609708776320388e-01 1.761252465304622e-02
3.404558202847606e-01 -3.506167394422097e-01
3.127099750251650e-01 3.755725430094914e-01
4.527140018015731e-01 1.729705043075221e-02
1.999364309216256e-01 7.639062443029350e-03
1.665334536937735e-16
3.388915357421594e+02
6.586241604899535e-15
9.765625000000001e-05
1.087758482378439e-12
0.000000000000000e+00
1
1
23
52
7.150322230348439e-01 1.642989277838100e-01
6.359910566559988e-01 -4.468116285969116e-01
3.771631647774418e-01 6.796125386798736e-01
3.101302004194251e-01 7.126120720269498e-02
7.022246194163501e-01 1.613560176963911e-01
1.601186416994688e-15
3.918680257268873e+02
2.102845308732484e-15
9.765625000000001e-05
1.063898276318338e-12
0.000000000000000e+00
1
1
26
52
1.604706643724264e-01 -8.922159688712863e-01
4.829871056833410e-02 -2.685405523401280e-01
-2.955300947210154e-02 1.643145623054048e-01
2.071547407295551e-01 4.034901034193506e-02
-2.082317460625203e-01 -3.436086689908598e-02
2.561344912845726e-15
1.304393749468134e+02
1.560883055847516e-16
9.765625000000001e-05
4.284501363807515e-12
0.000000000000000e+00
1
1
37
52
1.335023425161897e+00 -1.301138719978361e+00
4.018174304070380e-01 -3.916187590501686e-01
-2.458640031409103e-01 2.396236412830924e-01
-3.073637844569371e-01 -3.064052337913968e-01
2.984037209203625e-01 3.151378787631430e-01
1.132889983599314e-15
1.669670070107217e+02
4.441884112225735e-16
2.441406250000000e-05
1.088245116673189e-14
0.000000000000000e+00
1
1
38
52
1.924744647500534e-01 1.366639954742619e-01
4.990622551136820e-01 -2.802209182531413e-01
-1.000401942901150e-01 5.635413534357385e-01
1.684815901746623e-01 -1.434508483166815e-01
-7.989193703123906e-02 2.063527816821354e-01
1.056900831556394e-16
1.269405540822914e+02
5.440019355568848e-16
2.441406250000000e-05
3.104009466782487e-14
0.000000000000000e+00
1
1
40
52
5.257637612224779e-01 -6.088501468104179e-01
8.520618054140287e-01 -1.722026556892954e-02
-1.070887021063204e-01 -8.454808499740620e-01
5.163463201145415e-01 -5.979444685875345e-01
2.280389825638013e-01 -2.640759562614989e-01
1.986027322597818e-15
4.554461370398369e+02
6.775343891383768e-15
9.765625000000001e-05
2.496080372121313e-12
0.000000000000000e+00
1
1
43
52
7.076682858205233e-02 -9.189043228968364e-01
4.006976556406127e-01 -3.290133926693772e-01
-3.455954039910211e-01 -3.864870509240634e-01
2.316785328744988e-01 -1.322321347871066e-01
-2.086997328605142e-01 -1.661466267162405e-01
8.881784197001252e-16
7.341570274281378e+01
8.996393013067849e-16
9.765625000000001e-05
2.192131426154709e-13
0.000000000000000e+00
1
1
47
52
-6.784697132107184e-02 -3.714022962149854e-01
5.089522674018366e-01 -4.576253381542763e-01
-6.378772184145733e-01 -2.481249984221118e-01
2.794112346492735e-01 -2.049406977994717e-01
-3.338231215004035e-01 -9.291636677406685e-02
4.385249194140118e-16
7.086166552563762e+01
1.056279054217398e-15
9.765625000000001e-05
4.156166545292922e-12
0.000000000000000e+00
1
1
48
52
4.358870253083877e+00 -1.865461460778304e+00
7.021551036752889e+00 4.957334559852252e+00
1.261311453752708e+00 -8.502143160207506e+00
2.078006008459253e-01 -4.346566917970079e+00
3.287924416667027e+00 2.850504883768606e+00
1.874971360674709e-11
2.701434063349936e+05
2.592867594080666e-14
2.441406250000000e-05
6.208994961817072e-12
0.000000000000000e+00
1
1
50
52
2.134965068083559e-01 -1.732408248703881e-01
2.141208392816889e-01 -1.760294276725591e-01
-1.737256759080563e-01 1.391673351606580e-01
6.014194376732292e-04 1.588109635142270e-04
-7.590803099852718e-01 6.490048053172502e-01
1.570092458683775e-16
3.928430088255622e+04
1.837246250869666e-15
3.814697265625000e-07
1.995593073921951e-14
0.000000000000000e+00
1
1
55
52
3.629215301446778e-01 -4.328832507718574e-02
2.813065138574667e-01 -8.403517106065524e-01
4.710722344800137e-01 7.506099534112289e-01
1.228565716075146e-01 3.198252066981045e-01
4.418424866726239e-02 -3.397493961677446e-01
2.259140179941514e-16
6.888920235902654e+01
1.897378476373503e-15
2.441406250000000e-05
1.583477457487033e-13
0.000000000000000e+00
1
1
64
52
-2.598505731737665e-01 -1.448617966822142e+00
4.785526675774497e-02 2.667840920480822e-01
-7.821023034844182e-02 -4.360072925307299e-01
3.380865011927580e-01 -5.562772241563563e-02
-3.363425035955848e-01 6.535018029788274e-02
9.832841130423611e-15
9.994388926299288e+01
4.801886942000747e-16
9.765625000000001e-05
5.553668670223421e-12
0.000000000000000e+00
1
1
73
52
1.051374164815430e+01 6.482025960514623e+00
-1.936258616054660e+00 -1.193759465997507e+00
3.164442341161544e+00 1.950970272278062e+00
1.473627624738437e+00 -2.469178798207436e+00
-1.544191025648925e+00 2.425674419664495e+00
2.005565998791814e-11
6.124967826009289e+05
3.670152658234612e-15
6.103515625000000e-06
8.188600426433445e-15
0.000000000000000e+00
1
1
86
52
-3.287723410811613e-01 -4.734308603632361e-01
3.878591641706092e-01 -2.519329508905434e-02
-1.590836350665014e-01 3.546291448860290e-01
2.201803366104918e-01 3.065824934828103e-02
-4.818067437720716e-02 2.170205785163442e-01
8.005932084973442e-16
1.349212446394262e+02
1.031491231568877e-15
2.441406250000000e-05
6.137713266601482e-12
0.000000000000000e+00
1
1
91
52
-3.385521890087882e-01 -5.527042866285258e-01
3.616347969325154e-01 -9.061310412901749e-03
-1.723741542426009e-01 3.180392816115150e-01
2.128042196960458e-01 1.852214600910314e-02
-8.018350404615675e-02 1.979881599795935e-01
9.036560719766055e-16
2.574715987811655e+02
2.682459039984058e-16
2.441406250000000e-05
6.136994894064438e-12
0.000000000000000e+00
1
1
92
52
-4.898569289298245e-02 -1.390297761570478e+00
1.060396222678722e+00 -1.023565559253626e+00
-1.129805768074761e+00 -9.463960743718722e-01
-2.124651486349101e-02 -6.030124371297296e-01
-4.810826483122678e-02 -1.365394852207462e+00
2.416106516409301e-14
7.541358279969966e+02
4.846613936538421e-15
9.765625000000001e-05
2.400794326804075e-12
0.000000000000000e+00
1
1
107
52
-2.497161629852219e-01 -3.229384995835968e-01
4.067684236905651e-01 -6.029797780294373e-02
-1.607073487271827e-01 3.785096362101118e-01
2.357152643712493e-01 -9.523663855629390e-03
-6.852692388869887e-02 2.257353466632898e-01
1.693999886994383e-15
5.575960166890288e+01
4.047287873184827e-16
3.906250000000000e-04
9.929297409805544e-12
0.000000000000000e+00
1
1
112
52
-3.366827442942082e-01 -9.719195490547848e-02
-3.388016816562568e-01 -1.001543831473323e-01
2.730687982652763e-01 7.697228757801253e-02
1.213495405132799e+00 3.843541725197435e-01
-6.268981986824098e-04 4.853481808558600e-04
4.605821502832718e-16
8.984069061883219e+04
7.556105911899690e-13
2.384185791015625e-08
6.095114116914505e-13
0.000000000000000e+00
1
1
117
52
-7.468842185017122e-01 -3.335646896097604e-01
6.610502405963991e-01 -4.918808475046016e-01
7.490185589882489e-02 8.205631607117845e-01
9.289793990029421e-02 4.634849549767433e-01
4.071511219271471e-01 -2.401588945697781e-01
9.930136612989092e-16
2.790728508862378e+01
5.732503478720945e-16
9.765625000000001e-05
1.221447169139639e-14
0.000000000000000e+00
1
1
122
52
4.909790002088208e-01 -2.598914837930479e-01
-3.961682293611681e-01 2.129032279135176e-01
4.966574812293288e-01 -2.588463051611008e-01
1.804941320363241e-04 -1.243793607752037e-03
-1.807112090536275e+00 8.978899453591589e-01
1.831026719408895e-15
2.599623740222059e+04
7.656149431692766e-16
3.814697265625000e-07
3.217478665938915e-13
0.000000000000000e+00
1
1
123
52
8.516053437957791e-01 -6.040541924871421e-01
8.625628686680845e-02 -5.809898667866558e-01
5.768421294422339e-01 1.106459670904192e-01
2.830073123550103e-01 1.059911993569464e-01
-6.481300408122843e-03 -3.021345162879440e-01
4.965068306494546e-16
1.044672817096452e+02
7.522698940206580e-16
9.765625000000001e-05
5.194922520584815e-13
0.000000000000000e+00
1
1
133
52
-2.477008216606252e-01 3.788172519142946e-02
2.007283277807384e-01 -2.940821185010726e-02
-2.494764470284781e-01 3.978704532640227e-02
8.959192734497290e-01 -1.606794499958904e-01
-3.997909690074093e-04 -4.019499841719251e-04
1.755416734288351e-16
4.819492448753661e+04
5.906630334356379e-13
2.384185791015625e-08
2.218555663399965e-13
0.000000000000000e+00
1
1
134
52
-2.454962011428899e-01 4.829195686212166e-02
1.985050175188579e-01 -4.034573607935406e-02
-2.478092384213000e-01 4.710351272648936e-02
8.959580621690983e-01 -1.524417124278717e-01
-2.394237729669962e-04 5.129319600752000e-04
1.570092458683775e-16
4.808531194532344e+04
1.739154301910285e-13
2.384185791015625e-08
2.694613075017742e-13
0.000000000000000e+00
1
1
137
52
1.392876790066191e+00 -1.753510283978105e+00
1.254339792864228e+00 -1.170650193511827e-01
-1.697829610696142e-01 -1.248297352736439e+00
-1.940370490019531e-01 -6.184555147295107e-01
6.463201008832610e-01 4.907063560808612e-02
2.161031364628563e-14
5.470291101327958e+02
2.169704338232707e-15
9.765625000000001e-05
8.468184182104708e-13
0.000000000000000e+00
1
1
146
52
6.907959661480875e-03 -1.482871428180148e+00
-8.589655295970891e-01 5.119361567558206e-01
8.541586406678440e-01 5.199167492997209e-01
4.184707350671001e-01 3.898453978697196e-01
-4.220846848433754e-01 3.859296686813122e-01
5.299225596831658e-15
1.096190051080618e+02
2.508755121874666e-15
6.103515625000000e-06
3.219646771412954e-15
0.000000000000000e+00
1
1
147
52
1.819462328874503e-02 -1.255924892536374e+00
-1.112435789891882e+00 6.027849505187743e-01
1.094507480760977e+00 6.347570068636932e-01
5.855162019451281e-01 4.289999595225187e-01
-5.976977477328969e-01 4.118587019422960e-01
5.457341904261104e-15
1.034079923829009e+02
1.298554617718455e-15
9.765625000000001e-05
5.676067170035040e-15
0.000000000000000e+00
1
1
153
52
-3.231363192457974e-01 -1.120355072233302e-01
-3.264932669672131e-01 -1.108664433758591e-01
2.610371681519095e-01 9.234679481268612e-02
1.183836610022827e+00 3.766607502114242e-01
-2.265953528128934e-04 -7.398410875486081e-04
3.969072508506216e-16
8.545909821451515e+04
1.936922763455675e-12
2.384185791015625e-08
4.965695975581170e-13
0.000000000000000e+00
1
1
157
52
6.922070373596284e-01 1.130850596963337e+00
6.525421515628503e-01 -1.165331120382961e+00
-1.334617375183871e+00 5.103274984356994e-02
3.009693983018600e-01 -7.046259503520543e-01
-7.644113496077856e-01 -5.249378262731188e-02
8.334810343734604e-15
1.331451081042908e+02
8.315368878826824e-16
9.765625000000001e-05
7.847321480213184e-15
0.000000000000000e+00
1
1
165
52
5.083614876957440e-01 -2.262021799300602e-01
-4.127142632430479e-01 1.805438473789626e-01
5.110488378710646e-01 -2.313230359610529e-01
1.091704769814010e-03 6.267963193338307e-04
-1.824855221659719e+00 8.688444046092413e-01
2.360366527284141e-15
2.628057983529246e+04
8.386883480754128e-15
3.814697265625000e-07
3.215504937483924e-13
0.000000000000000e+00
1
1
179
52
-9.767567172052729e-01 -8.361628875878141e-01
6.769576367986198e-01 -2.381390228718325e-01
-1.309218702268636e-01 7.055786987506236e-01
-3.031238060213647e-02 4.226632768870903e-01
4.129363276835589e-01 -9.511401224803090e-02
1.256073966947020e-15
1.124545846946388e+02
1.116602475406392e-15
6.103515625000000e-06
3.975156601658404e-15
0.000000000000000e+00
1
1
180
52
2.411612462346331e-01 1.629082389747476e-01
4.806480819807247e-01 -2.175515407113600e-01
-2.238588911384548e-02 5.271149054487255e-01
2.311947336912723e-01 -1.337700287797475e-01
-3.778833414988460e-02 2.644191129409704e-01
1.829701590736007e-16
1.225899582001261e+02
5.877194991687542e-16
9.765625000000001e-05
2.853604860481798e-12
0.000000000000000e+00
1
1
197
52
9.919291169634717e-01 1.810284970721672e-01
4.596920555873610e-01 -3.323217828341590e-01
3.126687936501428e-01 4.732787537948137e-01
2.044236748302383e-01 -2.082964221456863e-01
1.176670739493793e-01 2.670784491829775e-01
9.930136612989092e-16
9.087762838995698e+01
6.803119236349801e-16
9.765625000000001e-05
5.733985619469938e-13
0.000000000000000e+00
1
1
207
52
4.269301960610722e-01 -1.174772363290029e-01
2.242578636804894e-01 -7.707622464133501e-01
5.870083364356100e-01 5.475283032627519e-01
2.681798879397692e-01 3.053519612650779e-01
7.420941948375652e-02 -3.995663081438435e-01
3.510833468576701e-16
5.177150089904524e+01
6.391669959647674e-16
2.441406250000000e-05
2.393168074210624e-14
0.000000000000000e+00
1
1
213
52
2.559586906277536e+00 2.104392893312792e+00
3.250346332813022e-01 -2.210681921874831e+00
-2.106117697768894e+00 7.463446359967744e-01
-7.310305072487858e-02 -1.275906363745455e+00
-1.265963617379659e+00 1.749777829966979e-01
7.652779469160725e-14
2.899370935077347e+03
7.512552465488259e-16
6.103515625000000e-06
8.005932084973442e-15
0.000000000000000e+00
1
1
229
52
-8.539722017497648e-01 -6.284371474988821e-01
6.601262010090425e-01 -2.746380121544013e-01
-6.589147416723974e-02 7.119346547337192e-01
4.526828445492864e-02 4.064198721655125e-01
4.014935379494558e-01 -7.764836800186317e-02
1.478098416517953e-15
6.479746745697260e+01
1.753904970345186e-15
6.103515625000000e-06
3.925231146709438e-15
0.000000000000000e+00
1
1
235
52
5.141769900786076e-02 -1.451968977691086e+00
-7.157999190357063e-01 3.810074642449444e-01
6.870559112407614e-01 4.306859490754410e-01
3.747723999931756e-01 2.980174120304760e-01
-3.949142045978302e-01 2.707609659401640e-01
2.512147933894040e-15
9.750162093315348e+01
7.363942085544928e-16
6.103515625000000e-06
3.616328897427208e-15
0.000000000000000e+00
1
1
236
52
3.315586702117505e+00 1.689691289689451e+00
-1.104867305097093e-01 -2.074011745008438e+00
-1.743023866997015e+00 1.129424559291341e+00
-2.015543320402363e-01 -1.209744352660683e+00
-1.097257182135678e+00 5.478432474807676e-01
1.428173223575995e-13
3.210896895205125e+03
6.946056175765817e-15
6.103515625000000e-06
1.271677968552996e-14
0.000000000000000e+00
1
1
-1

2 0
1 5
3764058767198363711750071623622488182650587100292812748928057659614753820582572281242673737262329357400874922491450351771976106249515947586716667433438308258248035173438587214964475837021014320602780031224529181352411469869183872215367533114990687837007114468340297355056370090761913668419728006637908381826759/50000000000000000000000000000000000000000000000000000000000000000000000000000000000000000000000000000000000000000000000000000000000000000000000000000000000000000000000000000000000000000000000000000000000000000000000000000000000000000000000000000000000000000000000000000000000000000000000000000000000000000000000 2641251894515034280088126097843478149148969354671556090117515059426415107844750225619206553999279965620005738782062817688692835587920042279869492802570949414158845563067494696375096663651472551248290249127456195691119059589328777143432696598380159674124799926227846093157225644593520109397249753222053335245443/5000000000000000000000000000000000000000000000000000000000000000000000000000000000000000000000000000000000000000000000000000000000000000000000000000000000000000000000000000000000000000000000000000000000000000000000000000000000000000000000000000000000000000000000000000000000000000000000000000000000000000000000
514348073668143756211262817813293818179827218115863830443460386575301463607915540260230443090589172345982589571553059050128760483603963913291343092907444756989682629264018822738283117897804761923748366265335948263756763808413563875556680617700450822074748810262794615743764857510668974934772560885637111153999/625000000000000000000000000000000000000000000000000000000000000000000000000000000000000000000000000000000000000000000000000000000000000000000000000000000000000000000000000000000000000000000000000000000000000000000000000000000000000000000000000000000000000000000000000000000000000000000000000000000000000000000 3677258685777492513877348090850924186950166707518105691568080995830441917294579563358445962811256018344535300451408945256574346660709368332849492592189695009811069713111722002538714981104585604108079046831411762838084045552276710674474527031054053849080322778616152164606163640431097776584397554022802369696467/10000000000000000000000000000000000000000000000000000000000000000000000000000000000000000000000000000000000000000000000000000000000000000000000000000000000000000000000000000000000000000000000000000000000000000000000000000000000000000000000000000000000000000000000000000000000000000000000000000000000000000000000
1731850525636457584474552241262522760397732528347033451677184397598523445898706266888435728130915943709388545893133665822426362363077491933093868116112928934629834042494029443163011193267601945098650540704637241565272891287892444801235888559502365318765357005459360129750760957805151987388373125135462472675787/10000000000000000000000000000000000000000000000000000000000000000000000000000000000000000000000000000000000000000000000000000000000000000000000000000000000000000000000000000000000000000000000000000000000000000000000000000000000000000000000000000000000000000000000000000000000000000000000000000000000000000000000 -983169334816597600490626904305462414315170664401161728387777904517121412177345758452031948233306605839564000554158732160852408430529099394554688434144100296953454164577546266530700921780316711888550325016708167612685026470876520202045178063419687227886732781876331179321736425141291223889357136437458620200503/2000000000000000000000000000000000000000000000000000000000000000000000000000000000000000000000000000000000000000000000000000000000000000000000000000000000000000000000000000000000000000000000000000000000000000000000000000000000000000000000000000000000000000000000000000000000000000000000000000000000000000000000
1936609078788773584806574836526003235479329525735276081955621430971316144116360555840344309831020033263173941950169760618731529914116389268896226999432383664191790792466966945386398526382196482390030404983518128046091792637434509529538526916617848294089473263678249204429950389298120282666755557995816007883523/2000000000000000000000000000000000000000000000000000000000000000000000000000000000000000000000000000000000000000000000000000000000000000000000000000000000000000000000000000000000000000000000000000000000000000000000000000000000000000000000000000000000000000000000000000000000000000000000000000000000000000000000 72622100192649174154433873417154848695683877747724761442577295408542115402984995260828777208149722782252082494585613325113380991373110350228581195386569824559893950417384641308549319295802756264260680940805024200100487521985152628185010987648226351337197395274439859432731952809650715489147396337287373360303/625000000000000000000000000000000000000000000000000000000000000000000000000000000000000000000000000000000000000000000000000000000000000000000000000000000000000000000000000000000000000000000000000000000000000000000000000000000000000000000000000000000000000000000000000000000000000000000000000000000000000000000
-1118946813905677356309391342908552050448493032242507189004709167148952718460105816087693505616450572149268720790625919083744228517127296691624155131653670178541144540338503440131631555988778785446120039837179570226843707707977075338712061050282487896544289085786597573776236096828430131839405004524479952064579/2000000000000000000000000000000000000000000000000000000000000000000000000000000000000000000000000000000000000000000000000000000000000000000000000000000000000000000000000000000000000000000000000000000000000000000000000000000000000000000000000000000000000000000000000000000000000000000000000000000000000000000000 -579026256434641034393518278178932079737594285300294175130298161563348419589242006441551956232080632971521685060040134853795187090674092713359126391540856871015333464824717828010324650935251530608195906216135917111289606734207310711577997891494782285827517179526692639788359274969934840563895384947852836576281/2000000000000000000000000000000000000000000000000000000000000000000000000000000000000000000000000000000000000000000000000000000000000000000000000000000000000000000000000000000000000000000000000000000000000000000000000000000000000000000000000000000000000000000000000000000000000000000000000000000000000000000000

0
-1580310849514103206363854136905540148493139893243334210359802871090838657467822399311851198293945293752520548304659698837177666983208044376903668473491124895819403178203031671333355384568841124690760833705181476359759468262452387251086554663884268783800076338765582555565675670451036036376483792852606193510001/2000000000000000000000000000000000000000000000000000000000000000000000000000000000000000000000000000000000000000000000000000000000000000000000000000000000000000000000000000000000000000000000000000000000000000000000000000000000000000000000000000000000000000000000000000000000000000000000000000000000000000000000 -2363592050205446432734997822314977496492805367341400697070963019200879133837236952213711987857308896806889271711076887676415653657653207524393086756162598533252152105431438095240084995620116755661324298802357610967204821988266882350824214104068383907870642848916798537065056846674890088218052490615075293742747/5000000000000000000000000000000000000000000000000000000000000000000000000000000000000000000000000000000000000000000000000000000000000000000000000000000000000000000000000000000000000000000000000000000000000000000000000000000000000000000000000000000000000000000000000000000000000000000000000000000000000000000000
5 5
1 0
0 0
0 0
0 0
0 0
0 0
1 0
0 0
0 0
0 0
0 0
0 0
1 0
0 0
0 0
0 0
0 0
0 0
1 0
0 0
0 0
0 0
0 0
0 0
1 0

5 0

4 0

