1.0081540816663763e+00 6.4449905471409942e-03
-8.0958784637285419e-01 5.0882853600567202e-03
1.3346238074206196e-03 -1.8268321980253162e-03
-3.6312172741322808e+00 -9.3349206321495612e-02
-8.0958784637285419e-01 5.0882853600567202e-03
1.0081540816663763e+00 6.4449905471409942e-03
1.3346238074206196e-03 -1.8268321980253162e-03
-3.6312172741322808e+00 -9.3349206321495612e-02
1.0081540816663763e+00 6.4449905471409942e-03
-8.0958784637285419e-01 5.0882853600567202e-03
-3.6312172741322808e+00 -9.3349206321495612e-02
1.3346238074206196e-03 -1.8268321980253162e-03
-8.0958784637285419e-01 5.0882853600567202e-03
1.0081540816663763e+00 6.4449905471409942e-03
-3.6312172741322808e+00 -9.3349206321495612e-02
1.3346238074206196e-03 -1.8268321980253162e-03
1.0365584373535879e+00 2.1918810705217049e+00
1.0365584373535879e+00 -2.1918810705217049e+00
2.3013352253886171e-01 9.0870139696990615e-01
2.3013352253886171e-01 -9.0870139696990615e-01
1.0365584373535879e+00 -2.1918810705217049e+00
1.0365584373535879e+00 2.1918810705217049e+00
2.3013352253886171e-01 9.0870139696990615e-01
2.3013352253886171e-01 -9.0870139696990615e-01
1.0365584373535879e+00 2.1918810705217049e+00
1.0365584373535879e+00 -2.1918810705217049e+00
2.3013352253886171e-01 -9.0870139696990615e-01
2.3013352253886171e-01 9.0870139696990615e-01
1.0365584373535879e+00 -2.1918810705217049e+00
1.0365584373535879e+00 2.1918810705217049e+00
2.3013352253886171e-01 -9.0870139696990615e-01
2.3013352253886171e-01 9.0870139696990615e-01
7.0846752691316739e-01 -7.8767370965174932e-01
7.0846752691316739e-01 7.8767370965174932e-01
9.8208807490642347e-01 -2.4646983885282497e-58
4.3372898511220220e-01 2.1056550939193671e-58
7.0846752691316739e-01 7.8767370965174932e-01
7.0846752691316739e-01 -7.8767370965174932e-01
9.8208807490642347e-01 -2.4646983885282497e-58
4.3372898511220220e-01 2.1056550939193671e-58
7.0846752691316739e-01 -7.8767370965174932e-01
7.0846752691316739e-01 7.8767370965174932e-01
4.3372898511220220e-01 2.1056550939193671e-58
9.8208807490642347e-01 -2.4646983885282497e-58
7.0846752691316739e-01 7.8767370965174932e-01
7.0846752691316739e-01 -7.8767370965174932e-01
4.3372898511220220e-01 2.1056550939193671e-58
9.8208807490642347e-01 -2.4646983885282497e-58
3.0098155795154680e-01 5.5793480373475286e-59
-1.8416456109082466e-01 -1.8025156447773631e-59
-3.3557701564255011e-03 2.3278359796539366e-01
-3.3557701564255011e-03 -2.3278359796539366e-01
-1.8416456109082466e-01 -1.8025156447773631e-59
3.0098155795154680e-01 5.5793480373475286e-59
-3.3557701564255011e-03 2.3278359796539366e-01
-3.3557701564255011e-03 -2.3278359796539366e-01
3.0098155795154680e-01 5.5793480373475286e-59
-1.8416456109082466e-01 -1.8025156447773631e-59
-3.3557701564255011e-03 -2.3278359796539366e-01
-3.3557701564255011e-03 2.3278359796539366e-01
-1.8416456109082466e-01 -1.8025156447773631e-59
3.0098155795154680e-01 5.5793480373475286e-59
-3.3557701564255011e-03 -2.3278359796539366e-01
-3.3557701564255011e-03 2.3278359796539366e-01
3.8932260180136780e-01 4.0607767372284925e-01
3.8932260180136780e-01 -4.0607767372284925e-01
1.6235572848471944e-01 2.3962139189133702e-01
1.6235572848471944e-01 -2.3962139189133702e-01
3.8932260180136780e-01 -4.0607767372284925e-01
3.8932260180136780e-01 4.0607767372284925e-01
1.6235572848471944e-01 2.3962139189133702e-01
1.6235572848471944e-01 -2.3962139189133702e-01
3.8932260180136780e-01 4.0607767372284925e-01
3.8932260180136780e-01 -4.0607767372284925e-01
1.6235572848471944e-01 -2.3962139189133702e-01
1.6235572848471944e-01 2.3962139189133702e-01
3.8932260180136780e-01 -4.0607767372284925e-01
3.8932260180136780e-01 4.0607767372284925e-01
1.6235572848471944e-01 -2.3962139189133702e-01
1.6235572848471944e-01 2.3962139189133702e-01
9.5011574210605609e-01 1.5439181414653560e+00
9.5011574210605609e-01 -1.5439181414653560e+00
4.0098979948299007e-01 8.2556618846899588e-01
4.0098979948299007e-01 -8.2556618846899588e-01
9.5011574210605609e-01 -1.5439181414653560e+00
9.5011574210605609e-01 1.5439181414653560e+00
4.0098979948299007e-01 8.2556618846899588e-01
4.0098979948299007e-01 -8.2556618846899588e-01
9.5011574210605609e-01 1.5439181414653560e+00
9.5011574210605609e-01 -1.5439181414653560e+00
4.0098979948299007e-01 -8.2556618846899588e-01
4.0098979948299007e-01 8.2556618846899588e-01
9.5011574210605609e-01 -1.5439181414653560e+00
9.5011574210605609e-01 1.5439181414653560e+00
4.0098979948299007e-01 -8.2556618846899588e-01
4.0098979948299007e-01 8.2556618846899588e-01
1.0081540816663763e+00 -6.4449905471409942e-03
-8.0958784637285419e-01 -5.0882853600567202e-03
1.3346238074206196e-03 1.8268321980253162e-03
-3.6312172741322808e+00 9.3349206321495612e-02
-8.0958784637285419e-01 -5.0882853600567202e-03
1.0081540816663763e+00 -6.4449905471409942e-03
1.3346238074206196e-03 1.8268321980253162e-03
-3.6312172741322808e+00 9.3349206321495612e-02
1.0081540816663763e+00 -6.4449905471409942e-03
-8.0958784637285419e-01 -5.0882853600567202e-03
-3.6312172741322808e+00 9.3349206321495612e-02
1.3346238074206196e-03 1.8268321980253162e-03
-8.0958784637285419e-01 -5.0882853600567202e-03
1.0081540816663763e+00 -6.4449905471409942e-03
-3.6312172741322808e+00 9.3349206321495612e-02
1.3346238074206196e-03 1.8268321980253162e-03
-3.4792392868540256e-01 5.7763745990013537e-01
-3.4792392868540256e-01 -5.7763745990013537e-01
-2.6157866818672915e-01 2.8342154415303761e-01
-2.6157866818672915e-01 -2.8342154415303761e-01
-3.4792392868540256e-01 -5.7763745990013537e-01
-3.4792392868540256e-01 5.7763745990013537e-01
-2.6157866818672915e-01 2.8342154415303761e-01
-2.6157866818672915e-01 -2.8342154415303761e-01
-3.4792392868540256e-01 5.7763745990013537e-01
-3.4792392868540256e-01 -5.7763745990013537e-01
-2.6157866818672915e-01 -2.8342154415303761e-01
-2.6157866818672915e-01 2.8342154415303761e-01
-3.4792392868540256e-01 -5.7763745990013537e-01
-3.4792392868540256e-01 5.7763745990013537e-01
-2.6157866818672915e-01 -2.8342154415303761e-01
-2.6157866818672915e-01 2.8342154415303761e-01
-2.7951472303875791e-01 4.8308739781316856e-01
-2.7951472303875791e-01 -4.8308739781316856e-01
-1.9586450768221914e-01 2.6504925945971575e-01
-1.9586450768221914e-01 -2.6504925945971575e-01
-2.7951472303875791e-01 -4.8308739781316856e-01
-2.7951472303875791e-01 4.8308739781316856e-01
-1.9586450768221914e-01 2.6504925945971575e-01
-1.9586450768221914e-01 -2.6504925945971575e-01
-2.7951472303875791e-01 4.8308739781316856e-01
-2.7951472303875791e-01 -4.8308739781316856e-01
-1.9586450768221914e-01 -2.6504925945971575e-01
-1.9586450768221914e-01 2.6504925945971575e-01
-2.7951472303875791e-01 -4.8308739781316856e-01
-2.7951472303875791e-01 4.8308739781316856e-01
-1.9586450768221914e-01 -2.6504925945971575e-01
-1.9586450768221914e-01 2.6504925945971575e-01
-4.9268151492849982e-01 8.7861275931711136e-01
-4.9268151492849982e-01 -8.7861275931711136e-01
-3.3475674638738878e-01 4.7105282995406400e-01
-3.3475674638738878e-01 -4.7105282995406400e-01
-4.9268151492849982e-01 -8.7861275931711136e-01
-4.9268151492849982e-01 8.7861275931711136e-01
-3.3475674638738878e-01 4.7105282995406400e-01
-3.3475674638738878e-01 -4.7105282995406400e-01
-4.9268151492849982e-01 8.7861275931711136e-01
-4.9268151492849982e-01 -8.7861275931711136e-01
-3.3475674638738878e-01 -4.7105282995406400e-01
-3.3475674638738878e-01 4.7105282995406400e-01
-4.9268151492849982e-01 -8.7861275931711136e-01
-4.9268151492849982e-01 8.7861275931711136e-01
-3.3475674638738878e-01 -4.7105282995406400e-01
-3.3475674638738878e-01 4.7105282995406400e-01
