0
1.308101615588579e-01 7.298002988310409e-02
1.083693738163612e-01 5.991630970335197e-02
-1.008956449929786e-02 -4.217491749234574e-03
1.833733610835945e-02 1.048392104310697e-02
-1.291172087046160e+00 -7.880768478739039e-01

1
-1.309205817268541e-01 -6.129408724300035e-02
-8.303873154993592e-02 -4.000901534363048e-02
-4.768416678310945e-02 -2.043001528110121e-02
-2.724978903650505e-02 -1.264992708452676e-02
-1.183138320710612e+00 -6.174471362174455e-01

2
-2.605770455125869e+00 4.916633977133738e-01
-1.926939326341725e+00 3.723489349002704e-01
-4.841913021050521e-01 8.055551317717440e-02
-4.883133410849599e-01 9.024333414138121e-02
4.107945487679725e-01 -7.784577325183818e-02

3
-4.372646356068246e+00 -5.294497669939489e+00
-6.872515057094003e+00 -7.439726598437683e-01
5.835698342733987e-01 -6.873737896923434e+00
-2.040543064747115e+00 -2.517220009779302e+00
-4.673068158185727e+00 -5.510792048107248e+00

4
-1.046292700615480e-01 -1.089009577656214e-01
-6.219185023506022e-01 -8.819347260914938e-01
-4.744335660818015e-01 8.377824427275858e-01
1.939243504275786e-01 -1.535691640571840e-01
-2.064238965992290e-01 -2.336876982407575e-02

5
1.843362524153690e-02 1.822477047485937e-02
5.310187078981592e-02 -8.005813382568766e-02
-3.726988278328684e-02 9.547330128630636e-02
-1.222386546074707e-02 1.241611052162159e-02
-1.037878438751397e+00 -5.968351095994167e-01

6
2.867665142065385e-01 2.773541669207186e-01
-1.426715697286952e-01 5.966081475886493e-01
2.394860050018108e-01 2.057312819831244e+00
-7.786905960977698e-02 1.128450640307782e-01
-2.362502839161941e-01 -6.824167671669414e-04

7
-1.983232258419938e-01 -2.272318342783258e-01
8.193437062208840e-02 -9.334428937904626e-01
1.106638880120973e-01 1.548602436391598e-01
1.558981129938745e-01 -1.307998256683865e-01
-1.379160762259940e-01 1.353603413251268e-01

8
1.510992075377294e-01 6.482371593292147e-02
6.158843548009082e-01 -1.953525231842044e-01
4.888159324991772e-01 6.803646519169028e-01
-1.225298059565764e-01 9.969291609889595e-02
6.936656443001302e-02 1.134235813612990e-02

9
1.325089457154592e-03 -3.581553431712973e-01
-5.465845364851836e-01 -5.472035241648485e-01
7.517896721662788e-02 1.849331836845751e+00
2.781349235201682e-01 1.155206274251180e-01
-2.109266196566401e-01 1.741686850051536e-01

10
1.028709557929636e-01 3.514307397443856e-03
4.480938709678336e-01 -3.609914628267286e-01
3.020781692597849e-01 5.697279494770988e-01
-7.098400525219267e-02 1.097320353328856e-01
-7.322488633802383e-02 -1.073283857216901e-01

11
-3.437082027721183e-02 2.877807448129981e-01
4.710887018104425e-01 7.323723006193851e-01
1.286769958494465e+00 8.176027770676708e-01
-2.207542781957508e-01 -1.088735120427540e-01
1.741740460232179e-01 -1.331851553483120e-01

12
-7.802971692101974e-01 2.332718238533212e-01
-2.800234292488079e+00 -1.453355195376898e+00
-2.942618790929905e+00 2.894983344927079e+00
5.370595356385685e-01 5.679882424427992e-01
-3.489506884714914e-01 -1.246574000551430e-03

13
1.965895184322347e-01 -1.229275475280872e-01
6.796072525732646e-01 1.128937745052670e-01
9.918851979276780e-01 7.113659226019992e-01
-1.528865003885176e-01 -1.240330797528157e-01
-3.915608238103831e-02 1.700332548489360e-01

14
-3.077641186893543e-01 -1.801115916369958e-02
-1.157867512582136e+00 -1.294120836118071e+00
-1.157526589320453e+00 1.559345670640210e+00
1.772011659312955e-01 3.544914648488758e-01
2.571205222209763e-01 -2.985360306985611e-01

15
-9.991841939372185e-01 -1.152944755997731e+00
-7.651575905476111e-01 -8.763351649960921e-01
1.040695293524657e+00 1.197771444132455e+00
1.428649620864522e-01 2.013582509926965e-01
2.057720075875011e-01 1.987828318987960e-01

16
5.064180393588189e-02 -6.537033345522572e-02
3.104969971822301e-01 -5.000798174369521e-01
2.891190388528194e-01 4.418940208947771e-01
-1.146437998402232e-01 -7.155998162572030e-02
1.105990212032598e-01 -2.546750834369617e-02

17
1.640730159638453e-01 -3.430154942624031e-01
4.338320715910180e-02 -5.023006893161477e-01
2.631168699469967e-01 9.963733639313516e-02
-3.134285307327978e-01 -6.377007629327180e-01
2.620540366884581e-02 1.027585938499646e-01

18
3.898116796729424e-02 2.396144017821213e-01
3.508594547743240e-01 1.406922268340701e-01
9.000330067847544e-01 8.845994268540129e-01
8.229798949395264e-02 1.467917922547261e-03
8.322688504516480e-02 -1.190132718254277e-01

19
3.124220037676322e-02 -3.482889363502700e-01
-1.007672046729872e-01 -4.143740377042872e-01
2.132529335747076e-01 -2.117498754305456e-02
-4.444719885593264e-01 -5.758751770776074e-01
2.354950780619782e-02 -1.505169611441269e-01

20
-2.304126170259264e-04 -5.937457660829240e-04
-2.474504644051057e-02 3.127676349603441e-02
2.454319872131672e-02 -3.179851853645956e-02
-3.637216038000185e-01 -3.081425904556806e-01
-5.330265306125450e-01 -4.515187935805017e-01

21
-8.660648474692596e-04 -4.239668488271441e-03
2.951686003615549e-01 -5.463393468763915e-01
3.252364395225391e-01 5.288328940403068e-01
1.095643841090321e-01 -4.615911343157587e-02
-9.586559999488509e-03 1.058470881727824e-01

22
1.284169880568112e-01 8.026135636463416e-02
4.631908845585054e-01 -3.098967161100955e-01
4.015503782278727e-01 6.510396901132698e-01
8.632004280515876e-02 2.575107913183790e-03
-1.259090220529737e-01 9.566892862501353e-02

23
5.071154713816495e-02 -7.559057775076546e-02
2.911319771509858e-01 -5.599126178835454e-01
3.627117882177947e-01 4.353937509099507e-01
1.065613667865384e-01 -3.992788441575326e-02
-1.284271816553476e-01 -5.788735882035963e-02

24
1.155716137595229e+00 6.408365160970039e-01
1.462977940308635e+00 6.578924560593599e-01
-1.455562466861495e+00 -9.475284869197139e-01
-1.777170931745199e+00 -5.475516141201526e-01
-5.261820355777544e-01 -3.028086859467463e-01

25
-8.593079996012094e-02 -3.078110217193903e-01
-6.628730092263857e-02 -2.350250295288871e-01
8.074573489271626e-01 1.309561313218509e+00
1.323442394521607e-02 4.829358103064176e-02
2.031146133438436e-01 1.853756621805580e-02

26
-3.081736693696779e-02 -8.288109965358741e-02
2.548387378565737e-01 -6.428531046038335e-01
3.230353892466851e-01 5.128239459258558e-01
1.161632224930255e-01 -5.898172241078459e-02
1.549520428476787e-02 1.353659800722576e-01

27
2.819688048297843e-01 -2.734708538736546e-01
5.676970044534677e-01 8.945320171744592e-02
1.296261866131734e+00 1.071795922175588e+00
1.042947521353242e-01 8.755810777617268e-02
-2.551556781542414e-01 -1.498722314302025e-01

28
-2.409126335931748e+00 1.617679776971073e+00
-1.827203592687361e+00 1.242670117350860e+00
-3.728388598476155e-01 2.284404488469669e-01
3.756540319281705e-01 -2.523943471133359e-01
-4.346831188132574e-01 2.875995543277269e-01

29
1.172659568117023e-01 -4.024098329637976e-01
-4.700921930159554e-01 -6.990371780769778e-01
1.501431189083491e-01 1.829886846669222e+00
2.600309831968322e-01 2.093362270629894e-01
-6.046398096497841e-02 -7.339841505590397e-02

30
1.163136155958765e-01 6.890733195840471e-02
8.890961622121409e-02 5.205828209285764e-02
-8.523462825734222e-04 8.575060692457377e-04
-1.813937427219637e-02 -1.072915113431430e-02
-1.200350138162867e+00 -7.753497418035413e-01

31
3.074773037316336e-02 -6.618970048476873e-02
6.912527248172312e-02 -1.389190275326150e-01
-3.738017554440907e-02 8.241930067597841e-02
-1.971875636476583e-02 4.260629087379196e-02
-1.083474212999525e+00 -6.190805121425100e-01

32
-5.796036576387947e-01 -1.655379497876854e-01
-4.407460674692054e-01 -1.207356310599017e-01
-2.724694963063871e-01 -8.454169120506005e-02
9.040968426041884e-02 2.581248654245413e-02
-1.464104539408242e+00 -4.014076135296681e-01

33
7.872242431123282e-01 2.372300831921687e-01
1.026244333482985e+00 3.140338737100816e-01
-8.896063767240273e-01 -2.593449216028136e-01
-1.563616859431551e+00 -5.087083474779848e-01
1.228754046110933e-01 4.198991470612296e-02

34
2.191343454431501e-01 1.540236811085666e-01
1.678726479329506e-01 1.174398693286383e-01
3.177682434241543e-01 1.272694716099453e+00
-3.420426908232269e-02 -2.421389527842643e-02
-1.394453928836707e-01 1.003623615995739e-01

35
2.438681223229144e-01 -7.204504078836964e-02
1.863374938234321e-01 -5.558086448075578e-02
5.537344669892320e-01 1.142040892315590e+00
-3.819872768756235e-02 1.112130110344643e-02
-9.343388479259403e-02 -1.284064482801107e-01

36
-8.869115610158415e-02 -1.735838727949639e-01
1.375531834346563e-01 -3.903496740980564e-01
3.652305492757423e-01 9.341739394738368e-01
-1.063734608515571e-01 1.230383717746911e-01
1.432942590483445e-01 3.240012456753081e-02

37
2.796009170295893e-01 -1.152795207501384e-02
2.825602649751963e-01 -6.669242908831143e-01
-3.459062490570428e-02 5.881721985092839e-01
-7.426170926837978e-03 -1.927535223450129e-01
1.089873091687477e-02 1.748319192919597e-01

38
4.038976515233877e-02 1.066451033823647e-02
5.877845671831439e-02 -8.038626811124483e-02
-2.508915689031560e-02 8.969311565829929e-02
7.697879122593444e-03 -2.640250905939289e-02
-1.065739293912724e+00 -5.573191948381869e-01

39
1.872285639110241e-01 -2.219433838891527e-02
6.429742663755385e-02 -2.624378465793804e-01
2.657117226487931e-01 9.645229710232722e-01
1.727135262134697e-03 -8.182190989869370e-02
-9.476895235859746e-02 -4.780859317115722e-02

40
-5.804720466800053e-04 3.342352161619672e-05
2.023488480624758e-02 -2.967251177024566e-02
-2.074461596900836e-02 2.970252354021462e-02
-3.437998691272302e-01 -2.575985432902290e-01
-5.037790195440917e-01 -3.775339028103243e-01

41
-8.465496047456282e-02 -1.260444119361813e-01
-4.424044397336844e-01 -9.652393826167658e-01
-6.381488542295579e-01 7.031149594850006e-01
-1.799710058896153e-01 -6.726276430583958e-02
2.162852429277440e-01 -9.815625905226738e-02

42
-3.115683583969070e-03 -3.300706246852452e-04
1.063292498132736e-01 -8.553385398855864e-02
-1.090671937394344e-01 8.524935469738844e-02
-9.666788607003304e-01 -1.321047847639370e+00
9.660726204928057e-01 1.320982833660570e+00

43
2.255225557370329e-03 -5.544534787746040e-03
-1.215824238022616e-01 -8.559662704046926e-01
-6.800555192538827e-01 5.334040924359268e-01
-1.264570029072475e-01 -1.067001686710949e-01
-3.201450213045930e-02 1.448675002190248e-01

44
-5.068788117336311e-01 -1.859679405361451e+00
-3.916118894837164e-01 -1.418572602309466e+00
7.130439131271560e-01 2.619381047143265e+00
7.644206877957972e-02 2.949012762848656e-01
4.412515528011784e-01 1.621311808535477e+00

45
-1.538924218186065e-01 7.889648522952052e-02
-1.831928041936191e-01 -1.656039741876781e-01
2.454395382497579e-01 8.844491900361120e-01
-4.343929409268067e-02 -6.118370535424253e-02
4.806949148275155e-02 -8.523695172851145e-02

46
-5.858704534629923e-02 2.749117939184338e-01
-4.447521351258675e-02 2.101953839858596e-01
6.014205329154723e-01 1.241197335534372e+00
9.288435505051797e-03 -4.301517311610886e-02
1.788849320049002e-01 -2.262012810047688e-02

47
5.071563927739722e-01 -1.507936160940001e-01
8.251262245741345e-01 -1.429030967257083e+00
-3.219682804175993e-01 1.147578057272104e-01
7.677647852836383e-02 3.321949559851358e-01
-1.076780342149471e-01 -3.405394864384373e-01

48
-1.501508192388535e-01 -6.907359012026262e-02
-1.145917675517394e-01 -5.180432278626015e-02
-3.678208119257251e-02 -1.673684988318293e-02
2.342275765967439e-02 1.077189875741390e-02
-1.247944423946755e+00 -6.528485540566800e-01

49
-1.728687958294711e-01 1.477261425572519e-01
-1.318847999787592e-01 1.130881737600014e-01
5.345849479006005e-01 1.000494223675929e+00
2.714011465205628e-02 -2.306939615099157e-02
-5.063316450740672e-02 -1.327558808789442e-01

50
6.304873620276469e-03 2.902396004837712e-03
3.748431165259298e-01 -5.349675606211269e-01
2.761657164085602e-01 5.928114192281541e-01
-3.075735382267879e-02 1.215832161761531e-01
1.324230625658430e-01 -3.762651635787424e-02

51
2.789916231370761e+00 -3.752537048779082e+00
2.352616810845921e+00 -3.243476835041309e+00
-3.929837924429370e+00 5.277746169051324e+00
-2.637631943270580e+00 3.607742007469417e+00
-3.865764475478497e-01 4.932882652466793e-01

52
-1.046086681894581e+00 -1.140579335966316e+00
-8.049844470237959e-01 -8.662025835431155e-01
1.086146742941037e+00 1.185381366351181e+00
2.126531356445685e-01 1.955963235992192e-01
1.500942541277058e-01 2.005437247267737e-01

53
-4.978290708478453e-02 7.968926024466989e-02
-1.031605840005861e-01 1.707918937969926e-01
6.494180488335013e-02 -9.733765888624837e-02
3.189694298177024e-02 -5.136557075894600e-02
-1.345729419652673e+00 -8.692569461028574e-01

54
1.274195401824974e+00 -8.278116084019546e-01
1.429174962990631e+00 -9.319044048216077e-01
-1.720633027032945e+00 1.115267229380587e+00
-6.221102172804596e-01 4.054363537440646e-01
-1.573389115953635e+00 1.026903893336121e+00

55
-1.368038995021292e-01 -1.539477090706481e-01
6.907966212858026e-02 -4.021316049753363e-01
2.745539570155974e-01 8.533037558284963e-01
-7.186978949867234e-02 1.459278893940484e-01
1.458903324230710e-02 -4.478997921575854e-02

56
-1.050119267873740e-02 1.340335755540420e-03
-1.167075539390777e-01 -9.917003775789242e-01
-8.012015199569560e-01 5.978534726164487e-01
-3.683835913514780e-02 1.878039149795174e-01
-1.589687000168912e-01 -1.377947255855916e-01

57
-1.934302456271374e-01 2.574581758430870e-01
1.282693087969774e-01 4.581590011075948e-01
9.571634494102943e-01 9.973155697934741e-01
8.056171735144170e-02 7.493866887845409e-02
-1.474553282607825e-01 -1.927174615739582e-01

58
6.945171949943374e-02 -9.404451236494607e-02
-3.785745841221373e-02 -9.122611409345339e-01
-6.244824205600510e-01 5.026376360754629e-01
-1.252056413210463e-01 -1.178211842552277e-01
-7.028007998009479e-02 1.658151141059366e-01

59
-1.787630000420840e-01 -2.071590537702182e-01
-1.369519223680699e-01 -1.579245090861179e-01
4.849029396333647e-01 1.222827343836083e+00
2.789900297694811e-02 3.259306874924030e-02
-8.263065688201568e-02 1.531691576936737e-01

60
-3.965043659995908e-01 -9.064194649978513e-02
-2.193781945188345e-01 -3.579436037162521e-01
-3.575128055326979e-01 2.246197506279467e-01
-3.707950089369820e-01 -7.365897057779074e-02
-2.107040538918703e-01 -5.964021582553368e-02

61
-3.753412582459279e-01 -3.220211987737566e-01
1.461504773447672e-01 -2.721856137783880e-01
-5.597594122200888e-01 -2.163900345831387e-01
-1.007343664427037e+00 2.221666612252021e-02
-1.238514114078950e-01 -1.675981361074227e-01

62
-2.829522911065773e-01 9.220895380810362e-02
-6.918561523368368e-01 -8.841195244355896e-01
-1.140144211355762e+00 9.886561596916906e-01
-1.718086223065090e-01 -4.033855350544034e-02
1.943966516318485e-01 2.470134515316828e-01

63
-3.990596672209172e-01 -1.375080123303527e-01
-2.020244042335461e-01 -3.069113327134799e-01
-3.401587592790248e-01 1.219975051656642e-01
-6.016758671605839e-01 -2.179480526033900e-01
3.936493945489767e-02 2.329728141234058e-02

64
-4.246783544618514e-01 8.390581255935657e-01
-7.935915982218363e-02 1.468765232484268e-01
-3.126936429663082e-01 6.251948497489512e-01
-7.772839532461955e-02 1.506419087032312e-01
6.431356668758105e-02 -1.258108183284219e-01

65
-7.422469951800510e-02 4.695655230920474e-01
-1.426903320302511e+00 -4.284404620129746e-01
-1.913906990658254e+00 1.747458321773682e+00
-2.383977409439846e-01 9.535202270157044e-02
-1.477802610588413e-01 -3.487215788978880e-01

66
3.483584687218854e-02 1.056046046289533e-02
-7.305114577407321e-02 1.174167415393395e-01
1.027027355907510e-01 -1.080707469154911e-01
-7.409352293709455e-03 2.305257828126132e-02
-1.338517964233796e+00 -1.081478418989524e+00

67
-1.646895938920814e-01 6.469736948974036e-02
-1.817455962199484e-02 -5.305921928344860e-01
-3.758452999880507e-02 4.874487475145948e-01
-2.677836936691837e-02 -1.123048269743637e-01
4.334404501938013e-02 9.561395943006454e-02

68
-8.158256069316996e-03 4.822872546367255e-03
-4.203299191881565e-01 -8.173797714296213e-01
-4.977000158217432e-01 7.735843239140546e-01
1.391637191824802e-01 -1.116357392961963e-01
-1.767315903490577e-01 -5.037402632177859e-02

69
5.426887204903579e-02 2.593216130208553e-01
-9.773377872327838e-02 -3.305216093150259e-01
3.982031747007498e-02 3.242284321409377e-01
1.049740324510925e-02 -3.861260745534047e-01
-3.411766781166681e-02 -1.301680183204660e-01

70
2.766289823336766e-02 1.236538330733206e-02
-6.818375636132963e-02 1.164679280487450e-01
9.180765519196636e-02 -1.057456181248577e-01
-1.532617609256913e-02 -6.974698869394029e-03
-1.315385822767876e+00 -1.011507973754833e+00

71
-1.207409916447089e-01 7.169404996236953e-02
-2.016522561321384e-01 -7.259065070853022e-01
-2.572880580539341e-01 7.592583979048642e-01
1.200870605955993e-01 -5.065322352199410e-02
2.760131692026268e-02 1.156981703252012e-01

72
-1.857478965578732e-01 2.281693288225487e-01
-5.005851830937399e-01 -6.053730488395916e-01
-5.649370542461316e-01 1.156571147377601e+00
2.443301596389735e-01 1.597197996084413e-01
-2.065815286065231e-01 -3.713456005185532e-02

73
-7.033027457965338e-02 9.204931133881074e-01
-3.421564655725907e+00 5.962063552159054e-01
-3.317905053081265e+00 3.690796523804331e+00
-4.272186709465371e-01 -6.116827938909398e-01
-3.507687768056871e-01 2.449709204229771e-01

74
3.859883403688576e-01 4.579030635817312e-01
-6.612446415939910e-01 -7.683449194925278e-02
6.634645216253271e-01 7.135638177448121e-01
6.516370678844818e-01 -1.069591618061913e+00
-1.999655158173619e-01 -1.306824106918378e-01

75
1.680359447490832e-03 -2.047895795843868e-03
-2.231696824610879e-02 9.064355483465336e-02
2.379480018350775e-02 -9.243346193869288e-02
-1.077574689452729e+00 -3.173612362338495e-01
5.025712750924654e-01 -7.799047600781226e-01

76
-3.679177151193989e-02 -2.533001240299177e-02
2.321240628871984e-02 -9.716689962922553e-02
-5.691163687363459e-02 7.371545926908597e-02
-1.678841682221499e-02 2.352807528784021e-02
-1.077891051242199e+00 -5.732665290916179e-01

77
1.806480641780278e-01 1.425469345927258e-01
3.067621830050921e-01 -1.671180109111603e-01
3.182655110309652e-01 8.867660800455457e-01
7.784915735424848e-02 -5.209730755495421e-02
-1.496192932055904e-01 1.166668941803398e-01

78
-1.868632104095225e-01 1.419057569437906e-01
-5.038344477455661e-01 -4.607381916094961e-01
-1.307573546733171e-01 1.305526301877213e+00
1.542607330131073e-01 1.567339109889931e-01
9.199531981371531e-02 -1.769105566347982e-01

79
-6.124262100994483e-01 -5.239620482777184e-01
3.452177492402879e-01 -4.827915402176080e-01
-1.001855648996952e+00 -3.643462420243842e-01
-1.489690170968111e+00 2.840462975205479e-01
1.765440145048815e-01 4.034727494819316e-02

80
-5.999028044415529e-01 -8.907899656339787e-03
-2.894270838323981e-01 -1.022264887084801e-02
-4.498564981121110e-01 -2.146605643055209e-03
9.096381699115026e-02 1.734565640406783e-03
-1.502947006515284e+00 -7.751294707298085e-03

81
-5.419697110278821e-02 -2.368852960719318e-02
-1.023601777488468e-01 9.557301116564243e-02
5.246260714763876e-02 -1.168328437340377e-01
-1.713548121581255e-02 3.556291047907000e-02
-1.357461531241119e+00 -9.889312641752114e-01

82
3.677557588413212e-01 -1.262545499255867e-01
5.567608856367694e-01 -1.074685959063594e+00
-2.291184786006381e-01 9.430310470110996e-02
-8.951420633599856e-02 -2.467505053732051e-01
6.661400116854047e-02 2.414147554126430e-01

83
9.258424935515272e-04 -1.398954042241749e-03
5.595733286216813e-02 -2.699852858257452e-02
-5.514048708672821e-02 2.577156639317825e-02
-2.874341908707159e-01 -6.735638646420380e-01
-4.671131301819242e-01 3.845270861674507e-01

84
-4.254458294350411e-01 -6.262864633071237e-02
-2.588949872934714e-01 -3.447558392111295e-01
-3.530576215129979e-01 2.529608407428381e-01
-2.003089041633881e-01 -3.583589077043799e-02
-4.483847784562190e-01 -5.722504375584900e-02

85
-1.480333085652339e-01 -6.567809917890484e-02
5.358826359868754e-01 -3.708168388360807e-01
8.886591798974238e-01 1.082579395464395e-01
1.227582846605041e-02 -1.170173401325622e-01
1.326787345260731e-01 2.490065277251209e-02

86
-1.919596825765566e-01 -1.447686412602231e-01
6.069267018952816e-02 -2.549343500882621e-01
5.681776758254977e-01 7.778430292298915e-01
5.705427189168431e-02 -7.250517129137825e-02
-6.602530817149189e-02 1.699566750289267e-01

87
-4.086837156654499e-01 -3.090613097078862e-01
1.414749378897159e+00 -7.793197520758135e-01
1.314545458982123e+00 -1.482689049591499e+00
9.363634148937601e-02 -2.814259162452459e-01
-2.170930943878128e-01 3.710911195806783e-01

88
-1.974727065530004e-01 1.283472137845809e-03
-8.520185556577491e-01 -9.557899356178413e-01
-6.904132441201244e-01 1.116460693539741e+00
1.615243615781979e-01 -2.392342836626045e-01
1.595224282079855e-01 2.413626839546990e-01

89
-1.451859175420397e-01 -1.045400683286805e-01
4.719699410290320e-01 -4.199011065062480e-01
9.330739299251377e-01 2.990197453119781e-01
1.427940284891715e-01 4.395734484294401e-02
2.863576455208559e-02 -1.184736540071132e-01

90
-2.149044548896325e-02 -4.722482415042752e-03
3.163101401155852e-02 -9.312591417790199e-02
-5.095108527495902e-02 8.899825449138728e-02
1.208138195822406e-02 2.699531511706122e-03
-1.085661378217517e+00 -5.351345100628861e-01

91
3.584424753467910e-01 -4.254038820773019e-01
1.673669229000824e+00 1.045837876583639e+00
2.831116352573148e+00 1.064187331573474e+00
-4.823490427914624e-02 4.237862154737483e-01
-4.322176346092064e-01 -2.256529700015606e-01

92
3.050880872748426e-03 2.858328831222086e-04
1.096242152673442e-01 -8.524051575759672e-02
-1.069524169402607e-01 8.549627821258653e-02
-9.643076888983781e-01 -1.327876651581152e+00
9.649024110744169e-01 1.327932034374531e+00

93
-2.563544525262237e-02 -9.197398175913671e-02
3.396265727053717e-01 -6.501867109785451e-01
2.912791629115563e-01 5.964984877060162e-01
-4.500356608353660e-03 1.534747711152244e-01
1.394537499186849e-01 -4.866143760255443e-02

94
8.075394323789139e-01 -1.872793499116260e-01
1.010358704127698e+00 -1.467811360301058e-01
-1.028047649348855e+00 3.262515129989693e-01
-1.204362369336709e+00 3.701585031419518e-03
-3.701703822528923e-01 9.150710764162319e-02

95
4.397065146818984e-03 6.985446800255689e-03
-2.766900954690661e-01 -8.406665566035970e-01
-5.897645803790833e-01 6.592996795728923e-01
-1.473577316244603e-01 -8.652365025090672e-02
1.510251195069316e-01 -6.671403842259334e-02

96
-6.521380855520356e-03 -3.022090566744668e-03
3.662699639562000e-01 -5.399587481228630e-01
2.847698857181470e-01 5.879399138255541e-01
-2.594734045908125e-02 1.223617901914870e-01
1.332428976958649e-01 -3.852002799737776e-02

97
-5.211104045244569e-01 -3.795296510591742e-01
2.107067764422444e+00 -8.097074882393769e-01
1.653984511378555e+00 -1.847853643523741e+00
-2.770962061999390e-01 4.735271661609685e-01
1.128047387584950e-01 -3.724694955646569e-01

98
8.660563592170946e-01 -1.968242947834025e-02
-1.391313624701091e+00 2.656941559754793e+00
1.557337016814877e+00 4.570518438194475e+00
-1.061640550553610e-01 -7.623019478213290e-01
-6.239247708584426e-01 2.918978356413675e-01

99
1.148157040418814e-01 -1.791075084357953e-01
5.853952003819624e-01 -1.881488278662697e-01
8.164933685126902e-01 5.245376784182397e-01
-1.759942194468316e-01 -4.707445805487288e-02
8.272547146104674e-02 -7.636392126114582e-03

100
5.685961265611956e-04 -3.299013809366105e-05
2.076521395280928e-02 -2.972455740928020e-02
-2.026694120573378e-02 2.969629512750389e-02
-3.437229760947517e-01 -2.579426823040300e-01
-5.038328385313110e-01 -3.780286660689341e-01

101
-1.496363802590084e-03 -1.212365292535712e-03
1.475982044599817e-02 -7.159594847218537e-02
-1.607438387158962e-02 7.052793669101297e-02
-8.387032510182059e-01 -2.172070432125899e-01
3.675673802839856e-01 -6.143017718901865e-01

102
1.851868882535671e-01 -1.925047985220239e-01
2.742367685377868e-01 -3.203131211302848e-01
-1.019819035408230e-02 2.730670388831048e-01
-5.647705414146622e-01 -2.716370428720079e-01
7.937152567321640e-02 -4.455543934339078e-02

103
-6.484881798995297e-05 -3.624242606848274e-03
3.016210554355694e-01 -4.155817337155237e-01
2.088029835659554e-01 4.688467532067225e-01
-7.042192690857023e-02 -6.810490328237956e-02
-3.154519839863631e-02 8.782071360957723e-02

104
-2.420036733968211e-02 -1.227771300804994e-03
2.862063791804627e-02 -8.845077247357636e-02
-5.039812260339779e-02 8.757373552833134e-02
9.658976564864912e-04 -1.612634799665975e-02
-1.061057300553938e+00 -5.128622305840208e-01

105
-1.140921566544367e-01 3.321362910271725e-02
-7.255389910930028e-02 -4.915835532608617e-01
3.576987492214895e-02 6.303249640557970e-01
-2.507441284243463e-02 -6.352085467348333e-02
5.705879323483753e-02 -3.636817944236654e-02

106
-8.060163984262252e-01 -2.667291397103260e-02
-1.716739082458295e-01 -3.666463297325148e-01
1.105173532959933e+00 8.834027566060104e-02
8.389289552270862e-02 -2.710382736997295e-01
5.910752996605826e-01 3.945378543728243e-02

107
-4.210295099287859e-01 1.850035126708836e-01
7.974881254002487e-02 -3.269479528709020e-01
3.277312101322264e-01 1.442861777732953e-01
-1.406557427427903e-02 -1.953258823298366e-01
1.414787417638796e-01 1.430313895819392e-01

108
2.273279281816349e-03 -4.649324704076593e-03
2.367104552736182e-01 -5.047801157527847e-01
3.187669962208695e-01 4.569814358205587e-01
9.539256307449799e-02 -4.690476996706711e-02
-9.294266102820165e-02 -4.613965420546368e-02

109
-1.170289433590066e-01 3.244164329814753e-02
-1.063177912290315e-01 -5.499431106291582e-01
1.721449842808381e-02 6.458709582009620e-01
6.415618992746197e-02 -2.859448795841983e-02
-2.472862368265599e-02 -7.234493759321278e-02

110
-9.985573844925995e-01 3.087273953497205e-01
-2.974159734700441e-01 -3.763546880371458e-01
1.375885733993869e+00 -3.434003410567164e-01
7.588636930167141e-01 -1.960543547725153e-01
-5.240347015533491e-03 -3.954805100609887e-01

111
-1.301106717153392e-01 -5.661840391002785e-02
4.086759141635649e-01 -3.911709540902905e-01
6.492945443695202e-01 4.913468241348918e-01
1.323271752511230e-01 2.095231458768194e-02
-5.630782396225636e-02 1.258250817081089e-01

112
-7.954668347977831e-02 -6.919314375276063e-02
2.435387720084314e-01 -5.448798472204135e-01
1.884491916028367e-01 5.677748163132625e-01
1.079354024414524e-02 1.172563423941190e-01
-7.018161876070692e-02 -2.238090400595873e-02

113
1.312644559810312e-03 1.249054779347819e-03
-6.444255488116458e-02 1.787677659056115e-02
6.558938537800141e-02 -1.678167394282093e-02
-1.755965731236938e-01 -7.812526805167150e-01
-5.781914365536310e-01 3.208465014201859e-01

114
-5.119923769890320e-03 -2.125488124866534e-03
2.575218970093089e-01 -4.640383398766964e-01
2.731873711275719e-01 4.555684218468436e-01
-7.948570797293476e-02 -6.130083379132852e-02
1.030803125034931e-01 -3.090314719890766e-02

115
3.440025161031863e-03 -4.377694772793014e-03
3.447773958743882e-01 -4.477577226139527e-01
2.155604229889829e-01 5.219029337665830e-01
-3.047994602919811e-02 1.052087929256442e-01
-8.751820136017648e-02 -7.630442034049427e-02

116
-1.148720662885640e-01 3.436498002430625e-01
1.380981454954720e-01 -4.735268154481863e-01
1.090773312052131e-01 1.266095696178369e-01
7.419258470141711e-02 -2.537435478135269e-01
1.204646090137278e-01 1.450098337342239e-03

117
-2.910714333831115e-01 -5.667816208855011e-02
-1.271031230387676e-01 -6.771160560788562e-01
-9.700317769034909e-02 5.759541480931925e-01
-3.724225447940022e-02 1.800819817855841e-01
3.791770088790768e-02 -1.958945002739005e-01

118
4.598944833376298e-02 3.942124829817131e-02
-4.687995556528429e-02 1.284032791517591e-01
8.539081679706041e-02 -9.574972072583818e-02
2.536412147473648e-02 -2.955121847691811e-02
-1.359751412686624e+00 -9.517742904134324e-01

119
-6.800706195523348e-02 -6.606538827729544e-02
2.319307051478634e-01 -5.181066639737160e-01
1.577330531293315e-01 5.183368279435093e-01
-6.421083595457473e-02 -1.535725208960449e-02
1.075155254802184e-02 1.025642459152819e-01

120
-1.301630430431325e-01 3.906625022552725e-01
1.358445135583664e-01 -4.091778890159264e-01
-9.650984890048277e-02 2.931717016916802e-01
1.811545465406969e-02 -4.692934161757795e-02
2.696989216398813e-02 -8.884293672892132e-02

121
-2.773976966930963e-01 7.719256095758850e-01
-4.567239841453595e-02 1.108537323462095e-01
-2.081109576945777e-01 5.903028193265779e-01
4.210462418607034e-02 -1.157814481855063e-01
-4.991754826354534e-02 1.347409437653300e-01

122
1.050976586277982e-01 8.648062032806078e-02
-8.098718186943519e-03 -5.244614654395000e-03
8.693704109269285e-02 7.100554926119133e-02
1.367792672648349e-02 1.166926088787684e-02
-1.028077441978985e+00 -9.153848782593508e-01

123
-6.976590976161595e-02 3.431702395153968e-01
9.810769465770133e-02 -4.805641925920613e-01
-4.820220323214564e-02 2.298638256987845e-01
1.153869812441242e-02 -5.292174437516736e-02
5.847958969208520e-02 -2.801824280363129e-01

124
-4.841261661403860e-02 1.856630026017084e-01
1.625281404905646e-01 -1.108403455165630e-01
-9.199367623954320e-02 2.885589174201281e-01
-3.730000154089630e-01 -2.486732145380768e-01
1.205774226184494e-02 6.403777350278060e-02

125
-5.353698650524161e-02 1.183589727127768e-01
1.689414414348255e-02 -8.347622747736032e-01
-5.728519066654832e-01 3.942297451793950e-01
-3.663394459184392e-02 1.174553021101614e-01
-1.044092767458569e-01 -1.469242514572302e-01

126
8.176384805720457e-02 7.721890768956131e-02
2.690383169295446e-01 -4.410410814561032e-01
1.516764957148669e-02 6.365862322752848e-01
-5.495918675360873e-02 8.050290322546443e-02
-6.982806434310038e-02 -6.901531308721093e-02

127
1.810290466845174e-01 1.357238492384320e-01
2.983604140115081e-01 -6.416167439833489e-01
-1.991354823904977e-01 5.922046790414157e-01
-8.272837975158490e-02 1.018914708844871e-01
7.318301120319055e-02 -1.312707891187795e-01

128
-4.016802568108273e-02 3.121458501845201e-01
5.656140638381740e-02 -4.369845587094849e-01
-2.857802340991885e-02 2.222961983267165e-01
3.443157646785118e-02 -2.631733279172531e-01
6.320612438337612e-03 -3.782105719129139e-02

129
-2.070104030004431e-03 5.411584291879054e-03
-1.188074569356947e-01 -8.462694109971279e-01
-6.730751328046934e-01 5.261422215930125e-01
-1.244092085574494e-01 -1.072872045855123e-01
-3.054590584666096e-02 1.411523106328425e-01

130
2.679289709504407e-02 1.137528553632097e-01
-1.535651366891946e-01 -8.609041197959790e-01
-6.061248463722507e-01 4.404403236597532e-01
-1.392810534005511e-01 -1.243747512465173e-01
1.658269272173979e-01 -8.218642635571131e-02

131
-4.736841502625706e-02 1.512998396619059e-01
6.744624479833143e-02 -2.263192474885438e-01
3.494901598430556e-01 7.873515471770808e-01
2.990746113090777e-02 -9.864893964344354e-02
1.083195835629233e-01 3.931218887935440e-02

132
4.204414498052034e-02 2.319652218725977e-01
-4.889164933785742e-02 -2.580771086871584e-01
5.395080794687403e-02 3.040334330043533e-01
-7.713698038456258e-02 -4.777843316554469e-01
8.461414939153606e-03 4.887007123829559e-02

133
9.873496230429039e-02 1.649181673051681e-01
-1.417095554757030e-01 -2.486137863189860e-01
-2.419096216980853e-01 1.014616700454273e+00
-6.300107469276715e-02 -1.079498575457142e-01
-1.165641413392727e-01 7.713507701183779e-02

134
1.238648207573726e-02 2.821822399883611e-01
-1.625170574268971e-02 -3.801420145336722e-01
1.450808044289417e-02 3.179033371724343e-01
-6.935538039757687e-03 -1.446684084894710e-01
-1.656182820385042e-02 -3.533280306067494e-01

135
7.220054776063794e-04 4.161866930019589e-03
2.962094540713867e-01 -5.410615754336954e-01
3.201654106150240e-01 5.270875476195251e-01
1.090372019087586e-01 -4.647268017322927e-02
-1.077549714267882e-02 1.034933794416910e-01

136
6.017642068989424e-01 5.219686901776296e-01
-8.099638996913917e-01 1.969364670656771e-02
9.994962906213319e-01 7.639214372741504e-01
7.414435609932123e-01 -1.710333435437829e+00
1.150431579023630e-01 2.522873990246853e-01

137
-1.805985929767932e-01 5.194105461538556e-02
-4.025848469764835e-03 -6.152513200373140e-01
-5.058511408578222e-02 5.375348917495253e-01
3.438571762412410e-02 1.020813169079846e-01
-1.647617335504946e-02 -1.243784149593216e-01

138
-1.342058770802516e-01 8.209148973680158e-02
-1.773860492520137e-01 -7.021778798347739e-01
-2.538883318404984e-01 8.500380710144286e-01
4.919622037696873e-02 1.228543689885774e-01
1.147939095051927e-01 -6.882807361396874e-02

139
3.395790278738071e-02 7.690386740297800e-03
-6.324991508152221e-02 1.180349857860364e-01
9.219630578054339e-02 -1.111349993144796e-01
5.219942445019178e-03 -2.287442050293415e-02
-1.356335340825161e+00 -9.823159442987562e-01

140
9.843332187262767e-02 7.873665431815470e-02
-1.300766469979719e-03 4.174510484007444e-04
7.569597153835479e-02 5.986621316641250e-02
-1.470205535463341e-02 -1.184575886680751e-02
-1.005466511840313e+00 -8.704698098239687e-01

141
-1.233391176753821e-01 -2.193913937788862e-01
1.419934437722646e-01 -2.554589945492317e-01
9.305778348556877e-01 8.664489956465460e-01
7.833772704380226e-02 -4.702375108502149e-02
1.302953630212383e-01 4.587879758686692e-02

142
-1.739653240310079e-01 4.242064998310809e-02
3.750620559022057e-01 -5.148769163754330e-01
2.836978080862277e-01 5.793088832479749e-02
-3.241115181559737e-02 -1.315901119595783e-01
1.582259728331089e-02 1.261307622955780e-01

143
5.852940565720651e-03 1.173725872780213e-02
-2.637262190628183e-01 -1.302199644892605e+00
-9.961223780339447e-01 8.780862963514220e-01
-3.190620026799414e-02 2.501404830209183e-01
2.571100673358463e-01 -9.106001730052778e-02

144
-1.370558031344524e-01 8.111457095903075e-01
5.345911575143187e-01 -3.465438490538660e-01
-4.092121013958731e-01 -4.425080231555408e-01
-3.065596312589999e-01 -1.716158136184252e-01
3.511335295432892e-01 -7.101311390051235e-02

145
-2.485081772950183e-02 -2.640251469224190e-02
-7.859088160785926e-02 1.101008678528583e-01
5.635360546638688e-02 -1.340530422837943e-01
1.776776296694450e-02 -1.693541035197005e-02
-1.436219658319070e+00 -9.134189355714663e-01

146
7.005184041455622e-03 6.568539966823611e-01
2.397882912680185e+00 -1.769314182672122e+00
-8.160023729652927e-01 -3.674254552499107e+00
-6.107375946239963e-01 5.049428703197869e-02
9.029766445453474e-02 -5.985251303205524e-01

147
-2.652712670002498e-02 3.289790011074407e-01
8.684965635228614e-01 -8.043481633858458e-01
-1.938724772380546e-01 -4.906203696721176e-01
-2.333187185485245e-01 9.177699495233746e-03
2.494214057189759e-01 1.982960390853925e-02

148
-4.176040033620089e-01 -2.000530383553252e-01
6.534171129162062e-01 3.261251462437365e-01
2.425516306340438e+00 5.000648436151706e-01
2.745161994324393e-01 1.321140934041503e-01
1.307475141905478e-01 -3.059206105600428e-01

149
-8.650254119672311e-02 1.094265563488595e-01
1.264002581462467e-01 -1.680065178671098e-01
4.547218888499147e-01 6.171430685415785e-01
5.604532290582931e-02 -7.224371092754873e-02
-8.167640302899501e-02 -5.653118768221656e-02

150
-1.484376200341861e-01 3.802743668344526e-01
1.843197237437757e-01 -5.297025614865829e-01
1.207401723110793e-01 1.672641835587542e-01
1.295156069581520e-01 1.156795307849512e-02
9.785489329013070e-02 -2.778035402565381e-01

151
2.571913440853112e-01 9.282775959265185e-02
-3.826697732228704e-01 -1.520331132004198e-01
-1.973840331581365e-01 1.490092979509037e+00
-1.678660194894292e-01 -6.270825551388741e-02
7.779900462611505e-02 -1.785211235715166e-01

152
1.316253868546931e-01 2.282545394347042e-01
-2.103490819185117e-02 -1.350846186643946e+00
-9.927650096302594e-01 2.457549730721122e-01
2.489946720611247e-01 -1.509866057126031e-01
-1.114924213344716e-01 2.032495718339340e-01

153
-1.838003168914124e-03 9.453518534000523e-02
2.930110597535457e-01 -5.430160182289283e-01
2.254108630218647e-01 4.497395740447708e-01
1.112015457863947e-01 -6.366476009540453e-02
-1.059802788333662e-02 8.575329097121409e-02

154
4.785538990462575e-02 1.149687886630383e-01
-2.886163853863699e-01 -8.784325589255578e-01
-5.571672366554574e-01 5.644721540167424e-01
1.589023507488157e-01 -1.230110475138980e-01
-1.749032629811951e-01 -1.023850967376688e-01

155
-5.507731384498691e-04 7.819612741027633e-03
-4.571227287934844e-01 -1.071608941766129e+00
-6.988620896814833e-01 9.313540212958592e-01
1.838246842002335e-01 -1.287230858812690e-01
3.675728846069354e-02 2.042445085115414e-01

156
-1.232670634316636e-02 9.948946560219148e-02
3.566202233189973e-01 -5.282679282924733e-01
1.852866450945251e-01 4.971839670067977e-01
-2.496293644541290e-02 9.109423993920522e-02
1.276398065435962e-01 -5.284951579650883e-02

157
-1.506082400201710e-01 -2.741531853043326e-01
2.862064476118718e-01 -9.300495099195699e-01
8.053758548965644e-02 1.827765117471737e-01
-1.697275523659696e-01 1.067191132471808e-01
1.869079830877851e-01 -9.799493293666703e-02

158
2.090645946114996e-01 -1.754596058332742e-01
3.268558971313655e-01 -3.015192624385732e-01
-3.627496574274564e-02 3.029687561968457e-01
-4.869062413246852e-01 -2.986482688747026e-01
-5.545964312134406e-02 1.068054162878271e-01

159
5.815298934116925e-02 2.722124492412451e-01
3.653765678048352e-01 -1.373916355403191e+00
-1.077256711637527e+00 -5.776054101421834e-02
-1.784003587542342e-01 1.647303024546014e-01
2.972306118729491e-01 -6.926587115603457e-02

160
-1.375861917052879e-01 -5.456152933270486e-02
-5.000014911764227e-02 -1.794946868367548e-02
-8.733148772983043e-02 -3.575004648466171e-02
-2.823516021904428e-02 -1.109796375015027e-02
-1.247101418701200e+00 -5.579643426776640e-01

161
-3.644158149514038e-03 4.104575951199792e-03
3.394748785200523e-01 -4.437184399369568e-01
2.147628470003157e-01 5.153083401307264e-01
-2.884926625545373e-02 1.020044321694228e-01
-8.471681542771343e-02 -7.705082297242562e-02

162
-5.695871290195210e-03 -4.928442895774364e-01
-4.902896317922651e-01 -2.182416281223021e-01
5.016705638411169e-01 1.925380901063972e+00
-1.870955882685863e-01 5.804127258663906e-03
3.618281941677123e-01 9.762685401785257e-02

163
-1.868228533865781e-01 -2.848394942331571e-01
-3.979718033105987e-01 5.109899564152877e-03
3.694672141461347e-01 1.678221925346606e+00
-1.043793803989903e-01 6.395415499168147e-02
-2.688705733716302e-02 1.851939964914091e-01

164
-1.630495617433408e-01 -5.038590451609549e-02
-3.995388054944496e-02 -1.213338469732787e-02
-1.242565183227759e-01 -3.754269276811166e-02
2.450284203138469e-02 7.674277205491043e-03
-1.366751314307195e+00 -4.993813496817514e-01

165
-2.780739339127128e-01 3.059244963171787e-01
-9.205725811166919e-02 1.201048850118555e+00
1.330687656095012e+00 1.346406891777613e+00
-1.746048258087492e-01 -3.076237298798877e-01
2.421279842449762e-02 1.562131774049227e-01

166
3.955656759177213e-02 4.436915536433104e-02
-6.218103547290108e-02 1.219229329093615e-01
9.546216297392496e-02 -8.513562588741069e-02
-2.841679062767809e-02 2.677045450408171e-02
-1.261212126736657e+00 -1.075849780436443e+00

167
-2.437415824587192e-01 -3.422756003078842e-02
-1.699115753922845e-01 -5.862817048038582e-01
-3.810698187381128e-02 5.020006155161635e-01
2.240962708808164e-02 -1.669747263168853e-01
-2.446840859844193e-02 1.520149147724185e-01

168
-8.803775042096426e-02 4.691303176506991e-02
3.086402745578845e-01 -4.160847092933844e-01
2.544413185280094e-01 3.055763158200129e-01
-4.963517278182696e-02 -1.008330042796115e-01
-7.544584955249106e-03 8.815720458168023e-02

169
5.537614827241018e-02 -7.720567727839153e-02
-8.002854316682101e-02 1.107244736855054e-01
1.335361426379781e-01 -1.757023218424730e-01
-3.465388814782291e-02 4.808564529965006e-02
-1.435858502344151e+00 -1.214698286533703e+00

170
-5.367529529209809e-02 3.555130655552050e-01
9.285717852769340e-02 -4.800768644043336e-01
-1.555219282321917e-01 5.941470613025299e-02
4.965069287336894e-02 -2.569038482038647e-01
-1.078281299112998e-01 -5.351591653742989e-02

171
1.292604524617961e-02 2.299385384470402e-01
4.944166285735230e-03 -3.024079157490784e-01
3.901971971862245e-02 2.773739418772697e-01
-8.758239824595911e-02 -3.132754334357600e-01
-2.207943405230587e-03 -1.179260438081562e-01

172
-2.759035653721632e-01 -7.073952562014656e-02
4.360762141484568e-01 1.087962554723955e-01
1.299412769145881e+00 7.935518983949287e-01
1.815150549793305e-01 4.675732887511751e-02
-5.948334060818881e-02 1.954022652899852e-01

173
-2.430518048267544e-03 4.496170723879634e-03
2.343405989335171e-01 -4.997683736217970e-01
3.156471070956582e-01 4.524314932992782e-01
9.529692677846947e-02 -4.764202442919405e-02
-9.067012502719229e-02 -4.779208576645330e-02

174
-1.016376852378773e-01 3.647908807112469e-01
1.584880636016034e-01 -4.947555796318487e-01
-1.821338631421824e-01 5.509285044202151e-02
-1.023750691824343e-01 -6.470521605188094e-02
8.309507257238555e-02 -2.593111715780456e-01

175
-2.353063273464910e-02 5.117779497658974e-02
3.391140181584684e-02 -7.354892941240782e-02
-5.153662978579444e-02 1.199442691624743e-01
1.460433260834981e-02 -3.195674810652323e-02
-1.008356578318255e+00 -4.669472352301049e-01

176
-2.013476058153367e-01 4.003518334021954e-02
4.544231806661558e-01 -5.779022138769236e-01
3.192608643490907e-01 8.092641332606942e-02
1.184639028907212e-02 1.450118225932872e-01
-3.045471126012084e-02 -1.523107574103027e-01

177
-4.932505224453320e-01 2.451999862760730e-01
1.114832696070326e-01 -4.097999489698361e-01
3.694553185752030e-01 1.742578839194750e-01
1.710559651975317e-01 1.632888712252796e-01
-2.393059802566896e-02 -2.379007614968462e-01

178
-1.324651944535790e-01 -4.484182945808575e-02
5.395283237804910e-01 -3.392748527431628e-01
6.651181960365574e-01 4.464962192956993e-01
-5.193970586652185e-02 1.190487670808718e-01
1.268899243495043e-01 2.363891759500377e-02

179
-2.469809110691278e-02 -2.090250883398489e-03
3.326054682880042e-02 -8.991832926490238e-02
-5.549362134126881e-02 8.826620962593561e-02
-1.495177728310885e-03 1.675690958972291e-02
-1.073583147915488e+00 -5.557953691257824e-01

180
-1.190867080584875e+00 -3.014031251291140e+00
-3.081395221346656e+00 -1.301824911776061e+00
1.339240687005136e+00 -3.080653896214701e+00
-1.066592253976304e+00 -2.824204586968178e+00
-6.860880695488184e-01 -1.592404021058055e+00

181
-8.972288329123951e-01 -8.696257855389868e-01
-1.071056840438104e+00 -1.080216566510030e-01
-1.476401646058812e-01 -1.071560358536323e+00
-1.353411918775886e+00 -1.323783883977418e+00
1.090519635109695e-01 7.209480044229497e-02

182
1.685043832671922e-03 -3.756867412822936e-03
-1.748274692098774e-01 4.385061094491140e-02
1.763139449859470e-01 -4.715003941618388e-02
-4.583195749961302e-01 -2.111224179169420e+00
4.586466122273495e-01 2.110492902588573e+00

183
-2.020156492578155e-01 2.527457348830157e-01
-4.681783775339282e-01 -1.295428534652794e-01
-2.133079970764573e-01 1.313002695318486e+00
-1.212032810034189e-01 -4.712614771094148e-02
2.416847034492180e-01 1.105794248510361e-01

184
-5.449992262382689e-02 -1.892811609119311e-02
-8.686681394634990e-02 1.012458168343330e-01
3.671345234246024e-02 -1.181684795344078e-01
1.175539428511312e-02 -3.548098516958045e-02
-1.392209045377829e+00 -8.337957195298814e-01

185
-2.307253935235234e-01 3.309174025819729e-01
2.341992780158191e-01 1.865575592238299e-01
-4.417437356338393e-01 3.076012158569408e-01
-7.627315698964677e-01 3.211173579157883e-02
7.968043369855762e-02 -4.129759667156616e-02

186
1.199543802998849e-01 7.565193545056481e-02
2.721400403111652e-01 -3.092628415035950e-01
1.103793710317144e-01 7.815676933988208e-01
-8.202048035929332e-02 1.021457413148280e-01
-6.571516783438630e-02 -9.825344926111433e-02

187
-3.422447515526167e-01 2.086932748659204e-01
9.066821069111285e-02 2.366083622598101e-01
-4.819365478090165e-01 1.033616539367359e-01
-8.023517524656684e-01 -1.754926569374248e-01
-1.177847210609929e-01 1.181367633449532e-01

188
5.101193809653121e-03 2.076297428779856e-03
2.627275598976561e-01 -4.614177250591334e-01
2.683236976733943e-01 4.587397268662049e-01
-8.113423092174786e-02 -6.357566177504839e-02
1.021595768382276e-01 -3.048086147898088e-02

189
7.031014524912002e-02 6.525863569376872e-02
2.710318943870836e-01 -4.421675387163568e-01
3.210817834233368e-02 5.477965292738214e-01
-7.286405147408292e-02 -5.275180611064228e-02
-3.603207766056009e-02 7.419278957934070e-02

190
-2.579160991563486e-02 1.890538101466534e-01
1.630049216807825e-01 -1.377402852243900e-01
-5.411746110412249e-02 3.051838372756517e-01
-3.531089452245464e-01 -1.854026146176815e-01
3.125897229355116e-02 -6.874854543108612e-02

191
8.552432790180767e-02 1.402289339638144e-01
6.025672079139307e-01 -1.453743028011356e-01
8.040104357483100e-01 3.619345477363329e-01
2.121597417938619e-02 -1.314687323550760e-01
7.292845401095581e-02 1.236692173269251e-02

192
7.801149382585329e-02 1.519418920484616e-01
3.521456563530293e-01 -2.676684186700141e-01
1.437359055883733e-01 7.201715376249774e-01
-1.562255542530126e-01 6.170058652734085e-02
1.206597958801193e-01 1.193969485080986e-03

193
-9.251965245953033e-04 1.453031039190278e-03
5.509513820152286e-02 -2.566236044747187e-02
-5.590180356308665e-02 2.693702060088455e-02
-2.869694761955199e-01 -6.720955781713558e-01
-4.656716699484484e-01 3.839661378726538e-01

194
1.807731906209213e-02 1.216016956109301e-02
5.077016259099833e-02 -8.237775929022136e-02
-3.528227912269284e-02 9.274832508910306e-02
-1.006458360878222e-02 -6.708135761243866e-03
-1.038268016721316e+00 -5.689497539737743e-01

195
-3.522603499324394e-02 5.996804736360451e-02
2.547114947169221e-01 -4.480707471790552e-01
2.434043267242877e-01 3.708754064423305e-01
-7.809437336588496e-02 -8.118986735493930e-02
1.052131873720529e-01 -4.226409076808132e-02

196
-1.220461872210048e-01 3.853916007054535e-01
1.272261772824433e-01 -4.024244936074858e-01
-9.072558701836902e-02 2.914791331478185e-01
2.560675885885607e-02 -8.904431173354696e-02
1.657154554980084e-02 -4.405850441611955e-02

197
1.822440822566239e-01 1.272650102309568e-01
2.036822022818031e-01 -6.004109409289472e-01
-1.195088068361389e-01 5.763469606778370e-01
6.683343895803420e-02 -1.277680770406706e-01
-8.100098612081001e-02 1.055473145032879e-01

198
4.758052986477652e-02 1.587577450756920e-01
4.712491198804817e-01 -1.785892901181640e-01
7.126272447886126e-01 5.528112274493399e-01
8.409871409924623e-02 2.160060107742970e-02
3.687396926019505e-02 -1.255593581486557e-01

199
-2.302553808952581e-02 -2.797219105800836e-02
-8.590297364314112e-02 1.030079718769055e-01
6.532456695669558e-02 -1.283694886252731e-01
-1.853761329213277e-02 1.546850218163332e-02
-1.371783691909784e+00 -9.928265790518968e-01

200
-4.069491119438353e-01 3.186034630269271e-01
-6.808062858286974e-01 4.925664440003880e-01
5.797252758416208e-01 3.886076071188340e-02
-3.375053687050509e-01 -1.026694892698618e+00
2.189212781204102e-01 -6.523181422986786e-02

201
5.562524255224739e-04 -8.256722246323834e-03
-4.706185922311606e-01 -1.086285940615487e+00
-7.047751341234330e-01 9.503659888420103e-01
1.864096014488132e-01 -1.279674871909105e-01
3.754300291058568e-02 2.107528095036601e-01

202
-3.482650220565041e-01 2.126861319922041e-01
-5.651416804952335e-01 3.076248140479008e-01
4.149380119658814e-01 6.615648851589497e-02
-1.937497312224543e-01 -9.371691223239011e-01
-9.034248580618204e-02 1.039413931195852e-01

203
-1.327962281407647e-03 -1.179141309805495e-03
-6.552798912666576e-02 1.690083633495996e-02
6.435859866783307e-02 -1.793541461719333e-02
-1.774520066490518e-01 -7.811234839312559e-01
-5.778805540164553e-01 3.226617716750835e-01

204
5.925419341856273e-02 3.615149205032436e-01
7.105757188215595e-01 -1.093874107767589e+00
-3.417661831912265e-01 -4.818776942053609e-01
2.742477259649594e-01 -4.491216874616185e-02
-2.493851457682147e-01 7.232969831801100e-02

205
1.639767798012552e-01 -8.793080533274658e-02
-8.555017700027391e-02 -1.103164006043447e+00
-6.259576709124215e-01 8.558462581991039e-01
1.286080249439485e-01 9.211854511350374e-03
-7.783828860450437e-02 1.852338418508952e-01

206
8.317690948242451e-03 -4.989908356567670e-03
-4.183938821341529e-01 -8.365911559858039e-01
-5.152777662580804e-01 7.815688968484690e-01
1.393097113351909e-01 -1.090664043062109e-01
-1.814025660687215e-01 -5.183156346737000e-02

207
3.570662669770980e-01 4.675579568766577e-02
4.332866913514221e-01 -7.549945597803370e-01
-1.341151067628131e-01 7.176344007655000e-01
-2.653994334466975e-02 2.217522847182815e-01
3.096225192121983e-02 -2.416965542877682e-01

208
1.968939352265603e-01 -6.599353853689345e-02
4.779802976410052e-02 -1.159356401620999e+00
-8.165868078875880e-01 8.395984756046598e-01
-1.090339192909548e-01 2.014349786877915e-01
1.415551591070464e-01 1.569901045648459e-02

209
-5.510376140334061e-03 -1.235321621140151e-02
-2.943316136182558e-01 -1.320399672451681e+00
-9.964782283288024e-01 9.136489793644959e-01
-2.643112611938250e-02 2.608880309751026e-01
2.637212119418721e-01 -9.221536715038255e-02

210
1.098223255952337e-02 -1.463150072134945e-03
-1.005254556803215e-01 -1.005456457306722e+00
-8.212186380070461e-01 5.908165174545056e-01
-4.519070254629901e-02 1.887171005244350e-01
-1.611714922450896e-01 -1.414754145209248e-01

211
1.175357876890640e-01 3.009637871324743e-02
1.334378024459410e-01 -5.456578356889132e-01
-3.918666062242725e-02 6.456600334205568e-01
-6.525090415450377e-02 -2.824555130368829e-02
2.411610077190656e-02 -7.255240987682357e-02

212
-4.435714685971431e-02 1.033294715558456e-01
-4.089982241317888e-03 -7.407383877268330e-01
-4.922505878560329e-01 3.507673475367628e-01
-8.824670915689002e-02 -1.255559114022811e-01
-3.307557134205277e-02 9.803356070339286e-02

213
5.644822786933136e-01 2.270130683196619e-01
1.289899827870686e-01 -2.453628135478844e+00
-3.426970620155675e+00 -7.028190791217744e-01
-4.587942437778430e-01 -3.510923552757277e-01
-2.226629839404275e-01 5.528358217653380e-01

214
1.504005526392519e+00 3.019115223271744e+00
1.499298135172988e+00 -1.095088158829409e-01
-2.248751487488249e+00 -3.979108223016097e+00
-1.237474032277134e+00 -2.209573180015973e+00
9.196784291253889e-01 -8.820671396589546e-01

215
1.558194718803887e-03 1.183325388962773e-03
1.636086962856224e-02 -7.053673902778260e-02
-1.499633449746897e-02 7.157027747201841e-02
-8.376058732755726e-01 -2.196171276660392e-01
3.688608211691281e-01 -6.125669483181921e-01

216
-4.295159358394546e-03 -7.219299189729535e-03
-2.918248727009184e-01 -8.438969106654310e-01
-5.849503563055308e-01 6.739954357298810e-01
-1.484597587881341e-01 -8.320851645902801e-02
1.538658039505595e-01 -6.635581562042006e-02

217
2.223601540475186e-01 1.036829836815694e+00
5.038046552547800e-01 -6.034080758108764e-01
-7.162626660770662e-01 -4.046092955667271e-01
3.854881129363177e-01 -2.399417170390047e-01
-4.574631457415940e-01 -6.818152388576788e-02

218
2.693995074169951e+00 -2.769059521534184e+00
-6.049403411476095e-01 -1.821510309270188e+00
-3.524255799450023e+00 3.973100712326808e+00
-1.193894617248209e+00 -6.495089989244912e-01
-1.919077099662586e+00 2.104596699156343e+00

219
1.281672520339938e-01 2.499699014140083e-02
7.352014232253645e-02 -5.376073514904273e-01
-1.360903515422763e-02 6.955360031831214e-01
2.240564809731884e-02 -7.175305581772505e-02
-6.707699844803887e-02 -3.536085817898146e-02

220
-2.702294819580275e-01 -3.532271478565804e-02
-3.020377442258405e-01 -1.473562797484456e-01
-4.770114112899044e-02 1.616833829158432e-01
-3.524564775946872e-01 -4.493515300656197e-01
-1.197004426661271e-01 -5.725478796797313e-03

221
-1.594349684829015e-03 2.001687543997335e-03
-2.371766603139975e-02 9.196583971105564e-02
2.232286379815082e-02 -9.020389744443405e-02
-1.073154960559957e+00 -3.155659032139938e-01
4.997190018927041e-01 -7.773111133089030e-01

222
-3.290353595715671e-01 -8.863324640207402e-03
-4.085649425146746e-01 -1.639275518937343e-01
-2.164222049596332e-02 2.443953837191111e-01
-3.581046144160160e-01 -5.050966897924160e-01
7.181730745285957e-02 5.991456392393638e-02

223
-3.705842992656178e-02 -2.286396560738244e-02
1.478897338517581e-02 -9.842148969427270e-02
-4.871793912837364e-02 7.722762587247503e-02
1.420451191262992e-02 -2.525578245288303e-02
-1.093366178498077e+00 -4.959909250809372e-01

224
4.130489292937108e-02 1.510499937743594e-02
6.721989149178711e-02 -7.757574363447634e-02
-3.283832750908285e-02 9.053438539291792e-02
-9.780546952360495e-03 2.662316020991166e-02
-1.063882595692080e+00 -6.360217592047123e-01

225
-3.232061184262473e-02 1.272693124217018e-01
4.366520524832085e-01 -9.488592857789807e-02
5.989372653067211e-01 4.182820063360957e-01
-1.084959542273321e-01 -4.254020527553075e-02
6.527370796917607e-02 -8.098268506064525e-02

226
-9.817524987303303e-02 5.227730197356104e-02
3.597232467477291e-01 -4.495267775122496e-01
2.792281429907713e-01 3.449406569955568e-01
-7.016855135555439e-03 9.760071682415176e-02
-5.546956613725287e-02 -1.110851479642582e-01

227
-7.147698265491217e-02 1.630879071180937e-01
6.121974865696258e-01 -7.175799312141430e-02
6.443822610162864e-01 2.496594519313020e-01
-1.314170253628446e-01 -7.566574009979425e-02
7.688662348731914e-02 7.282949752781193e-02

228
-1.713436543055112e-03 3.615310803318159e-03
-1.755971386238306e-01 4.636784825663258e-02
1.741022702378636e-01 -4.319978152704704e-02
-4.511355142424340e-01 -2.100132669445624e+00
4.508012208627076e-01 2.100837305353641e+00

229
2.387600693277884e-05 3.465892597683167e-03
3.007560082955030e-01 -4.118977925697435e-01
2.060657844957094e-01 4.662564309317644e-01
-6.951901808790011e-02 -6.953477795131002e-02
-3.193249556839484e-02 8.563826605873098e-02

230
2.226026881711687e-04 5.817246469796281e-04
-2.458126819935470e-02 3.176817084719253e-02
2.477682137902579e-02 -3.125875446338389e-02
-3.632851242075837e-01 -3.082014256510647e-01
-5.324525073596768e-01 -4.517753407754240e-01

231
8.932617075982739e-02 -1.073620206238367e-01
-3.062479230034755e-03 -1.068721043575270e+00
-7.744608054191993e-01 5.823089655487595e-01
-8.608193305486875e-02 2.061400653769891e-01
-1.558651460949110e-01 -1.477179617465971e-01

232
8.199781879057258e-02 7.608027681326581e-04
3.716637081042200e-01 -3.721561840915330e-01
2.600334040973512e-01 4.768702542322271e-01
-6.583846703576261e-02 -9.910894343896406e-02
-6.651448718804992e-02 9.912453428945509e-02

233
1.909231715221694e-02 1.787567184874064e-01
6.380834537905312e-01 6.312787862755359e-02
9.338249638500732e-01 2.812892510936428e-01
6.669795882099180e-02 -1.209762428073797e-01
-1.563957696518929e-01 -1.985807668452015e-02

234
-2.427609829357421e-02 -2.038666619312554e-02
-8.617273363964245e-02 1.119373560102781e-01
6.440449242508793e-02 -1.303114125073830e-01
1.368524544320827e-02 1.142319683574396e-02
-1.426030432756282e+00 -9.763981264853210e-01

235
0.793136403911454392806e1 -0.673896308489622352647e1
-0.281218240310307400348e2 -0.242972140750781087862e2
-0.538280842217756565898e2 0.185950247445629949471e2
-0.815243535210623856448e1 0.306505519510345417742e1
-0.206505028478460161273e1 -0.669077775434300701463e1

236
-3.127818356777037e-02 6.576229848886964e-02
2.369604792825156e-01 -4.905558316584218e-01
2.911167853151003e-01 3.666155320392034e-01
1.017627291042079e-01 -5.639028852994341e-02
-8.969199533135457e-02 -7.273720752065926e-02

237
-7.242649114592380e-02 2.156655815947601e-01
7.030377303150975e-01 -2.665091407279492e-02
8.465506361991457e-01 2.667080915610828e-01
1.020571679023415e-01 7.895620525395644e-02
-1.714609773804670e-01 -8.351588903256860e-02

238
1.977823984973255e-02 1.730491794756094e-02
4.892212189675283e-02 -8.274207315938534e-02
-3.196859188488142e-02 9.736353317482545e-02
1.130513505592425e-02 -1.329260105678129e-02
-1.057551836501185e+00 -5.544621502032058e-01

239
-1.054687558676273e+00 8.636963805083651e-01
5.008539584665117e+00 2.099001476361174e+00
7.109773822632158e+00 -2.458103471917355e+00
3.440874883687607e-01 9.127268982106349e-01
1.026791944212932e+00 -4.768677058130316e-01

