5
0
2
52
-2.281765430486377e+00 8.104284203665262e-01
-1.584912637653162e+00 5.629230017208228e-01
-5.491136866516528e-01 1.950320272754244e-01
-4.509049683926928e-01 1.601506431763301e-01
3.587564163241314e-01 -1.274216849345234e-01
4.493866839778178e-14
5.050513380797827e+02
1.062564346871704e-14
3.906250000000000e-04
4.810336347925980e-12
0.000000000000000e+00
1
1
3
52
-9.595030947440636e-01 -5.469168911489274e+00
-4.821431738750257e+00 -3.277283335571584e+00
3.417911852617124e+00 -4.722781875206914e+00
-4.786066685120804e-01 -3.980184032268196e+00
-9.048302068144410e-01 -3.905407990300422e+00
7.499885442698834e-12
3.654750137389376e+05
1.590003228323848e-13
1.525878906250000e-06
3.005793671862303e-13
0.000000000000000e+00
1
1
15
52
-1.096777764953998e+00 -1.164842492767484e+00
-7.771925175347522e-01 -8.254241637761399e-01
1.134123355976327e+00 1.204505706893775e+00
1.022093490226926e-01 2.821314469239345e-01
2.754743044121811e-01 1.189908062820843e-01
2.220446049250313e-15
1.051305210022779e+02
5.575199530244950e-16
9.765625000000001e-05
4.026187339070052e-14
0.000000000000000e+00
1
1
24
52
1.482008297540655e+00 -6.233379120962419e-02
1.626356173622442e+00 -6.840511374146570e-02
-2.025969798913447e+00 8.521300363300487e-02
-1.784098460977785e+00 7.503980993125976e-02
-7.123193812808771e-01 2.996040417655831e-02
1.778575899402738e-14
7.619316258326347e+02
1.715309444900820e-14
9.765625000000001e-05
5.880317579470568e-12
0.000000000000000e+00
1
1
28
52
-1.632826810056696e+00 1.623232574226867e+00
-1.134160335581089e+00 1.127496186228944e+00
-3.929446635287019e-01 3.906357819334538e-01
2.567253789663376e-01 -2.552169006548994e-01
-3.226666998028886e-01 3.207707605683814e-01
2.842951461431417e-14
3.811792624072783e+02
3.134846520630615e-15
9.765625000000001e-05
1.501553553735199e-14
0.000000000000000e+00
1
1
32
52
-7.596105726091896e-01 -6.014078127401386e-02
-4.837463065265924e-01 4.203835235665958e-02
-4.711043091070815e-01 -1.176369078466540e-01
1.205432775983881e-01 9.543794088062557e-03
-1.715003760484595e+00 -1.357822939313940e-01
7.105427357601002e-15
2.689214435826249e+03
2.562170282835713e-16
2.441406250000000e-05
2.220446049250313e-15
0.000000000000000e+00
1
1
37
52
2.979659946025681e-01 7.813949432059299e-02
2.792373184960903e-01 -5.912532457892968e-01
-4.684842975414992e-02 6.521956035782797e-01
5.153054782022429e-02 -1.908519258326478e-01
-4.875920207936395e-02 1.915786918351481e-01
1.821377042022605e-16
4.243944678512684e+01
2.337712973563338e-16
9.765625000000001e-05
5.900968172937416e-13
0.000000000000000e+00
1
1
44
52
-5.987837092716104e-01 -2.037122667450211e+00
-4.379978200501166e-01 -1.490112829895212e+00
8.464749583023459e-01 2.879793318165406e+00
1.109413021372549e-01 3.774335170460191e-01
5.235982059067560e-01 1.781333989841543e+00
6.355287432313019e-14
9.862806991676503e+02
2.747867678288477e-15
3.906250000000000e-04
2.048406911820303e-13
0.000000000000000e+00
1
1
51
52
1.512139233133550e+00 -7.664463601231412e+00
1.106098374871319e+00 -5.606395593621728e+00
-2.137646656872316e+00 1.083492487655393e+01
-1.322269422648575e+00 6.702085124734166e+00
-2.801657642635886e-01 1.420054618951741e+00
2.648488549050132e-11
9.888132441691102e+05
2.940418493762882e-13
9.765625000000001e-05
1.065094528731480e-12
0.000000000000000e+00
1
1
52
52
-1.170644868433121e+00 -9.879828799173018e-01
-8.295358107253717e-01 -7.000988953823006e-01
1.210505655080929e+00 1.021623974539604e+00
2.750391237110838e-01 8.304564317350166e-02
1.280812210956441e-01 2.571736752167882e-01
2.512147933894040e-15
9.408595850447982e+01
5.462123083777123e-16
9.765625000000001e-05
4.071006180364845e-14
0.000000000000000e+00
1
1
54
52
1.284335486467979e+00 -9.368760407077459e-01
1.409429995018147e+00 -1.028127936430932e+00
-1.755742468901767e+00 1.280750294684115e+00
-6.173089992789661e-01 4.503044704684006e-01
-1.546132345270365e+00 1.127847330630614e+00
1.421085471520200e-14
8.266471966021421e+02
2.252550185641970e-15
3.906250000000000e-04
1.442553580906371e-13
0.000000000000000e+00
1
1
60
52
-4.100384600591980e-01 -7.938835113296849e-02
-2.400937473102291e-01 -3.669259268726743e-01
-3.596928880064580e-01 2.508000590638145e-01
-2.986955830387152e-01 -4.125454089967143e-02
-2.925086861870211e-01 -7.320967816364964e-02
4.440892098500626e-16
1.730072264109981e+03
2.229879281038038e-14
6.103515625000000e-06
1.230607450187861e-12
0.000000000000000e+00
1
1
63
52
-3.398594334956500e-01 -1.992693626990103e-01
-1.926622749320900e-01 -1.609638056287794e-01
-2.345500375394907e-01 -8.952306292086784e-02
-7.673144996904545e-01 -4.498985647399510e-01
5.393259587682909e-02 3.162223245810432e-02
9.023017875711503e-16
5.848358114429161e+03
3.448857839594079e-14
1.525878906250000e-06
8.261140783069700e-12
0.000000000000000e+00
1
1
64
52
-4.983217800816158e-01 9.042366218190819e-01
-1.199226292691724e-01 2.176072519893839e-01
-3.461339523847641e-01 6.280821114221109e-01
-9.847452481090309e-02 1.786882998284091e-01
7.834991871194880e-02 -1.421709197705323e-01
9.155133597044475e-16
6.304911150278383e+01
1.241516242922100e-15
3.906250000000000e-04
9.401102894683353e-13
0.000000000000000e+00
1
1
80
52
-6.064238846889420e-01 -5.180363952728644e-02
-3.757007080935257e-01 -9.629646686814357e-02
-3.865901821467705e-01 3.117791944615634e-02
9.623394580101673e-02 8.220765646658901e-03
-1.369147929467130e+00 -1.169591890893727e-01
4.440892098500626e-16
2.409005703246244e+03
4.971549886922334e-16
2.441406250000000e-05
3.008152563236018e-15
0.000000000000000e+00
1
1
84
52
-4.052409053629668e-01 -7.422232935205177e-02
-2.404762440020522e-01 -3.595338336701404e-01
-3.522927345109663e-01 2.509646004791684e-01
-2.892513650533460e-01 -6.929848328430444e-02
-2.950356632437062e-01 -3.771722928684449e-02
4.440892098500626e-16
1.745855307713773e+03
5.477536145666985e-15
6.103515625000000e-06
1.223331331292360e-12
0.000000000000000e+00
1
1
106
52
-8.220714953851528e-01 -7.284401868094079e-02
-1.881636924362558e-01 -3.918440270650172e-01
1.129319451802406e+00 1.536287728039683e-01
9.686103100632319e-02 -2.608224059928982e-01
6.062460643250472e-01 8.856162733894861e-02
9.930136612989092e-16
5.314393658582783e+01
5.469870580110062e-16
3.906250000000000e-04
5.519048079410644e-14
0.000000000000000e+00
1
1
107
52
-4.258494494540665e-01 2.227394910120303e-01
9.073687331910554e-02 -3.160607092827861e-01
3.113609946691617e-01 1.057444236387682e-01
-1.998207518799299e-02 -1.993439047313974e-01
1.523402199984722e-01 1.301143076421502e-01
1.318389841742373e-16
1.804729993071769e+02
2.919204672925169e-16
3.906250000000000e-04
9.279501667998258e-13
0.000000000000000e+00
1
1
110
52
-1.111498349404067e+00 1.481636708973194e-01
-3.660995998011705e-01 -4.634472816018995e-01
1.542863890653935e+00 -1.325363972437789e-01
8.300597445200605e-01 -6.307532565825637e-02
5.076042264986746e-02 -3.746055599470440e-01
4.440892098500626e-15
6.670258626308367e+01
2.278978544432415e-15
9.765625000000001e-05
1.655873076943096e-14
0.000000000000000e+00
1
1
116
52
-1.154234343787536e-01 3.329312500464970e-01
1.377018533760216e-01 -4.667323257660705e-01
1.197064238370360e-01 1.418288485971655e-01
7.154970224350839e-02 -2.516184790829979e-01
1.185307782822718e-01 7.896164740903973e-03
1.211825722864170e-16
1.142544101724041e+02
2.311000029313952e-16
3.906250000000000e-04
2.918633673805990e-13
0.000000000000000e+00
1
1
117
52
-2.949367915436238e-01 9.011356998605578e-03
-1.338159323070710e-01 -6.118897482387042e-01
-9.621042800748769e-02 6.189178631138801e-01
4.411320502261832e-03 1.893132689508777e-01
-7.154491991201953e-03 -1.892294554074203e-01
1.809442153111920e-16
5.886389991312214e+01
1.862137204430387e-16
9.765625000000001e-05
1.907380983396789e-13
0.000000000000000e+00
1
1
120
52
-1.281838297533624e-01 3.992167239814772e-01
1.325485251680673e-01 -4.128101655878648e-01
-9.083290757397902e-02 2.828907192207294e-01
5.176135625003533e-02 -5.920326016327625e-02
-7.620292600231676e-03 -7.827001440839591e-02
8.355534721610419e-17
1.429256006214152e+02
1.506847308978591e-16
9.765625000000001e-05
1.262895259871048e-13
0.000000000000000e+00
1
1
121
52
-3.268370940247269e-01 8.597437605798511e-01
-7.865432582882796e-02 2.068999116386508e-01
-2.270208119785594e-01 5.971774017962954e-01
5.138779955532521e-02 -1.351754156591430e-01
-6.458703755511172e-02 1.698959621399116e-01
4.577566798522237e-16
6.373497418029775e+01
7.589150228967855e-16
9.765625000000001e-05
1.030969264890076e-14
0.000000000000000e+00
1
1
123
52
-5.791608704609450e-02 3.343759891337618e-01
8.187349890833485e-02 -4.726930560679605e-01
-4.236441218963691e-02 2.445890762389732e-01
1.073056265910170e-02 -6.195243301301176e-02
5.064392835162988e-02 -2.923904997711258e-01
5.721958498152797e-17
1.069729735215238e+02
6.787989448842497e-17
3.906250000000000e-04
4.173033409040656e-13
0.000000000000000e+00
1
1
128
52
-3.272903961556528e-02 3.061171052845756e-01
4.626764558702223e-02 -4.327446787866068e-01
-2.394061124573675e-02 2.239182908930427e-01
2.861946001271061e-02 -2.676799061874082e-01
6.063963024428316e-03 -5.671669041909827e-02
3.635477168592509e-16
1.446197294068997e+02
8.695395180760226e-16
3.906250000000000e-04
4.284132632338194e-12
0.000000000000000e+00
1
1
134
52
6.834119087179695e-03 2.868526104122243e-01
-9.342538024773889e-03 -3.921399943570213e-01
7.499763521668678e-03 3.147921065204671e-01
-3.284782877301114e-03 -1.378741767550969e-01
-8.227174817988327e-03 -3.453241804470193e-01
1.144391699630559e-16
4.147875903671714e+02
6.644282855609614e-17
3.906250000000000e-04
2.566332166964498e-13
0.000000000000000e+00
1
1
144
52
-2.140783207176911e-01 8.252979431649385e-01
5.097991150584992e-01 -2.836110381091729e-01
-3.076609264252953e-01 -4.956562447936277e-01
-2.859768586863252e-01 -2.110661006551180e-01
3.525144799293760e-01 -4.544451551041508e-02
5.978733960281817e-16
1.061603755025868e+02
5.921425508866295e-16
3.906250000000000e-04
1.056504576904181e-12
0.000000000000000e+00
1
1
150
52
-1.494042571122849e-01 3.778735763268378e-01
1.816723426561309e-01 -5.309258764812747e-01
1.309157588338443e-01 1.693060566224834e-01
1.361690471776253e-01 1.494499480627343e-02
9.484591651901605e-02 -2.863581771276384e-01
1.414517817592289e-16
8.853785047184515e+01
9.685708931434571e-17
3.906250000000000e-04
1.462795542601908e-13
0.000000000000000e+00
1
1
167
52
-2.478638818998869e-01 2.463059262690983e-02
-1.480499381361123e-01 -5.075783615879187e-01
-4.526343693813814e-02 5.267881914118139e-01
-1.695899775195731e-02 -1.589484694233017e-01
1.465364571226369e-02 1.591775555915488e-01
4.388541835720877e-17
1.063412769470584e+02
1.237517487326659e-16
9.765625000000001e-05
5.351920983833790e-13
0.000000000000000e+00
1
1
170
52
-4.550612349816691e-02 3.531178168727698e-01
8.560165111417443e-02 -4.841760600770230e-01
-1.721395418387171e-01 7.438767302465310e-02
4.857822867471697e-02 -2.598129541862841e-01
-1.107698866103039e-01 -4.622888514078510e-02
2.288783399261119e-16
1.123348428448649e+02
3.005355039649644e-16
3.906250000000000e-04
2.190186584621430e-13
0.000000000000000e+00
1
1
171
52
1.689228213539972e-02 2.602381284628519e-01
-2.309248436586857e-02 -3.557568400031391e-01
1.853759346899043e-02 2.855853692181501e-01
-2.033557747968149e-02 -3.132846457396959e-01
-8.119185283292809e-03 -1.250820680018948e-01
1.532851764572305e-16
5.147474752703413e+02
1.536797200620045e-15
9.765625000000001e-05
6.564455457427214e-13
0.000000000000000e+00
1
1
174
52
-9.710328654469219e-02 3.646334345168131e-01
1.575231482682238e-01 -4.967261279313403e-01
-1.912343664712542e-01 5.412146096405113e-02
-1.099215184271761e-01 -6.403136270607597e-02
8.730568252459701e-02 -2.661783768418333e-01
9.020562075079397e-17
1.003996406902427e+02
2.784953538360250e-16
3.906250000000000e-04
1.259607150878078e-13
0.000000000000000e+00
1
1
177
52
-5.270750545775055e-01 2.809155374214862e-01
1.097149946224060e-01 -3.936584895994120e-01
3.879626611479923e-01 1.284109030949198e-01
1.905751051159989e-01 1.602300367667472e-01
-2.675505911336681e-02 -2.475413140954201e-01
2.040789921755151e-16
1.316053991001075e+02
2.335380448671951e-16
3.906250000000000e-04
1.120367773377513e-12
0.000000000000000e+00
1
1
180
52
1.514267626885457e-01 -5.118354930065296e+00
-3.744669581256187e+00 -3.857517570038040e+00
3.966170141171344e+00 -3.629392027215917e+00
-9.027639232780163e-02 -3.695790083467748e+00
3.086074936678468e-01 -3.683989085613923e+00
1.001477155366285e-11
2.439422012317830e+05
3.860659342055597e-13
1.525878906250000e-06
7.971988878370802e-14
0.000000000000000e+00
1
1
181
52
-3.707460681739234e-01 -2.485634561212908e-01
-2.591436718821215e-01 -1.172587643063538e-01
-2.068939587206958e-01 -1.951920857209244e-01
-8.370485141078648e-01 -5.611918492692917e-01
5.883402341398540e-02 3.944475600059656e-02
1.748247907782922e-15
6.698014982306307e+03
1.196080359469398e-13
1.525878906250000e-06
8.229835602084242e-12
0.000000000000000e+00
1
1
196
52
-1.343456193936486e-01 3.872711335111456e-01
1.389201254766811e-01 -4.004578244060580e-01
-9.519924044110684e-02 2.744259018003420e-01
-5.670937570502951e-03 -7.667150646362458e-02
5.193385972018062e-02 -5.668821439148328e-02
5.419449386414209e-17
1.551461100778553e+02
9.215936541569327e-17
9.765625000000001e-05
1.261790698920580e-13
0.000000000000000e+00
1
1
207
52
3.305617224589620e-01 1.457956019719651e-01
4.331169488015271e-01 -6.328831516728766e-01
-1.753060820100924e-01 7.465916906990117e-01
-9.202493285669380e-02 2.128111529757422e-01
9.509944752689982e-02 -2.114551256844396e-01
7.285838599102590e-17
3.113485773060773e+01
1.505691679544651e-16
9.765625000000001e-05
3.008545899004881e-13
0.000000000000000e+00
1
1
214
52
2.571464700238422e+00 3.007626144536625e+00
2.053664214666604e+00 -3.553095928946274e-01
-3.741700975763637e+00 -3.982719625634746e+00
-2.032417827346250e+00 -2.121078162373719e+00
7.490725256421135e-01 -1.103860103806389e+00
4.687428401686771e-13
2.043879255166929e+04
3.253148152787057e-14
9.765625000000001e-05
1.801957295138494e-13
0.000000000000000e+00
1
1
217
52
7.770892288645517e-02 1.037605410075546e+00
4.771882366194873e-01 -5.283521515980247e-01
-5.505629756413788e-01 -4.513812347884973e-01
3.892951078241356e-01 -1.913086539755361e-01
-4.134477957791337e-01 -1.311891848709815e-01
9.420554752102650e-16
9.160155139453421e+01
1.634488388445889e-15
3.906250000000000e-04
1.227169063879866e-12
0.000000000000000e+00
1
1
218
52
2.487415334990743e+00 -2.641580575277100e+00
-5.270032222309299e-01 -1.836966051980275e+00
-3.260568399933219e+00 3.804795573931886e+00
-1.080353683509949e+00 -5.736784950206409e-01
-1.732555673417387e+00 2.062510461647018e+00
2.542114972925208e-13
5.654103432636680e+03
7.722356839804202e-15
3.906250000000000e-04
3.049169810244295e-12
0.000000000000000e+00
1
1
-1

2 0
1 5
-293181894130040356845050091804587142971755569079551782778559944335886304979012245036727530583772037303890242307234553210794125715459826667163401277671867311525649030867211520196434965127113848374056972570287833311602663284736796266021059054092017256196571419145714532873416586363163815223374309401947251665897/400000000000000000000000000000000000000000000000000000000000000000000000000000000000000000000000000000000000000000000000000000000000000000000000000000000000000000000000000000000000000000000000000000000000000000000000000000000000000000000000000000000000000000000000000000000000000000000000000000000000000000000 -1374739151833580466163661965923524598639122130070182365061823776430074629232944472931676061091553573528903523442003020185885992921126908375987477812502039573701072152799344325983118815466059239512755694148979396191705318789393314116707191375400923501278382076781384452943922385254448777858189520368037422282413/2000000000000000000000000000000000000000000000000000000000000000000000000000000000000000000000000000000000000000000000000000000000000000000000000000000000000000000000000000000000000000000000000000000000000000000000000000000000000000000000000000000000000000000000000000000000000000000000000000000000000000000000
4866182699339184440294570827818617686075685555288458416862306465495931198363258061922757635286155497941317376364400092328738662618286324892323042414790889465232233408281140902235729007419397121207534545772945851827569539278588694464304829003310779952423386021964116031267322411703678451039192260330259664604157/10000000000000000000000000000000000000000000000000000000000000000000000000000000000000000000000000000000000000000000000000000000000000000000000000000000000000000000000000000000000000000000000000000000000000000000000000000000000000000000000000000000000000000000000000000000000000000000000000000000000000000000000 8738013088133962766559089720309007292496094605526426524950849438886049464586443167992150623146194879877254394342228050403862074035261082402064155089472276325062666524914787250935129806420741561159045793396817787736374796141248710107823896819645361380992647153998515077698370871499697097737363403521743472464089/10000000000000000000000000000000000000000000000000000000000000000000000000000000000000000000000000000000000000000000000000000000000000000000000000000000000000000000000000000000000000000000000000000000000000000000000000000000000000000000000000000000000000000000000000000000000000000000000000000000000000000000000
785224929126872196973057721361442709233955299609604776354433440009968949695859349039557967095457485864162254672328676150562227180429033447437451631814341961525692505268503992189562460497993510921606736127233695866677067669077490780814698600550879586377673363845689724664064717528496544470670572581470972367863/2500000000000000000000000000000000000000000000000000000000000000000000000000000000000000000000000000000000000000000000000000000000000000000000000000000000000000000000000000000000000000000000000000000000000000000000000000000000000000000000000000000000000000000000000000000000000000000000000000000000000000000000 -1725955632930281656869848848919880644541564035414610035472366697296031087058284193062808060213640676140785945041725360632881099374874615014289122419621818810862017057401430222457137176676728492785240655884602229348828296305725798015079708436987152892576652438801574229247196076318730587970465095216544301812161/2500000000000000000000000000000000000000000000000000000000000000000000000000000000000000000000000000000000000000000000000000000000000000000000000000000000000000000000000000000000000000000000000000000000000000000000000000000000000000000000000000000000000000000000000000000000000000000000000000000000000000000000
-8381165177066357871839535088453490068925303652426893748406233703639115313251805785210659402501843338133016450639874958510383542593241709052919834109340052008808350725746340069758042253179295551867510788031932134613466903514195127455743470017671107520301829493678237034237872706396618609751350528757196429882083/10000000000000000000000000000000000000000000000000000000000000000000000000000000000000000000000000000000000000000000000000000000000000000000000000000000000000000000000000000000000000000000000000000000000000000000000000000000000000000000000000000000000000000000000000000000000000000000000000000000000000000000000 839748278002486014276894735283680915555289876489522594043626705309454856778191726928522275225521967009589918865578420649959240830365745514153133814487667926531215531476311632912353983506715346475984708433412994242002763364998975955483630486327765486196790793748276290942703869073393355770562663514781674624131/1000000000000000000000000000000000000000000000000000000000000000000000000000000000000000000000000000000000000000000000000000000000000000000000000000000000000000000000000000000000000000000000000000000000000000000000000000000000000000000000000000000000000000000000000000000000000000000000000000000000000000000000
-1523610200616139987409996318461402859756945324455957152343143400410315674485378178133105452079052134102975294101514754449105412396406275857434478474380881414209285780993263615113197875957965016452267961910791007518794572845443585952997509156801406944602410090728605880160724116033836754718432246292307864820873/2500000000000000000000000000000000000000000000000000000000000000000000000000000000000000000000000000000000000000000000000000000000000000000000000000000000000000000000000000000000000000000000000000000000000000000000000000000000000000000000000000000000000000000000000000000000000000000000000000000000000000000000 3663225419561745047905150106271829830501068428194916052680116193768037389267031339816883143296988183394856511213027429195018710985873130174887107898082203134628391136984164158325213513860680669072056991098879058747021552464630298674405003407380690072977561398910081660433601160529707350658645696861336359061353/10000000000000000000000000000000000000000000000000000000000000000000000000000000000000000000000000000000000000000000000000000000000000000000000000000000000000000000000000000000000000000000000000000000000000000000000000000000000000000000000000000000000000000000000000000000000000000000000000000000000000000000000

0
-2640890077484697825880001521273864832423046512952041348919449729925488137261337536215869772571540821765604223982451201912828306369652399243286580229349491542426583062228626774648779644520822578487930868736239457236200773381723507950688436792155086261147288861905598645153696598084765952253039956412487215467733/5000000000000000000000000000000000000000000000000000000000000000000000000000000000000000000000000000000000000000000000000000000000000000000000000000000000000000000000000000000000000000000000000000000000000000000000000000000000000000000000000000000000000000000000000000000000000000000000000000000000000000000000 4158034763144158033353540866412085640704938469777042119339267755804138546456979452511892998847204813956085509142342660212664980955724418766026246283603472067609774455015895499249894227534336655970309915190282691481813247812018003737851147221977438696173005333799716254761575191970359432684149383497212540623749/100000000000000000000000000000000000000000000000000000000000000000000000000000000000000000000000000000000000000000000000000000000000000000000000000000000000000000000000000000000000000000000000000000000000000000000000000000000000000000000000000000000000000000000000000000000000000000000000000000000000000000000000
5 5
1 0
0 0
0 0
0 0
0 0
0 0
1 0
0 0
0 0
0 0
0 0
0 0
1 0
0 0
0 0
0 0
0 0
0 0
1 0
0 0
0 0
0 0
0 0
0 0
1 0

5 0

4 0

