40

4.997023629327657e-60
4.322887146801960e-63
1.155945889779801e3

1.042490561900328e-59
7.899928965452600e-63
1.319620171851256e3

2.005617264054905e-57
2.846210436969797e-61
7.046623250353107e3

1.452476798965934e-54
1.506305880933868e-58
9.642641759225149e3

2.870197556333958e-56
3.006311100668186e-61
9.547240655486471e4

1.751946397918388e-54
1.816873883386049e-58
9.642641759225149e3

1.557036208429034e-60
1.487540084645674e-63
1.046718824252668e3

1.046464389731366e-52
1.812496417595877e-56
5.773608044530162e3

3.233691422006264e-52
2.982464778957159e-56
1.084234571627347e4

7.328063953096735e-61
5.863830832588608e-64
1.249705894032713e3

1.036256830636754e-57
1.927312821563374e-61
5.376692455126073e3

6.637305633197486e-50
8.142934229336833e-54
8.150999929834916e3

1.937814735594113e-43
1.501648114341625e-48
1.290458608169810e5

3.747399228489146e-61
3.580139328405314e-64
1.046718824252668e3

3.166935533119798e-57
4.494259761881128e-61
7.046623250353107e3

9.846863680175055e-56
1.043078475327511e-59
9.440194494554486e3

6.880740684101627e-59
3.334796873467678e-62
2.063316281374197e3

7.448020600539937e-52
7.107143920011818e-56
1.047962540841237e4

2.494838668353160e-56
1.287629271061125e-59
1.937544232974126e3

7.824327906506998e-60
3.829361782322685e-63
2.043245937906964e3

1.660768938100103e-59
1.436718580673761e-62
1.155945889779801e3

1.428232750896160e-57
1.082305940271081e-60
1.319620171851256e3

5.391869717696777e-57
2.638874556246536e-60
2.043245937906964e3

3.949988607587043e-57
7.346502781317113e-61
5.376692455126073e3

4.941808243953589e-56
5.176163901465814e-61
9.547240655486471e4

3.473044546133671e-53
6.015379844539302e-57
5.773608044530162e3

1.710389596762562e-59
9.417048510661748e-63
1.816269285250152e3

3.674325227400597e-58
1.798278493662128e-61
2.043245937906964e3

2.335876494725808e-51
2.154401414465000e-55
1.084234571627347e4

3.037590461358972e-57
3.217720210225738e-61
9.440194494554486e3

1.059006865190735e-56
5.132547417720282e-60
2.063316281374197e3

4.266472997813982e-58
2.067774599719851e-61
2.063316281374197e3

5.254340742644978e-49
6.446252960219809e-53
8.150999929834916e3

2.154175389811389e-44
1.669309946226438e-49
1.290458608169810e5

1.656210419152592e-57
1.325280153563266e-60
1.249705894032713e3

1.025508153022388e-55
5.019014764678236e-59
2.043245937906964e3

3.068672850678736e-57
1.487252767973584e-60
2.063316281374197e3

1.074678878944234e-51
1.025493600259367e-55
1.047962540841237e4

3.669069794990443e-55
1.893670210232274e-58
1.937544232974126e3

8.077607469725430e-60
4.447362258076677e-63
1.816269285250152e3

