40                                               

1.015436713363643e+00 3.765880755150056e-20
2.319533018560135e-02 3.141342870301761e-18
3.738604766239055e-01 -2.870484878573849e-18
-3.527201449786341e-01 5.696093411242031e-18

9.749200365558187e-01 -3.315754279237686e-17
-1.076810315209231e+00 3.562098144721615e-17
2.398311922878338e-01 7.492145012710845e-18
-4.334617322300271e-01 -3.708624432888052e-17

7.210759248854020e-01 -4.261694482260471e-01
7.210759248854015e-01 4.261694482260472e-01
4.598248190186877e-01 6.089437232273056e-17
2.119297792802563e+00 3.029563991829170e-16

-1.477194935379371e+00 2.653385036515664e-17
6.885741763338877e-01 -8.119899544498230e-17
1.428068698099649e-01 -5.272135413755141e-17
-1.248410506062037e+00 2.818948260207640e-16

1.119946917733506e+00 2.759203668537868e-16
1.361362655705880e-01 -1.331656079779688e-16
-3.488937288704514e-01 -6.874993524389922e-17
3.970339069487093e+00 -2.673676092143421e-16

6.885741763338893e-01 -8.154620496814555e-16
-1.477194935379371e+00 -4.340983917189428e-17
1.428068698099653e-01 -2.057147577331976e-16
-1.248410506062038e+00 5.201729227457071e-16

1.015436713363643e+00 -7.120598742651788e-18
2.319533018560185e-02 5.749768840305287e-18
-3.527201449786339e-01 2.465411983313974e-18
3.738604766239054e-01 -3.609629940827390e-18

1.170660641310781e+00 1.097126966772588e-15
-1.373432592321249e+00 8.484102758341518e-16
-1.693086131614988e+00 -2.147194286268468e-15
-5.029948725822053e-01 -2.021118864646913e-16

6.885741763338862e-01 -2.011518504559109e-15
-1.477194935379371e+00 -5.803306085743167e-17
-1.248410506062036e+00 7.644434881272421e-16
1.428068698099644e-01 -5.522729665472358e-16

9.749200365558188e-01 3.937927373891197e-17
-1.076810315209231e+00 6.023467087682617e-17
-4.334617322300273e-01 2.363860881547532e-17
2.398311922878338e-01 8.441640738499081e-18

1.170660641310778e+00 1.422319148764473e-16
-1.373432592321251e+00 -1.686292766845437e-16
-5.029948725822052e-01 -1.620472580993281e-17
-1.693086131614984e+00 -1.403338712897088e-16

7.210759248853944e-01 4.261694482260547e-01
7.210759248854114e-01 -4.261694482260515e-01
2.119297792802552e+00 -1.945129931437875e-14
4.598248190186857e-01 2.189761175119967e-16

1.119946917733587e+00 -1.704171960779450e-14
1.361362655704587e-01 2.697659753622077e-14
3.970339069487844e+00 -1.585820869173534e-13
-3.488937288704752e-01 -1.557826655533496e-15

2.319533018560162e-02 -4.251520424095871e-17
1.015436713363643e+00 8.964029534950636e-20
-3.527201449786340e-01 1.654347075452085e-17
3.738604766239055e-01 -9.036574628050681e-17

7.210759248854021e-01 4.261694482260472e-01
7.210759248854016e-01 -4.261694482260473e-01
4.598248190186879e-01 1.603738984117482e-16
2.119297792802563e+00 8.931852547089988e-16

4.706595561305857e-01 -4.390041258929335e-16
-1.455274362774405e+00 7.224533112555519e-17
7.601237653078594e-02 -1.160392787544266e-16
-1.175194094541390e+00 -8.809505505288168e-17

-4.760560666376384e-01 2.951418554994090e-01
-4.760560666376388e-01 -2.951418554994092e-01
-8.800904331255614e-02 1.587671685306915e-01
-8.800904331255607e-02 -1.587671685306915e-01

4.706595561305824e-01 2.534377830653371e-15
-1.455274362774405e+00 -2.054498259816438e-16
-1.175194094541389e+00 -2.313281639869930e-16
7.601237653078462e-02 9.623770149577827e-16

-1.405579881138892e+00 -1.016695602601366e-16
2.302846057798910e-01 4.574931500037382e-16
-1.124062183018421e+00 -2.374075390142372e-16
-1.790640083110712e-01 1.490716473383926e-16

9.084352425869383e-02 1.898934593584575e+00
9.084352425869371e-02 -1.898934593584575e+00
-1.021993386445022e-02 -4.523580097620852e-01
-1.021993386445028e-02 4.523580097620852e-01

2.319533018560129e-02 -7.195428948279250e-17
1.015436713363643e+00 -3.580219984666724e-17
3.738604766239055e-01 -1.998452065327929e-17
-3.527201449786341e-01 4.287535476643886e-17

-1.076810315209232e+00 -8.441520690299533e-17
9.749200365558192e-01 1.067573028092906e-16
2.398311922878339e-01 1.814523749751077e-17
-4.334617322300274e-01 -1.221351014069416e-17

9.084352425869466e-02 -1.898934593584574e+00
9.084352425869258e-02 1.898934593584574e+00
-1.021993386445031e-02 4.523580097620852e-01
-1.021993386445008e-02 -4.523580097620851e-01

-1.373432592321251e+00 9.465984040173417e-17
1.170660641310779e+00 7.124754295364632e-17
-5.029948725822053e-01 -1.748425561039065e-16
-1.693086131614984e+00 -4.064374289757468e-16

1.361362655705880e-01 1.428542429300180e-17
1.119946917733506e+00 -1.828319674810060e-16
-3.488937288704514e-01 -4.634312714651020e-17
3.970339069487090e+00 7.294644385572886e-16

-1.373432592321251e+00 3.948992554379476e-16
1.170660641310777e+00 5.208659771291021e-16
-1.693086131614980e+00 -2.182302220756434e-15
-5.029948725822050e-01 -1.384332915915480e-16

-1.405579881138892e+00 -2.115556580516794e-16
2.302846057798915e-01 6.895876361748523e-17
-1.790640083110717e-01 -6.857448488920438e-18
-1.124062183018421e+00 -7.203239500043770e-17

9.084352425869353e-02 1.898934593584575e+00
9.084352425869380e-02 -1.898934593584574e+00
-1.021993386445024e-02 4.523580097620853e-01
-1.021993386445020e-02 -4.523580097620853e-01

-1.477194935379371e+00 -2.726424306239751e-16
6.885741763338945e-01 5.439142899390392e-15
-1.248410506062040e+00 -2.241483742270514e-15
1.428068698099668e-01 1.684988574506011e-15

-1.455274362774406e+00 -5.513394345607229e-17
4.706595561305865e-01 -1.843844092063144e-16
7.601237653078612e-02 -6.157690866906040e-17
-1.175194094541390e+00 1.419222525525478e-16

-4.760560666376392e-01 -2.951418554994089e-01
-4.760560666376379e-01 2.951418554994090e-01
-8.800904331255609e-02 1.587671685306916e-01
-8.800904331255625e-02 -1.587671685306916e-01

-4.760560666376387e-01 2.951418554994096e-01
-4.760560666376386e-01 -2.951418554994096e-01
-8.800904331255631e-02 -1.587671685306916e-01
-8.800904331255602e-02 1.587671685306915e-01

7.210759248854166e-01 -4.261694482260598e-01
7.210759248853923e-01 4.261694482260643e-01
2.119297792802531e+00 -2.871088680437721e-14
4.598248190186911e-01 5.212431158111147e-15

1.361362655706052e-01 -5.531005515888580e-14
1.119946917733495e+00 3.453724298963094e-14
3.970339069486987e+00 3.230022446548293e-13
-3.488937288704629e-01 -1.020202624288055e-14

-1.076810315209232e+00 -2.831737312720138e-17
9.749200365558195e-01 1.134413019095715e-16
-4.334617322300275e-01 -2.024343427540465e-17
2.398311922878339e-01 1.915972067477847e-17

9.084352425869788e-02 -1.898934593584573e+00
9.084352425869020e-02 1.898934593584573e+00
-1.021993386444998e-02 -4.523580097620853e-01
-1.021993386445032e-02 4.523580097620853e-01

-4.760560666376386e-01 -2.951418554994103e-01
-4.760560666376386e-01 2.951418554994103e-01
-8.800904331255623e-02 -1.587671685306917e-01
-8.800904331255610e-02 1.587671685306917e-01

-1.455274362774406e+00 4.584088420863964e-16
4.706595561305909e-01 -2.554585364864363e-15
-1.175194094541391e+00 6.739641626884881e-16
7.601237653078795e-02 -1.389119429072331e-15

2.302846057798904e-01 3.666795224162516e-17
-1.405579881138892e+00 -5.848236059117570e-17
-1.124062183018421e+00 -1.102754192294220e-16
-1.790640083110706e-01 -3.494745045701445e-16

2.302846057798916e-01 6.520727217892290e-17
-1.405579881138892e+00 1.503406024930559e-16
-1.790640083110718e-01 1.001939410999532e-18
-1.124062183018421e+00 4.766270271006752e-17

