0
2.906045218521695e-02 -1.748068977559843e-01
6.040167428725358e-03 -2.338656542173963e-01
-1.108430020937720e-02 7.696378485079956e-02
2.466769442381691e-03 4.504707436593243e-03
7.210557429246529e-01 -6.388916743057415e-01

1
1.074489731346120e-01 2.160717498963632e-01
1.355763731754804e-01 2.365591353290822e-01
1.014766789377709e-01 1.136459891643859e+00
1.936347791021262e-02 3.619017308492475e-02
-2.150310253374998e-01 7.902305068986160e-02

2
2.147481032839494e+00 -1.078063008565514e+00
9.107664096665768e-01 -2.555398525920396e+00
2.247983892701650e+00 1.119842316328559e+00
1.737801063416981e+00 -1.662263021989248e+00
1.057189499789796e+00 3.486387425120466e-02

3
-5.579055363984875e-02 2.064306487462855e-01
-7.085228048575076e-02 2.344876936635719e-01
4.769447405472210e-01 8.751418332231068e-01
-9.624253859339186e-03 3.591736802043399e-02
1.979140548267181e-01 3.083430801207648e-02

4
-5.711839854066285e-03 5.549877551427875e-03
1.274872622142991e-01 1.670201471788905e-01
-1.310986985198687e-01 -1.635192357336963e-01
-1.010311394137658e+00 1.416312495961775e+00
1.357773545743395e+00 4.710948995529828e-01

5
-7.268709917000298e-01 8.841664183946969e-01
-1.249001616097508e+00 6.802149627347335e-01
5.331698764284749e-01 6.633710730794879e-01
-2.060573778922972e+00 4.769853704699119e-01
-3.685324040796356e-01 4.244253158759356e-01

6
1.090742320795009e-01 5.607695838558570e-02
6.357957908674705e-02 3.661862314299275e-01
2.860365666433531e-02 5.013365212238798e-01
-6.595798908557098e-02 7.620331372866496e-02
4.588904788298465e-02 -1.196316933091136e-01

7
1.534066780179559e-01 3.545742138196118e-01
-2.689128297594943e-01 9.518834686386209e-01
6.298451523114205e-01 -2.667028766823175e-01
-3.366086262499028e-01 2.332000622381934e-01
2.944567192544103e-01 -1.051356112357079e-01

8
1.428983780470414e-02 1.506310194215826e-01
4.533246788084192e-01 2.882650856822475e-01
-1.473703012958129e-01 7.034057252062619e-01
-1.660117420667842e-01 -1.389993864326380e-02
3.034467484002422e-02 6.336259304246715e-02

9
2.429957014301304e-02 -3.662877566977894e-02
-4.433424084995857e-02 -1.105616402359610e-01
6.085504477854143e-02 8.459118154611324e-02
3.131201164561503e-02 2.336985823908407e-02
6.604653901025371e-01 -6.893063812895681e-01

10
6.658339605460717e-03 1.543365387269815e-02
6.308428716507848e-01 2.417468417729566e-01
-5.234252293602453e-01 4.273653546916474e-01
-1.626334632660182e-01 -3.391745383231402e-02
1.123342218453209e-01 -1.454529024631175e-01

11
4.011774743828074e-02 1.274328902792741e-01
5.429288686371783e-01 2.178440006166782e-01
-3.155638538520414e-01 5.238870501475262e-01
-1.663972941444457e-01 3.576928017038036e-05
1.278998945693865e-01 -1.006753398350574e-01

12
9.620011660319296e-02 -1.935748839158848e-01
6.401939001530461e-01 -2.399183940764808e-01
-6.894355778303446e-01 7.797351058421914e-01
-2.131555250207152e-01 -5.593992027665199e-02
3.397588172227482e-02 -6.442985217142412e-02

13
7.840253523202698e-01 -1.701803138534820e+00
4.064907352163508e+00 -2.345963692954094e+00
-2.880264294586210e+00 -1.294818362404059e+00
-1.349717660504731e+00 -6.786002990031373e-01
1.998823224307719e+00 4.832969825158580e-01

14
1.547373522410354e-01 5.468806922667236e-02
3.269213607072348e-01 4.341600441003863e-01
1.540890895712720e-01 6.590940580479036e-01
3.504965495913737e-02 -1.687510909871072e-01
-7.973823058464802e-02 1.185573609112928e-01

15
5.954942599462458e-02 2.144858440380292e-01
-2.305210764552304e-01 7.893175960422382e-01
8.786045099924236e-01 6.088394206144324e-01
2.091874866129203e-01 -1.138018524221105e-01
1.807710047232294e-02 1.033750092408110e-01

16
2.933009065121914e-01 -5.054877657152882e-01
1.434534639371489e-01 -7.791242383245365e-01
4.217756826056195e-01 2.324101643878767e-01
-3.459270684901767e-01 -1.074129954373731e+00
2.175985453049416e-01 -2.205232247466547e-01

17
3.578156018343322e-02 2.666206508195655e-01
1.185466452536114e+00 5.497915259915674e-01
-8.233407228607997e-01 9.843532459701960e-01
3.167511293417863e-01 -1.719355412681185e-01
-3.535618470504307e-01 -8.594770668615830e-02

18
-1.357152443680716e-01 1.351747735623493e-01
2.602557066705989e-01 5.069758276556821e-01
-8.885720442553712e-03 9.360890087718468e-01
1.304995503395322e-01 7.531262599939693e-02
7.201465753249489e-03 7.168212549938147e-02

19
-3.991841529887878e-02 -7.437631437595845e-03
-7.726137742734313e-02 -1.005955744331873e-01
5.344050578439074e-02 9.868952805659373e-02
-4.884946048993977e-03 3.743919584362689e-02
6.721465585133762e-01 -7.033502380390846e-01

20
1.020064790482636e-01 -5.145051210626145e-02
2.176358485517536e-02 -5.960575533522573e-02
6.631270011147905e-02 2.405942489271755e-02
7.722859398077539e-03 -3.183259785460802e-02
5.914384596224584e-01 -6.287815835178596e-01

21
1.843235096619378e-01 7.049083303916032e-02
9.294596528963477e-01 8.667773113088597e-01
-1.108578678681719e+00 2.420019049744043e-01
-1.686479822796763e-02 3.211263771492823e-01
-2.206335047333166e-01 -1.319434686056162e-01

22
-2.478205298399187e-01 5.487193366990175e-01
-2.383693353882823e-01 4.829436182034224e-01
2.072878283246971e-01 -5.329160633669809e-01
-1.995663414813454e-02 4.243729396552729e-02
7.925173970064068e-01 -1.265520276770882e+00

23
6.492671046410746e-01 7.345783602831176e-01
1.091910972331681e+00 -1.045130599118123e-01
-8.700487910313998e-02 1.169165047459681e+00
2.410446071935421e-01 8.700930038095063e-01
5.458956218303356e-01 1.688038455868967e-01

24
3.700281351895036e-02 1.575767974902951e-04
7.512958012912604e-02 9.182063077877632e-02
-5.034313299777796e-02 -8.985742202020823e-02
1.626021111398333e-03 3.311470808199143e-02
6.151494479887873e-01 -6.850181611401621e-01

25
9.193807481859773e-02 -1.928853067796563e-01
8.623116668189872e-02 -1.951282240056782e-01
1.601887731983120e-01 1.018224560237886e+00
1.281755930648408e-02 -3.028475322998612e-02
1.704209041289491e-01 1.113321196665609e-01

26
9.255348350603259e-01 2.977754900934500e-02
5.307130315882818e-01 6.132933502263598e-03
-1.216907049535478e-01 2.511849040069072e-01
5.185526622368646e-02 2.561562940053656e-01
9.268765748728634e-02 -1.424103825614620e-01

27
2.599102909403429e-01 1.285583365859836e-01
4.466798966515371e-01 8.432491137169228e-01
-3.605805573470939e-01 -1.781854422211301e-01
-9.252966820951683e-02 2.579526220390471e-01
1.202979258584270e-01 -2.396717128008938e-01

28
1.388897063972821e-01 -4.356590102156412e-02
9.333110519689378e-01 6.437483903907942e-02
-5.398009810892663e-01 6.720762997461607e-01
-2.074672134280410e-01 1.164301261113018e-02
1.389613615144882e-01 2.135035921086863e-01

29
2.601588336029278e-01 -3.642686575312098e-01
-4.162840491736133e-01 -1.149222638552098e+00
2.556150342013405e-02 2.090289671779466e+00
3.264406039812313e-01 3.189010976410286e-01
2.510268718486873e-02 -1.169177272664757e-01

30
-2.084818856444709e-02 3.641778109428265e-02
5.016491034836275e-02 1.027285191657099e-01
-6.197147188465874e-02 -8.310037721286925e-02
-3.128411793152501e-02 -2.074236995355079e-02
5.759674107868469e-01 -7.287324400354845e-01

31
-7.870968937055264e-01 2.550966567583058e-01
-1.986578974051317e+00 4.331796118033505e+00
4.241527234241928e+00 -7.110345040497507e-01
8.571261959370876e-01 -6.504129038952386e-01
1.236062982324398e-01 1.302347960399018e+00

32
1.320641955327638e-01 1.155215102095356e-02
3.369205827612219e-01 2.728165355835966e-01
6.750880480770943e-02 6.175034165920037e-01
-5.852895871624441e-03 -1.409994170271794e-01
3.906340249361844e-02 3.445987005060321e-02

33
2.241411130328881e-01 -1.853048151945054e-01
4.394285891481604e-01 -2.173535441858781e-01
-1.455888463293294e-01 3.776358506944216e-01
-4.697733680222792e-01 -3.664261760422106e-01
7.687240406521843e-02 2.740676963347775e-02

34
3.277801206257250e-01 -1.922534339155042e-01
1.258912946795474e+00 1.043306177004412e-01
-4.600424460066465e-01 2.725190234343902e-01
-1.762087433719646e-01 -3.049082680792077e-01
2.158716408283181e-01 2.871377219753392e-01

35
3.702461992225935e-02 4.697788820342325e-03
7.676942118261725e-02 8.747543473669277e-02
-5.257074344225752e-02 -8.216839510071783e-02
2.571320904678416e-03 -3.433913937759166e-02
5.614088741762258e-01 -7.081664041350213e-01

36
1.015449853087142e-01 -5.250856163845696e-02
6.643096103061466e-02 2.352919165519360e-02
2.132039639646922e-02 -6.000222146132907e-02
7.446061097123139e-03 -3.206076717741847e-02
5.861978370634837e-01 -6.346362154322466e-01

37
7.393273639123832e-01 -6.083780635001217e-01
4.435783627409643e-01 -3.105569358188466e-01
-1.303393817636673e-02 3.053706729777607e-01
-3.153494199030196e-02 -1.549185062411106e-01
1.923024648911244e-01 1.769599007041662e-01

38
-1.120580882715619e-03 -2.239818333407790e-03
3.488182320643133e-03 7.466924992349382e-02
-4.172663874387798e-03 -7.607422274632569e-02
-5.898077040436165e-01 2.070023466282307e-01
5.897840503414793e-01 -2.070499421103823e-01

39
1.581589212346473e-01 4.650102674802481e-02
1.705733812750836e-01 3.551519460692071e-02
-3.441494944383849e-02 8.095559665998631e-01
2.681207258246004e-02 6.134448507259907e-03
2.189941072706852e-02 -1.510571610610309e-01

40
-2.766935925213045e-02 3.156771090268688e-02
5.471550687612692e-02 1.039698815407986e-01
-6.987415702329847e-02 -8.657561435948255e-02
2.677621217411222e-02 2.439469562781606e-02
6.331458397179857e-01 -7.590432014157769e-01

41
-1.726821310276107e-01 2.299287007862542e-02
-1.034685328825003e+00 1.773663416828335e-01
5.541717967705729e-01 8.196280641791235e-01
-1.938778779806459e-01 1.632411578859844e-01
-1.673481549220819e-02 -3.037794357001667e-01

42
1.838088223201062e-02 7.744877599950912e-03
-9.299605501642028e-01 1.995562998995443e-01
6.371590037932628e-01 7.041452449846847e-01
-1.747683465109360e-01 1.536355019164839e-01
-1.171828215862391e-02 -2.187632620367629e-01

43
1.273311560914591e+00 3.183488941287969e-01
6.636810045660245e-01 3.609792583500475e-01
1.773997836354030e-01 -4.295361605347251e-01
1.021538093167878e-01 2.596744846597573e-01
2.294736378047947e-01 -3.187664079170400e-01

44
9.563497834927824e-02 9.491909360058039e-02
7.278964018107835e-01 3.815214053779892e-01
-6.016276188933589e-01 4.439052073200571e-01
3.635423004463098e-02 2.012889699475282e-01
1.670907082574456e-01 -1.807521817931216e-01

45
-3.644097394538933e-02 6.143209965773064e-04
-7.494012261004399e-02 -9.061786356889041e-02
5.378927758292768e-02 9.281481338901237e-02
-1.984817961318340e-03 -3.226723887809170e-02
6.150330871931693e-01 -7.297889036876533e-01

46
-5.485114485672098e-01 1.525702325163769e-01
-1.229282210728206e+00 -1.389610930272553e+00
1.056212562204999e+00 2.692616412959585e+00
-8.636375793802577e-02 -3.664560046922865e-01
-4.483739323046924e-02 -1.978749442346369e-01

47
2.501673908884952e-01 5.554404722397426e-01
-3.436077999155828e-01 9.000115045844247e-01
8.611920924652986e-01 -1.396229676914076e-02
-2.766204086337177e-01 5.433906535912607e-01
4.139243027631771e-01 1.457683086925743e-02

48
5.557411090683189e-01 -9.769817246172170e-01
1.813380029547129e+00 -4.461102950555039e-01
-1.045049140544283e+00 -1.380480427485768e+00
-5.187790344435637e-01 -7.070285269805814e-01
1.069914613475596e+00 -1.777129096969182e-01

49
-2.149513923447293e-01 -1.813505236422911e-02
-2.278818894082693e-01 -3.426268726425886e-02
5.392741097797173e-02 1.066114540013563e+00
-3.599829240261657e-02 -5.218585375653292e-03
4.268337153990062e-02 -1.931667403350570e-01

50
-1.862158693577628e-01 1.241887424972938e-01
-1.688181986008210e-01 1.239691784064499e-01
1.299321025255676e-01 -7.080325449573642e-02
-9.910769443963215e-03 -3.004642884094796e-03
7.012869459460890e-01 -8.387448640399329e-01

51
-2.265312363623635e-01 5.837096986567158e-01
1.092955585977233e+00 1.726437768743859e+00
1.573194745824813e-01 -9.097813318125960e-01
-5.061018376782108e-01 -1.841086234022024e-01
5.231978318478088e-01 2.628752033968002e-01

52
2.322828694537810e-02 6.462429448834037e-02
-1.135454781007259e+00 2.339617747020155e+00
2.600874031927318e+00 -1.810793213148828e-01
5.362418735135024e-01 -3.496087740141798e-01
3.852004030472969e-02 7.206824829093270e-01

53
-1.542317777610412e-01 2.605343138296598e-01
-1.154393953161166e+00 7.654472578498842e-01
1.047561051195145e+00 1.021552970669823e+00
3.636686556770345e-01 4.974660278213207e-02
-2.595477912068901e-01 -2.962592653765700e-01

54
-2.930078487325423e-02 -7.858967239869188e-03
-1.250520125619209e+00 4.894467533693754e-01
1.046577484325879e+00 8.357046943619403e-01
3.230441326144024e-01 5.591451890287084e-02
-8.433348072315462e-02 -3.420230721345500e-01

55
4.354760595919898e-01 2.536489512724076e-01
6.680431494408083e-01 -1.559399075458029e-01
-2.872313590709315e-02 6.068026337566546e-01
3.539557175483164e-02 2.872316790959132e-01
4.926495171026321e-01 -9.289242076243691e-02

56
-7.424804225356286e-04 -3.035226750098307e-01
5.120161148255097e-03 -3.043741248714625e-01
-3.268328963431216e-01 1.450754890934853e+00
1.176793443171919e-03 -4.648483442482564e-02
-2.893643520080267e-01 3.493838950159008e-02

57
-7.263659451323796e-02 4.049596493644038e-01
-1.714122697240348e+00 5.179829842289105e-01
1.708211319333149e+00 1.348752989355736e+00
5.350875085392608e-01 1.436476284780348e-01
-1.588625217185156e-01 -3.856724615078943e-01

58
-1.923814567474788e-01 -6.870055975586009e-02
-1.078377071278126e+00 5.715347901241886e-01
9.451325186833024e-01 5.018854039208412e-01
-1.688891209231655e-01 2.588348389986169e-01
2.454956973171095e-01 1.061697650094195e-02

59
-1.248577464160002e-02 -8.727537557319046e-03
-8.388244712111471e-01 5.250345321633426e-01
8.748397918004872e-01 4.630868799540995e-01
-1.170586645156039e-01 2.110458422759170e-01
2.047027737892902e-01 -2.065345375249460e-03

60
6.218484594209899e-04 -1.693388812640740e-03
7.475970758474045e-02 3.266827750178158e-02
-7.436932711436293e-02 -3.373212701812387e-02
8.881394884514950e-02 -6.705712064245301e-01
1.301523784761694e-01 -9.827415337177376e-01

61
1.485761104351998e-01 1.337050675487826e-01
-1.874584002269727e-01 3.806272161378612e-01
4.274347010514612e-01 8.776692923174196e-01
-7.908276356960359e-03 6.387600316148161e-02
-1.265851366693360e-01 9.443235228741448e-02

62
-2.263723887288093e-03 7.538194886073878e-04
-3.717084854716966e-03 -7.464088979756972e-02
2.290369577862897e-03 7.511786190361085e-02
-5.881489187227230e-01 1.998304505878272e-01
5.881005361105854e-01 -1.998142261467294e-01

63
3.743317589908846e-02 1.531409372381281e+00
-9.622498706605664e-01 1.424246813223664e+00
1.192580436780160e+00 7.086264418681232e-01
-7.842900229318707e-01 1.968144562071595e+00
4.532335872871869e-01 5.055173086627596e-01

64
9.921435759388089e-01 5.294945432291829e-02
-1.252870464418832e-01 2.614258213215152e-01
5.638358824253166e-01 1.352244945152740e-02
5.074677855821943e-02 2.759240229521964e-01
1.057204820838422e-01 -1.544725812499028e-01

65
1.607904503967758e-02 -3.308295543869769e-02
6.235356410660749e-02 8.585730657590805e-02
-5.188466291023735e-02 -1.088739474891944e-01
2.940899815813367e-02 1.572009426604175e-02
6.408717225207065e-01 -7.105839813819195e-01

66
1.698896397141835e-01 1.266633670940642e-01
-3.693427640269460e-01 2.432668207588018e-01
5.242191938135126e-01 8.988712055980236e-01
-6.646552486023002e-02 1.244919104905054e-01
-7.383605591412007e-02 4.974506105568740e-02

67
4.553965341539709e-01 1.006734091145797e+00
-2.803409842211033e+00 -2.125050520065168e-01
3.582895836934958e+00 -2.792126149535628e-02
-8.780700409334863e-01 3.059338012648400e-01
9.286876100510884e-01 -4.235479704653424e-01

68
1.083718292809783e-03 2.171231814336215e-03
4.412662952005600e-03 7.591294938212619e-02
-3.722677611213734e-03 -7.456542621098153e-02
-5.881304853676343e-01 2.087337526711775e-01
5.881533803667128e-01 -2.086875083632700e-01

69
9.567110608624643e-02 9.293932034582013e-02
-4.297200760121378e-02 4.397864522216496e-01
2.727010118842745e-01 5.944257963304749e-01
-1.018787594233432e-01 5.986025249966756e-02
1.269123987302499e-02 4.825033545438920e-02

70
8.448793008102785e-03 3.181493992412836e-02
-7.534450745126824e-01 1.060495973687453e+00
1.298436575415045e+00 1.236311101877975e-01
-2.577244351892091e-01 -1.885976637444090e-01
-2.674900581830642e-03 3.466124519952362e-01

71
-1.231861465905208e-02 -3.262212900558314e-03
-5.448376183292859e-01 6.105054680249370e-01
8.009059703141119e-01 1.652300205524040e-01
-1.455727165937211e-01 -1.358351765093560e-01
1.723892480585131e-01 -7.957366619516808e-02

72
3.056485743623281e-02 -1.724207666571056e-02
6.755131853315621e-02 8.408879238529111e-02
-4.622715703281367e-02 -9.527070554463303e-02
-2.887185171023324e-03 1.416005135911411e-03
6.046346472612839e-01 -6.874655386976698e-01

73
-5.811057587180719e-02 -5.322420136960596e-01
1.575381895306504e+00 3.336692532520850e-01
-1.697086455141457e+00 -4.165535818411870e-01
-4.740590384588231e-01 5.733734207110811e-02
4.693437201477670e-01 -1.945368776490089e-02

74
-3.242058974112906e-02 1.724999957193523e-02
-6.994024604833296e-02 -8.788166099794545e-02
5.210575315096902e-02 9.837597651275065e-02
2.286660797565997e-03 -1.294658787776137e-03
6.303555726941823e-01 -7.297132086101294e-01

75
1.574462437074201e-01 1.848768351238630e-01
-7.519226765233347e-01 8.026234682027800e-01
1.259516644830569e+00 -9.571583609399785e-02
-1.234029718424201e-01 -1.053884898631113e-01
2.437302469593902e-01 -1.226092288313534e-01

76
1.926884669442893e-02 -2.700453639409965e-02
5.973869256026936e-02 8.292228650570341e-02
-4.666705741405529e-02 -1.015684969029940e-01
-2.322009587523538e-02 -1.798479055191538e-02
5.948905386138226e-01 -6.813669791938967e-01

77
7.728616889100881e-01 -6.837870728063611e-01
-4.252116798065001e-03 3.203465892130207e-01
4.600752451123640e-01 -3.491131627352189e-01
-4.183784683488793e-02 -1.693188690655581e-01
2.138466214459063e-01 1.836700244785361e-01

78
-1.117020727204917e-01 7.246293335249747e-02
-5.185829461319568e-02 2.239900592424500e-02
1.091631751756806e-02 1.426106358687863e-02
8.342398036110532e-03 3.219221054534294e-02
6.806820254451277e-01 -7.883860376989245e-01

79
-4.674808009172891e-02 2.073001046385814e+00
-6.159942179675985e+00 -2.069343046264926e+00
7.352254298476867e+00 6.421394943087197e+00
2.039883082011637e+00 2.259052152438032e-01
-2.935677982959408e-01 -5.083285287796472e-01

80
1.524162030947277e-01 5.438801600534787e-02
1.980690221989512e-01 9.543671531580761e-02
-1.005682010052299e-01 -2.293339839501282e-03
-6.687380978351860e-03 -1.240791076686207e-03
4.591316218344618e-01 -6.148800671021134e-01

81
1.852483821903939e-01 6.725814685669223e-03
1.074320333136710e+00 -2.997631307739050e-01
-2.051692898588686e-01 9.831967554108437e-01
2.697999474467707e-02 -3.401200720834988e-01
2.160180352735938e-01 1.977253343028067e-01

82
1.309586646793923e+00 -5.132069199650088e-01
9.555499064867278e-01 -2.914658455554886e+00
1.531462527970080e+00 1.988043760351437e+00
-1.390438147736402e-01 -1.405497277076512e+00
5.686331507367821e-01 8.604271905001714e-01

83
6.289845258975787e-01 -6.597642634510578e-01
3.795882685732758e-01 -1.362463302429269e+00
8.162589601660200e-01 6.088618557567121e-01
-2.513225499572060e-01 -1.336432767567483e+00
2.958404247181999e-01 1.322671813281795e-01

84
1.334537934177287e-01 2.417744246170477e-01
-5.000504698188727e-01 3.134170002288556e-01
8.186927829749944e-01 4.385798354238173e-01
-1.325883243601461e-01 1.443933567410914e-01
2.900601414998353e-01 -1.335364589527392e-01

85
1.159708035187075e-01 -9.337210075169967e-02
3.544640099161780e-01 2.140925275362084e-01
-2.174023668941164e-01 7.211276097966843e-01
2.844452529837743e-02 9.979575625084869e-02
7.015955587282018e-02 3.000616247865655e-02

86
7.208941792586924e-01 -6.880065573960015e-01
2.325279563621281e-01 7.396588981095737e-01
-7.480331465639233e-01 -5.623265397870050e-02
5.760647670569839e-02 4.314012971053712e-01
-3.229599648565082e-01 7.080386583741036e-02

87
1.610114892781829e-01 2.682234886801227e-03
-1.950780881290536e-01 3.122712825090502e-01
1.813196714692998e-01 5.828139307347361e-01
6.169520735792021e-03 1.113305856258551e-01
1.606584598886194e-03 -1.644660303675241e-01

88
-4.341568917439167e-03 1.475537510450647e-01
-3.926950151053268e-01 6.212312957686731e-01
6.999598876209455e-01 1.800539408831484e-01
-2.052882204487969e-01 -6.978570714067113e-02
1.778342329240573e-01 -8.703695751073885e-02

89
9.459662564322933e-02 -1.192370285499069e-01
2.558504901766848e-01 1.959732937425425e-01
-6.180752172937218e-02 7.622525534004939e-01
4.216959791763658e-02 3.798999896713372e-02
7.742199670966826e-02 6.809289063697808e-02

90
-1.995479886700687e-03 2.957632956842912e-04
-7.560518265868262e-02 -3.432867505184292e-02
7.436257546389891e-02 3.452184866947744e-02
9.762023979665126e-02 -6.764890937612371e-01
1.431001677139754e-01 -9.914494647580143e-01

91
7.178866366978517e-01 -7.547122358683842e-01
-2.942392506395888e-02 7.463991234789564e-01
-6.933918950084952e-01 -3.145555086850467e-01
-8.627010257890894e-02 2.960419451544292e-01
-4.001748822235849e-01 -9.678462750345036e-02

92
6.506820636136473e-01 1.642897960736784e-01
2.420790936554132e-01 6.759100106984529e-01
6.966252133768397e-01 -3.824611038910759e-01
2.242114560891195e-01 2.524720036856972e-01
6.541609798029275e-01 -1.296062628863862e-01

93
1.793009132541266e-01 -6.208858344999660e-01
3.506869033365909e-01 3.638464249961529e-01
-4.409086183329661e-01 1.866248194832313e-01
-1.611895230441890e-01 1.398384685542640e-01
1.659935173786432e-01 2.419714167195902e-01

94
1.084830664944559e-01 -6.318696888124598e-02
5.956767934905983e-02 2.347524819259634e-02
3.537122343480679e-02 -7.107120135511580e-02
3.325427599474559e-02 1.605119681880661e-02
6.381044188452564e-01 -6.318309571470266e-01

95
1.334017317484847e-01 1.792361754067953e-02
3.593459929196291e-03 2.768320649336081e-01
7.873763125356260e-02 6.154313895376277e-01
7.015462640955802e-03 3.794845311529119e-02
1.037696173901275e-02 -1.368475732549801e-01

96
2.478297697640639e-01 -1.864398855241699e-01
-1.833844995834646e-01 4.065836813128609e-01
4.896526277844214e-01 -2.025290696004287e-01
-4.798375852099624e-01 -3.917334895005915e-01
5.309721215250559e-02 -3.595616749813666e-03

97
1.225475346047325e-01 -6.106714976106609e-02
-2.129286628842160e-02 4.509779763171546e-01
3.644245182752967e-01 4.157214789338139e-01
-6.570077003932968e-02 -1.291153132554580e-01
5.202531670423754e-02 6.472390733989809e-02

98
5.588201869183923e-01 -1.021584217055807e-01
-1.616655084012023e-01 1.421908763266830e+00
1.813805870608954e+00 -9.228607818499509e-01
-3.086063195285100e-02 -6.973564735495728e-01
2.848341059899085e-01 4.793676934446749e-01

99
1.335321991488831e-01 -4.399699505771897e-02
-8.371893223010703e-02 4.519098027423956e-01
4.198762284583586e-01 4.900178490519568e-01
-4.841298918708804e-02 -1.425184383800341e-01
-1.067039336233451e-02 7.400025393429274e-02

100
1.118425840085703e-01 -1.882094263881223e-01
3.686703780148309e-01 2.476230581556802e-01
-5.988518083335435e-01 7.860165873953882e-01
8.431233794727855e-02 6.791307214923188e-02
-2.048415765511088e-01 -1.204677185944049e-01

101
1.146613771931952e-04 -2.549314066326497e-03
4.269083886870989e-02 -5.474217348640400e-02
-4.260142221107176e-02 5.314776701758248e-02
-5.285042497765899e-01 -2.125673968173796e-01
2.915341625098466e-01 -3.693747539560411e-01

102
9.008781484553384e-02 -1.647263303974407e-01
5.234480155916738e-01 -2.014138891422781e-01
-2.913154169789962e-01 8.626359637747217e-01
-1.975417407978858e-01 -6.078116501479559e-02
1.369961709434671e-01 1.424837319499709e-01

103
-5.053607365612728e-03 -6.459271830497275e-03
-1.230233972193954e-01 -1.740145790163352e-01
1.199349821333422e-01 1.699618178788340e-01
-1.081013150482919e+00 1.367759831105146e+00
1.335598766208128e+00 5.384390531630403e-01

104
-7.772925750832234e-04 -2.487872650277244e-01
7.544039038763112e-01 8.979967357686112e-01
-8.684220346102103e-01 3.546791930499271e-01
3.305512042161891e-01 -3.162802646836219e-02
-2.214734353643335e-01 -1.437152324679102e-01

105
-2.977355499252333e-01 -1.430045617245681e-01
5.155475713304384e-01 -5.238991114232104e-01
-5.387924187250407e-01 1.587266939995792e+00
1.105111500350021e-01 -1.989075470330436e-01
4.551558149304955e-02 -9.654436807643593e-02

106
-1.091424129897546e-01 7.514103301528438e-02
1.911296281123150e-02 -6.000819635548517e-03
-5.769857263344123e-02 4.337698790369805e-02
-2.138623621706125e-02 -1.656255724546911e-02
6.278412724803727e-01 -7.766837117823130e-01

107
8.395978960560536e-01 -6.206825708662957e-01
9.050598915468264e-02 1.080629378183781e+00
-9.951836282731784e-01 -4.234576325642403e-01
7.121753206996773e-03 5.860535716420727e-01
-5.417846212597127e-01 -1.781120379863877e-01

108
-4.723842802197282e-03 -1.942791761528183e-02
7.530516887996146e-01 4.533148474186712e-01
-7.677975991217858e-01 4.271360973998915e-01
2.940834253727748e-02 2.120066490291837e-01
1.481902586403323e-01 -1.534460834785885e-01

109
5.908237321751643e-03 -5.232693515328971e-03
1.286062363360821e-01 1.632918438092689e-01
-1.249708719329816e-01 -1.665225027526144e-01
-1.013017916747694e+00 1.395184114637358e+00
1.341484241337664e+00 4.780354970237775e-01

110
-1.124878771297942e-02 -1.309398153918772e-02
8.540395879793669e-01 9.007542549875264e-01
-1.205803862143713e+00 2.883012623315361e-01
-4.004109109748348e-02 3.003751140625200e-01
-2.192280830867297e-01 -1.446059213883922e-01

111
1.228461873250065e-01 -1.214646770927852e-01
4.321343186891712e-01 3.568837180981099e-01
-6.387458177860427e-01 5.937479273673228e-01
1.431816670684166e-02 1.258319293068955e-01
-1.423000004778464e-01 -1.460847984908747e-01

112
3.251740564966584e-01 -1.812656561433218e-01
3.242592894683680e-01 1.459646507819035e-02
-3.752675727344864e-01 1.847505503271271e-01
-5.746913027321376e-01 -2.686946579135367e-02
-1.039941986028915e-02 3.495905564863453e-03

113
-4.953778998044174e-01 -1.955709550551237e-01
2.010269843233258e-01 -1.750015908331776e+00
-7.131436235449817e-01 2.576178236233198e+00
4.444950725948921e-02 -1.231941534410021e-01
1.674524428333267e-01 -3.612587598204611e-01

114
1.638359839525756e-02 -1.702052099861177e-02
9.153186549726973e-01 1.255188986057252e-01
-5.697335402767658e-01 7.294925319275518e-01
-2.255077639971953e-01 5.528551856996868e-03
1.225047018431194e-01 2.215744366444783e-01

115
9.100993026617313e-02 -1.218894226837510e-01
6.367484963988205e-01 1.488020190781116e-01
-6.130646969063643e-01 4.267778985351204e-01
-1.852271518476460e-01 -4.135057634386707e-02
5.977153392794635e-02 -1.067790118005757e-01

116
2.481455552785257e-01 -1.898513193309003e-01
4.965921939569763e-01 -2.282975077297914e-01
-1.608051958950322e-01 4.204411562128034e-01
-4.579427305536568e-01 -4.174422481317687e-01
2.312750476127911e-02 5.785648437199393e-02

117
6.495318560727717e-02 -5.233981297900655e-01
4.070276234089863e-01 3.543857172268302e-01
-4.906514453286362e-01 1.947520029957334e-01
-2.431365228193454e-01 1.312060019833075e-01
2.155718839912615e-01 2.106478073687754e-01

118
1.391833115907509e-02 -2.355331104148980e-02
1.137435944142970e+00 -1.811175113422524e-01
-4.149152950439864e-01 1.075031955219665e+00
5.542261526158598e-02 -2.738522826641334e-01
1.907291562782627e-01 2.228284147680543e-01

119
1.762546138350506e-01 -1.810324951851841e-01
1.145773562759734e+00 2.981342717340593e-01
-1.110975234945551e+00 6.010281192118934e-01
6.864025438992052e-02 -1.684335611402149e-01
-2.662118272504526e-01 -7.620293095471904e-02

120
2.615725467823610e-01 2.436395404823354e-01
-1.973770077010722e-01 -2.053360346459409e-01
6.629959137388305e-01 1.559201840276883e+00
-2.300311148839742e-02 -2.592350068480334e-02
-2.172324404237463e-01 2.532676586188987e-01

121
2.555739244523464e-01 -1.820436459288715e-01
-4.335786760836299e-01 1.852382301225529e+00
1.618531219666035e+00 -6.095876844815816e-01
2.642138465611822e-01 -3.260168104597789e-01
1.784443857440996e-01 5.013538331969928e-01

122
-2.691385755827793e-01 5.166939372192452e-01
2.331016286128321e-01 -5.059455122421092e-01
-2.549617282898339e-01 4.449079007263608e-01
-2.274465962323287e-02 4.248422500112119e-02
8.101596863554986e-01 -1.143936675359940e+00

123
1.242539701470404e+00 4.066074201757041e-01
1.906099562713847e-01 -4.000391056081997e-01
6.336800757643234e-01 3.912837370144654e-01
7.669354959295206e-02 2.636292138048122e-01
2.495758877458964e-01 -2.964838823200217e-01

124
-1.769727119007543e-02 1.762603545337459e-02
9.576374543879564e-01 1.245681880166500e-01
-5.902682200189994e-01 7.665172477148205e-01
-2.359252385232675e-01 4.333180782104236e-03
1.283873727752768e-01 2.323628496967436e-01

125
-3.043458828001897e-02 -3.442224725031802e-03
5.693351425278432e-02 9.206045108673935e-02
-7.517291005397124e-02 -9.270740374189643e-02
2.069379796072684e-03 -2.760573911527032e-02
6.030705046425224e-01 -7.395476511824243e-01

126
-5.266695204152708e-02 3.603295633002743e-01
1.173914259226703e+00 -6.796673370599727e-01
-1.038469350169431e+00 1.458421329863850e+00
-3.479820536527470e-01 4.692417028689327e-03
9.843899156623816e-03 -1.104171260231610e-01

127
3.854540751307217e-01 4.957058597289860e-01
5.213348641436669e-01 -2.095228127528208e+00
-4.291003851096991e-01 2.067648579016961e+00
-4.417336621873317e-01 3.406210749129444e-01
4.305200496616571e-01 -3.933732131131367e-01

128
1.284682576186762e-02 8.229671619068206e-03
-8.188775903243907e-01 5.408475672263627e-01
8.785234762122577e-01 4.378783304022388e-01
-1.108043196236488e-01 2.131033373041371e-01
2.029564197308742e-01 -8.215540397274039e-03

129
1.582722917709164e-01 -2.450797241162148e-03
-7.449561631719773e-01 6.475381740408391e-01
8.378966843962635e-01 2.342243330629087e-01
-7.608386296612070e-02 2.425310507011396e-01
1.896233469769819e-01 -4.104941562878669e-02

130
-1.596119451394234e-02 3.291139515544508e-02
-6.029133299573252e-02 -8.609870889977095e-02
5.082294726352583e-02 1.041899119931499e-01
-2.913987262708267e-02 -1.600858193116823e-02
5.931947589887047e-01 -7.112710459520863e-01

131
7.076271885833336e-01 2.749976093522904e-01
-7.958733710345622e-01 -2.931245329593790e-01
6.898763185094102e-01 -9.343854318550351e-02
-1.234408797214973e+00 2.704149992002024e-01
7.534063452118007e-02 -1.190963788552674e-01

132
1.508232367450818e-01 -5.748988664040973e-01
-1.585721124205459e+00 9.694936662823498e-01
1.731784846263768e+00 -9.575626007731338e-01
-5.331332878125925e-01 -9.007472851202412e-02
5.297771375561476e-01 1.370005657721529e-01

133
3.722560339040729e-01 -1.991410943581780e-01
-4.084308434542301e-01 1.937624314165155e-01
3.352440026729855e-01 -7.026594145451657e-04
-6.558761488955325e-01 1.807140447503619e-02
1.138469182669312e-02 4.835804154065595e-02

134
3.858109586939157e-01 -1.717271342915358e-01
-4.183063173769958e-01 1.860568371074625e-01
3.687314030654538e-01 -3.239973515347589e-03
-7.287009334810943e-01 -5.701499833653266e-02
-6.090152112657784e-02 6.867761115421779e-02

135
1.726783945326581e-01 5.838464192362436e-03
-1.443056373929887e-01 -2.218630917108623e-02
2.119820787002069e-01 8.265854180379331e-01
-1.884627314537905e-02 -3.667137139224156e-03
7.276199159797968e-03 -1.546779005064653e-01

136
1.913172626807705e-01 -6.656098604847625e-01
5.822718230774916e-01 9.462396539693531e-02
-1.084439007573905e-01 -9.185404818186570e-01
-6.006485403916756e-01 -1.101034906632600e+00
2.865281929935891e-01 -2.066412721822730e-01

137
1.084586011555752e+00 -9.447304378215990e-01
8.040073490963847e-01 -2.864175237176616e-01
-2.288643452024462e-01 -5.709098460747735e-01
-1.104494825534900e-01 -4.324328283565684e-01
3.145504278938294e-01 6.383428730127276e-02

138
-2.052097645234230e-02 2.999658412557053e-02
-6.672787961861738e-02 -8.916775711877134e-02
5.499920691067934e-02 1.058331990207971e-01
2.590952995727741e-02 1.879840547087644e-02
6.407171876094039e-01 -7.425003087040466e-01

139
4.069401279654335e-01 -5.795849990748484e-01
5.296693869891602e-01 4.142292965385353e-01
2.775263993553328e-01 -1.009109770115784e+00
-4.232451634355244e-01 -1.227533253883222e+00
1.071243481148314e-01 -1.012712998109311e-01

140
2.880501299267011e-02 5.492642967618208e-03
-1.192754729560108e+00 5.239525217630449e-01
1.047500330728870e+00 7.686926715757829e-01
3.147498956817988e-01 3.828879826223854e-02
-1.000297973066786e-01 -3.281041808759194e-01

141
-2.242656468258594e-02 -1.653904500520786e-01
-3.528277073907395e-01 5.647911702697777e-01
5.253493343309877e-01 6.889861453118585e-01
1.710353014613609e-01 -5.293462564477457e-02
-5.615191197019016e-03 8.171652547376690e-02

142
-5.601428833796857e-02 -2.680814965771983e-01
-4.246624518077376e-01 8.867664890475306e-01
3.331508407274308e-01 5.856224743939901e-01
2.498799626078590e-01 -9.069304865643417e-02
-2.666544446728983e-01 2.504552643780555e-02

143
1.464128833464340e-01 -1.599090611623182e-01
-9.080130227337549e-01 5.371220745502190e-01
6.914823906820267e-01 6.380986388449172e-01
2.417017998868114e-01 3.445982875401445e-02
-1.930105740709099e-01 -2.311791963058330e-01

144
2.933494419018863e-02 4.510875587422025e-03
-5.141128265356566e-02 -9.179530159783351e-02
7.040824304396220e-02 9.610529844858801e-02
-3.045050340932172e-03 2.688463673891585e-02
6.252251829983790e-01 -6.776566469459371e-01

145
4.495950401401818e-02 -1.496931316904660e-01
-5.461404124151125e-02 1.413825315781770e-01
2.024580426239224e-01 7.411774780973711e-01
-6.387026681813023e-03 1.815334532558849e-02
1.409764403377013e-01 3.938486200686335e-02

146
9.652599774117342e-01 -4.510410905803091e-01
-1.012789317126810e+00 -5.767851185326393e-01
-3.280746001029019e-02 1.152639274764410e+00
-6.419020040790624e-02 6.149474202144685e-01
-5.657639211650923e-01 -2.611475856090891e-01

147
8.110529295340726e-01 -5.933188815302954e-01
-7.265011846024071e-01 -1.699003098552997e-01
1.223492692206511e-01 7.736303417179744e-01
-4.232418280597889e-03 4.489931265936405e-01
-3.136577969834678e-01 7.532931581423259e-03

148
1.194912426476437e-01 4.894050386750769e-02
-8.014487916654114e-02 -3.551918315410742e-02
1.532149598461719e-01 1.008375493150302e-01
-3.743202809661457e-03 -3.480445574728185e-03
5.164331824300422e-01 -6.455709312056784e-01

149
8.206149847762242e-02 -1.131773339801089e-01
1.868651211508568e-01 3.727308069951830e-01
-3.463576513887812e-02 7.078428900563528e-01
9.884694567515492e-02 4.776263675015031e-02
1.071300629929478e-02 5.153321637557474e-02

150
-1.736890484444777e-02 -1.484533162913853e-01
1.234519409702977e-02 1.015390526792465e-01
-5.424144236995513e-02 -2.157891384569010e-01
3.496220735323616e-03 6.340112025645557e-03
6.995286199360090e-01 -6.936767976841566e-01

151
1.195496368437719e-01 -2.609966684802216e-02
-8.442114391907356e-01 2.469452894106607e-01
5.554526122444314e-01 6.120902602375776e-01
-1.409351297740219e-01 1.591719288031574e-01
-5.386489743489133e-02 -2.269934909885936e-01

152
-1.814627868525171e-02 -8.510301461802535e-03
-9.483498056968708e-01 1.755809814454125e-01
6.256399037610187e-01 7.320610077983989e-01
-1.819304171232119e-01 1.493755007346013e-01
-3.003878275483205e-03 -2.212186012587320e-01

153
3.684957351238417e-01 -1.808843346077938e-01
3.383731750628886e-01 -3.089864142555519e-02
-3.888983576170270e-01 1.905116597383155e-01
-7.152005257905942e-01 2.185689113541293e-02
-2.726767052714632e-02 1.108353270996802e-01

154
2.100434303613828e+00 -1.085384584356730e+00
2.291564565915464e+00 9.984524629525717e-01
7.712111512088182e-01 -2.487078978696085e+00
1.695669301890003e+00 -1.316601612904523e+00
1.114166366460670e+00 -1.914910304352380e-01

155
2.791274023312073e-03 9.688473788368628e-05
-4.195059068413218e-02 5.475594593869908e-02
4.366885206136363e-02 -5.468695096901360e-02
-5.354270763265366e-01 -2.114195254111005e-01
2.921891048835790e-01 -3.751034005228202e-01

156
2.949667858918675e-02 6.490046391626582e-03
-5.316621859017776e-02 -8.617963192776866e-02
7.201375822206924e-02 9.189502713664660e-02
5.210042848820237e-03 -2.742504660521603e-02
5.854180515556033e-01 -7.019702617424454e-01

157
2.146388234505540e-01 -6.558072857800643e-01
-4.731809637228727e-01 1.667762044786809e-01
3.511759705262673e-01 4.074588236961317e-01
-1.746512384837785e-01 1.241392724190348e-01
1.672357187684991e-01 2.715869927815635e-01

158
-6.923267962069526e-03 -3.119201418266896e-02
-7.913163137361814e-01 9.922393812790979e-01
1.258207449721041e+00 1.906854525387300e-01
-2.383388929168487e-01 -1.939051507619617e-01
-2.052028345833021e-02 3.349969301435591e-01

159
2.785296135639519e-01 -8.829759263167525e-02
-6.554239628923727e-01 -5.586429882779368e-01
7.991498257853752e-01 1.224165412756614e+00
-7.126523054740351e-02 -1.940283004093543e-01
-3.617508112922340e-02 -8.305180587859437e-02

160
4.156956582760198e-03 -1.926171940159454e-01
-2.268364799395436e-03 1.883434238686790e-01
-1.950206877782324e-01 9.374118191642120e-01
-5.141820738478497e-04 2.339947272221133e-02
-1.802889059946830e-01 -9.267274800174169e-03

161
-1.837887157593153e-01 -7.647745373117686e-02
1.666605422625960e-01 5.299847524896960e-02
-2.937100962417172e-01 9.481602713314324e-01
2.204933884342869e-02 7.075064019119700e-03
6.350052042887105e-02 -1.671636870334829e-01

162
-3.796534826064887e-02 -1.316321409110555e-01
5.015049590526286e-01 3.773467943204018e-01
-4.061235189719429e-01 2.999096543119765e-01
-1.387676420696372e-01 -3.880540516440456e-02
1.682814979723014e-01 -6.725480403229320e-02

163
-1.960011044797988e-01 2.507223837700994e-02
1.235027266543332e+00 2.471484957488219e-01
-8.418754306418493e-01 7.913510825351232e-01
-2.645958174295495e-01 -3.173061293115192e-02
1.336974312593388e-01 3.134278643107118e-01

164
-1.546432760262172e-02 -6.142946331154598e-02
-1.322061025789101e+00 2.076074602418940e+00
2.464990313309596e+00 1.124392138763031e-01
5.363822367126578e-01 -2.663313883850620e-01
-3.912193497162566e-02 6.766207215015907e-01

165
-2.015519599031460e-01 1.236291330646025e-01
1.521324534769572e-01 -7.202467723103315e-02
-1.876207632766158e-01 1.272540953160224e-01
-1.027582999143975e-02 -3.917189205453371e-03
6.912070822314281e-01 -8.121838017542352e-01

166
-1.506106419475353e-01 -1.248163133040765e-02
3.376218747698505e-01 3.988522647679381e-01
-5.313440731686250e-02 7.279984639069246e-01
7.076448362034830e-03 -1.605718336968744e-01
3.998244922024331e-02 5.486628295501322e-02

167
-1.936338406970927e-01 -4.441148573824918e-02
3.724927326648196e-01 5.734025202118997e-01
-8.072494227039308e-02 7.303454749022936e-01
3.976261720425001e-02 -2.041629734404978e-01
-5.803027709595756e-02 1.337605963123586e-01

168
-1.535236590604295e-02 -7.393735889253522e-03
1.155870292439773e+00 4.608087802240138e-01
-9.753632760361134e-01 7.699224266897797e-01
2.068221385818878e-01 -2.227051550696388e-01
-2.578763021229727e-01 -8.936082441683722e-02

169
5.547267123779160e-01 5.967592136028929e-01
-6.083385665428004e-01 -7.223344365331448e-01
7.907909036263588e-01 2.991418048685268e-01
-1.465857492953194e+00 -1.863485206991467e-01
-6.752892723991570e-02 -1.690077848499997e-01

170
1.196241975800142e-01 -1.727614951277741e-01
2.383847139636379e-01 6.922568434928198e-01
-3.791355177789500e-01 4.044188676235182e-01
1.773694577842112e-01 8.998869091904885e-02
-1.542794459143945e-01 -1.426052401438268e-01

171
-1.891790347687756e-01 -4.555979035821461e-02
1.436131516599088e+00 -1.136904395598993e-02
-6.275735819245687e-01 1.152171575527748e+00
1.493850821460841e-01 -3.637147343588547e-01
1.877119668504234e-01 3.100252191494609e-01

172
-4.907214823234732e-02 -1.161780284532161e-01
-1.462695694188130e-01 4.063468318267426e-01
1.397328454953120e-01 6.301727661604317e-01
-1.095597066025803e-01 2.245113912357284e-02
-3.188177546009645e-03 4.741996765768866e-02

173
-1.362592573222636e-01 -8.383479994782189e-02
1.084613722625890e-01 4.194763532628556e-01
-2.621603248272564e-01 5.176930334618532e-01
-7.581601956239477e-02 9.378301656796585e-02
8.109935673630020e-02 -1.423043424917709e-01

174
-6.931813847245942e-02 -9.251936381984235e-02
6.659875126994882e-01 5.409567899669490e-01
-7.240970592556475e-01 3.118184649055918e-01
-8.373614283789323e-03 2.087360853712221e-01
1.942757410642097e-01 -1.281777252997252e-01

175
-1.512780520569595e-01 -1.495480654989053e-01
6.384969624020480e-01 1.236274953709322e+00
-1.228535160758575e+00 -1.601320622020846e-01
-1.491172375357294e-01 3.186495901111595e-01
-1.657612617314784e-01 -2.159912362438887e-01

176
-6.030183733253093e-03 -1.510574234194690e-02
6.213854855508074e-01 2.573394879277707e-01
-5.322836656646631e-01 4.113552170604238e-01
-1.589987372957171e-01 -3.748403422790637e-02
1.151196641141340e-01 -1.392425644865680e-01

177
3.658602385377990e-02 -1.363964666790327e-01
3.314349425569441e-01 3.967825676971888e-01
-1.452925765258043e-01 3.327851982645625e-01
-1.289058447408095e-01 -5.552607268550879e-02
1.331874049935384e-01 1.724133891595797e-02

178
2.771859594931661e-02 -1.154699299296054e-01
3.378259563574337e-01 3.160424027849268e-01
-2.135837526945636e-01 5.681938050710950e-01
-1.225891123679405e-01 -4.487938390888303e-02
1.398289558709096e-02 5.782289765911728e-02

179
1.516941543286489e-01 -7.154350396708417e-01
2.228487501186130e-01 4.613241775997969e-01
-5.099855302450305e-01 3.083458587351917e-02
-2.632879490217116e-01 7.511463672914195e-02
4.900405368652745e-02 2.021240829372145e-01

180
9.026054826325391e-01 -9.010568640869241e-01
-5.426502878471726e-01 -1.649475545967694e+00
1.912704608553335e+00 4.025083392969505e-02
-1.688900958320742e-01 -8.411666482779455e-01
1.234827432202506e+00 5.836988038492948e-02

181
-1.280350813528933e-01 6.873096129831625e-01
6.285346307369819e-01 2.722807388292598e-01
-6.142045177060448e-01 7.533772289014571e-01
-8.699621987048861e-01 6.095399442624078e-01
1.175913709379353e-01 1.649219312949761e-01

182
5.786827128206025e-03 1.962914042407188e-02
7.766768167764951e-01 4.359053117112873e-01
-7.644024820459628e-01 4.562313636271952e-01
3.695051269360752e-02 2.148627476902828e-01
1.458426901735868e-01 -1.628610615097661e-01

183
-5.599690839879384e-02 4.704311998192765e-01
4.573941023724429e-01 -4.245841048948073e-01
-2.083643210093114e-02 8.183481813727154e-01
-9.942780400303058e-01 -1.740931312090803e-01
1.436837851277755e-01 1.512725904192503e-01

184
-3.870184730848151e-01 1.005283563930184e+00
6.465836651418566e-01 5.248089625461723e-01
-9.365262658205492e-01 9.002523788368951e-01
-1.539733969472359e+00 1.068582258395799e+00
-1.478508435069692e-02 5.387509089180811e-01

185
-1.015285958700854e-01 5.700789617572388e-01
1.119009201497142e+00 1.927359361811597e-01
-1.117707936413600e+00 1.916248846852096e+00
3.043059011187051e-01 1.124523148271667e-01
-6.367799961668827e-01 -1.135069604947900e-01

186
1.443268374359268e-02 1.730217979704209e-01
6.104272822678271e-01 5.685349778456622e-02
-4.664698808090249e-01 6.856030473322264e-01
-2.240825917298841e-01 2.918728000884810e-02
9.488795075694008e-02 -1.262324269487264e-01

187
5.019482110731451e-02 2.054276207173109e-01
-3.982321174577426e-01 3.671376534395671e-01
7.260254672147534e-01 5.778533745025733e-01
-4.487762046850821e-02 9.375520556194068e-02
2.256225873700273e-01 -7.728442638031285e-02

188
-6.792804344270803e-02 2.581899608418792e-01
7.685173052742570e-01 -2.154045373446206e-01
-2.461853991394272e-01 1.072300261256844e+00
-3.332103867941475e-01 -5.487393022670820e-02
2.016592840452239e-01 1.843609667842737e-01

189
5.288465020343619e-03 6.555991186357581e-03
-1.204788639394566e-01 -1.673837743946459e-01
1.238450386975409e-01 1.714471052334459e-01
-1.058607877472317e+00 1.367506795240716e+00
1.330323368372268e+00 5.205707968702459e-01

190
-1.542899031267107e-01 4.127531543863866e-01
5.733876970658038e-01 -2.974948909099615e-01
-2.007469727038294e-01 7.948254102296135e-01
-7.796688448578099e-01 -3.373844235683835e-01
5.843185297939052e-02 -1.312628481421858e-02

191
-4.377468927211352e-05 2.630838895630014e-03
4.245545147973308e-02 -5.329945166594930e-02
-4.246401187867010e-02 5.493506405459134e-02
-5.294373254573580e-01 -2.105413058139066e-01
2.900788899958113e-01 -3.706025083467722e-01

192
-1.447635982448361e-02 2.539321512601940e-02
1.193840258211138e+00 -2.142491839035609e-01
-4.146407513200562e-01 1.140543154250171e+00
5.614053959881936e-02 -2.910456770970976e-01
2.041563461798984e-01 2.322819978808454e-01

193
-1.148334491659853e-01 5.175736568875445e-01
2.171321176177573e+00 -3.563179770004782e-01
-1.796832694139475e+00 2.002559365919498e+00
5.234696634277947e-02 -2.831917360561644e-01
-5.546338867956896e-01 2.895644900437094e-02

194
1.552612749886447e-02 7.040509844265229e-03
1.153313321850009e+00 4.233971412364777e-01
-9.416850528661788e-01 7.863740538722611e-01
1.969838557955861e-01 -2.273945016046633e-01
-2.588233707515281e-01 -8.076834524513027e-02

195
-1.552257456322322e-01 1.423962821954327e-01
3.416235727968501e-01 2.796644136346078e-01
-3.394624646270458e-02 1.021233454588728e+00
4.296272637430891e-02 6.082285512516318e-02
1.069383526478213e-01 9.669776297601465e-02

196
1.198082749291637e-02 1.273642925582533e-02
8.810495042666178e-01 8.759669929268290e-01
-1.197857862023195e+00 3.240157168824038e-01
-3.030402952665149e-02 3.022525338191313e-01
-2.252066355574744e-01 -1.380307544576153e-01

197
1.228467339702060e+00 -9.130110714469651e-01
-1.836435535035887e-01 -6.124239851849289e-01
8.648346153288806e-01 -2.354541289020645e-01
-7.776283763393803e-02 -4.646845067858790e-01
3.277309886247847e-01 9.913073583581619e-02

198
-2.010622266340967e-01 2.116352118104640e-01
7.137436968781908e-01 6.170842527086233e-01
-1.053528211250560e+00 7.761616682281971e-01
7.551528229853804e-03 2.158867560170245e-01
-2.454181242288733e-01 -2.670451245185310e-01

199
-1.955455973368945e-01 9.030266385468527e-02
4.592265786893072e-01 3.018857766509337e-01
-3.389270522870732e-01 9.977590797151132e-01
2.516071387814886e-02 1.458029232823405e-01
8.382202150130978e-02 5.527814236827370e-02

200
2.025491800020747e-03 -2.746356015032121e-04
-7.411104494685010e-02 -3.441968855486648e-02
7.537688171670399e-02 3.425736700976435e-02
9.762537621283698e-02 -6.743925259429366e-01
1.430439679651535e-01 -9.883679705504025e-01

201
1.208369243165873e-02 2.780891996751500e-03
-5.268032429854244e-01 6.097099452413914e-01
7.911610196562605e-01 1.500631107074054e-01
-1.472289486915385e-01 -1.312413094398025e-01
1.679264374500719e-01 -8.236786524322773e-02

202
2.440431563414018e-01 -2.295396949550952e-01
-1.154900584676121e-01 4.439167032082698e-01
4.844291034964477e-01 -3.014901756720131e-01
-5.635231861892195e-01 -4.128718520021661e-01
9.027135737294177e-02 8.935832311085004e-02

203
9.039394275453945e-02 -1.094668859009898e-01
-5.763007058387273e-01 8.749652560608582e-01
9.756714509952151e-01 9.178357454376779e-02
-2.480122063024410e-01 -1.559882239137007e-01
1.638628618930348e-02 2.749439378276302e-01

204
1.085143285909782e-01 -6.218573794415970e-02
3.584017469995733e-02 -7.101507847113664e-02
5.904247506112801e-02 2.421552981101890e-02
3.275557465243672e-02 1.638990486519928e-02
6.418877086105217e-01 -6.241932997719608e-01

205
-1.294680710472193e-01 -1.831643083817136e-01
-9.218851370852033e-01 5.900456680283147e-01
1.095563353813204e+00 2.366481943855835e-01
-6.663220378240747e-02 -1.541325229809264e-01
2.553877391259198e-01 -4.147820835446028e-02

206
-1.102541489123988e-01 7.605023082878316e-02
-5.853573084164772e-02 4.442104646679688e-02
1.960157201548164e-02 -6.654921247968401e-03
-2.149019975461081e-02 -1.647731889726257e-02
6.336395991475730e-01 -7.837287302287580e-01

207
2.463280650733417e-01 2.630094973594502e-01
7.107650373012375e-01 2.016220870054632e-02
-3.051969578952266e-01 4.897164064130365e-01
-1.414920867273270e-01 2.033436312588317e-01
3.443570735994993e-01 -1.456052569969893e-01

208
2.197516731327601e-03 -7.958665248129013e-04
-2.232434978089735e-03 -7.488280521298488e-02
3.589425371573211e-03 7.439369243496970e-02
-5.862931809697207e-01 1.984812051843810e-01
5.863401587105720e-01 -1.984983363222121e-01

209
1.307222884347881e-02 -3.138632084689846e-01
-1.460385584786171e+00 2.247306116060957e-02
1.044209966825560e+00 1.143990352296415e+00
3.538776069458627e-01 1.777920728552668e-01
2.686750008850462e-02 -2.640264918190652e-01

210
-5.825798422455804e-04 1.657205059585025e-03
7.454667389009602e-02 3.356213089900348e-02
-7.490802645465944e-02 -3.253563708329115e-02
8.718753097053568e-02 -6.713966194440045e-01
1.277879582337996e-01 -9.840045476043385e-01

211
5.800913705594865e-01 2.217110618967646e-01
5.709181744340812e-01 -5.314232143629044e-02
-6.378706457871878e-01 -2.462154836389812e-01
-1.058338884205523e+00 2.207668431262593e-01
4.921935643022852e-02 -1.503819805202303e-01

212
3.227301882777539e-02 -4.879133643168991e-03
-4.779668033600702e-02 -9.108520535180055e-02
6.963219870332911e-02 8.907178532332448e-02
-2.790587100389387e-03 5.746787893415475e-05
6.092993021350432e-01 -6.799046417271206e-01

213
1.206691835763870e-01 -5.174267230627499e-01
-5.292076283317400e-01 1.953661633546097e-01
4.182671648415699e-01 3.812471055050773e-01
-2.688695657335796e-01 1.374213140631009e-01
2.162164597463730e-01 2.242781216409407e-01

214
-3.481484783546999e-02 6.846140321004206e-03
5.552733111343650e-02 9.522137956782928e-02
-7.524751908081466e-02 -8.991521836877818e-02
2.459943768745922e-03 -5.516308793367515e-04
6.211962482017257e-01 -7.382947107648875e-01

215
3.246152401192552e-01 4.634070818725329e-02
-1.465094301171103e-01 -1.071605388963999e+00
2.300797070041231e-01 1.615960325585476e+00
-6.287748069895081e-03 -7.117419941119645e-02
2.973879127455584e-02 -2.531646413965701e-01

216
2.820887653253114e-02 -2.687333949357294e-02
-4.015687441498280e-02 -9.923873761095742e-02
5.996571248246620e-02 8.067595419929101e-02
-2.231847255102199e-02 -2.501251363411616e-02
5.995562020924630e-01 -6.655867702404605e-01

217
-3.909661958096999e-01 -2.910079869744746e-01
-1.515846534036267e+00 4.897492434686418e-01
6.554319303196808e-01 2.983028738259110e-01
-3.050679852442363e-01 3.379276329902556e-01
2.423136991079475e-01 -3.414702303440402e-01

218
-1.109255388849801e-01 7.241349423616920e-02
1.083007394559773e-02 1.392841281051122e-02
-5.145082070319914e-02 2.265146431735497e-02
8.328051530617364e-03 3.206048388923046e-02
6.750060645840350e-01 -7.858316569778346e-01

219
2.615743226394216e-01 4.844721750965431e-02
2.023386180856281e-01 -6.252379216162028e-01
1.275433408246147e-01 1.345858685077551e+00
2.753756004403394e-02 -1.800258680954037e-01
4.617247434350519e-03 -9.053793024445488e-02

220
-3.212261428991835e-02 -8.495628794314541e-03
5.586336918511302e-02 9.698049869152120e-02
-7.548241792128801e-02 -1.003786863886438e-01
-6.917595107531040e-03 3.022397174662196e-02
6.469062221356504e-01 -7.140215821965844e-01

221
-2.751484805465316e-03 -1.887814330760870e-05
-4.386196943183525e-02 5.492490800572331e-02
4.212352105090646e-02 -5.492719934234050e-02
-5.376336915912918e-01 -2.124003490823531e-01
2.934963984288223e-01 -3.766959008289287e-01

222
4.226692600234388e-02 -1.229646740663426e-01
-4.062471674182191e-01 5.110398300108520e-01
5.388423720951038e-01 1.892979330437740e-01
-1.700142889996227e-01 -7.956483325019902e-02
1.429345643926682e-01 -4.899657574870108e-02

223
-3.466668511997932e-02 -1.425477086415880e-01
-1.874922093727370e-01 4.842434629748744e-01
1.876859007249080e-01 3.131385574992639e-01
-1.420798516807732e-01 1.809137904828721e-02
1.324047194660998e-01 -5.240204048567419e-02

224
1.125466934803115e-02 -8.299237259017941e-01
-1.726434942444662e+00 -1.387050109655801e+00
6.905833753666785e-01 3.713205731081901e+00
8.791112226158270e-01 1.712453457161866e-01
-7.930155034110367e-01 1.803721334135772e-01

225
-1.123288373427979e-01 4.239604175130844e-01
-1.634531450700396e-01 8.061926121762902e-01
5.535360037913652e-01 -3.052969467953066e-01
-8.353452191441267e-01 -2.159957345396133e-01
1.409378199734215e-01 -3.731683591527978e-02

226
-1.656283500913108e-01 7.286916104089250e-02
-1.712397770343903e-01 5.475032760573117e-01
4.645665637856032e-01 6.893436538697382e-01
-6.169212264602850e-02 -1.832884654080174e-01
-2.186805798756351e-02 7.337467054974676e-02

227
-1.198390815920257e-01 1.068781782753284e-01
9.104522633815341e-03 5.152823322874927e-01
3.849670200963974e-01 5.588583886038044e-01
-1.000876867935200e-01 -1.370129659709868e-01
1.075513796533191e-01 6.831801705775424e-02

228
-1.181361946294749e-01 1.937244339290322e-01
-6.233412764781850e-01 1.235117712804196e+00
1.286830849953274e+00 1.673855767962214e-03
-3.668335432596219e-01 -2.130325359986780e-01
4.987561484306475e-02 3.653274152516127e-01

229
-3.235560451488222e-02 5.620935478450514e-01
5.028047619596055e-02 9.737612694172034e-01
5.110387572919014e-01 -5.564886588652542e-01
-1.191799840235534e+00 -1.592694825967760e-01
1.223479821250253e-01 1.951989980638756e-01

230
7.009361558745273e-01 5.468150781286041e-01
9.312890163661992e-01 1.591714425232828e-01
-8.042489920809456e-01 -6.842344371693970e-01
-1.553752408797188e+00 9.968700039225349e-02
-1.155419198691802e-01 -8.739623389867324e-02

231
-1.596008307903116e-01 2.956849679821378e-01
1.164325436245764e-01 -2.470982916781889e-01
4.944510524552871e-01 1.485340021471378e+00
1.318409526364922e-02 -3.229888037667126e-02
2.640282546318259e-01 1.576916943496498e-01

232
-7.246991585822771e-02 -1.820652773543585e-01
-4.202921708127493e-01 1.104829934040777e-01
1.683517616048334e-01 9.898293698182259e-01
-1.036089890253875e-01 7.422077036140413e-02
-9.056960533500240e-02 1.142834361936833e-02

233
-1.531734493376042e-01 -3.595804377589679e-02
-3.218630243107521e-03 3.233839884882304e-01
-1.106708746429280e-01 7.263365276201535e-01
-4.117830201742504e-03 4.590391229633051e-02
3.897172399352530e-02 -1.547826549671098e-01

234
-1.955471614395266e-02 -1.803823884312050e-01
-3.865897934381037e-01 5.893186270827465e-02
3.938235097593553e-01 7.170256539525831e-01
-1.069658680495669e-01 4.476171887383377e-02
2.014618050765869e-01 -1.413310609333331e-02

235
7.855917814962489e-01 -6.747301193882103e-01
-6.505535174454701e-01 -3.759387332937490e-01
-1.075968281909966e-01 7.259538439937316e-01
-1.201443540894877e-01 2.677683523473404e-01
-3.868250672270214e-01 -1.270028375947334e-01

236
2.222666181162153e-01 -7.262678298849962e-01
-5.291816809000662e-01 -1.200191600435441e-02
1.854875985768197e-01 4.949148558549512e-01
-2.774543883349896e-01 5.932403121431054e-02
2.432413524828304e-02 2.072255633960345e-01

237
-1.763459928986309e-01 2.141823404502631e-03
-1.439796338835597e-01 4.452750778558994e-01
-5.051218506447938e-02 7.229662767949574e-01
2.750363301875004e-02 1.272063939305189e-01
9.647953173780295e-03 -1.822838447676816e-01

238
-6.584048337604995e-03 -1.547537309265697e-01
-3.384499842408423e-01 1.987098210141791e-01
3.790679917155878e-01 6.635680417563640e-01
-4.592983742603974e-02 5.212898690442007e-02
1.692832332124313e-01 -1.525298405021405e-02

239
-5.714310220380485e-02 -1.745669269063055e-01
-3.099192296216936e-01 2.579692692467938e-01
1.127768908210982e-01 9.301482871671911e-01
-3.841317563214996e-02 4.873741074658774e-02
-1.393760667971538e-01 2.769784485000135e-02

