4 4

13
1 1 0 0 1 0
1 0 3 0 -8112044962589199/1000000000000000 0
1 0 2 0 -518909384790823/1000000000000000 0
1 0 1 0 -6833750307019749/1000000000000000 0
1 0 0 0 215933280867001/2000000000000000 0
0 1 3 0 -8112044962589199/1000000000000000 0
0 1 2 0 -518909384790823/1000000000000000 0
0 1 1 0 -6833750307019749/1000000000000000 0
0 1 0 0 215933280867001/2000000000000000 0
0 0 3 0 1265133803570001/250000000000000 0
0 0 2 0 1423398365841711/100000000000000 0
0 0 1 0 1465358418536337/2000000000000000 0
0 0 0 0 3187778746355221/5000000000000000 0

18
1 0 2 0 -8112044962589199/1000000000000000 0
1 0 1 1 -8112044962589199/1000000000000000 0
1 0 1 0 -518909384790823/1000000000000000 0
1 0 0 2 -8112044962589199/1000000000000000 0
1 0 0 1 -518909384790823/1000000000000000 0
1 0 0 0 -6833750307019749/1000000000000000 0
0 1 2 0 -8112044962589199/1000000000000000 0
0 1 1 1 -8112044962589199/1000000000000000 0
0 1 1 0 -518909384790823/1000000000000000 0
0 1 0 2 -8112044962589199/1000000000000000 0
0 1 0 1 -518909384790823/1000000000000000 0
0 1 0 0 -6833750307019749/1000000000000000 0
0 0 2 0 1265133803570001/250000000000000 0
0 0 1 1 1265133803570001/250000000000000 0
0 0 1 0 1423398365841711/100000000000000 0
0 0 0 2 1265133803570001/250000000000000 0
0 0 0 1 1423398365841711/100000000000000 0
0 0 0 0 1465358418536337/2000000000000000 0

18
2 1 0 0 1 0
2 0 3 0 -8112044962589199/1000000000000000 0
2 0 2 0 -518909384790823/1000000000000000 0
2 0 1 0 -6833750307019749/1000000000000000 0
2 0 0 0 215933280867001/2000000000000000 0
1 2 0 0 1 0
1 1 3 0 -8112044962589199/1000000000000000 0
1 1 2 0 -518909384790823/1000000000000000 0
1 1 1 0 -6833750307019749/1000000000000000 0
1 1 0 0 215933280867001/2000000000000000 0
0 2 3 0 -8112044962589199/1000000000000000 0
0 2 2 0 -518909384790823/1000000000000000 0
0 2 1 0 -6833750307019749/1000000000000000 0
0 2 0 0 215933280867001/2000000000000000 0
0 0 3 0 8946538150353867/1000000000000000 0
0 0 2 0 2597473473618539/1000000000000000 0
0 0 1 0 281969250016793/250000000000000 0
0 0 0 0 225977323546383/2000000000000000 0

24
2 0 2 0 -8112044962589199/1000000000000000 0
2 0 1 1 -8112044962589199/1000000000000000 0
2 0 1 0 -518909384790823/1000000000000000 0
2 0 0 2 -8112044962589199/1000000000000000 0
2 0 0 1 -518909384790823/1000000000000000 0
2 0 0 0 -6833750307019749/1000000000000000 0
1 1 2 0 -8112044962589199/1000000000000000 0
1 1 1 1 -8112044962589199/1000000000000000 0
1 1 1 0 -518909384790823/1000000000000000 0
1 1 0 2 -8112044962589199/1000000000000000 0
1 1 0 1 -518909384790823/1000000000000000 0
1 1 0 0 -6833750307019749/1000000000000000 0
0 2 2 0 -8112044962589199/1000000000000000 0
0 2 1 1 -8112044962589199/1000000000000000 0
0 2 1 0 -518909384790823/1000000000000000 0
0 2 0 2 -8112044962589199/1000000000000000 0
0 2 0 1 -518909384790823/1000000000000000 0
0 2 0 0 -6833750307019749/1000000000000000 0
0 0 2 0 8946538150353867/1000000000000000 0
0 0 1 1 8946538150353867/1000000000000000 0
0 0 1 0 2597473473618539/1000000000000000 0
0 0 0 2 8946538150353867/1000000000000000 0
0 0 0 1 2597473473618539/1000000000000000 0
0 0 0 0 281969250016793/250000000000000 0

