40

2
7.091705821964179e-01 -7.627048098244262e-01
7.091705821964164e-01 7.627048098244265e-01
9.722487625512314e-01 -2.347391800816376e-15
4.366283176383251e-01 1.294292821222850e-15

7
1.009854384989586e+00 2.252513717241249e+00
1.009854384989588e+00 -2.252513717241249e+00
2.159742700363869e-01 8.894594905808246e-01
2.159742700363865e-01 -8.894594905808247e-01

13
1.009854384989588e+00 2.252513717241251e+00
1.009854384989588e+00 -2.252513717241251e+00
2.159742700363866e-01 -8.894594905808249e-01
2.159742700363868e-01 8.894594905808246e-01

22
8.379343746774827e-01 -6.797257998895535e-17
-9.871709108347424e-01 1.004684119160093e-16
7.277195691942831e-02 3.870617177982119e-18
-2.144669285347948e+00 4.277371042963392e-16

23
7.091705821964167e-01 -7.627048098244257e-01
7.091705821964169e-01 7.627048098244256e-01
4.366283176383243e-01 -1.624604984381907e-16
9.722487625512330e-01 2.225189489639409e-17

26
4.269931973561867e-01 4.339876984179137e-16
-2.539342183803329e-01 -4.264798329770394e-16
2.063962894193437e-02 1.946679448123932e-01
2.063962894193438e-02 -1.946679448123931e-01

37
4.269931973561870e-01 -5.100883960069049e-16
-2.539342183803336e-01 1.149089308138625e-15
2.063962894193435e-02 -1.946679448123929e-01
2.063962894193423e-02 1.946679448123933e-01

43
3.597784405211233e-01 3.044160336832223e-01
3.597784405211227e-01 -3.044160336832226e-01
1.516009010731355e-01 2.140397172149356e-01
1.516009010731354e-01 -2.140397172149358e-01

47
9.104036966347987e-01 1.421124040251196e+00
9.104036966347963e-01 -1.421124040251197e+00
4.399316029217050e-01 7.631743713048237e-01
4.399316029217043e-01 -7.631743713048230e-01

48
9.104036966347965e-01 1.421124040251198e+00
9.104036966347987e-01 -1.421124040251197e+00
4.399316029217045e-01 -7.631743713048239e-01
4.399316029217035e-01 7.631743713048234e-01

50
1.202279626517663e+00 4.432716773468188e-16
-6.659005683030810e-01 -4.191334585672657e-17
-3.121710940744526e-02 -1.097072810048381e-17
-1.987993819424219e+01 -6.831497967147480e-15

55
9.104036966347925e-01 -1.421124040251197e+00
9.104036966348024e-01 1.421124040251196e+00
4.399316029217051e-01 7.631743713048259e-01
4.399316029217032e-01 -7.631743713048220e-01

64
-2.539342183803330e-01 -3.463975493978583e-16
4.269931973561869e-01 4.978012850560065e-16
2.063962894193439e-02 1.946679448123932e-01
2.063962894193438e-02 -1.946679448123932e-01

77
-2.539342183803336e-01 9.757992221384319e-16
4.269931973561868e-01 -3.054776398897129e-16
2.063962894193433e-02 -1.946679448123929e-01
2.063962894193427e-02 1.946679448123932e-01

82
1.009854384989587e+00 -2.252513717241249e+00
1.009854384989588e+00 2.252513717241249e+00
2.159742700363866e-01 -8.894594905808243e-01
2.159742700363866e-01 8.894594905808246e-01

86
-3.725758565234820e-01 5.062845114968757e-01
-3.725758565234814e-01 -5.062845114968760e-01
-2.632724089692846e-01 1.980577095808117e-01
-2.632724089692845e-01 -1.980577095808121e-01

91
-3.158804810549666e-01 4.353095010169680e-01
-3.158804810549666e-01 -4.353095010169680e-01
-2.014619401416527e-01 2.037548046223543e-01
-2.014619401416528e-01 -2.037548046223543e-01

92
7.091705821964168e-01 7.627048098244266e-01
7.091705821964173e-01 -7.627048098244266e-01
4.366283176383257e-01 3.220957336289358e-16
9.722487625512315e-01 -4.230332342145752e-16

93
-3.725758565234818e-01 5.062845114968765e-01
-3.725758565234823e-01 -5.062845114968763e-01
-2.632724089692851e-01 -1.980577095808117e-01
-2.632724089692848e-01 1.980577095808119e-01

107
-5.576910336237415e-01 9.198012018539877e-01
-5.576910336237415e-01 -9.198012018539876e-01
-3.563189998744147e-01 4.742042819491832e-01
-3.563189998744147e-01 -4.742042819491834e-01

112
8.379343746774811e-01 3.926664117312564e-16
-9.871709108347423e-01 7.674017500399487e-17
-2.144669285347942e+00 -1.469827165521623e-15
7.277195691943078e-02 5.057714082981666e-16

117
-5.576910336237413e-01 9.198012018539873e-01
-5.576910336237412e-01 -9.198012018539874e-01
-3.563189998744146e-01 -4.742042819491831e-01
-3.563189998744147e-01 4.742042819491830e-01

122
-9.871709108347424e-01 -2.353541616955987e-17
8.379343746774828e-01 5.901378847900540e-17
7.277195691942828e-02 1.721483153418773e-17
-2.144669285347948e+00 -6.089604722108096e-16

123
3.597784405211232e-01 -3.044160336832227e-01
3.597784405211232e-01 3.044160336832227e-01
1.516009010731355e-01 2.140397172149357e-01
1.516009010731355e-01 -2.140397172149356e-01

133
-9.871709108347426e-01 6.642831514321492e-17
8.379343746774819e-01 9.830196933295760e-16
-2.144669285347945e+00 -3.673087483673821e-15
7.277195691942664e-02 -1.923682350888191e-16

134
-6.659005683011124e-01 6.893325441641869e-13
1.202279626518065e+00 1.406919038515727e-13
-1.987993819477496e+01 -1.864692071593676e-10
-3.121710940656561e-02 -5.774195536366142e-13

137
3.597784405211242e-01 3.044160336832223e-01
3.597784405211220e-01 -3.044160336832225e-01
1.516009010731355e-01 -2.140397172149359e-01
1.516009010731354e-01 2.140397172149357e-01

146
-5.576910336237416e-01 -9.198012018539878e-01
-5.576910336237414e-01 9.198012018539878e-01
-3.563189998744146e-01 4.742042819491835e-01
-3.563189998744148e-01 -4.742042819491835e-01

147
-3.725758565234822e-01 -5.062845114968760e-01
-3.725758565234817e-01 5.062845114968766e-01
-2.632724089692848e-01 1.980577095808123e-01
-2.632724089692849e-01 -1.980577095808118e-01

153
1.202279626518320e+00 -3.030138752751139e-13
-6.659005682998613e-01 -1.484471985580814e-12
-1.987993819511370e+01 4.011924763727242e-10
-3.121710940681040e-02 3.352635106518508e-13

154
7.091705821964175e-01 7.627048098244272e-01
7.091705821964174e-01 -7.627048098244275e-01
9.722487625512289e-01 -3.692244117786855e-16
4.366283176383274e-01 -1.733908846886568e-17

157
-3.725758565234822e-01 -5.062845114968758e-01
-3.725758565234815e-01 5.062845114968765e-01
-2.632724089692848e-01 -1.980577095808116e-01
-2.632724089692847e-01 1.980577095808121e-01

165
-6.659005683030812e-01 1.060759194931234e-16
1.202279626517663e+00 -2.132684910169915e-16
-3.121710940744525e-02 -2.118279535158570e-18
-1.987993819424213e+01 -1.972014190892772e-15

179
-3.158804810549664e-01 4.353095010169679e-01
-3.158804810549664e-01 -4.353095010169679e-01
-2.014619401416525e-01 -2.037548046223544e-01
-2.014619401416526e-01 2.037548046223544e-01

180
9.104036966347974e-01 -1.421124040251197e+00
9.104036966347974e-01 1.421124040251196e+00
4.399316029217042e-01 -7.631743713048232e-01
4.399316029217047e-01 7.631743713048232e-01

197
3.597784405211218e-01 -3.044160336832225e-01
3.597784405211242e-01 3.044160336832220e-01
1.516009010731354e-01 -2.140397172149358e-01
1.516009010731355e-01 2.140397172149357e-01

207
1.009854384989588e+00 -2.252513717241249e+00
1.009854384989587e+00 2.252513717241250e+00
2.159742700363866e-01 8.894594905808246e-01
2.159742700363867e-01 -8.894594905808246e-01

213
-5.576910336237402e-01 -9.198012018539883e-01
-5.576910336237423e-01 9.198012018539865e-01
-3.563189998744137e-01 -4.742042819491840e-01
-3.563189998744149e-01 4.742042819491824e-01

235
-3.158804810549669e-01 -4.353095010169680e-01
-3.158804810549664e-01 4.353095010169684e-01
-2.014619401416528e-01 2.037548046223546e-01
-2.014619401416527e-01 -2.037548046223542e-01

236
-3.158804810549662e-01 -4.353095010169681e-01
-3.158804810549668e-01 4.353095010169676e-01
-2.014619401416527e-01 -2.037548046223545e-01
-2.014619401416527e-01 2.037548046223540e-01

