8                                                

8.379343746774827e-01 -6.797257998895535e-17
-9.871709108347424e-01 1.004684119160093e-16
7.277195691942831e-02 3.870617177982119e-18
-2.144669285347948e+00 4.277371042963392e-16

1.202279626517663e+00 4.432716773468188e-16
-6.659005683030810e-01 -4.191334585672657e-17
-3.121710940744526e-02 -1.097072810048381e-17
-1.987993819424219e+01 -6.831497967147480e-15

8.379343746774811e-01 3.926664117312564e-16
-9.871709108347423e-01 7.674017500399487e-17
-2.144669285347942e+00 -1.469827165521623e-15
7.277195691943078e-02 5.057714082981666e-16

-9.871709108347424e-01 -2.353541616955987e-17
8.379343746774828e-01 5.901378847900540e-17
7.277195691942828e-02 1.721483153418773e-17
-2.144669285347948e+00 -6.089604722108096e-16

-9.871709108347426e-01 6.642831514321492e-17
8.379343746774819e-01 9.830196933295760e-16
-2.144669285347945e+00 -3.673087483673821e-15
7.277195691942664e-02 -1.923682350888191e-16

-6.659005683011124e-01 6.893325441641869e-13
1.202279626518065e+00 1.406919038515727e-13
-1.987993819477496e+01 -1.864692071593676e-10
-3.121710940656561e-02 -5.774195536366142e-13

1.202279626518320e+00 -3.030138752751139e-13
-6.659005682998613e-01 -1.484471985580814e-12
-1.987993819511370e+01 4.011924763727242e-10
-3.121710940681040e-02 3.352635106518508e-13

-6.659005683030812e-01 1.060759194931234e-16
1.202279626517663e+00 -2.132684910169915e-16
-3.121710940744525e-02 -2.118279535158570e-18
-1.987993819424213e+01 -1.972014190892772e-15

