40

3
5.795997758978190e-01 8.373108992218461e-02
5.795997758978189e-01 -8.373108992218463e-02
-7.980236832906031e-02 5.308839676900575e-18
2.096210552453827e+00 -9.075986945479389e-17

11
7.079341852437991e-01 -3.300675626361019e+00
7.079341852438004e-01 3.300675626361019e+00
1.092406774319098e-01 9.247491759849765e-01
1.092406774319097e-01 -9.247491759849767e-01

13
7.079341852437981e-01 3.300675626361017e+00
7.079341852438021e-01 -3.300675626361019e+00
1.092406774319102e-01 -9.247491759849770e-01
1.092406774319097e-01 9.247491759849765e-01

17
1.221693625434938e+00 -7.039672220168392e-14
-4.807581722506680e-01 4.669743061811240e-13
9.424810754222934e+00 -2.256740439899319e-11
-1.832149919091866e-01 8.865609250713742e-14

26
1.275009482223394e-01 -1.457545149865641e-01
8.038165880459731e-02 2.295807538916353e-01
3.739810831292056e-02 6.903377701630160e-02
-4.984208910855045e-02 -2.743145747393559e-02

32
3.153388095454280e-01 2.312723191728689e-17
-8.659528121128657e-01 -6.476127799820092e-17
-9.797219089739879e-02 -1.267259677958654e-17
-1.128131671050152e+00 -1.162411274781461e-16

33
1.275009482223390e-01 -1.457545149865646e-01
8.038165880459738e-02 2.295807538916348e-01
-4.984208910854981e-02 -2.743145747393568e-02
3.739810831291972e-02 6.903377701630123e-02

36
1.221693625434856e+00 -6.105461653449782e-17
-4.807581722501276e-01 6.126130730470089e-17
-1.832149919091246e-01 -4.353246624010450e-17
9.424810754196859e+00 -5.827198188101736e-15

37
7.079341852437977e-01 -3.300675626361016e+00
7.079341852438024e-01 3.300675626361017e+00
1.092406774319096e-01 -9.247491759849764e-01
1.092406774319100e-01 9.247491759849765e-01

51
1.275009482223390e-01 1.457545149865645e-01
8.038165880459738e-02 -2.295807538916348e-01
-4.984208910854983e-02 2.743145747393569e-02
3.739810831291972e-02 -6.903377701630123e-02

58
1.275009482223391e-01 1.457545149865644e-01
8.038165880459737e-02 -2.295807538916348e-01
3.739810831291976e-02 -6.903377701630120e-02
-4.984208910854981e-02 2.743145747393563e-02

63
5.795997758977768e-01 8.373108992215784e-02
5.795997758978586e-01 -8.373108992215519e-02
2.096210552453841e+00 -1.765134388287242e-14
-7.980236832905969e-02 7.606762185114281e-16

64
1.041530566792835e+00 1.841557523671193e+00
1.041530566792835e+00 -1.841557523671194e+00
3.950104410036677e-01 8.614899298980344e-01
3.950104410036677e-01 -8.614899298980347e-01

67
8.038165880459733e-02 2.295807538916352e-01
1.275009482223394e-01 -1.457545149865641e-01
3.739810831292050e-02 6.903377701630146e-02
-4.984208910855038e-02 -2.743145747393551e-02

76
5.795997758978187e-01 -8.373108992218542e-02
5.795997758978187e-01 8.373108992218523e-02
-7.980236832906031e-02 -5.301292188954043e-18
2.096210552453827e+00 1.683252009941319e-16

77
8.038165880459736e-02 2.295807538916346e-01
1.275009482223389e-01 -1.457545149865645e-01
-4.984208910854981e-02 -2.743145747393564e-02
3.739810831291971e-02 6.903377701630119e-02

79
-4.807581722511294e-01 -7.108039476993025e-14
1.221693625435007e+00 1.073546232143046e-14
9.424810754245170e+00 3.424701551221307e-12
-1.832149919091770e-01 -2.366139234691437e-14

106
-2.154794861454744e-01 4.159462094363487e-01
-2.154794861454737e-01 -4.159462094363492e-01
-1.781605654212792e-01 1.867380860047043e-01
-1.781605654212789e-01 -1.867380860047047e-01

107
-6.127069998559066e-01 1.250775275108950e+00
-6.127069998559070e-01 -1.250775275108950e+00
-2.764774695171100e-01 6.029914266857221e-01
-2.764774695171101e-01 -6.029914266857223e-01

110
-3.140203278934284e-01 5.198426767799630e-01
-3.140203278934282e-01 -5.198426767799631e-01
-2.548011754775483e-01 -2.192152495520111e-01
-2.548011754775484e-01 2.192152495520111e-01

111
-3.140203278934282e-01 5.198426767799623e-01
-3.140203278934279e-01 -5.198426767799629e-01
-2.548011754775480e-01 2.192152495520107e-01
-2.548011754775482e-01 -2.192152495520113e-01

117
1.041530566792835e+00 1.841557523671194e+00
1.041530566792835e+00 -1.841557523671194e+00
3.950104410036676e-01 -8.614899298980346e-01
3.950104410036674e-01 8.614899298980351e-01

140
-0.480758172250127685743e0 0.582758667710958633279e-17
0.122169362543485655968e1 -0.416333634234433702659e-16
-0.183214991909124611885e0 0.325260651745651330202e-17
0.942481075419686238452e1 -0.277555756156289135106e-16

146
-2.154794861454741e-01 -4.159462094363484e-01
-2.154794861454736e-01 4.159462094363487e-01
-1.781605654212788e-01 1.867380860047044e-01
-1.781605654212791e-01 -1.867380860047043e-01

147
-6.127069998559064e-01 -1.250775275108950e+00
-6.127069998559069e-01 1.250775275108950e+00
-2.764774695171101e-01 6.029914266857221e-01
-2.764774695171101e-01 -6.029914266857220e-01

171
-8.659528121128663e-01 -2.194743883493922e-16
3.153388095454282e-01 3.946362472060906e-16
-1.128131671050153e+00 -4.643211819804037e-16
-9.797219089739891e-02 6.076171458018388e-17

174
-8.659528121128658e-01 6.392935883054588e-17
3.153388095454280e-01 4.628294073222942e-17
-9.797219089739881e-02 4.649813473775595e-18
-1.128131671050152e+00 7.181011950813258e-17

177
-6.127069998559068e-01 1.250775275108950e+00
-6.127069998559066e-01 -1.250775275108950e+00
-2.764774695171099e-01 -6.029914266857220e-01
-2.764774695171101e-01 6.029914266857223e-01

178
-2.154794861454737e-01 4.159462094363492e-01
-2.154794861454743e-01 -4.159462094363486e-01
-1.781605654212792e-01 -1.867380860047043e-01
-1.781605654212789e-01 1.867380860047047e-01

181
5.795997758978418e-01 -8.373108992206811e-02
5.795997758977881e-01 8.373108992206985e-02
2.096210552453878e+00 -1.185627305020555e-14
-7.980236832906257e-02 4.767474152340368e-16

187
8.038165880459741e-02 -2.295807538916347e-01
1.275009482223389e-01 1.457545149865645e-01
-4.984208910854981e-02 2.743145747393568e-02
3.739810831291969e-02 -6.903377701630121e-02

196
1.041530566792835e+00 -1.841557523671193e+00
1.041530566792834e+00 1.841557523671194e+00
3.950104410036676e-01 -8.614899298980345e-01
3.950104410036670e-01 8.614899298980349e-01

197
8.038165880459715e-02 -2.295807538916352e-01
1.275009482223392e-01 1.457545149865639e-01
3.739810831292034e-02 -6.903377701630178e-02
-4.984208910855047e-02 2.743145747393578e-02

207
1.041530566792834e+00 -1.841557523671192e+00
1.041530566792834e+00 1.841557523671192e+00
3.950104410036674e-01 8.614899298980341e-01
3.950104410036674e-01 -8.614899298980345e-01

213
-3.140203278934281e-01 -5.198426767799629e-01
-3.140203278934280e-01 5.198426767799628e-01
-2.548011754775482e-01 -2.192152495520111e-01
-2.548011754775481e-01 2.192152495520110e-01

214
-3.140203278934285e-01 -5.198426767799628e-01
-3.140203278934282e-01 5.198426767799632e-01
-2.548011754775484e-01 2.192152495520114e-01
-2.548011754775484e-01 -2.192152495520108e-01

217
-6.127069998559067e-01 -1.250775275108950e+00
-6.127069998559072e-01 1.250775275108950e+00
-2.764774695171101e-01 -6.029914266857224e-01
-2.764774695171103e-01 6.029914266857225e-01

218
-2.154794861454740e-01 -4.159462094363489e-01
-2.154794861454740e-01 4.159462094363488e-01
-1.781605654212791e-01 -1.867380860047045e-01
-1.781605654212790e-01 1.867380860047045e-01

222
7.079341852437975e-01 3.300675626361019e+00
7.079341852438018e-01 -3.300675626361020e+00
1.092406774319098e-01 9.247491759849764e-01
1.092406774319095e-01 -9.247491759849765e-01

231
3.153388095454293e-01 2.413450660039068e-15
-8.659528121128665e-01 -1.336025500233802e-15
-1.128131671050154e+00 -2.747700634027392e-15
-9.797219089739850e-02 7.475411098361338e-16

