0
-1.432097219351759e-03 1.913906872292465e-03
-6.892067149643072e-02 5.213686354424162e-02
6.728946957801676e-02 -4.996169737237013e-02
-1.233370456197378e-01 7.399386076349151e-01
-1.805404921511866e-01 1.084140889306331e+00

1
-4.473981065649937e-02 1.373177190178214e-01
5.689564038560865e-02 8.956143638314808e-02
-9.477306604482912e-02 8.977416315636759e-02
-1.454764006080080e-02 6.936046814283282e-02
-8.379408074027989e-01 2.889727813586335e-01

2
-1.099485233813170e-02 2.442407641712758e-01
1.984900437176086e-01 7.495015092438129e-01
1.516448586965601e-01 -2.704247626522076e-01
1.809819285005691e-01 2.267210970742478e-02
-1.874413830837973e-01 -1.550675529783002e-02

3
8.074992339354617e-03 -1.171862477936753e-03
-1.879194531721102e-01 6.449105124331388e-04
1.971195129441911e-01 -1.954222395855736e-03
1.219775286893336e+00 -1.179756391072914e+00
-1.219318057533437e+00 -6.930841387784216e-01

4
-3.414633027895453e-01 -1.946807225374943e-01
-2.808345500329201e-01 3.249921046764160e-01
-3.133105488175112e-01 -5.146853548334464e-01
4.641983200726597e-02 -7.872231629728119e-01
-2.332646682269408e-01 5.479935410264553e-03

5
-1.053044006497211e-01 1.048905634396068e-01
-3.330776968758150e-01 4.190413109217602e-01
-6.238810441137725e-01 -2.312749633464232e-01
-2.070808653420447e-02 -1.399763432135369e-01
-5.400249036774264e-02 2.939253240657651e-02

6
1.509783466507903e-03 -1.935164479447633e-03
1.496805196923167e-02 5.480694129343559e-02
-1.326552322651920e-02 -5.701319176483439e-02
4.307654701250900e-01 2.692582489650382e-01
-3.134760465988289e-01 2.789628195390342e-01

7
-1.136890547471878e-01 8.067014516650810e-02
-2.692170841007168e-02 6.582014145417274e-01
-5.140873118223862e-01 -4.854573728706534e-01
-1.127846700585223e-01 -1.247546214274120e-01
1.584467585181764e-01 -6.796802487637163e-02

8
-2.463229937209111e-01 -2.704659028665637e-01
-9.194315251520733e-01 -6.031001190525636e-01
-1.501458002638131e+00 1.300635922610406e-01
3.044887809853129e-01 -1.013896373211303e-01
-1.048641344249180e-01 -2.298100880788200e-02

9
1.922591581136915e-02 3.161227712528018e-02
1.059268307953762e-01 5.357495760342591e-02
-8.258551023541018e-02 -1.880193030969911e-02
-2.219574938388074e-02 1.350590789152395e-02
-8.141473038442315e-01 3.859773068058269e-01

10
-1.786851454557764e-01 -1.634343793477707e-01
-6.533494962869303e-01 -3.558104693788861e-01
-1.089210033584633e+00 -2.192337286889839e-01
1.955024608798807e-01 -7.857869804510714e-02
-2.471001597758509e-02 1.988602597194177e-01

11
-1.825785716825303e-01 5.859955923026096e-01
-5.352730795634419e-03 1.961015577320992e+00
5.366929471075159e-01 -5.658093714118290e-01
-4.460911361782047e-01 -1.567756740245067e-01
4.252190132351188e-01 1.707324637488590e-01

12
3.634126837159745e-02 1.664544308275153e-03
1.699324234752794e+00 8.045398449606960e-01
-1.544233686915369e-01 -1.869109268755333e+00
-4.357353058571228e-01 -1.133635593769171e-01
3.094298810540889e-01 -3.711491079686020e-01

13
1.266877354256990e-01 -1.934815556037489e-01
1.141283349727340e+00 6.360857852699578e-01
1.893768166099502e-01 -1.387440294717333e+00
-3.681004631976545e-01 -8.696923740273824e-02
5.900613170394643e-02 3.823667359725147e-01

14
-6.487419014095996e-02 -3.935666300760401e-01
9.886249664996730e-01 -5.375033387648205e-01
-1.032966499988097e+00 -1.679511315450081e+00
-3.625473319813620e-01 1.756469924745662e-01
2.753448519641170e-01 2.513789747667659e-01

15
-1.372727298746781e-01 -1.209030374092264e-01
-4.973135450977072e-02 -3.636234768119868e-02
-7.114228328755161e-01 -3.946728359794641e-01
4.288014822640782e-02 4.067302213151799e-02
-5.589186721988177e-02 1.062949856530412e-01

16
-1.673795432414519e-01 3.688954412890539e-02
-1.663623997545956e-01 3.923179442843519e-02
-6.341050309349734e-02 -6.529152198328884e-04
5.317221197965508e-02 -1.296397137285435e-02
-6.265397783539323e-01 4.252910824819835e-01

17
-9.949199799715763e-02 1.329527695821118e-01
-1.399599881442974e-01 4.248287901496594e-01
-6.949100081902424e-01 -1.333870879843023e-01
-3.001066970370361e-02 4.844420675764261e-02
-6.359019734556365e-02 -1.414774190068819e-01

18
-3.488332155454879e-01 -3.483175990612185e-01
-9.740044354446228e-01 -2.540315549965768e-01
-1.970758255204027e+00 1.720113179617744e-01
-1.135523877368943e-01 3.493569150214846e-02
3.667605577988091e-01 -1.630690388905042e-01

19
-1.946034650314010e-01 -6.546046530806963e-02
-4.485133634666937e-01 7.561018840147875e-02
-8.950828564950399e-01 -1.755184862477873e-01
-3.871348556326126e-02 1.831568292098387e-02
4.537845648420311e-02 1.506809258967114e-01

20
2.633544741048876e-01 1.122296999342335e-01
9.507705141369696e-02 1.914409041650115e-02
-9.443493782129286e-01 -8.185756978972677e-01
-8.350267047407979e-02 -4.314990969747937e-02
-1.156357548368340e-01 1.567081138992647e-01

21
-6.975559832236837e-02 1.510148168994956e-01
8.558554308487845e-02 5.061570598562906e-01
-2.189560820791397e-01 -2.613670972759662e-01
1.217446257119355e-01 6.466928834132209e-02
-1.129002054838676e-01 -4.072272709286454e-02

22
3.721410105451898e-03 -5.672780835838166e-03
1.060377950708850e-01 4.784696138442674e-01
-4.677678006283430e-01 -1.475895706974106e-01
5.778107216631221e-03 1.152734384561664e-01
-8.613988559466217e-02 -4.825926896869351e-02

23
-1.247887685133521e-01 2.594745319142082e-01
5.952796277370212e-02 3.956574341793376e-01
-3.047766035103509e-01 -1.127397110657174e-02
1.745561609970551e-01 5.146341249190974e-01
-1.732219783565811e-02 -4.972508266083114e-02

24
-3.978387557298555e-01 -9.570268917535739e-01
-5.969515592854571e-01 -1.609358964842958e+00
-3.083525959567716e-01 1.076120552845383e+00
2.291463150779582e+00 5.533612628855502e-01
-3.029878039427027e-01 -3.267084744640666e-01

25
1.512526432833547e-03 8.011093039908250e-04
8.062071283926295e-02 -2.933761057096769e-02
-7.890100713696749e-02 3.024277765407394e-02
-3.259080613853916e-01 6.753661662303104e-01
-4.778717699088123e-01 9.896756827835236e-01

26
-1.858986358984829e+00 7.713458374030785e-01
-1.215275690353085e+00 6.241057927988095e-01
-7.235563643758350e-01 1.816462534985263e-01
-7.519842545780417e-01 2.946041095042130e-01
5.927014980228905e-01 -2.480824913075866e-01

27
3.726725687337369e-04 -2.408330830261284e-03
-5.866151426184477e-02 -4.661866712700617e-02
5.907382629043363e-02 4.388081169702829e-02
6.503279246439964e-01 -7.111445769379091e-02
-6.502501916449606e-01 7.062287009151608e-02

28
-1.866164502759997e-01 1.874311585243884e-01
-1.341477221055439e-01 7.737608489968480e-01
-1.908605627775306e-01 -4.986962440552002e-01
-1.453905517863505e-01 -1.242184303163541e-01
1.440452524313538e-01 1.637471737772598e-01

29
-1.687632502436939e-01 1.404521406383370e-01
-5.337197416989281e-02 5.876017030959702e-02
-7.770642330890416e-01 -5.284287395372459e-01
5.559294062495835e-02 -4.213626226043119e-02
-6.794590897422467e-02 -1.280542980739945e-01

30
-3.351234785762364e-02 -2.949205036368450e-02
-1.416354561428067e-01 -2.170814452847844e-02
1.048809851033009e-01 -1.366089017953373e-02
2.101565541419109e-02 -2.380225664128293e-02
-7.789339644851142e-01 7.167353685483147e-01

31
-7.982660067157248e-02 1.277534583735940e-01
-3.034503098735971e-01 5.756084501630941e-01
-6.427455656431111e-01 -4.325853615653070e-01
-5.568323187618720e-02 -1.618163900420958e-01
1.715763750933688e-01 1.505416967962932e-02

32
-2.716584702834222e-01 2.167106948918776e-01
-4.098170820784288e-01 3.062471230293791e-01
2.254007892820782e-01 -2.813423520731240e-01
7.015534360407251e-01 -2.168004187055894e-01
-1.105628860864397e-01 5.827841350094971e-02

33
-4.383713245087967e-02 8.460077580233749e-02
-4.993049326713601e-02 4.487719678083513e-01
-4.676815794891508e-01 -2.247165639204391e-01
1.282051735206642e-01 -1.830621165769796e-02
-6.868890726193017e-02 -1.120583217281188e-01

34
7.301880525945277e-02 4.672672183993911e-03
1.579405555472049e-01 3.402075967714050e-02
-8.092369714412484e-02 -3.273137806803372e-02
-5.192559027742896e-02 -5.033424613542711e-04
-8.754690575712548e-01 4.248942334085057e-01

35
-6.511707648693881e-03 8.531916292511620e-02
-1.281958457205397e-01 4.349362380114457e-01
-3.541789353870923e-01 -2.942733705492349e-01
1.326903316655223e-01 -2.847471214679097e-02
-5.214897207600273e-02 9.361551984477749e-02

36
-1.336461474228562e-03 1.899151466692777e-03
1.323752943255956e-02 5.683522173328093e-02
-1.476336033405259e-02 -5.468992513685029e-02
4.282179833858994e-01 2.701967191070865e-01
-3.140308783759732e-01 2.762689035977530e-01

37
-1.517034628694601e-01 2.163070070836078e-01
3.431733448565104e-02 3.553460828343022e-01
-3.057896016056200e-01 -2.332670439775252e-02
4.680675316877252e-03 4.168661998373610e-01
-1.467912603545872e-01 8.997735799554236e-02

38
-6.496136477174337e-02 1.194672911566588e-01
1.046542219566684e-01 4.757119495348865e-01
-4.322431497667316e-01 -4.733668315138483e-01
4.975654407729143e-02 6.613584137045726e-02
8.949445022199778e-02 -6.060898162875872e-02

39
1.570861243400802e-02 -1.384426285024879e-01
-2.093727725888384e-03 -9.387742944011063e-02
3.450786512955527e-02 -4.346346713104673e-02
-5.165563211676534e-03 4.404308059709455e-02
-7.591428219216083e-01 7.235648658417214e-01

40
1.261945673192143e-02 1.476193401630720e-01
4.835176708468965e-02 1.286129089069750e-01
-8.282642687855625e-03 4.661831626268228e-02
-3.836440660685094e-03 -4.624407014760897e-02
-9.212239736287484e-01 3.356000069840169e-01

41
-1.281605212036962e+00 -8.923149912934962e-01
-4.102827955189505e-01 -4.234199688985953e-01
-9.264425375928543e-01 -5.147502883887849e-01
-5.061524984232210e-01 -3.753312838307002e-01
4.089804493556139e-01 2.909511340040322e-01

42
1.990782553879092e-03 7.505130964649807e-04
4.583085151116058e-02 4.094099010547089e-02
-4.356515645904521e-02 -4.008377338349003e-02
5.316129665781152e-01 -1.381439100057451e-02
-5.312063113316093e-01 1.396685135306713e-02

43
1.562316666413238e-03 -5.529355896321950e-03
1.245336294582817e-01 4.812737849722554e-02
-1.227834650984660e-01 -5.442904408559750e-02
1.100161938502979e+00 -4.281578937267820e-01
-5.961731698973290e-01 -7.723196885340881e-01

44
4.769201379186344e-01 -3.651008062647040e-01
8.880522981183212e-01 -1.413956258147817e-01
-2.738840545466159e-01 -5.686177187589866e-01
1.144056489420527e+00 5.489680867674013e-01
2.160153499303994e-01 -3.550608679700564e-01

45
1.750490478679182e-01 3.311570622766698e-01
7.923173994234949e-01 4.601112239978082e-01
-4.338540675790661e-01 -1.473057045009066e+00
-3.529821165621231e-01 -1.193845540757364e-02
6.324244910031930e-02 9.919357472207486e-02

46
3.688704379005254e-01 -7.412322044845404e-01
6.440415789222746e-01 -1.249008112969424e+00
-9.044640453685817e-01 4.326759854419195e-01
7.563506449172701e-01 1.471572406495173e+00
-2.897957443711210e-01 3.344926893724464e-01

47
2.109360810720542e-01 -8.741264684770031e-02
1.271822428463309e+00 2.695730082397367e-01
-3.239434388931984e-01 -1.080955983097856e+00
1.318095472965401e-01 3.513898363628643e-01
1.135098216913320e-01 -2.834150118494865e-01

48
-2.864268034880315e-01 8.312004533347983e-02
-1.861738031211360e-01 3.716932865731980e-01
-3.027401495831274e-01 -2.469100348550628e-01
-2.454624606049976e-01 -8.496140995645758e-02
-2.283280637697705e-01 2.932095292690961e-01

49
1.958832528187186e-01 2.235701536141239e-01
4.132692100452372e-01 -4.573845637487885e-03
-5.064772579139882e-01 -1.035438945228970e+00
8.539820416046430e-02 -3.819450232911226e-02
-2.306187303956024e-01 1.034243791844507e-01

50
4.446174537675269e-01 8.730041262527246e-01
5.717952266627209e-01 1.020270359291375e+00
-6.259750135067017e-01 -1.285018421985387e+00
-2.632767624676899e-01 -7.632753467858222e-01
-5.169536463926157e-01 -6.871189299904160e-01

51
3.747615416998277e-01 5.541629277102152e-02
9.482601139749059e-01 -2.787416687908692e-01
-1.392092871006919e+00 -1.103879216798243e+00
-2.137452958121145e-01 2.955465686137408e-01
-1.616217515679849e-01 -3.091003229114966e-01

52
-6.800343290628430e-02 1.561947517973144e-02
-1.569173474136753e-01 4.896867325812675e-03
7.408144765289792e-02 1.159950149685181e-02
4.691973508712970e-02 -1.277106411178161e-02
-7.527910308836885e-01 6.227916262673898e-01

53
2.980525320453701e-02 2.058284680845172e-01
5.204934344625700e-01 6.928098877451536e-01
1.059205817388474e-03 -9.440526374357485e-01
-1.497027051818492e-01 -1.492360183779382e-01
-7.149623284222553e-02 1.040247314765034e-01

54
-2.783868354094741e-01 4.781675879367224e-01
-4.530933899564484e-01 6.785722574898696e-01
1.916682091246074e-01 -6.428916224119628e-01
7.825240159711437e-01 -5.420144864942090e-01
1.204295209647987e-01 -3.157180349930127e-01

55
1.715042608891630e-01 2.613848866039746e-01
1.315320613291173e+00 1.340591569225054e+00
1.613201893564647e-01 -1.768598168304319e+00
-3.735672713754440e-01 -2.939336464201854e-01
3.822083174802405e-01 -2.430379322939119e-01

56
-1.084079874167534e-02 1.593890375284066e-01
-7.749898614676383e-02 1.220654260475422e-01
8.538202450660640e-02 8.054375556745490e-02
3.300075332810686e-03 7.953451496628169e-02
-8.196354958878992e-01 5.382558672327057e-01

57
1.390634770966160e-01 5.034135805376328e-02
4.844284716370872e-01 7.121568948664864e-01
3.678043328991081e-01 -6.630225302226233e-01
1.897719153251718e-01 -6.222522458898197e-02
-1.150444977031392e-01 2.246651551376086e-01

58
-1.176686223480698e+00 -3.494719558738459e-01
-2.744984590975760e+00 2.739367780681749e+00
2.068229920562588e+00 5.224719201577122e+00
6.906889712130138e-01 7.682289786485178e-01
-5.243657601525263e-01 4.637588615822419e-01

59
7.753771389824914e-01 9.374562416330503e-01
8.049970835726805e-01 2.968172400164789e-01
-1.072112510530635e+00 -1.434792726516057e+00
1.430621060370529e-01 -1.142518770597426e-01
-4.151108137043696e-01 -6.902615986057562e-01

60
1.687206389410122e-01 9.890519600486575e-01
-8.169241911592051e-01 7.611757519021962e-01
9.876396494234544e-01 8.278898502293990e-01
1.061596693038630e+00 1.276647609942093e+00
-4.146950986637717e-02 7.422176669466943e-01

61
-1.090709561243498e-01 -4.123694237082164e-02
3.683940009169731e-01 6.225524879154808e-01
3.330906797053962e-01 -5.129750291283022e-01
1.850659443001241e-01 -2.460330482082878e-02
-4.135253212361919e-02 1.750320488894374e-01

62
7.916779300964281e-01 8.739571565686921e-01
-5.061539365421658e-01 1.128774778656220e+00
1.583818804336222e+00 3.884984489976093e-01
2.238592560075084e+00 1.302502084561504e-01
-3.464564244422160e-01 -7.262140215487518e-02

63
-8.070997421169811e-03 4.119687991160957e-03
6.746493598555472e-01 4.538703093056162e-01
5.647158516289601e-02 -8.105036433935058e-01
1.534398761536353e-01 -1.149543182867136e-01
-1.489802034993987e-01 -8.510572376084352e-02

64
1.919767425944024e-02 -1.669989391703432e-03
1.006700694420969e+00 3.233515902794759e-01
-2.231440310508257e-01 -1.031456432058627e+00
9.264944126455706e-02 2.304988529728949e-01
1.162980460835915e-01 -2.161763919116673e-01

65
-1.619779081628889e-01 3.000768644498076e-01
-6.196425061996185e-01 -2.848498905861002e-02
-1.503437336374060e+00 -2.381445708339517e-01
-1.370463407862910e-01 -3.470383548394209e-02
-4.093383624422797e-02 -2.150353532032032e-01

66
3.625449916557686e-02 -1.211962516128362e-01
7.590009977029021e-01 8.754927280194580e-02
-1.698954024071727e-01 -7.298222909688046e-01
1.203808731892209e-01 1.655651660950518e-01
-1.957762277270911e-01 4.682474832946461e-02

67
1.895750952487145e-01 -2.806635552108249e-01
7.353713983144375e-01 1.498770972526402e-01
-3.996305490997836e-01 -5.057603527574690e-01
2.348910901955071e-01 1.292758609904553e-01
-1.690623127455868e-01 -1.657640558576270e-01

68
-4.625938741466310e-01 -9.726771454214360e-01
6.580971059134937e-01 -1.202426118590766e+00
-1.383167337574247e+00 -4.415592376385988e-01
6.920443225292439e-02 -9.108398106423149e-01
-1.125420344552099e+00 -7.629367694087507e-01

69
2.390716254369547e-02 2.176053336686566e-02
-1.178483209019401e-01 2.927825354890324e-03
1.455956717309974e-01 2.085758711868661e-02
-1.524081414830338e-02 -1.407480173501609e-02
-8.817909452174522e-01 7.560149540368104e-01

70
5.302123161636516e-02 -2.119499838174479e-01
3.612318746729259e-01 -2.574813632300649e-02
-5.586190154288879e-01 -8.549396828816634e-01
1.061825405032582e-01 -7.293226880804618e-03
4.365691006332766e-02 1.458994795137112e-01

71
-1.401593295950592e-01 -2.462810123085830e-01
3.324137018707174e-01 -3.590270913231933e-01
-5.920975618623776e-01 -8.721869834510143e-01
7.107490102315567e-02 -9.460439719016359e-02
-1.722117742002356e-01 1.782119815217623e-01

72
-1.962286104655933e-01 -9.878718722029929e-02
2.197515143911096e-01 5.678580807042421e-02
-2.840880050789731e-01 -1.544724001930336e-01
3.164067381535988e-01 3.404166439584085e-01
-6.920221594791515e-02 -3.987863046965723e-02

73
-4.974338584917107e-03 -1.986318703202181e-01
4.231888387429925e-01 5.769666909338340e-01
-3.519032916669083e-01 -5.560881864103451e-01
-1.208077258343958e-01 2.093578854804475e-02
1.350192638500107e-01 2.602974080881760e-02

74
-4.687319385791057e-02 -1.178057152651604e-01
4.412001061864936e-01 2.478651079699075e-01
-3.398033894876749e-01 -5.050274839514226e-01
1.927865338126341e-02 1.039125698316276e-01
-9.619216447057362e-02 1.413525344265483e-02

75
-1.365450036217201e-02 -1.933549970783290e-02
8.473114331126387e-02 1.691638559761856e-02
-9.961701357804886e-02 -3.940667449388411e-02
8.528725019360698e-03 1.265830696968942e-02
-7.489593719788272e-01 3.894834818310604e-01

76
-1.642382842992663e-01 7.390929959342428e-03
-6.042520086832571e-02 -1.074504313068194e-02
-1.630689098731251e-01 9.502230251933591e-03
5.270596965060177e-02 -1.547683169728766e-03
-6.619840828419857e-01 2.969754746935949e-01

77
5.642956414497901e-01 -7.646993029138564e-03
4.241915643601763e-01 1.111780452950806e+00
3.196696224148557e-01 -9.777378941226631e-01
6.114650250377043e-02 -3.839222436438738e-01
4.119678222396737e-02 4.351939052060594e-01

78
-5.726719786635821e-01 -1.341240815847921e-01
-1.595876093247346e-01 -1.423507497337298e-01
-4.352565063540516e-01 -1.644504443417226e-02
1.830689893797632e-01 4.491893360325293e-02
-2.259614693665755e-01 -6.911486659660838e-02

79
-5.066398076086550e-01 -9.635246771160896e-02
-4.089190370388557e-01 -1.478300858205154e+00
-2.081396975958683e+00 -3.050036565763146e-01
8.917909997460345e-02 4.763093827227635e-01
-1.327695082161292e-01 -1.612553496106107e-01

80
1.967824023471943e-01 4.198130165070795e-02
1.268999009087478e-01 3.619154836635924e-01
-5.778870982407419e-01 -6.482126365212622e-01
-2.184750522391792e-02 -1.608654703653432e-01
-1.072178300061081e-01 8.623386598269184e-02

81
6.883074129006042e-01 2.198100833077429e-01
2.365652049959387e-01 3.724228762534257e-01
-1.004533714969055e+00 -2.593205778431100e-01
-5.242966875347641e-02 1.395246598411743e-01
-4.189652570435134e-01 -8.063667102216900e-02

82
1.013299610728115e-02 3.609459871924826e-01
-5.178560181220500e-01 3.739514187454760e-01
-1.264104489842152e+00 -4.653079620871591e-01
-1.445976431965581e-01 4.854070837551023e-02
2.901989636131244e-01 -7.761140296648214e-02

83
1.583193424867318e-02 -1.325874498711917e-01
4.260125756431828e-02 -1.545364212329146e-02
-7.768473114073728e-03 -1.155071764624544e-01
1.361539871314921e-02 -4.997734652191956e-02
-7.138049481220571e-01 5.799739742391632e-01

84
3.340759671068461e-02 1.380744366794238e-01
-5.592183436596727e-02 6.656151088696975e-01
-6.246717123660184e-01 -2.529580475705733e-01
-4.395945840611151e-02 1.287292337942610e-01
1.654801039795589e-01 -8.735224146405315e-02

85
1.862694727660336e-01 3.987834565018498e-02
4.766531728895997e-02 2.434754481985850e-01
-7.563864139592280e-01 -3.897718098681346e-01
-5.548036864634274e-03 7.437339861660483e-02
-1.056653212878378e-01 5.807440737845661e-02

86
8.071626350991343e-02 -1.010652475576635e-03
1.499868995343102e-01 5.174346257229772e-01
-4.515861864282125e-01 -1.372877787901177e-01
6.087616426318943e-03 1.230139150375158e-01
-1.199110211763945e-01 -4.034407526819417e-02

87
-1.538780142225438e-01 1.970209712064853e-01
-4.265640732749459e-02 7.904400861186658e-02
-6.533422187581923e-01 -9.059363079630613e-01
5.211458976697080e-02 -5.959909199051943e-02
1.440044381867875e-01 7.055313630269965e-02

88
7.038680848162889e-01 9.887123001439616e-01
-2.166143782479552e-01 7.527214496790685e-01
-1.090935280217006e+00 -1.433303615562479e+00
-5.304840276300407e-01 -5.870642850484432e-01
-2.552242518151158e-01 1.977429839522060e-01

89
-3.959312157020333e-01 2.374341055588618e-01
-2.271883722061798e-01 -1.285064050750241e+00
-1.628633422078386e+00 -1.374893174056279e+00
1.957205258127755e-01 -2.966440010922343e-01
-2.187598905883246e-01 -1.678779688042574e-01

90
7.633843753918499e-01 -7.345228904378900e-01
2.999029044925713e-01 2.291409244441944e-01
-1.033832845661535e+00 6.554711922223890e-01
1.013669265174707e-01 2.811586169771086e-01
-4.982310871722498e-01 -2.126082027966579e-03

91
-4.594276530811843e-01 4.718921934450397e-01
-5.450986023634115e-01 -1.609810321434392e+00
-1.765673754309325e+00 -2.596084053420815e+00
1.999907911461544e-01 -4.471650439157590e-01
4.471654970786602e-01 3.602592047428005e-01

92
4.091349815919506e-01 1.110918816158453e+00
-3.185952134569112e+00 -2.540224121924404e+00
-3.530996912248806e+00 -3.774537080250961e-01
9.589831292865532e-01 -3.901243129604223e-01
-6.770462059613144e-01 4.583236621405111e-01

93
8.659508004452555e-02 3.061579956729365e-02
-5.174165823514263e-02 6.198493676012592e-01
-4.509049224458234e-01 -3.394172616720653e-01
-1.236774391672659e-01 -9.972010683737091e-02
-4.432569420491873e-02 1.477713409747950e-01

94
-6.202400110068451e-01 -1.872560340511038e-01
4.933341831782722e-01 -6.026025757598273e-01
-1.151430461217509e+00 -7.673027186756715e-02
-1.769512342143774e-01 1.340398463523584e+00
3.543515786341586e-01 -6.891406149355152e-02

95
-2.023026866424557e-01 -1.773010241579842e-01
2.892274713482957e-01 1.489433111440745e-01
-2.826620317038214e-01 -2.803628106523668e-01
1.874348457568277e-01 4.241057501339334e-01
1.420919457962309e-01 8.253924535433385e-02

96
2.528264894168439e-03 9.018726790957542e-03
-7.098114811808974e-02 4.449291571780647e-01
-3.503188231068310e-01 -2.830613117695816e-01
1.030719493583287e-01 -2.433189016394286e-02
-4.373350363090899e-02 1.072705150829539e-01

97
2.221687178424968e-02 1.692102013100729e-01
-3.575466002612864e-01 3.486346747274688e-01
-6.012920536118538e-01 -2.188939568114175e-01
1.476366277143221e-01 -5.253024009457997e-02
-7.074372831759618e-02 5.546238835041294e-02

98
5.757375399796735e-04 1.784062058896140e-01
-4.117649602462505e-01 2.837356733536874e-01
-8.273003484656938e-01 -1.157152813785408e-01
1.547053878762985e-01 -3.987413397368676e-02
-8.364381160478251e-02 -1.086195287257329e-01

99
1.440425311795433e-02 -4.741589868275262e-02
1.042998617482925e-01 -2.971345967531651e-03
-8.633889299766591e-02 -4.785193636813854e-02
-3.227584301828619e-02 -1.276577003448091e-02
-8.061799927124131e-01 4.499594029522990e-01

100
-6.482220191314407e-03 5.974860884766400e-02
-1.220979469450242e-01 2.686600452769421e-02
1.170403428136096e-01 4.393050506033389e-02
-4.311644394933321e-02 -9.304850305717008e-05
-8.815383168182688e-01 7.084879173498944e-01

101
2.066351072138914e-02 -1.217311294337247e-01
2.260885525866013e-01 4.070320874310448e-01
-3.296957767499261e-01 -4.519801122106419e-01
7.097153271301510e-02 9.290305276633572e-03
8.451465328364882e-03 6.899268779954759e-02

102
8.628192993741410e-02 -4.605197253223685e-02
1.148483297109390e-01 5.185223234527609e-01
-4.225699883919289e-01 -2.558078150031563e-01
5.479155193192134e-02 -5.178051810792962e-02
-1.106939860805618e-01 -4.178877488532325e-02

103
5.034133511173989e-03 -4.922490056345027e-03
2.268446813966083e-02 4.842943634161981e-01
-4.311546626863277e-01 -2.231524627482447e-01
1.025957928165927e-01 -4.392517119081710e-02
-8.201098887528496e-02 -7.727609666246764e-02

104
3.115308734077913e-01 -2.285713730832014e-01
6.169698196137962e-01 -1.165279165903260e-01
-2.314174312206980e-01 -3.674195900389446e-01
6.249653762793719e-01 4.622349856866473e-01
-1.444178225048825e-01 3.494959473433749e-02

105
3.384255238267709e-01 1.120767763584814e+00
-7.643416979952781e-01 1.181310860259017e+00
1.294185026227997e+00 6.274201370656237e-01
7.940057330882959e-01 1.266995799408441e+00
3.747585379929767e-02 1.095164405902579e+00

106
1.479487847675869e-02 -4.434760527369183e-02
9.958276261537598e-02 1.477514139297385e-03
-8.137519644265910e-02 -4.888558079927016e-02
3.258659564237293e-02 8.222472121937992e-03
-7.561708031993750e-01 4.112650203763691e-01

107
3.265829428989809e-01 -5.396369702529883e-02
4.883512744884885e-01 8.982684678690314e-01
-3.413592191087365e-01 -6.072968292801226e-02
4.023159432341191e-02 2.438956507696414e-01
-2.272595119290083e-02 -2.208159003601125e-01

108
1.235089801744863e-02 -1.477466877122183e-01
3.506970337163322e-01 4.003224565384715e-01
-4.362016686339741e-01 -5.212370656993153e-01
5.289618693233048e-03 8.874876046228904e-02
9.604839416427348e-02 4.146444817479372e-03

109
7.929295602399038e-03 -3.113711748091022e-03
7.274181207650519e-02 5.706580627742610e-01
-5.303388387663678e-01 -2.227594182128927e-01
-5.793547615742757e-03 1.347242748632408e-01
9.710434448514721e-02 -6.681435312540525e-02

110
1.552275217913056e-02 -1.249916743582876e-01
3.276054482054765e-02 -3.898643499795084e-02
-2.134148541844317e-03 -8.491250501846465e-02
-5.390435116387373e-03 3.992515331947173e-02
-6.952856665669407e-01 6.462486560911646e-01

111
2.310429886761872e-01 -1.221530987582205e-01
2.180034670229758e-01 2.533331322865125e-01
-8.363849603708542e-01 -2.348627006157228e-01
5.317702170991914e-02 9.497442011772508e-02
-1.399435432617157e-01 -1.451354237255968e-01

112
2.382840249606008e-02 1.647055759383864e-02
-1.173145090626223e-01 -1.263496572909623e-03
1.446326844869288e-01 1.909017894501518e-02
1.247888928477544e-02 -1.756834959611226e-02
-8.701930341697082e-01 7.352400268217918e-01

113
2.730733833272524e+00 1.462942037029899e+00
-8.547915785422975e-01 6.512577643899381e-01
-2.270350153290499e+00 -2.034121397843545e+00
-2.358913812342352e-01 -1.314285680707088e+00
-8.262787749802206e-01 6.197869121511632e-01

114
1.371660990012063e+00 9.785706442640387e-01
4.414770413617964e-01 2.823801125574673e-01
-1.945939534289598e+00 -1.448734249237777e+00
-2.973572245363403e-01 -5.634777994198338e-01
-7.995085970726354e-01 -5.426687293468888e-01

115
1.077483620021654e-02 -2.898892530969771e-03
-1.778829498866569e-02 7.144379550337233e-01
-6.090771607853303e-01 -3.735830049193853e-01
-1.289352335704597e-01 -1.076190862886556e-01
1.519527204178786e-01 -7.624379568694588e-02

116
-9.380857261750678e-03 5.657521215837745e-02
-1.182465371415304e-01 1.909084925094227e-02
1.095901712735870e-01 4.820703172165344e-02
4.026041839457758e-02 1.027368727556307e-02
-8.400057630355512e-01 6.367720395090080e-01

117
2.311364901861234e-01 1.403416524723527e-01
-1.703137485353789e-01 8.110365699063762e-01
-1.769422265849472e-01 -2.159369782035866e-01
1.033710072409133e-01 -1.490131434344279e-01
-1.046928365100750e-01 1.726073230335748e-01

118
2.687060208617790e-01 2.433738188454609e-02
1.865639960640993e-01 4.605992540807369e-01
-5.984199164997461e-01 -7.751497240945200e-01
-4.757525914267229e-02 -2.007559304644843e-01
-7.823422943825513e-03 7.935965060324299e-02

119
5.060831954593367e+00 -3.947523028652522e+00
1.450071001602673e+00 -1.079266407056516e+00
-7.420712431571749e+00 5.535894548332267e+00
-2.593895952854643e+00 2.613272607750236e+00
-2.847616480354207e+00 3.644598615022605e-01

120
-1.427792195731913e-03 -8.955541489499906e-04
7.863714608231280e-02 -3.042429115153741e-02
-8.025237928485193e-02 2.940517156952509e-02
-3.240456759703862e-01 6.737206239531347e-01
-4.746951656235402e-01 9.875222385231365e-01

121
-3.957852342590749e-01 6.338005611398152e-02
7.826738195235344e-02 -4.276313042232271e-01
-6.230516894237691e-01 2.737010675611807e-01
2.338414554275212e-01 8.985213253105072e-01
-2.280677533433613e-01 -8.253475565339747e-03

122
-5.544808216647959e-04 2.416602988304282e-03
-5.895894580288211e-02 -4.406926347368704e-02
5.831968379626108e-02 4.680322178101160e-02
6.497430590971437e-01 -6.705702996138650e-02
-6.498556379487982e-01 6.755141931705406e-02

123
-7.387897686005162e-03 9.254559517259432e-04
-1.938069589459533e-01 5.641970797805497e-04
1.854589593497080e-01 5.033387998046682e-04
1.204389242624143e+00 -1.153556326415743e+00
-1.194303666176943e+00 -6.851081405281740e-01

124
-1.507880499899132e-02 -1.588432424648565e-02
8.480276715057937e-02 2.059291928914694e-02
-1.015651050125789e-01 -3.921290071695537e-02
1.149394660298487e-02 -1.104573340231364e-02
-7.652635362393226e-01 3.701171107786121e-01

125
1.391918779924477e-03 -1.967413126450860e-03
-6.741196830552795e-02 5.040785377232995e-02
6.898408652793182e-02 -5.263497451650371e-02
-1.201961157692826e-01 7.423163220953891e-01
-1.763668953618724e-01 1.088216576133352e+00

126
-1.055477877523100e-01 -1.609767656630181e-01
-1.976972205923699e-02 2.358267486973822e-01
-1.771257356228649e-01 -2.763209580592658e-01
3.844780000765292e-01 2.073787239829075e-02
2.092486647416619e-02 9.266156649296839e-02

127
-1.252723304160407e-01 -1.427153852545255e-01
9.153822684733271e-03 2.094913382951805e-01
-2.001483324270877e-01 -2.449692232023562e-01
4.245034059685402e-01 -3.881445955126717e-02
-6.572450402817739e-02 -3.140484017279397e-02

128
-2.087127039301203e-03 -7.169682460718695e-04
4.342713817688032e-02 3.991896898982476e-02
-4.578607364565243e-02 -4.072610171456492e-02
5.286171647999707e-01 -1.489838948445996e-02
-5.290454233725356e-01 1.475123395570937e-02

129
2.462113577792153e-02 1.532576015999455e-02
-1.152815389337684e-01 2.372046852602226e-03
1.434502900679960e-01 1.413996807018334e-02
-1.090745859915966e-02 1.787865781051419e-02
-8.448120178458715e-01 7.694333560107520e-01

130
-1.083135098231986e-01 -2.354689934067875e-01
1.567904864028303e-01 3.481709773783443e-01
-1.327066094809714e-01 -2.705792873959595e-01
1.362046985776456e-01 1.553005487474756e-01
5.909976435532756e-02 2.257338941803180e-01

131
-1.537499198699558e-02 -1.382044875724964e-01
2.855082460207640e-01 3.839113163896868e-01
-2.608143552977496e-01 -3.770997255051625e-01
9.291117165019575e-02 8.444885822506132e-03
-8.753167522796595e-02 2.341334781546367e-02

132
-4.670897882299137e-02 -1.218637897005480e-02
6.268407555951648e-02 1.930637768450994e-02
-1.177274275996535e-01 -3.590539471926744e-02
3.226912734249567e-02 8.445940100174677e-03
-7.152970582324645e-01 3.435976876781464e-01

133
-6.055618568829339e-02 -7.066520089377211e-02
6.000434142654158e-02 5.748695845426177e-01
-4.911622102688724e-01 -1.711512155830583e-01
-4.352756451031507e-03 1.499777265332095e-01
1.404801505684661e-01 -5.520516402930992e-02

134
-1.694990917345913e-01 -2.394852101383742e-01
2.350709760768278e-01 3.772469809129179e-01
-2.087916530615052e-01 -6.596669388822940e-02
8.763411331801467e-02 1.847724039267458e-01
-5.933160989584640e-02 2.473672585388388e-02

135
-8.795567016900493e-02 -1.010782791249128e-01
1.066476008918372e-01 1.400347266041855e-01
-5.210945115957406e-01 -3.690325158117703e-01
5.781013859405293e-02 6.908897569785059e-02
-7.748184899303112e-02 6.367726868080074e-02

136
-1.493348045898550e-02 -1.544716744357452e-02
8.508821310554592e-02 1.827479782816139e-02
-1.016951090578273e-01 -3.636547989813570e-02
-1.166769153363993e-02 1.084906721228569e-02
-7.625956058896192e-01 3.989638479541557e-01

137
-3.465661680795126e-02 -4.739952354298370e-03
1.561721976060891e+00 7.936628039346848e-01
-9.574311449250493e-02 -1.744659688803836e+00
-3.853304872122303e-01 -1.104134788863312e-01
3.046735687136868e-01 -3.345121335757841e-01

138
-1.712695298417927e-01 -4.191563964936046e-01
2.639166359132903e-01 5.451902439465479e-01
-2.289053565605450e-02 -2.488012805734815e-01
3.962769299330578e-02 1.869883417441386e-02
1.111784833382926e-01 1.822154950496202e-01

139
-3.448835186260932e-02 -1.390185834367825e-01
4.060732709090162e-01 4.171913591620675e-01
-3.023888746941196e-01 -6.027250554017004e-01
-9.907288215928428e-02 9.670580936163633e-03
3.316059331678907e-03 1.021232539639615e-01

140
-2.503079239353791e-01 1.294611205657288e-01
3.112816571315917e-01 -1.647409114144246e-01
-2.913755192166406e-01 -1.306968273464972e+00
1.640073269690866e-01 -8.459645664225954e-02
8.912410674147407e-02 1.903859225611482e-01

141
2.536666468782621e-01 -2.050598606241485e-01
-5.763951507026440e-01 9.579858287462016e-01
-7.284889594181284e-01 1.410094423103671e-01
-1.336318323832651e-01 -2.156842930721699e-01
1.785088971656979e-01 2.012969859639718e-01

142
-5.367522080895236e-01 -4.177138687465832e-01
5.066958984305567e-01 5.189432121487864e-01
1.079354250215285e-01 -1.194013065158761e-01
3.176447797321951e-02 2.748002000057024e-01
1.950385914451490e-01 -7.241005092651441e-02

143
-1.935654950117598e-01 -3.726512979641084e-01
2.062916521148344e-01 5.024896376909538e-01
4.831595152909924e-02 -1.544105370697596e-01
8.634933827542883e-02 2.020287658030402e-02
1.483997170579612e-03 1.996478934364350e-01

144
-1.048344620823699e-01 -5.766540120663467e-02
5.395159765626346e-01 4.936280227700128e-01
7.797949246557714e-02 -6.053176682791584e-01
1.670056933316532e-01 -6.751337408473677e-02
-9.575672663442648e-02 -7.521854830880123e-02

145
5.887931451325811e-03 -1.385443241974876e-02
4.815555375994482e-01 5.812656223056760e-01
2.635338388930168e-01 -7.092557096165679e-01
1.647509062320761e-01 -6.052319696123263e-02
-5.381486916894345e-02 1.807534176054333e-01

146
-5.859827431309713e-01 -7.090652562701734e-01
3.032026874402710e+00 4.296878237241091e-01
2.280419375450011e+00 -3.679895052841473e+00
3.009612793988257e-01 -5.747563162140087e-01
6.787530079628392e-01 4.050542816561669e-01

147
-2.136142379785979e-02 -2.070015912279833e-01
7.849480971843066e-01 1.792225411342692e-01
1.680130487702680e-02 -9.165542934626316e-01
9.116267111013503e-02 -1.401597559597208e-01
-2.295831039302185e-01 8.410577123781215e-02

148
1.305797695558450e-01 -6.063073133387402e-01
6.672545170050248e-01 1.834667871494644e+00
1.469962340935070e+00 1.145505602601072e+00
4.261107914891252e-01 -7.420833173614193e-03
-5.291586424842420e-01 -9.608207368779210e-02

149
-2.114819815120328e-01 8.061546792817287e-02
2.709015871818963e-01 -1.022108562311962e-01
-6.163062391058479e-01 -8.433965407097676e-01
1.391416490565482e-01 -5.331208905599976e-02
-6.770054770358931e-02 -1.540640450196752e-01

150
-1.911343419119222e-01 -3.882361920599484e-01
2.467784276511278e-01 4.810259317068809e-01
-2.032535541970845e-02 -1.313761377553839e-01
9.794702164518275e-02 6.445478904905877e-02
2.228362367783130e-02 1.314752976264631e-01

151
-1.410206053071976e-01 -3.573970410400921e-01
1.909637832532452e-01 5.111279770816944e-01
1.046797173599725e-02 -1.310520893379006e-01
9.558655363820553e-02 8.289128529151378e-02
3.260052782391647e-02 2.192824979997811e-01

152
-2.389221577970395e-01 5.344602179032955e-02
6.398070169963105e-01 5.472880210599824e-01
1.410160277092802e-01 -4.358074720972679e-01
7.577316703010824e-02 2.049180232876416e-01
-9.047509167323829e-02 -1.343732307824608e-01

153
-1.876153327983666e-02 6.413255942650732e-04
9.681487960304476e-01 3.380483911133743e-01
-1.914325983188247e-01 -1.005445113798141e+00
9.277164412413060e-02 2.221711234281286e-01
1.227386896816311e-01 -2.053966949169470e-01

154
-2.723542392504532e-01 -3.305336012543682e-01
3.800167414645678e-01 4.503384185007359e-01
-1.513700936440119e-02 -1.896678755552696e-01
1.353940161488067e-01 1.776421946676583e-01
8.803490695444763e-02 4.703172282993772e-04

155
8.342342414870338e-02 -2.100404975074559e-03
-1.137949849663167e-01 -2.275045948223771e-03
2.033713515510505e-01 -4.886602978324988e-03
-5.792595559514785e-02 1.320895585397511e-03
-9.059308188680590e-01 9.047868081351575e-01

156
-2.276173047063129e-03 -1.787953393750497e-03
-1.441155856021334e-02 -7.033298667497423e-02
1.184277970988070e-02 6.831433278251828e-02
5.046205305572947e-01 3.610362164926199e-01
-4.033245798220986e-01 3.156572353181863e-01

157
-2.590097084912361e-01 -1.927410202883985e-01
1.113097480863492e+00 -4.015545949344882e-01
-9.091587961055710e-01 -1.104199133036927e+00
-1.989537639569925e-01 3.363211516523241e-01
-2.140994861722318e-02 -3.080973963117355e-01

158
-1.259048497462202e-01 7.750557952399380e-01
-1.154992295680118e+00 -2.588093341935690e+00
-3.574811088064238e+00 -1.394641134899801e+00
7.161465991521190e-01 1.025874660610987e-01
-6.290421004890330e-02 -6.604819111516896e-01

159
5.482866192581510e-03 -2.224908273036402e-02
7.450599268164581e-01 7.317062835224958e-01
2.615266256499934e-01 -1.014586758056459e+00
-2.072868365982785e-01 -1.300045665789695e-01
-2.690073995090612e-02 2.785533907788271e-01

160
1.909815780339554e-02 1.758961750121945e-01
-1.097830543145820e-02 5.525837423555562e-02
6.347053164436257e-02 1.527222371891485e-01
-5.431288774666728e-03 -5.668024867079591e-02
-1.098221298986064e+00 4.270891166794517e-01

161
-9.672586956731899e-02 -2.387666698974277e-01
-3.988894806453720e-02 -7.381774864762293e-02
-1.046922386319822e+00 -4.531286371108586e-01
2.852511697943809e-02 7.880298223633286e-02
1.641888102696134e-01 -2.496235718096256e-02

162
-1.746243836680010e-01 -3.934840982311021e-02
-9.921305071413059e-02 3.655114634068876e-01
-3.211090582849770e-01 -3.947414042587165e-01
2.611444840944400e-02 -1.896056777833455e-01
-7.588367287524553e-02 1.211509610720188e-01

163
3.757705218054255e-03 1.103388419742581e-02
-7.315637660054479e-02 5.449924138330250e-01
-4.354961562957936e-01 -3.345459579336093e-01
-8.984064110413735e-02 -9.557423469228452e-02
-3.647098175163537e-02 1.380731820725401e-01

164
-2.155748727170944e-02 -9.256835352993857e-02
2.199400939547187e-02 4.699490377035852e-01
-3.891162129060590e-01 -1.261631335355673e-01
1.303435131914619e-01 -1.145275560240895e-02
-7.653190226660447e-02 -5.747459777108851e-02

165
-2.424636473307020e-03 -9.415908735110456e-03
-6.352243984446898e-02 4.390982465649657e-01
-3.489991182516358e-01 -2.735921531040438e-01
1.023908486145847e-01 -2.000775512145796e-02
-4.225505960944576e-02 1.089438846564251e-01

166
1.220589814719788e-01 -7.569744698418887e-02
-3.055852616304244e-01 4.486595351596060e-01
-6.638077095659771e-01 1.782615075137629e-01
8.027937742357492e-02 9.057375664544273e-02
-1.031812349145442e-01 7.026125726307823e-02

167
7.766245865386633e-02 -1.800126679961228e-01
-6.073102654750023e-02 6.772820708397497e-01
-3.453964455934602e-01 2.819488542575798e-01
1.510329479142522e-01 5.727939153360039e-02
-1.311430417619618e-01 -7.711321244979462e-02

168
-6.413713736528624e-02 -1.603243377310950e-01
6.399145572036880e-02 2.160929703023320e-01
-7.434337484109829e-01 -3.409125937841275e-01
3.930222170212278e-02 1.083493247653309e-01
1.172428969009348e-01 -5.057141333754316e-02

169
2.232342984307610e-01 -4.722945353074897e-02
-3.806183381667530e-01 4.253786286643119e-01
-1.070270201359977e+00 -8.521287078151644e-02
-1.740048925235569e-01 6.150196620796948e-02
6.751970288030527e-02 1.620665003160281e-01

170
-2.110867050268747e-01 -3.523690143637900e-01
2.965754730119900e-01 4.379598083396802e-01
-7.153203859324309e-02 -1.545092386887274e-01
1.137809433655638e-01 1.101831584011907e-01
3.022610427344178e-02 5.534623909646867e-02

171
9.578228873739880e-02 -1.400693660051275e-01
-5.103315676528889e-02 4.788640791919176e-01
-7.909532176721004e-01 1.553510997698839e-01
-7.287070482441146e-02 1.293263063806756e-01
-1.156402871183890e-01 -9.528210946289296e-02

172
-4.022827025554641e-03 5.619221439402514e-03
1.006016670887432e-01 4.790433631723907e-01
-4.654999689548847e-01 -1.526298314824492e-01
6.428896588880195e-03 1.140614528587970e-01
-8.470851465324861e-02 -5.177538679199539e-02

173
3.356904652490184e-01 4.559786204792753e-04
-3.768568877890008e-01 -2.682523728879054e-02
-1.471670277560337e+00 -4.821376440662276e-01
-2.166559577703280e-01 -2.856589695456363e-03
7.634381742417618e-04 2.496427854243471e-01

174
-2.439477488372368e-01 -3.281255583673728e-01
3.307476002493837e-01 4.752449995609519e-01
-3.154680133454621e-02 -1.455993648552931e-01
9.285253669114468e-02 2.093028366958378e-01
9.407558759523911e-02 6.846030273428001e-02

175
1.401083346167652e-01 -2.210153319832329e-01
-1.929056100328448e-01 2.347486707585628e-01
-1.159500569103122e+00 2.428255815427790e-01
-9.343233180849392e-02 1.404120915261771e-01
-1.550811438402972e-01 -1.047270273575999e-01

176
1.144541623773290e-01 -7.009480331906817e-02
1.493918050167748e-01 7.295842165847517e-01
-6.144912217542535e-01 -3.446485470090761e-01
-1.676946287640828e-01 -5.703127170664551e-02
8.733095365869450e-02 -8.157360182909125e-02

177
-1.324707167962023e-02 -1.463222097872415e-01
-7.748900292533834e-02 7.061915960812170e-01
-5.708175183941806e-01 -2.516203475169588e-01
-1.080867076268067e-01 -9.124905348990059e-02
1.914400371278090e-01 2.949281506195653e-03

178
-8.226166840599400e-02 -3.522909074345005e-01
1.017375564616013e-01 5.412788103436811e-01
-2.128611987989261e-01 -1.481900734984780e-01
-8.632758935192353e-02 4.740556032139273e-03
1.603142037941618e-02 2.561760833999838e-01

179
1.052657633519358e-01 -9.815999917220040e-02
-2.656572101811624e-01 5.100641894964896e-01
-6.933830080635847e-01 -3.070704421639068e-02
-6.805992625404325e-02 -1.083616983961947e-01
-1.003887773781928e-01 8.947583489246320e-02

180
-2.098466152225660e-01 2.229580078603134e-01
2.292639763362656e-02 3.704417348309726e-01
-3.616290696862333e-01 -1.722945806681844e-02
-2.009185475842543e-01 3.593510476502593e-01
-2.342697506547110e-01 1.455490740675468e-01

181
2.483085847914006e-03 1.805919314718501e-03
-1.146990076344250e-02 -6.845691272012103e-02
1.430218115643107e-02 7.051533393349382e-02
5.055389903494673e-01 3.646646147630559e-01
-4.069868467033493e-01 3.160425409643887e-01

182
-1.355599637057625e-01 -7.670934417682031e-02
-1.639163893594376e-01 2.597836377105844e-01
-6.881531103589430e-01 -2.611957808074142e-01
-6.309703075139411e-02 4.795908847773023e-02
5.399339064061223e-02 1.051582460994460e-01

183
-6.318705903825639e-01 6.445658679380627e-01
1.281153368444178e-01 9.614543186178264e-01
-1.072703973819084e+00 6.880873887610627e-02
-1.392578567744200e+00 7.962446307074638e-01
1.125731729042996e-01 -1.181070690417998e-01

184
-4.321699501191152e-03 -1.091211799477164e-02
-6.503060458428910e-02 5.349870967005537e-01
-4.307696071874109e-01 -3.224162305306743e-01
-8.601200582956367e-02 -8.947919967139309e-02
-3.484140845556692e-02 1.395043757243216e-01

185
-2.590477231503882e-01 -2.773436832910251e-01
-3.278065635991574e-01 2.686105942787365e-01
-1.869615762876175e-01 -5.863320315007590e-01
3.755699288807481e-01 -6.615212594818437e-01
2.859946191453061e-02 7.932113386167801e-02

186
-1.182967618234058e-02 2.886617224551941e-03
-3.017722882354287e-02 7.067945242967201e-01
-5.961840077406807e-01 -3.805826137906296e-01
-1.222825122409422e-01 -1.116243301390406e-01
1.584328896992180e-01 -7.461710208698535e-02

187
-9.752133390633494e-02 -6.185540539258407e-02
-5.445116753443470e-02 5.156195102673330e-01
-3.338910771708386e-01 -2.790657189981187e-01
-5.584326967794038e-02 -8.118648241744812e-02
-2.888708341453268e-02 1.413264465136075e-01

188
7.437676310951160e-04 3.198238922624964e-02
9.274776170643387e-02 5.460624243429335e-02
-9.058261265249465e-02 -1.780981417527202e-02
-4.019257377422764e-04 -2.020680660109829e-02
-8.146520937745781e-01 3.433592034535272e-01

189
-5.427714808526111e-03 4.527374979651299e-03
1.656016127261809e-02 4.826968994089559e-01
-4.266472945869998e-01 -2.276879760739259e-01
1.059233712219741e-01 -4.507293297564008e-02
-7.952346234998767e-02 -8.075854101099537e-02

190
-7.618598797118842e-02 -1.069996869293633e-01
-2.723875475131909e-01 2.566353175392528e-01
-6.009884750654038e-01 -1.880641276167255e-01
1.109757987186822e-01 -4.859337705872154e-02
5.630698422236618e-03 1.067852391906993e-01

191
-3.164555688884770e-02 -6.159601338991746e-02
-6.097841196285043e-02 4.252014708919306e-01
-3.191305134057619e-01 -2.279385198981082e-01
1.207581758582679e-01 -1.090338129251512e-02
-3.833226114657098e-02 1.137690490596483e-01

192
-1.467717876155918e-01 5.407808029168249e-04
-3.705480912479013e-01 3.042001614356210e-01
-6.560214498250703e-01 7.450401394461785e-02
7.695838683698558e-02 9.658324531288230e-02
-3.861959428188208e-02 2.490447614617017e-02

193
-9.617602253617433e-02 1.981863437862544e-01
-8.660641879039345e-02 3.841656324545276e-01
-1.784645283274914e-01 -1.974179042357131e-01
4.352844326387581e-01 1.257554953380290e-01
-2.521947589090463e-02 -1.002367626679294e-01

194
-2.183973687778404e-01 -4.760846099878204e-02
-6.100500807185529e-01 3.577765727135200e-01
-9.627279040012343e-01 3.706313967681400e-01
8.801619623671675e-02 1.559896599157997e-01
1.087693240985332e-01 -1.654824500055491e-01

195
-1.045864726421125e-01 1.601652742111291e-01
-1.046914831670867e-01 3.102737560369939e-01
-1.275101853871532e-01 -1.680585526303313e-01
3.854153105252271e-01 1.937676005226082e-01
-5.806054462200631e-02 6.417077822431755e-02

196
-2.168929560924006e-02 3.054838894786957e-02
7.399436625972416e-02 4.958309314602927e-02
-9.877946013133314e-02 -1.293222591699072e-02
2.091545087273835e-02 1.668920990398232e-02
-7.596121028289001e-01 3.378296785791478e-01

197
-1.000297847956569e-01 -2.489516135407221e-02
1.153465434324730e-01 4.715238541277024e-01
-3.715994432099460e-01 -1.334007057475489e-01
1.878737189084195e-02 1.251754714604587e-01
-6.866927483224196e-02 -4.774560582197217e-02

198
-2.069179657029345e-01 -1.926979438182261e-01
-3.864909294022199e-01 4.833264579976705e-01
-9.719851936654502e-01 1.716798554945786e-01
-1.240977615936565e-01 6.723577799136632e-02
1.953520426206841e-01 -1.383631587907039e-01

199
-8.436875565075799e-03 3.128428315208782e-03
6.534352910697494e-02 5.668629937114241e-01
-5.232895844955678e-01 -2.273228540049441e-01
-4.503980532611094e-03 1.337750011203231e-01
1.015192103990986e-01 -6.691353883056504e-02

200
5.902956219071154e-03 -6.454494969564935e-03
7.145567107289763e-01 2.221829032731027e-01
-1.640205255843047e-01 -7.301170049703190e-01
6.945846053952033e-02 1.628177472707597e-01
-1.545206278276577e-01 -5.975653917592106e-03

201
7.847627969913377e-02 1.475584935455842e-01
6.661961767818633e-01 4.208275990683980e-01
-2.659302782045434e-01 -7.412689120213989e-01
-4.032017590867091e-02 1.106934777415257e-01
-1.511612383460190e-01 -9.117698115513199e-02

202
2.094963417314827e-02 -1.628639866899843e-01
-8.416566593383672e-03 -1.420599887642646e-01
5.271849937145764e-02 -1.859532210000405e-02
1.629930173213311e-02 -6.061128741345840e-02
-8.854019866479028e-01 7.055953833498041e-01

203
-2.215548027769292e-01 2.475884892428252e-02
6.036422087766578e-02 4.919320233738161e-01
-1.216694455579495e-01 -5.734690788523276e-01
-3.746980521563220e-03 -1.549390056440231e-01
1.973507872999784e-02 1.356034655111190e-01

204
-6.355731997086198e-03 1.948385052935999e-02
7.243640039647981e-01 7.661609669204831e-01
3.018044455631909e-01 -1.013308517078132e+00
-1.980296887362640e-01 -1.490900301986359e-01
-3.859566194649304e-02 2.685210691853251e-01

205
-2.073020149592237e-02 3.186646370669185e-02
7.906374659344544e-02 4.996824885349457e-02
-1.025871477863024e-01 -1.187021781082106e-02
-2.466921546632724e-02 -1.349631054990519e-02
-8.084594967516512e-01 3.536638832205690e-01

206
9.908820038600035e-03 -4.653629041355728e-02
-1.137231364321918e-01 -2.230494658090998e-02
1.259569870801718e-01 -2.801132970433817e-02
3.450335755819755e-02 5.306988373871940e-03
-7.663411738730311e-01 7.555370418308850e-01

207
-2.299710544854432e-01 -1.144652823434865e-01
1.681403497164142e-01 8.556565506801138e-01
3.956396400305056e-01 -2.619470516898378e-01
1.485561908005041e-02 -1.687535455857885e-01
-7.300433022220623e-02 2.171699747790871e-01

208
-1.236571467499245e+00 1.285912421581372e+00
-1.885660330136641e-01 9.623177449003630e-01
1.421400210940346e+00 -1.942064603281857e+00
2.566102145072306e-01 -9.007711874221883e-01
1.855559134743074e-01 5.437932486356255e-02

209
-8.049818803433288e-02 5.686979489869979e-02
5.258069811685637e-02 4.603708021775059e-01
-3.602027502219619e-01 -3.287417553139821e-01
8.959520773343189e-02 -4.898468823862277e-02
-6.954988319459396e-02 -7.256619228931019e-02

210
1.487447501433485e+00 1.330887202660018e+00
1.778022375505684e+00 1.463881782802937e+00
-2.174662065667123e+00 -2.000305549737570e+00
-1.527056146182320e+00 -7.823286800045608e-01
-9.501577586432441e-01 -1.361957639595669e+00

211
-8.624722237788593e-02 8.652286384974169e-02
5.420159090084857e-02 4.753649987747245e-01
-2.597345719969624e-01 -5.096220306785758e-01
7.732642904100630e-02 -3.581092336096951e-02
4.002890164260578e-02 6.528599908491638e-02

212
-5.313602449962704e-01 1.380125696546063e-01
-3.676775211904577e-01 1.720008160912279e-01
-1.907516689084947e-01 -4.382911302502169e-02
1.689602251026580e-01 -4.341397196922994e-02
-2.158542946447307e-01 4.125405663243929e-02

213
-1.261718325658511e-03 5.563362109521555e-03
1.223364603100781e-01 5.593203698424156e-02
-1.237924255894619e-01 -4.964788404694483e-02
1.104672081331465e+00 -4.115863539405553e-01
-5.826312250096742e-01 -7.796879947687719e-01

214
1.572997081811453e-02 3.085898894899185e-02
1.019611687159290e-01 5.664729754504445e-02
-8.263468839750619e-02 -2.247605372366893e-02
2.369352349312072e-02 -1.152758127901371e-02
-8.040787288749539e-01 3.376639570301242e-01

215
-3.164443726628492e-02 -2.687628941027757e-02
-1.386877342828125e-01 -1.389502438483288e-02
1.038965541887705e-01 -1.820212293738215e-02
-2.107910607493140e-02 2.328398099641283e-02
-7.529840112335826e-01 7.680733448884738e-01

216
-6.189562768700019e-03 6.014300926523189e-03
7.103758441614171e-01 2.344789390597132e-01
-1.513254297846753e-01 -7.325700427991172e-01
6.840784553614029e-02 1.600515879504460e-01
-1.506989156998267e-01 -1.130528042200815e-02

217
-1.828204880773172e-01 1.082593985201083e-01
2.409296610784212e-01 3.321308089283752e-01
-3.585730013804385e-01 -4.122166107148085e-01
6.481776135193881e-02 1.094127070150546e-01
-6.685084427077975e-02 -1.367610482183840e-01

218
-1.240385536678201e-01 1.501581005817645e-01
2.122793969502415e-01 2.417961651854354e-01
-4.765289597479451e-01 -7.658574226788762e-01
6.121139523884362e-02 6.834768828398351e-02
1.104636291314483e-01 -3.266423508222646e-02

219
9.742718720670132e-03 -5.041841845374393e-02
-1.181220541638669e-01 -1.809901136509874e-02
1.303216653399472e-01 -3.639492201400554e-02
-3.495622906176650e-02 -8.534964792782667e-03
-7.964018237857576e-01 8.163910928985348e-01

220
-1.669387158461246e-01 8.900931135861369e-02
9.396285587433784e-02 3.638309274110557e-01
-5.214523350523629e-01 -2.054614456228737e-01
1.265314254222625e-02 1.269013113267238e-01
-8.385704189154636e-02 -1.658150748160035e-01

221
5.310481736077736e-01 -7.918144492607554e-02
5.343740593526609e-01 3.515015209427023e-01
2.830397680188688e-01 -5.021061948184721e-01
9.458496884979245e-01 1.222415715409383e-01
-1.262598827478905e-01 1.021925301680193e-02

222
-6.269906680026097e-01 8.808928634790726e-01
-1.606630536178529e-01 8.416677745519392e-01
9.897567210351031e-01 -1.192344500324884e+00
4.659629768074341e-01 -4.669215600295153e-01
7.482307279185861e-02 8.894644387825355e-02

223
4.363069875976893e-01 -1.336601014413411e-01
4.101561305136346e-01 -6.173214864558416e-01
-1.616569850322876e+00 -1.092392824391147e+00
1.641385677006253e-02 -1.389731492538025e-01
-2.713847834036921e-01 -1.519190969007944e-01

224
-1.728872670799914e-01 5.400199069415335e-02
1.036512202200170e-01 4.233102452588908e-01
-3.910567548498683e-01 -7.258016204617842e-01
-2.689352647298861e-02 -1.471863513354610e-01
1.177093314045088e-01 1.105107779900720e-02

225
4.174529178609732e-01 -5.166728016187169e-01
-2.069279738648397e+00 -1.297137000075368e+00
-2.811923874234636e+00 1.626386054126346e+00
4.765820641996193e-01 4.290531861902366e-01
-4.976669789706128e-01 3.177852981368245e-01

226
-1.869899916271764e-01 -1.066210565198979e-01
9.474148976404072e-01 9.046488061506701e-01
1.470129206369476e-01 -1.112043034954560e+00
-1.856410304034358e-01 -1.254480097896220e-01
3.012423949418371e-01 -1.366405458086165e-01

227
-3.437434096486580e-01 -1.623855799820018e-01
-2.004570086389601e-01 1.410253743681960e+00
9.346512997259988e-01 4.239626648705802e-01
1.167573416381212e-01 -3.162927607199887e-01
-1.812666778294670e-01 2.445847927328291e-01

228
-9.906527163686112e-02 -1.237711935292273e-01
-3.130699781485716e-01 3.460190564918592e-01
-5.654698730220244e-01 3.638743690670148e-02
1.253404328966026e-01 -6.362521637293420e-02
-7.982510119826787e-02 1.924759408835531e-02

229
3.200704466828627e-02 3.831374842374918e-01
1.335318447660069e+00 3.555226111177793e-01
6.039585720800728e-01 -1.809669897946817e+00
1.398020964708112e-01 -3.451957363000298e-01
-4.005333198733410e-01 -2.158468066316024e-02

230
-1.550158642610322e-02 -3.464899867746898e-02
-1.275435228370023e-01 -1.921470073829202e-02
1.116152767643679e-01 -2.020962273021341e-02
9.163117875943656e-03 2.205506766812419e-02
-7.528729831738741e-01 7.571963153621835e-01

231
2.836606281265024e-01 -1.936714144978204e-01
7.921187502304369e-02 -8.119445853819933e-02
-1.421558807590206e+00 -3.069762680824845e-01
-9.748321653971381e-02 5.837870288539861e-02
-1.575893039676947e-01 -1.457673483350145e-01

232
-6.058852471737416e-03 1.286295206871163e-02
4.710438735545757e-01 5.942039514929217e-01
2.799647730802614e-01 -7.064093693980080e-01
1.686656089569030e-01 -6.014194147462781e-02
-5.698449943137313e-02 1.725178215741325e-01

233
8.480621738711431e-03 -4.784691694209935e-03
6.862069372474288e-01 4.463734944518829e-01
4.429839444211451e-02 -8.167958235168697e-01
1.505746109985306e-01 -1.173275590288194e-01
-1.558362932873435e-01 -8.229994910211084e-02

234
8.215072067481215e-02 1.046361181864764e-01
6.426871883366938e-01 5.558735268235026e-01
2.822274916680229e-02 -7.725611451729160e-01
1.669045660547135e-01 -1.024511930311992e-01
-1.618659571782139e-01 -1.325298404374644e-01

235
5.404299620881315e-01 1.019011235103602e+00
3.929716138465957e-01 3.911984086308161e-01
-8.269634708869045e-01 -1.256447598478446e+00
4.278788301418009e-03 -1.207062954933632e-01
-3.959852349002250e-01 -3.416366052754367e-01

236
-1.518910017061257e-01 -2.501421611717214e-01
2.150138190957321e-01 3.678364738745366e-01
-1.932019648494856e-01 -2.934352866973197e-01
1.061803957338269e-01 2.415361771587797e-01
1.757208360376412e-01 1.689842494994027e-01

237
-2.580855546276382e-01 2.653379099271975e-01
1.170910644755659e+00 6.491555649136468e-01
7.056420804066822e-01 -7.562596282315986e-01
1.639764807789316e-01 2.482548513098639e-01
-2.582034002675044e-01 -2.118017885151125e-01

238
2.619176878482371e-01 -5.363655897419519e-01
-1.593795186436817e+00 -7.284147769858569e-01
-2.664184748011573e+00 6.720049453566498e-01
-2.511127898719230e-01 -2.687443082240495e-01
-3.545780760826697e-01 3.035622293780926e-01

239
-1.614604976922544e-01 2.542797156901170e-02
8.927580491238581e-01 5.449605503858657e-01
5.505742180655265e-02 -8.861907697750568e-01
8.119385822859906e-02 2.441388929663947e-01
2.045880514743174e-01 -1.711352470054654e-01

