4 4

13
1 1 0 0 1 0
1 0 3 0 -3545431370881213/500000000000000 0
1 0 2 0 -1087408145013659/250000000000000 0
1 0 1 0 -734403105021559/200000000000000 0
1 0 0 0 -1307388484748369/1000000000000000 0
0 1 3 0 -3545431370881213/500000000000000 0
0 1 2 0 -1087408145013659/250000000000000 0
0 1 1 0 -734403105021559/200000000000000 0
0 1 0 0 -1307388484748369/1000000000000000 0
0 0 3 0 8043585134932101/1000000000000000 0
0 0 2 0 85265871366651/6250000000000 0
0 0 1 0 375407809793253/125000000000000 0
0 0 0 0 -3237670919681847/50000000000000000 0

18
1 0 2 0 -3545431370881213/500000000000000 0
1 0 1 1 -3545431370881213/500000000000000 0
1 0 1 0 -1087408145013659/250000000000000 0
1 0 0 2 -3545431370881213/500000000000000 0
1 0 0 1 -1087408145013659/250000000000000 0
1 0 0 0 -734403105021559/200000000000000 0
0 1 2 0 -3545431370881213/500000000000000 0
0 1 1 1 -3545431370881213/500000000000000 0
0 1 1 0 -1087408145013659/250000000000000 0
0 1 0 2 -3545431370881213/500000000000000 0
0 1 0 1 -1087408145013659/250000000000000 0
0 1 0 0 -734403105021559/200000000000000 0
0 0 2 0 8043585134932101/1000000000000000 0
0 0 1 1 8043585134932101/1000000000000000 0
0 0 1 0 85265871366651/6250000000000 0
0 0 0 2 8043585134932101/1000000000000000 0
0 0 0 1 85265871366651/6250000000000 0
0 0 0 0 375407809793253/125000000000000 0

18
2 1 0 0 1 0
2 0 3 0 -3545431370881213/500000000000000 0
2 0 2 0 -1087408145013659/250000000000000 0
2 0 1 0 -734403105021559/200000000000000 0
2 0 0 0 -1307388484748369/1000000000000000 0
1 2 0 0 1 0
1 1 3 0 -3545431370881213/500000000000000 0
1 1 2 0 -1087408145013659/250000000000000 0
1 1 1 0 -734403105021559/200000000000000 0
1 1 0 0 -1307388484748369/1000000000000000 0
0 2 3 0 -3545431370881213/500000000000000 0
0 2 2 0 -1087408145013659/250000000000000 0
0 2 1 0 -734403105021559/200000000000000 0
0 2 0 0 -1307388484748369/1000000000000000 0
0 0 3 0 1009359218315779/100000000000000 0
0 0 2 0 210846385366601/100000000000000 0
0 0 1 0 2645043922790149/1000000000000000 0
0 0 0 0 2472636890958193/2500000000000000 0

24
2 0 2 0 -3545431370881213/500000000000000 0
2 0 1 1 -3545431370881213/500000000000000 0
2 0 1 0 -1087408145013659/250000000000000 0
2 0 0 2 -3545431370881213/500000000000000 0
2 0 0 1 -1087408145013659/250000000000000 0
2 0 0 0 -734403105021559/200000000000000 0
1 1 2 0 -3545431370881213/500000000000000 0
1 1 1 1 -3545431370881213/500000000000000 0
1 1 1 0 -1087408145013659/250000000000000 0
1 1 0 2 -3545431370881213/500000000000000 0
1 1 0 1 -1087408145013659/250000000000000 0
1 1 0 0 -734403105021559/200000000000000 0
0 2 2 0 -3545431370881213/500000000000000 0
0 2 1 1 -3545431370881213/500000000000000 0
0 2 1 0 -1087408145013659/250000000000000 0
0 2 0 2 -3545431370881213/500000000000000 0
0 2 0 1 -1087408145013659/250000000000000 0
0 2 0 0 -734403105021559/200000000000000 0
0 0 2 0 1009359218315779/100000000000000 0
0 0 1 1 1009359218315779/100000000000000 0
0 0 1 0 210846385366601/100000000000000 0
0 0 0 2 1009359218315779/100000000000000 0
0 0 0 1 210846385366601/100000000000000 0
0 0 0 0 2645043922790149/1000000000000000 0

