5
0
16
52
-1.069466041467949e-01 6.112789365177311e-02
-9.999333193927201e-02 5.715358434645025e-02
-3.843642279041967e-02 2.196925824276186e-02
3.427337815052465e-02 -1.958977034742120e-02
-7.280678308273260e-01 4.161446105666164e-01
3.429009075088295e-16
1.423837476644382e+05
1.916870782898166e-16
2.441406250000000e-05
2.139296659838023e-12
0.000000000000000e+00
1
1
26
52
-2.280804579266384e+00 8.091684491183195e-01
-1.523056285278927e+00 5.403396255348900e-01
-8.584357780500536e-01 3.045500493583977e-01
-9.169613161264552e-01 3.253133446049952e-01
7.304511257742821e-01 -2.591445185495105e-01
3.035439897771230e-14
1.103253611683607e+03
2.614156801106709e-14
9.765625000000001e-05
5.803918502924138e-14
0.000000000000000e+00
1
1
41
52
-1.316036436228264e+00 -6.006560634268542e-01
-4.953220334375193e-01 -2.260713871918675e-01
-8.788116194059231e-01 -4.011009978712957e-01
-5.290915818059208e-01 -2.414842461585992e-01
4.214742048229794e-01 1.923662823732216e-01
7.944109290391274e-15
1.263355281948493e+02
6.387255610660262e-15
9.765625000000001e-05
7.798137293782114e-14
0.000000000000000e+00
1
1
48
52
-3.101574701107210e-01 1.159835966345894e-01
-1.417905327098974e-01 4.026450555958658e-01
-3.711940140718477e-01 -2.108141358618613e-01
-3.455416962277688e-01 -3.062564161981298e-02
-2.406624682911933e-01 2.498370871439604e-01
4.002966042486721e-16
5.269372339681420e+02
1.395941290646764e-15
9.765625000000001e-05
4.197179492433633e-14
0.000000000000000e+00
1
1
50
52
3.833579954744362e-01 8.463632389258938e-01
4.510934230442034e-01 9.959069462301576e-01
-5.616763640978700e-01 -1.240047768294670e+00
-1.783177636215224e-01 -7.707281443746838e-01
-4.617346202867519e-01 -6.423552271001405e-01
3.877842313165343e-15
1.350773805480627e+02
2.723201659001789e-15
9.765625000000001e-05
7.444291678311382e-15
0.000000000000000e+00
1
1
59
52
8.086128175966159e-01 1.062668802763999e+00
8.117825004310588e-01 2.766467910739423e-01
-1.092075926744305e+00 -1.602764024934846e+00
1.779268385972155e-01 -1.524871726863397e-01
-4.069558067724411e-01 -7.220662344764970e-01
3.552713678800501e-15
8.490769363258119e+01
6.708095459873392e-16
9.765625000000001e-05
1.827387977254336e-14
0.000000000000000e+00
1
1
67
52
1.488302948509161e-01 -2.175985272587642e-01
6.124888267506937e-01 2.065876932208278e-01
-4.146023666668567e-01 -4.959091806359159e-01
1.714074966178300e-01 9.391821182940650e-02
-1.496752984184209e-01 -1.256919466528438e-01
1.040834085586084e-16
6.491885232925688e+01
1.809780887813341e-16
2.441406250000000e-05
7.140954580693657e-15
0.000000000000000e+00
1
1
68
52
1.762599441185003e-01 -1.744598527196186e+00
1.871079598771526e+00 -1.268426328251312e+00
-1.579554692029390e+00 -1.617050150746123e+00
9.553520935724871e-01 -1.568971685269082e+00
-6.222170791449487e-01 -1.728356351650253e+00
1.024759306876601e-13
3.143859142028928e+03
7.178472572948563e-15
9.765625000000001e-05
7.111520649966117e-12
0.000000000000000e+00
1
1
76
52
-1.127051923836114e-01 4.778293747131945e-02
-4.050604934763514e-02 1.717310429319381e-02
-1.053775180914121e-01 4.467626780411724e-02
3.611884368753853e-02 -1.531308729400630e-02
-7.672709722421954e-01 3.252952247791785e-01
4.577566798522237e-16
1.193760888848533e+05
2.612820058363655e-16
2.441406250000000e-05
3.181355638878997e-12
0.000000000000000e+00
1
1
77
52
4.057255252546649e-01 -1.091137496649529e-01
5.272436507295940e-01 8.849971698688549e-01
1.221364214700390e-02 -1.030076057801586e+00
-5.088070389933086e-02 -3.073054737514941e-01
1.101247411313076e-01 2.913726850919354e-01
1.734723475976807e-16
4.794344961218342e+01
2.323196929932890e-16
2.441406250000000e-05
1.196147084906092e-14
0.000000000000000e+00
1
1
78
52
-5.311717496202470e-01 -6.005185205876282e-02
-1.999192908978318e-01 -2.260196196291028e-02
-3.547013537134941e-01 -4.010091506838255e-02
1.701132161942616e-01 1.923222328642596e-02
-2.135491795520844e-01 -2.414289492409995e-02
1.688305753616065e-16
1.857446604523513e+02
5.779981127471969e-16
2.441406250000000e-05
2.688854962847510e-15
0.000000000000000e+00
1
1
81
52
6.564851877950588e-01 2.542630013544879e-01
2.587946246830120e-01 3.707642296350411e-01
-9.715014162731475e-01 -3.189015833578205e-01
-5.123309592698119e-02 1.124171760721481e-01
-4.252437260301501e-01 -1.005935804640725e-01
2.482534153247273e-16
6.608325486154033e+01
1.078544709860372e-15
9.765625000000001e-05
1.524051555128378e-14
0.000000000000000e+00
1
1
88
52
4.854196603941134e-01 1.165671801311097e+00
-1.589736868960364e-01 7.952456189905011e-01
-7.926430066595526e-01 -1.653827282755288e+00
-3.974525025296922e-01 -6.755175346528844e-01
-2.091574739129045e-01 7.316164961709765e-02
3.468447607305094e-15
7.284356094886874e+01
2.583868825440028e-15
9.765625000000001e-05
5.245768002105854e-12
0.000000000000000e+00
1
1
90
52
7.161786278866815e-01 -3.097303396739360e+00
6.969800059905278e-02 -3.014273891953446e-01
-8.011643867507057e-01 3.464846729302564e+00
5.333110077831589e-01 8.904636131401381e-01
-8.700755422671030e-01 5.659634512032423e-01
8.038873388460929e-14
1.754229134714092e+03
9.689125151798358e-14
6.103515625000000e-06
2.426250340122972e-12
0.000000000000000e+00
1
1
105
52
1.584178999767487e-01 1.003285824761085e+00
-8.611899240191480e-01 9.863587046950065e-01
1.123205004915564e+00 6.730245883267160e-01
6.033217783044609e-01 8.764902743938302e-01
-3.039086038690127e-01 1.019741109192825e+00
7.381104677948019e-15
4.097373455796087e+02
7.975723485284027e-15
9.765625000000001e-05
2.718497321390860e-13
0.000000000000000e+00
1
1
113
52
5.165900597220996e-01 2.017728999454359e+00
5.027418145417078e-02 1.963639677822761e-01
-5.778915235435526e-01 -2.257164000058299e+00
3.356593993212806e-01 -5.914258623931273e-01
-5.785725556307593e-01 -3.573591763633159e-01
3.102273850532274e-14
2.927473655870383e+02
1.049849310251597e-14
6.103515625000000e-06
3.901940380154721e-14
0.000000000000000e+00
1
1
114
52
1.634138356546641e+00 9.238909392547643e-01
5.547012019634300e-01 3.136107860357374e-01
-2.327241149002317e+00 -1.315749674689629e+00
-5.841751717474555e-01 -3.302744507237604e-01
-8.173439680682572e-01 -4.621008272204063e-01
4.019436694230464e-14
3.770668997848346e+02
3.196022350031416e-15
2.441406250000000e-05
1.251500301827880e-12
0.000000000000000e+00
1
1
119
52
1.756738452461720e+00 2.207359341249036e+00
5.963172746126518e-01 7.492785876121116e-01
-2.501840800826265e+00 -3.143587854118633e+00
-8.786646319394243e-01 -1.104050850835974e+00
-6.280025085213121e-01 -7.890913992175803e-01
8.038873388460929e-14
1.810464022425959e+03
1.776248730714661e-14
2.441406250000000e-05
1.212274884477010e-12
0.000000000000000e+00
1
1
130
52
-1.177157819415646e-01 -2.300879781965012e-01
1.724710927603040e-01 3.371130393565996e-01
-1.385149537748100e-01 -2.707421650552243e-01
1.367929364775766e-01 1.723673983278455e-01
5.974468043603559e-02 2.117862144618116e-01
9.298182559498294e-17
4.000013138469139e+02
2.209840699400143e-16
9.765625000000001e-05
3.852536135025135e-15
0.000000000000000e+00
1
1
134
52
-1.783210222206733e-01 -2.589821000312329e-01
2.389602936807918e-01 3.891837727086184e-01
-1.878475756219934e-01 -7.413846987790125e-02
8.765291803849765e-02 1.743823916235700e-01
-4.355340576167748e-02 3.387857223884123e-02
5.594315114139762e-17
2.091802730478524e+02
2.725058177800256e-16
9.765625000000001e-05
7.874369799897381e-15
0.000000000000000e+00
1
1
138
52
-1.397217913969991e-01 -4.187096053627755e-01
2.344734339487063e-01 5.966875770421732e-01
7.556705840081891e-02 -2.732392869313112e-01
7.477643560100992e-02 -2.021099796411287e-02
1.214652797008842e-01 2.455875995297865e-01
1.582406349284916e-16
8.788637443649323e+01
3.074840131412577e-16
9.765625000000001e-05
5.287717070725710e-14
0.000000000000000e+00
1
1
142
52
-3.536769336376082e-01 -5.261130688508363e-01
3.956462153607838e-01 5.885445861616874e-01
-3.441959055003484e-02 -5.120095400799474e-02
-3.603704866015843e-02 2.038209697891271e-01
2.023445078280460e-01 4.357013603078183e-02
2.371437420133774e-16
4.172553517839159e+02
1.851230896599938e-15
2.441406250000000e-05
4.201647800831378e-15
0.000000000000000e+00
1
1
143
52
-1.788204320237707e-01 -4.008267340757773e-01
2.000402639542173e-01 4.483910746494926e-01
-1.740267873546228e-02 -3.900817598280813e-02
1.328500406556663e-01 5.372749644002681e-02
-4.876434303522353e-02 1.347509407175630e-01
6.938893903907228e-17
5.245589266128763e+02
1.175201178630222e-15
2.441406250000000e-05
4.246132513550386e-15
0.000000000000000e+00
1
1
150
52
-1.860708379251394e-01 -3.749406609273621e-01
2.307153088145822e-01 4.649011706380488e-01
-5.174310459442834e-02 -1.042645588712509e-01
9.537431426590466e-02 7.624157567647204e-02
3.038658311616858e-03 1.220647542863545e-01
1.000741510621680e-16
6.397858785026158e+02
2.224420368963441e-16
2.441406250000000e-05
4.140473518236429e-15
0.000000000000000e+00
1
1
151
52
-1.561092582971141e-01 -3.661404020180468e-01
2.223213770081444e-01 5.214350464726571e-01
-5.299061298458491e-02 -1.242847769120259e-01
5.580626169855268e-02 1.308886309263191e-01
7.808087982121464e-02 1.831317696305451e-01
1.179611963664229e-16
2.207882320173194e+02
2.894230087375307e-16
2.441406250000000e-05
7.940377339521889e-14
0.000000000000000e+00
1
1
154
52
-2.575043640044648e-01 -2.862141666382331e-01
3.952393094269965e-01 3.955630521582131e-01
-3.468885028239483e-02 -2.448250269520412e-01
1.826354718041449e-01 1.541186660270239e-01
5.276505116595002e-02 -4.219512696351047e-02
8.355534721610419e-17
1.216782660221286e+02
1.911056534767058e-16
9.765625000000001e-05
4.514831510446906e-14
0.000000000000000e+00
1
1
170
52
-2.567981852287358e-01 -4.265811529240601e-01
3.184124566145536e-01 5.289319031870606e-01
-7.141116526435906e-02 -1.186248928628026e-01
1.538384107542838e-02 1.444300165801835e-01
1.204368659342348e-01 8.118899912873186e-02
7.376145397762941e-17
5.277652924508589e+02
6.373858314875477e-16
2.441406250000000e-05
4.021398830883446e-15
0.000000000000000e+00
1
1
174
52
-1.811735255076394e-01 -3.386303390482762e-01
2.580163925423197e-01 4.822568763388926e-01
-6.149857015498756e-02 -1.149466049425058e-01
9.061722812764970e-02 1.693721121698165e-01
6.476628796791621e-02 1.210542765121001e-01
2.037543309078297e-16
2.691912104711200e+02
2.975984817633429e-16
2.441406250000000e-05
7.952014797933428e-14
0.000000000000000e+00
1
1
178
52
-1.094113123667658e-01 -3.622009024419488e-01
1.311685456879539e-01 5.336579767067610e-01
-1.881057468691024e-01 -1.538468488138757e-01
-6.233822446497259e-02 2.285821610856806e-02
3.651762268994089e-02 2.319971095321530e-01
6.206335383118183e-17
1.044783087259890e+02
2.287690261876158e-16
9.765625000000001e-05
1.136459703539124e-14
0.000000000000000e+00
1
1
180
52
-1.922359284009442e-01 1.827562576206510e-01
2.176224455122642e-02 3.412460662602452e-01
-3.397106098468384e-01 -3.897659019832745e-02
-9.903547231335187e-02 2.596221401622222e-01
-2.642944895881759e-01 8.579104389193301e-02
1.110223024625157e-16
6.236576141888256e+02
9.753853826152477e-16
9.765625000000001e-05
3.450138760218865e-13
0.000000000000000e+00
1
1
183
52
1.695868603291047e-01 8.923772765480897e-02
6.094922148581957e-02 3.207188350070158e-02
1.585609506044642e-01 8.343582102569268e-02
1.154508256917178e+00 6.075098814027403e-01
-5.434781814523061e-02 -2.859818139722176e-02
1.266538363584614e-15
1.305589157295574e+05
1.146720596573846e-13
5.960464477539063e-09
2.698382843790169e-13
0.000000000000000e+00
1
1
203
52
-2.056183925397531e-01 3.238431453459440e-02
-6.026735391220009e-02 5.068010363186795e-01
-2.131252095345028e-01 -4.637424817958132e-01
-3.890492899647661e-02 -1.493382294076309e-01
8.880533327611123e-03 1.540669866994363e-01
8.326672684688674e-17
1.141668273140167e+02
2.006707428201009e-16
2.441406250000000e-05
5.723035471340982e-15
0.000000000000000e+00
1
1
208
52
4.639358646508744e+00 1.875458937772534e+00
1.290125966939255e+00 5.215329229546526e-01
-5.752492302213967e+00 -2.325442787393380e+00
-1.457811904290638e+00 7.529570778917440e-02
-9.959475367231241e-01 -1.067227012400874e+00
7.122459968594323e-13
1.047957749107389e+04
4.502042803325449e-14
6.103515625000000e-06
9.841872085569921e-12
0.000000000000000e+00
1
1
210
52
1.219086935454892e+00 1.224191280854594e+00
1.434487098729328e+00 1.440493329630817e+00
-1.786143306018980e+00 -1.793621929652892e+00
-1.222659389292967e+00 -8.178371245121109e-01
-8.127213995273571e-01 -1.226065851089077e+00
5.989486013256168e-14
1.031099490370755e+03
3.905905440506113e-15
9.765625000000001e-05
1.879132413374735e-14
0.000000000000000e+00
1
1
212
52
-6.068000311448850e-01 8.056813159425219e-02
-4.052037643838524e-01 5.380110173984089e-02
-2.283838175317062e-01 3.032375827366881e-02
1.943339512288322e-01 -2.580277282829787e-02
-2.439543309594530e-01 3.239113980044600e-02
2.220446049250313e-16
1.549341357403196e+02
1.238784747128918e-16
2.441406250000000e-05
3.027529345782852e-15
0.000000000000000e+00
1
1
217
52
-1.448222243461999e-01 1.028959944336924e-01
1.465620865308810e-01 4.101949945264234e-01
-3.391193702884923e-01 -2.733833049729893e-01
6.534187270502913e-02 1.143604123726217e-01
-8.648881248851595e-02 -9.933554027115694e-02
1.430489624538199e-16
2.139383359830369e+02
6.872455882195427e-17
2.441406250000000e-05
3.513027054213134e-15
0.000000000000000e+00
1
1
221
52
1.390603132497099e-01 8.931703174461245e-02
1.300191265845684e-01 8.350996905720014e-02
4.997803376818299e-02 3.210038525212682e-02
9.466905604861072e-01 6.080497653670330e-01
-4.456491853818358e-02 -2.862359612712663e-02
4.742874840267547e-16
1.693386610061201e+05
1.111493386550594e-13
5.960464477539063e-09
1.978777697782913e-13
0.000000000000000e+00
1
1
222
52
-9.766717548787442e-01 8.445211793942388e-01
-2.179431641489325e-01 8.001058046489865e-01
1.480760816840568e+00 -1.150693138812575e+00
6.722383641896408e-01 -4.363371832591888e-01
1.579015875692363e-01 1.624953305784558e-01
5.617333549722722e-15
8.253253659357458e+01
2.879429621404881e-15
2.441406250000000e-05
5.661048867003676e-15
0.000000000000000e+00
1
1
235
52
7.316900780294397e-01 1.710125374940690e+00
2.034704452366405e-01 4.755564984382071e-01
-9.072464239508882e-01 -2.120440303223829e+00
1.707840139732121e-02 -5.423388452788690e-01
-4.040697020616751e-01 -3.621474434101316e-01
7.847321480213184e-15
2.244099204510221e+02
5.137849328878594e-15
6.103515625000000e-06
4.475245527217545e-14
0.000000000000000e+00
1
1
236
52
-1.535754456150168e-01 -2.556541927792956e-01
2.250108225889472e-01 3.745713384403017e-01
-1.807106523819363e-01 -3.008256676470057e-01
8.539962164358539e-02 2.391328806028484e-01
1.710090909333295e-01 1.877059423152072e-01
7.632783294297951e-17
2.973424912751394e+02
2.369906575206886e-16
9.765625000000001e-05
3.927683650008203e-15
0.000000000000000e+00
1
1
-1

2 0
1 5
-7605129871573589446027183200229256457580822783895303293530090687853522379692471262987636470021154495255543556959844385035461907553124651977833287027022343684810023398359834089019277401561769669710245310824831332866016709155958133141973164781050854773771024752520544720273461561497664541995002755077356883034581/10000000000000000000000000000000000000000000000000000000000000000000000000000000000000000000000000000000000000000000000000000000000000000000000000000000000000000000000000000000000000000000000000000000000000000000000000000000000000000000000000000000000000000000000000000000000000000000000000000000000000000000000 3274483176123222995953756312308612237184878690016318560384759436025678025077163279767593885351217205009587383206203203298795529463393666783716484147823385330027383112432830235019303209298428098736342588177596728650004704781434651606815000476519509435616889630268960546561020186425471526511875893838631070425499/10000000000000000000000000000000000000000000000000000000000000000000000000000000000000000000000000000000000000000000000000000000000000000000000000000000000000000000000000000000000000000000000000000000000000000000000000000000000000000000000000000000000000000000000000000000000000000000000000000000000000000000000
3130807229398315243437390164859282285470283674853794142823086036426199349416521965086573965238450574546086135320472267566239635913992605413133647467065153233559791966915792373901725529742793049286834246189237734608133542632424001091717874061403722430478813131149930428246205251522142050892387366292381160064979/50000000000000000000000000000000000000000000000000000000000000000000000000000000000000000000000000000000000000000000000000000000000000000000000000000000000000000000000000000000000000000000000000000000000000000000000000000000000000000000000000000000000000000000000000000000000000000000000000000000000000000000000 -1938977191094697273261347776252947216549743486693442236585328036019194821056157710279579460555672134256572181142368570217887848037715190186638735581519595000464161804411538227841517911017045345584229876642488693073048857841469260287022834086482284760019154043701015344414691258117910457509672975929412656765011/2000000000000000000000000000000000000000000000000000000000000000000000000000000000000000000000000000000000000000000000000000000000000000000000000000000000000000000000000000000000000000000000000000000000000000000000000000000000000000000000000000000000000000000000000000000000000000000000000000000000000000000000
-7590496429726382078757322957758489882769680442574644067318480397624824113615657185241029404762763547276969643767524792801401515457497474657836869938468389178343876443171247450680874245927925511270484188904057473013079403829022455809482609992705807901361760673493249172599051040702880324667139588333389877633629/10000000000000000000000000000000000000000000000000000000000000000000000000000000000000000000000000000000000000000000000000000000000000000000000000000000000000000000000000000000000000000000000000000000000000000000000000000000000000000000000000000000000000000000000000000000000000000000000000000000000000000000000 979218236739634667826588900879923728255725464743194668062700776010586242815080951134980769062930864120898420122260303995418494971974958427899733280627172658713758835852407056247353812049476245335455731061304286508021349454423613106170644131959841898178184420562627073836342709560366923246390905036258409881639/2000000000000000000000000000000000000000000000000000000000000000000000000000000000000000000000000000000000000000000000000000000000000000000000000000000000000000000000000000000000000000000000000000000000000000000000000000000000000000000000000000000000000000000000000000000000000000000000000000000000000000000000
8508874769930531095870976946933652710154672844830412399316472144864094384501408562723318005147392144872781221241221434077418189255507954207306811235219740234738126842483369754749153457000571827717804855534325872338384151130817927092538222033159692203123725084023226474028049042542005334610306631782132586164783/10000000000000000000000000000000000000000000000000000000000000000000000000000000000000000000000000000000000000000000000000000000000000000000000000000000000000000000000000000000000000000000000000000000000000000000000000000000000000000000000000000000000000000000000000000000000000000000000000000000000000000000000 -4471682389848647171990185558938216735182543659841550732389102879493199316691176473308980731493258598793431122917089954796160784328111604961678154169915373601421898344626867665846275136078372316214097578645719034662012954226857520100770310160347141003827262844089439599219566913341920446311895166935082170213867/10000000000000000000000000000000000000000000000000000000000000000000000000000000000000000000000000000000000000000000000000000000000000000000000000000000000000000000000000000000000000000000000000000000000000000000000000000000000000000000000000000000000000000000000000000000000000000000000000000000000000000000000
-1704073930749824075934687023132583663755507791174129529374436335914243341529251670343602275288193366548940528597008941809117927071442255352634724113517671163387090104212307262374921287927205047558091348432314286899797808924579345812596767074910814841841065056389661654688572865287460670447133830720218076998519/2000000000000000000000000000000000000000000000000000000000000000000000000000000000000000000000000000000000000000000000000000000000000000000000000000000000000000000000000000000000000000000000000000000000000000000000000000000000000000000000000000000000000000000000000000000000000000000000000000000000000000000000 -5535840504859085166985872290543307106522873787560530223907551317607581530670869260716712479779441055798901374146314448854180710087596854039072985735657318845630236752068844512804171169458044554212445638667741571081828920793780758100435176469729391018577530287632209444867756150499365241607325920205011549286567/10000000000000000000000000000000000000000000000000000000000000000000000000000000000000000000000000000000000000000000000000000000000000000000000000000000000000000000000000000000000000000000000000000000000000000000000000000000000000000000000000000000000000000000000000000000000000000000000000000000000000000000000

0
1846063091786620877062839283681287840065386197170901694597541993967201122050565738260413588532723915809921521384168513888827947466220917963411071695822388231488712170703463719211870463308635750899789493016942881377028165879455439900073899668506144280479516004352784136318168496403895164639374442960628342762307/50000000000000000000000000000000000000000000000000000000000000000000000000000000000000000000000000000000000000000000000000000000000000000000000000000000000000000000000000000000000000000000000000000000000000000000000000000000000000000000000000000000000000000000000000000000000000000000000000000000000000000000000 8219285201757478718946893541756849258554942420474442641940406128754699362541046863241831318907742910294751104169728362109034241341786591016155892145728559161870467642671685829633305124833793482517980302716892586689288969933825802911788852638467615228265690721159254138532411337872572694318699860043414927918633/10000000000000000000000000000000000000000000000000000000000000000000000000000000000000000000000000000000000000000000000000000000000000000000000000000000000000000000000000000000000000000000000000000000000000000000000000000000000000000000000000000000000000000000000000000000000000000000000000000000000000000000000
5 5
1 0
0 0
0 0
0 0
0 0
0 0
1 0
0 0
0 0
0 0
0 0
0 0
1 0
0 0
0 0
0 0
0 0
0 0
1 0
0 0
0 0
0 0
0 0
0 0
1 0

5 0

4 0

