9.3498370272721554e-01 5.5243539900934992e-59
3.5939825389557811e-01 -4.8576887634495481e-60
-3.2047186934033955e-01 -9.5109735330945808e-62
6.8077695092401296e+00 -1.3493295321733319e-57
3.5939825389557811e-01 -4.8576887634495481e-60
9.3498370272721554e-01 5.5243539900934992e-59
-3.2047186934033955e-01 -9.5109735330945808e-62
6.8077695092401296e+00 -1.3493295321733319e-57
9.3498370272721554e-01 5.5243539900934992e-59
3.5939825389557811e-01 -4.8576887634495481e-60
6.8077695092401296e+00 -1.3493295321733319e-57
-3.2047186934033955e-01 -9.5109735330945808e-62
3.5939825389557811e-01 -4.8576887634495481e-60
9.3498370272721554e-01 5.5243539900934992e-59
6.8077695092401296e+00 -1.3493295321733319e-57
-3.2047186934033955e-01 -9.5109735330945808e-62
6.6777149569246208e-01 1.7282327584936439e-58
3.7637410317992404e-01 -1.7293419689471744e-58
4.0203414376754409e-01 -1.4485716943998083e-62
-3.2026028552136193e-01 -4.9591084296315351e-62
3.7637410317992404e-01 -1.7293419689471744e-58
6.6777149569246208e-01 1.7282327584936439e-58
4.0203414376754409e-01 -1.4485716943998083e-62
-3.2026028552136193e-01 -4.9591084296315351e-62
6.6777149569246208e-01 1.7282327584936439e-58
3.7637410317992404e-01 -1.7293419689471744e-58
-3.2026028552136193e-01 -4.9591084296315351e-62
4.0203414376754409e-01 -1.4485716943998083e-62
3.7637410317992404e-01 -1.7293419689471744e-58
6.6777149569246208e-01 1.7282327584936439e-58
-3.2026028552136193e-01 -4.9591084296315351e-62
4.0203414376754409e-01 -1.4485716943998083e-62
8.2697435370268246e-01 -9.8894795479008191e-01
8.2697435370268246e-01 9.8894795479008191e-01
9.4501055271971490e-01 4.5212957254205899e-01
9.4501055271971490e-01 -4.5212957254205899e-01
8.2697435370268246e-01 9.8894795479008191e-01
8.2697435370268246e-01 -9.8894795479008191e-01
9.4501055271971490e-01 4.5212957254205899e-01
9.4501055271971490e-01 -4.5212957254205899e-01
8.2697435370268246e-01 -9.8894795479008191e-01
8.2697435370268246e-01 9.8894795479008191e-01
9.4501055271971490e-01 -4.5212957254205899e-01
9.4501055271971490e-01 4.5212957254205899e-01
8.2697435370268246e-01 9.8894795479008191e-01
8.2697435370268246e-01 -9.8894795479008191e-01
9.4501055271971490e-01 -4.5212957254205899e-01
9.4501055271971490e-01 4.5212957254205899e-01
1.1766897478841913e+00 7.1591447564757137e-61
-1.4651484271320609e+00 1.6525071093173667e-62
-8.3479722800115108e-01 -1.6743216365641669e-01
-8.3479722800115108e-01 1.6743216365641669e-01
-1.4651484271320609e+00 1.6525071093173667e-62
1.1766897478841913e+00 7.1591447564757137e-61
-8.3479722800115108e-01 -1.6743216365641669e-01
-8.3479722800115108e-01 1.6743216365641669e-01
1.1766897478841913e+00 7.1591447564757137e-61
-1.4651484271320609e+00 1.6525071093173667e-62
-8.3479722800115108e-01 1.6743216365641669e-01
-8.3479722800115108e-01 -1.6743216365641669e-01
-1.4651484271320609e+00 1.6525071093173667e-62
1.1766897478841913e+00 7.1591447564757137e-61
-8.3479722800115108e-01 1.6743216365641669e-01
-8.3479722800115108e-01 -1.6743216365641669e-01
5.3299936258882696e-01 -3.5833590209900440e-01
-1.4504208318653680e+00 -7.5990702466412138e-02
-1.0189691261280149e-02 -1.7518755897813160e-01
-6.1487008357803474e-01 -8.4914531913195035e-02
-1.4504208318653680e+00 -7.5990702466412138e-02
5.3299936258882696e-01 -3.5833590209900440e-01
-1.0189691261280149e-02 -1.7518755897813160e-01
-6.1487008357803474e-01 -8.4914531913195035e-02
5.3299936258882696e-01 -3.5833590209900440e-01
-1.4504208318653680e+00 -7.5990702466412138e-02
-6.1487008357803474e-01 -8.4914531913195035e-02
-1.0189691261280149e-02 -1.7518755897813160e-01
-1.4504208318653680e+00 -7.5990702466412138e-02
5.3299936258882696e-01 -3.5833590209900440e-01
-6.1487008357803474e-01 -8.4914531913195035e-02
-1.0189691261280149e-02 -1.7518755897813160e-01
6.6480571137099753e-01 2.3600600756735637e+00
6.6480571137099753e-01 -2.3600600756735637e+00
7.3009995112817500e-02 7.3778715113826354e-01
7.3009995112817500e-02 -7.3778715113826354e-01
6.6480571137099753e-01 -2.3600600756735637e+00
6.6480571137099753e-01 2.3600600756735637e+00
7.3009995112817500e-02 7.3778715113826354e-01
7.3009995112817500e-02 -7.3778715113826354e-01
6.6480571137099753e-01 2.3600600756735637e+00
6.6480571137099753e-01 -2.3600600756735637e+00
7.3009995112817500e-02 -7.3778715113826354e-01
7.3009995112817500e-02 7.3778715113826354e-01
6.6480571137099753e-01 -2.3600600756735637e+00
6.6480571137099753e-01 2.3600600756735637e+00
7.3009995112817500e-02 -7.3778715113826354e-01
7.3009995112817500e-02 7.3778715113826354e-01
5.3299936258882696e-01 3.5833590209900440e-01
-1.4504208318653680e+00 7.5990702466412138e-02
-1.0189691261280149e-02 1.7518755897813160e-01
-6.1487008357803474e-01 8.4914531913195035e-02
-1.4504208318653680e+00 7.5990702466412138e-02
5.3299936258882696e-01 3.5833590209900440e-01
-1.0189691261280149e-02 1.7518755897813160e-01
-6.1487008357803474e-01 8.4914531913195035e-02
5.3299936258882696e-01 3.5833590209900440e-01
-1.4504208318653680e+00 7.5990702466412138e-02
-6.1487008357803474e-01 8.4914531913195035e-02
-1.0189691261280149e-02 1.7518755897813160e-01
-1.4504208318653680e+00 7.5990702466412138e-02
5.3299936258882696e-01 3.5833590209900440e-01
-6.1487008357803474e-01 8.4914531913195035e-02
-1.0189691261280149e-02 1.7518755897813160e-01
9.7319297009348549e-02 -1.1100285920492585e-58
-1.1186655892187145e+00 7.4455980362756950e-59
-2.3511210846774191e-01 2.2654973864162897e-01
-2.3511210846774191e-01 -2.2654973864162897e-01
-1.1186655892187145e+00 7.4455980362756950e-59
9.7319297009348549e-02 -1.1100285920492585e-58
-2.3511210846774191e-01 2.2654973864162897e-01
-2.3511210846774191e-01 -2.2654973864162897e-01
9.7319297009348549e-02 -1.1100285920492585e-58
-1.1186655892187145e+00 7.4455980362756950e-59
-2.3511210846774191e-01 -2.2654973864162897e-01
-2.3511210846774191e-01 2.2654973864162897e-01
-1.1186655892187145e+00 7.4455980362756950e-59
9.7319297009348549e-02 -1.1100285920492585e-58
-2.3511210846774191e-01 -2.2654973864162897e-01
-2.3511210846774191e-01 2.2654973864162897e-01
3.3944567774276924e-01 -1.0875091480331417e-60
-1.4241396021817774e+00 -6.0963836441287742e-61
-3.5748207574171947e-01 8.3292461773074458e-61
-5.0016815577079832e-01 -2.8593279209483585e-60
-1.4241396021817774e+00 -6.0963836441287742e-61
3.3944567774276924e-01 -1.0875091480331417e-60
-3.5748207574171947e-01 8.3292461773074458e-61
-5.0016815577079832e-01 -2.8593279209483585e-60
3.3944567774276924e-01 -1.0875091480331417e-60
-1.4241396021817774e+00 -6.0963836441287742e-61
-5.0016815577079832e-01 -2.8593279209483585e-60
-3.5748207574171947e-01 8.3292461773074458e-61
-1.4241396021817774e+00 -6.0963836441287742e-61
3.3944567774276924e-01 -1.0875091480331417e-60
-5.0016815577079832e-01 -2.8593279209483585e-60
-3.5748207574171947e-01 8.3292461773074458e-61
-1.2399326589124322e+00 -6.9069786168284126e-60
2.7808282679549207e-01 1.0507896493939870e-59
-2.6445028590970132e-01 1.2313369231001592e-01
-2.6445028590970132e-01 -1.2313369231001592e-01
2.7808282679549207e-01 1.0507896493939870e-59
-1.2399326589124322e+00 -6.9069786168284126e-60
-2.6445028590970132e-01 1.2313369231001592e-01
-2.6445028590970132e-01 -1.2313369231001592e-01
-1.2399326589124322e+00 -6.9069786168284126e-60
2.7808282679549207e-01 1.0507896493939870e-59
-2.6445028590970132e-01 -1.2313369231001592e-01
-2.6445028590970132e-01 1.2313369231001592e-01
2.7808282679549207e-01 1.0507896493939870e-59
-1.2399326589124322e+00 -6.9069786168284126e-60
-2.6445028590970132e-01 -1.2313369231001592e-01
-2.6445028590970132e-01 1.2313369231001592e-01
