7.9378380571362173e-01 -2.5294831941129531e-01
7.9378380571362173e-01 2.5294831941129531e-01
-2.4624758528030061e-02 -1.6973728916429139e-61
8.7916269137371188e+00 1.8796041882523915e-59
7.9378380571362173e-01 2.5294831941129531e-01
7.9378380571362173e-01 -2.5294831941129531e-01
-2.4624758528030061e-02 -1.6973728916429139e-61
8.7916269137371188e+00 1.8796041882523915e-59
7.9378380571362173e-01 -2.5294831941129531e-01
7.9378380571362173e-01 2.5294831941129531e-01
8.7916269137371188e+00 1.8796041882523915e-59
-2.4624758528030061e-02 -1.6973728916429139e-61
7.9378380571362173e-01 2.5294831941129531e-01
7.9378380571362173e-01 -2.5294831941129531e-01
8.7916269137371188e+00 1.8796041882523915e-59
-2.4624758528030061e-02 -1.6973728916429139e-61
5.9550186033453534e-01 6.3840626339553719e-01
5.9550186033453534e-01 -6.3840626339553719e-01
8.9300714449736626e-02 -3.4398976822314173e-02
8.9300714449736626e-02 3.4398976822314173e-02
5.9550186033453534e-01 -6.3840626339553719e-01
5.9550186033453534e-01 6.3840626339553719e-01
8.9300714449736626e-02 -3.4398976822314173e-02
8.9300714449736626e-02 3.4398976822314173e-02
5.9550186033453534e-01 6.3840626339553719e-01
5.9550186033453534e-01 -6.3840626339553719e-01
8.9300714449736626e-02 3.4398976822314173e-02
8.9300714449736626e-02 -3.4398976822314173e-02
5.9550186033453534e-01 -6.3840626339553719e-01
5.9550186033453534e-01 6.3840626339553719e-01
8.9300714449736626e-02 3.4398976822314173e-02
8.9300714449736626e-02 -3.4398976822314173e-02
1.4936851651328953e+00 3.8729420889283777e-60
-7.6501078671703349e-01 1.0270826261293621e-60
-3.8725844299359213e-01 5.6285764189071761e-61
-3.2552028514247540e+00 -1.3511692592665453e-59
-7.6501078671703349e-01 1.0270826261293621e-60
1.4936851651328953e+00 3.8729420889283777e-60
-3.8725844299359213e-01 5.6285764189071761e-61
-3.2552028514247540e+00 -1.3511692592665453e-59
1.4936851651328953e+00 3.8729420889283777e-60
-7.6501078671703349e-01 1.0270826261293621e-60
-3.2552028514247540e+00 -1.3511692592665453e-59
-3.8725844299359213e-01 5.6285764189071761e-61
-7.6501078671703349e-01 1.0270826261293621e-60
1.4936851651328953e+00 3.8729420889283777e-60
-3.2552028514247540e+00 -1.3511692592665453e-59
-3.8725844299359213e-01 5.6285764189071761e-61
6.1853484069181008e-01 6.6250182093933307e-01
-1.0121192531662584e+00 9.8099002028637264e-02
1.1819964199826921e-01 1.4687687607648134e-01
-4.7520961266755291e-01 1.5061947850732327e-01
-1.0121192531662584e+00 9.8099002028637264e-02
6.1853484069181008e-01 6.6250182093933307e-01
1.1819964199826921e-01 1.4687687607648134e-01
-4.7520961266755291e-01 1.5061947850732327e-01
6.1853484069181008e-01 6.6250182093933307e-01
-1.0121192531662584e+00 9.8099002028637264e-02
-4.7520961266755291e-01 1.5061947850732327e-01
1.1819964199826921e-01 1.4687687607648134e-01
-1.0121192531662584e+00 9.8099002028637264e-02
6.1853484069181008e-01 6.6250182093933307e-01
-4.7520961266755291e-01 1.5061947850732327e-01
1.1819964199826921e-01 1.4687687607648134e-01
8.8952534617832535e-01 -7.5312215219001044e-01
8.8952534617832535e-01 7.5312215219001044e-01
2.3259942436341952e-01 7.9743183026896050e-61
3.9253835688473435e+00 2.1913395508337532e-58
8.8952534617832535e-01 7.5312215219001044e-01
8.8952534617832535e-01 -7.5312215219001044e-01
2.3259942436341952e-01 7.9743183026896050e-61
3.9253835688473435e+00 2.1913395508337532e-58
8.8952534617832535e-01 -7.5312215219001044e-01
8.8952534617832535e-01 7.5312215219001044e-01
3.9253835688473435e+00 2.1913395508337532e-58
2.3259942436341952e-01 7.9743183026896050e-61
8.8952534617832535e-01 7.5312215219001044e-01
8.8952534617832535e-01 -7.5312215219001044e-01
3.9253835688473435e+00 2.1913395508337532e-58
2.3259942436341952e-01 7.9743183026896050e-61
6.1853484069181008e-01 -6.6250182093933307e-01
-1.0121192531662584e+00 -9.8099002028637264e-02
1.1819964199826921e-01 -1.4687687607648134e-01
-4.7520961266755291e-01 -1.5061947850732327e-01
-1.0121192531662584e+00 -9.8099002028637264e-02
6.1853484069181008e-01 -6.6250182093933307e-01
1.1819964199826921e-01 -1.4687687607648134e-01
-4.7520961266755291e-01 -1.5061947850732327e-01
6.1853484069181008e-01 -6.6250182093933307e-01
-1.0121192531662584e+00 -9.8099002028637264e-02
-4.7520961266755291e-01 -1.5061947850732327e-01
1.1819964199826921e-01 -1.4687687607648134e-01
-1.0121192531662584e+00 -9.8099002028637264e-02
6.1853484069181008e-01 -6.6250182093933307e-01
-4.7520961266755291e-01 -1.5061947850732327e-01
1.1819964199826921e-01 -1.4687687607648134e-01
1.0504619551968450e+00 2.3146625943588988e+00
1.0504619551968450e+00 -2.3146625943588988e+00
1.7683353762405826e-01 -8.5044775265241723e-01
1.7683353762405826e-01 8.5044775265241723e-01
1.0504619551968450e+00 -2.3146625943588988e+00
1.0504619551968450e+00 2.3146625943588988e+00
1.7683353762405826e-01 -8.5044775265241723e-01
1.7683353762405826e-01 8.5044775265241723e-01
1.0504619551968450e+00 2.3146625943588988e+00
1.0504619551968450e+00 -2.3146625943588988e+00
1.7683353762405826e-01 8.5044775265241723e-01
1.7683353762405826e-01 -8.5044775265241723e-01
1.0504619551968450e+00 -2.3146625943588988e+00
1.0504619551968450e+00 2.3146625943588988e+00
1.7683353762405826e-01 8.5044775265241723e-01
1.7683353762405826e-01 -8.5044775265241723e-01
-1.2140748883926173e+00 2.9357769299614284e-01
6.0329564368465183e-01 -6.9341372880148255e-01
-7.8763639210869174e-01 4.5051634479221964e-01
1.1088988023558395e-01 -1.4992196635017471e-01
6.0329564368465183e-01 -6.9341372880148255e-01
-1.2140748883926173e+00 2.9357769299614284e-01
-7.8763639210869174e-01 4.5051634479221964e-01
1.1088988023558395e-01 -1.4992196635017471e-01
-1.2140748883926173e+00 2.9357769299614284e-01
6.0329564368465183e-01 -6.9341372880148255e-01
1.1088988023558395e-01 -1.4992196635017471e-01
-7.8763639210869174e-01 4.5051634479221964e-01
6.0329564368465183e-01 -6.9341372880148255e-01
-1.2140748883926173e+00 2.9357769299614284e-01
1.1088988023558395e-01 -1.4992196635017471e-01
-7.8763639210869174e-01 4.5051634479221964e-01
6.0329564368465183e-01 6.9341372880148255e-01
-1.2140748883926173e+00 -2.9357769299614284e-01
1.1088988023558395e-01 1.4992196635017471e-01
-7.8763639210869174e-01 -4.5051634479221964e-01
-1.2140748883926173e+00 -2.9357769299614284e-01
6.0329564368465183e-01 6.9341372880148255e-01
1.1088988023558395e-01 1.4992196635017471e-01
-7.8763639210869174e-01 -4.5051634479221964e-01
6.0329564368465183e-01 6.9341372880148255e-01
-1.2140748883926173e+00 -2.9357769299614284e-01
-7.8763639210869174e-01 -4.5051634479221964e-01
1.1088988023558395e-01 1.4992196635017471e-01
-1.2140748883926173e+00 -2.9357769299614284e-01
6.0329564368465183e-01 6.9341372880148255e-01
-7.8763639210869174e-01 -4.5051634479221964e-01
1.1088988023558395e-01 1.4992196635017471e-01
-5.3071106600345253e-01 3.5130316733708861e-01
-5.3071106600345253e-01 -3.5130316733708861e-01
-5.6338443793526749e-01 3.0801436954095268e-01
-5.6338443793526749e-01 -3.0801436954095268e-01
-5.3071106600345253e-01 -3.5130316733708861e-01
-5.3071106600345253e-01 3.5130316733708861e-01
-5.6338443793526749e-01 3.0801436954095268e-01
-5.6338443793526749e-01 -3.0801436954095268e-01
-5.3071106600345253e-01 3.5130316733708861e-01
-5.3071106600345253e-01 -3.5130316733708861e-01
-5.6338443793526749e-01 -3.0801436954095268e-01
-5.6338443793526749e-01 3.0801436954095268e-01
-5.3071106600345253e-01 -3.5130316733708861e-01
-5.3071106600345253e-01 3.5130316733708861e-01
-5.6338443793526749e-01 -3.0801436954095268e-01
-5.6338443793526749e-01 3.0801436954095268e-01
