40

2.112906997194667e-58
1.375112703730281e-61
1.536533690266234e3

2.307482648074979e-59
2.009676972030118e-62
1.148185842893959e3

2.143912748660260e-59
7.037913431920549e-63
3.046233474450703e3

2.131595359291784e-60
1.387275380159380e-63
1.536533690266234e3

1.261544175303309e-59
8.450865561324249e-63
1.492798774455507e3

2.380061501544577e-54
7.075246858195998e-58
3.363927152290811e3

6.879456786144430e-56
2.045067111949665e-59
3.363927152290811e3

5.758987881683239e-57
3.083406759313642e-61
1.867735375583458e4

4.709549090497987e-54
2.521529094573572e-58
1.867735375583458e4

6.451824117995536e-50
2.793258112754547e-54
2.309784437225934e4

1.304071813285058e-57
6.982101588549083e-62
1.867735375583458e4

4.912084690317287e-55
1.460223265230994e-58
3.363927152290811e3

4.035328877037127e-56
1.324694548491487e-59
3.046233474450703e3

1.105794175154688e-59
9.630794370078415e-63
1.148185842893959e3

1.668303075768961e-57
1.666934703669912e-60
1.000820891241892e3

3.911222653723504e-59
3.406436926504351e-62
1.148185842893959e3

8.725453959237312e-60
8.992871004442315e-63
9.702634403325808e2

1.101730867705589e-59
7.170235671921342e-63
1.536533690266234e3

5.176153741097715e-50
2.240968316209762e-54
2.309784437225934e4

2.480353875774425e-61
1.661546028987815e-64
1.492798774455507e3

2.705193906309089e-58
1.744308293759801e-61
1.550869141645901e3

2.722252402517910e-58
2.805683785822944e-61
9.702634403325808e2

3.758083526722202e-58
2.822785890567434e-61
1.331338497645231e3

4.263207903294439e-58
3.228250903290677e-61
1.320593730477638e3

1.633631661557706e-59
1.053365250290538e-62
1.550869141645901e3

1.015113139055994e-55
6.360316082001009e-59
1.596010522069260e3

6.150062661265603e-49
2.662613256088896e-53
2.309784437225934e4

5.361595528015216e-59
3.489409677106538e-62
1.536533690266234e3

2.893958272723240e-53
8.602916001770354e-57
3.363927152290811e3

1.090206231348388e-57
3.578866296664848e-61
3.046233474450703e3

7.387199346857769e-60
4.948556679752248e-63
1.492798774455507e3

2.348796692637242e-56
7.710494656227154e-60
3.046233474450703e3

1.011890461845486e-48
4.380887001995620e-53
2.309784437225934e4

1.019548195158466e-59
8.879644366531584e-63
1.148185842893959e3

2.107477927794452e-57
1.320466186565026e-60
1.596010522069260e3

2.679929571364641e-56
1.434855069084647e-60
1.867735375583458e4

2.529910240602378e-57
1.915736976645611e-60
1.320593730477638e3

3.129599952572801e-58
2.350716934955458e-61
1.331338497645231e3

2.010448916729912e-58
1.346764849444102e-61
1.492798774455507e3

3.377373693299701e-57
3.374603510832800e-60
1.000820891241892e3

