0
9.269962491922981e-02 1.527698042221089e-01
1.897902952351823e-01 2.971571692507272e-01
-8.255335430279176e-02 -1.698815807653997e-01
3.895338067867406e-02 8.027518525468895e-02
-1.203920497772469e+00 1.459902243955571e+00

1
2.266946481275401e-01 4.970065362486358e-02
5.002920184554044e-01 4.731047615383768e-02
8.809253053955584e-01 4.715619273104838e-01
1.304459635382904e-01 2.562527473501213e-02
-1.255524633788331e-01 1.275044230613369e-01

2
2.470549932416908e-01 -1.888732252793888e-01
4.881799895745998e-01 -3.704505929291296e-01
-1.098966841687681e-01 3.181603076954839e-01
1.185592944907872e-01 -8.151605584756529e-02
-9.015553257553731e-02 1.090469090957983e-01

3
4.984352424798559e-01 1.271219617370649e-01
1.126826691101481e+00 1.640944460295070e-01
2.054226429173614e+00 -8.839358889875776e-01
2.864676996466491e-01 6.018031204595489e-02
-1.408524916566398e-01 -3.723116858266806e-01

4
3.327465669082324e-03 -1.423233185549453e-03
-2.478676066017804e-02 -9.732067892919345e-02
2.769148723301193e-02 9.607954186804901e-02
7.510430270782902e-01 -4.447242240840834e-01
-5.274154895640987e-01 -4.918823574377880e-01

5
1.487751801626959e-01 -3.017600956492802e-01
3.240876489323457e-01 -4.297151212442896e-01
-3.086336561824259e-01 -7.157636272175828e-02
6.209686093298451e-01 -2.839305343319137e-02
1.608287890510676e-01 -7.357956316832232e-02

6
1.076842646361092e-01 -2.227176118404036e-01
7.857954287446162e-01 1.429908363110507e-02
1.140515623720609e+00 -2.000895524860277e-01
5.653460733207163e-02 1.843881327848904e-01
-1.920776409199610e-01 -2.457300553804088e-02

7
1.396755013303508e-01 -2.424854212810558e-01
2.831168443853345e-01 -3.160684559289524e-01
-2.152805068461588e-01 -9.488550987321077e-02
5.354103487406190e-01 -7.882722891744938e-02
-1.149563374732139e-01 1.445709854197003e-02

8
2.418412859182094e-01 1.549277088730962e-01
8.328894596426090e-01 -2.078440835283873e-01
8.849991608571889e-01 8.934235200529798e-01
-2.074542585336561e-01 1.263276042984467e-01
1.734380611473113e-01 7.565242581035306e-02

9
-4.192489915944706e-02 1.861418751474154e-01
3.422197641992569e-02 3.533804091496280e-01
-5.783045084152370e-02 -1.673715316397046e-01
-2.047039886877139e-02 -8.427132312715578e-02
-1.686962700571248e+00 1.249618979041999e+00

10
2.171824502612432e-01 5.942242841650233e-02
4.043417748587392e-01 -5.316400908671086e-01
5.959826661584061e-01 9.596726727861038e-01
-9.595537872765190e-02 1.837487929164651e-01
-1.313366157124936e-01 -1.637360072807070e-01

11
3.633815646249114e-01 2.023900354186314e+00
4.194285144478790e+00 3.222391594128795e+00
9.508504494803866e+00 9.821321242658557e-01
-1.553193011541053e+00 -3.102201874034008e-01
9.242721642450240e-01 -1.276271796181256e+00

12
1.212918029479346e+00 8.155365511446908e-01
2.289397870573708e+00 4.249429023291579e+00
6.549731371168375e+00 -1.221291643595320e-01
7.055943936927511e-02 -1.278322937741458e+00
8.012971673832259e-01 6.052031245295936e-01

13
-5.406651094549155e-02 -3.946547596980656e-02
-3.028040049629770e-01 -2.932982263867678e+00
-2.397268245616432e+00 1.728096050638741e+00
-2.857145362230079e-01 6.416914420581926e-01
-4.577768960985025e-01 -6.401937877397056e-01

14
2.334669282469210e-01 -4.468618079356405e-02
6.247599634372967e-01 1.965292522295045e-01
8.424631914283299e-01 7.347517881383514e-01
-1.101430472441481e-01 -1.518353959820324e-01
-9.214595485694471e-02 1.633732015759469e-01

15
1.767829837913611e-01 1.078706189888571e-01
2.670243975708372e-01 2.360181540290830e-01
-1.004633506791138e-01 -1.808909965758160e-01
-4.219031942114064e-02 -7.931123174151083e-02
-1.237517648670231e+00 1.230741862633115e+00

16
1.343827881178808e-01 1.022962734199649e-02
7.524132181722925e-01 -2.378273976977230e-01
-1.020417977278375e-01 6.986043922709834e-01
-1.361689047059322e-04 -2.176703917173804e-01
1.703108957777704e-01 1.139887778538391e-01

17
3.705983491038176e-01 2.143491768198323e-01
5.382866937951210e-01 -4.720247169247174e-01
-2.379172352623067e-01 6.020509787688434e-01
9.376989311038243e-02 -1.873929808266923e-01
-9.044840124975537e-02 1.755971926287924e-01

18
-1.005198209280059e-02 2.098004733082756e-01
6.690806533296872e-01 1.176707020598310e-01
6.076244481339558e-01 7.426458129757978e-01
1.143411661192225e-01 -1.210791295582124e-01
4.498494551468146e-02 1.184993720182125e-01

19
4.564981903092397e-01 -1.772675579392217e-01
8.682672916189497e-01 -3.020258488233010e-01
-5.524323537498732e-01 -3.954185144790166e-01
2.646398853737743e-01 -4.160546076845777e-02
2.527704342589417e-01 7.487398307380616e-01

20
3.020898009667527e-01 -4.214507186952929e-02
2.740810601294970e-01 -1.799624207000125e-01
2.078604214308769e-01 1.427110759532936e-01
5.888491940520179e-01 -1.686599787133881e-01
-9.093576917412520e-05 -1.130352643932029e-01

21
5.904633434870517e-03 -4.272182748926150e-03
4.731842355322268e-01 -3.325872567765611e-01
5.108589159305117e-02 5.754806226281208e-01
1.317949409132725e-01 3.579446019280733e-02
-7.908141809440804e-02 9.029065198726498e-02

22
2.681908390989604e-01 -2.585431249689001e-01
5.037580023195071e-01 -5.125424918724698e-01
-3.601988602743340e-01 6.573003541145148e-02
1.522797437043720e-01 -1.096960567392221e-01
-1.656877639621867e-01 5.996429966108893e-02

23
9.766283205829568e-02 -4.195735267542197e-02
4.517980184148851e-01 -4.224413025119533e-01
1.779002576809783e-01 5.258174083339968e-01
1.529650356558154e-01 7.821776474559542e-03
-8.559357596714748e-02 -1.418164184764139e-01

24
-8.545583060247068e-02 -1.745513146095396e-02
-4.883884371730525e-02 -1.604731503363379e-01
-3.181265777484439e-02 1.402214896225161e-01
9.703179742724883e-03 -4.256333124677474e-02
-1.413230986590001e+00 3.798341198991623e-01

25
1.615633906385552e-01 -1.287415401627593e-01
3.038266832289472e-01 -2.855927052834296e-01
-9.074550343175490e-02 9.294840573752339e-01
8.642559771393821e-02 -7.520958220548987e-02
2.550759200378875e-02 1.568655088280921e-01

26
3.893333493488007e-02 -8.344585529680837e-02
4.647056889576014e-01 -3.419575736893711e-01
-5.442738102166495e-03 5.144944077728427e-01
1.235779021924072e-01 2.635600465734577e-02
-8.164745040140726e-02 1.055434138680950e-01

27
5.481845967391707e-02 -2.736073163114037e-01
5.167101680010896e-01 -4.365326025039914e-01
-1.727372596704073e-02 2.506539543764469e-01
1.054829344065953e-01 3.628321857042772e-02
-1.118109188662608e-01 -5.222385705780432e-02

28
2.689788836717251e-01 -3.988926357560840e-01
5.370856573855336e-01 -7.892614220557177e-01
-2.615003785637580e-03 5.343819044868316e-01
-7.876229550713955e-02 2.030901686444216e-01
1.342603259281903e-01 -1.742801704677617e-01

29
2.230444893642744e-01 -2.480250712436562e-01
-1.025245044852455e-01 -6.375450880664409e-01
1.076380494386850e-01 1.431786072455935e+00
9.318709124417539e-02 2.131732916477539e-01
8.385180396930837e-02 -1.344160920441116e-01

30
6.906023944847726e-02 -1.104758457874793e-01
6.047994210720925e-02 -2.055001979097172e-01
3.549165332144037e-04 1.333386040826961e-01
-5.728484126155352e-03 5.608810794285263e-02
-1.098803776206203e+00 4.932624480185513e-01

31
9.050720570465501e-02 -2.636563687216176e-01
-2.428286861728701e-01 -5.032281373926868e-01
-1.396244949938673e-01 1.284785715634777e+00
1.492958674006634e-01 1.541092921921424e-01
-2.027757650615210e-01 7.320105012614866e-02

32
2.220230117272507e-01 -1.484747976249904e-01
6.962164316118774e-01 -7.046363458779438e-02
6.408142735659995e-01 9.184587848250659e-01
-1.779099417557313e-01 -1.178600724822898e-01
1.478159763202275e-01 -5.256356718628853e-02

33
5.381153226291981e-02 -1.355944998705318e-01
6.861471029204140e-01 -5.624384689855639e-01
2.901313144939225e-02 8.191367326661327e-01
-1.382315508001869e-01 1.715699384919238e-01
2.047774393232323e-01 4.656846067414255e-02

34
5.726136059772740e-02 -2.550423351981536e-01
4.373141692035276e-01 -3.979708163408356e-01
-8.633843481070164e-02 1.234107991396158e+00
-2.078711608660997e-01 5.791320341532696e-02
1.374783159940219e-01 1.655864745971332e-01

35
-6.035821347064643e-02 -1.117332067736904e-01
-5.468522045932448e-02 -2.322349580760320e-01
1.629393463813250e-02 1.225729113002578e-01
-3.279733502189337e-03 5.594610972655388e-02
-1.335431126436984e+00 3.612510951976373e-01

36
-1.128616686736579e-01 5.975984858511567e-02
2.888514908512171e-03 2.060947356487186e-01
-1.136313688937657e-01 -1.499648414771916e-01
2.895002477747480e-02 5.941925013593148e-02
-1.521201392680012e+00 1.155987337775674e+00

37
6.025481873390253e-01 -1.480167999471032e-01
1.145395083668110e+00 -1.857958875761003e-01
-4.602113024452648e-01 7.959812811947942e-01
-4.118068307702222e-01 -8.833262062756473e-01
2.379386896176765e-01 -5.815735233543157e-02

38
3.086558098535552e-01 4.589144276097847e-02
4.916518852978008e-01 -1.744879696670545e-02
-1.047995443442544e-01 2.688696767429505e-01
3.586144020877559e-01 -4.761901719955999e-01
-9.499990232908516e-02 6.987610101587366e-02

39
1.776319052917800e-01 -8.153309043246482e-02
3.405695946390361e-01 -2.130943459125079e-01
4.234419344973053e-01 7.279025923266739e-01
1.001196333374207e-01 -5.287843295268491e-02
-1.327987787257052e-01 -8.159943784169961e-02

40
-5.448018938622470e-02 8.593940838374241e-03
-3.136519502498980e-02 -1.550991098751592e-01
-1.922927697468458e-02 1.625588249421671e-01
-5.754071061545018e-03 -2.318641655928748e-02
-1.385607691136446e+00 4.438659352324509e-01

41
2.354946672858460e-01 -7.874523241412222e-02
1.244756517500395e+00 -5.450688262234460e-01
-9.049176963463930e-01 -8.506779307696160e-01
2.137091239970885e-01 -2.393076670596389e-01
8.026430138855431e-02 3.485846216379956e-01

42
-2.749648204208454e-02 -4.392326618406791e-03
1.405328506356632e+00 -5.756157837520319e-01
-1.199738822406790e+00 -9.274795755273033e-01
2.223101056070931e-01 -2.833036533815619e-01
8.599950514290274e-02 3.288266786694140e-01

43
5.879306754560442e-02 -2.790715743921875e-01
1.031086376973048e-01 -5.856750436235543e-01
-7.894280433084557e-01 1.010178554448968e+00
3.525525432241783e-02 -1.583250996021532e-01
-2.058209111828141e-01 7.037867487803109e-02

44
-1.484187923431829e-01 -3.777764587000022e-01
-2.869078544614185e-01 -4.723865745757596e-01
4.270959324626116e-02 4.999492944104729e-01
6.909212196146691e-01 3.969547267524014e-01
-4.881043991729456e-02 -1.013889975060084e-01

45
9.102983101985306e-02 -3.192005586485834e-02
1.057845266712452e-01 1.351022269982708e-01
-3.622916622334259e-02 -1.630193175233850e-01
1.362154321066152e-02 4.200148589241404e-02
-1.267800676826376e+00 1.062859643239116e+00

46
-1.581561407235149e-01 -1.712072068749879e-01
4.461387610484807e-01 -6.920018008806396e-01
-6.422624949654518e-01 6.880587992151279e-01
1.050683334733364e-01 2.013656276999141e-02
1.171522743130199e-02 -6.910545916285078e-02

47
-1.354234696692438e-01 -2.566989357333732e-01
5.282974289038369e-01 -5.181625464424345e-01
-5.869307810207870e-01 3.329651401644749e-01
1.220413885668451e-01 -4.117352231588547e-02
-9.248329809618543e-02 4.336060169060579e-02

48
4.127764001971368e-02 -3.639870676340874e-01
7.436090211767141e-02 -7.218848924046285e-01
-4.964223378166359e-01 2.761738488076600e-01
5.366369241811506e-01 1.211972477136401e-01
3.557155036058339e-02 -1.985031911721996e-01

49
4.812360081406871e-01 -6.890128435878767e-01
1.021855557782958e+00 -1.554178922768609e+00
-3.471844289987073e+00 -1.151163705256369e+00
2.820762541165835e-01 -4.166590481696632e-01
2.714354958488357e-01 6.383929378738589e-01

50
-7.705834684977662e-02 -4.222496463802151e-01
-2.222283126827196e-01 -5.219560910213770e-01
-3.061363165619656e-02 5.583479414634992e-01
5.359696718829129e-01 5.261219925782696e-01
6.943262969262618e-03 1.746285337877211e-01

51
1.778003240302476e-02 -1.771804702268637e-03
5.499891277217186e-01 -6.129559799007923e-01
2.582083576489740e-01 7.819441737075085e-01
-1.055228168993047e-01 1.661094826272579e-01
-1.161470213474845e-01 -1.827308370674267e-01

52
-1.134356452984231e-01 -2.722270818018260e-01
2.151686035243154e-01 -6.216801107494507e-01
-7.872936299682141e-02 1.305205607492269e+00
-1.376939713737896e-01 1.695724169799129e-01
-5.051827989768094e-02 -1.525373453646756e-01

53
-3.830428007149715e-01 -4.537239549207057e-01
1.300825587689989e+00 -2.142970887984416e+00
-3.101438058349525e+00 4.195896203063746e-01
-5.108898573717094e-01 3.453484324416071e-01
5.429891652810825e-01 3.456788136642241e-01

54
4.978100299896234e-01 2.384122904278410e-02
7.602939038698466e-01 3.502542583672980e-02
-3.954613910676057e-01 -2.916796055974512e-01
-1.750801903424871e-01 -9.633330674249561e-02
-5.925076183942841e-01 1.385178874276446e+00

55
6.526830415316999e-02 -2.741368439768730e-01
1.184810078805350e-01 -4.257568270573938e-01
9.592710160790344e-02 2.676883775201616e-01
1.032888020159736e-02 1.049096276987102e-01
-7.740418824596197e-01 5.918587797341729e-02

56
1.277974901179735e-02 -1.176170269218779e-01
2.090306628933529e-02 -2.328373298941243e-01
7.400383091891816e-03 1.380047493697475e-01
1.020707901134942e-02 -5.748924756558408e-02
-1.215825776219331e+00 2.354838478800276e-01

57
-3.512617334786132e-01 1.350913033518124e-01
2.967854453210023e-01 -7.289206896044922e-02
4.100388756902186e-01 1.350721800119028e+00
1.101128737920820e-01 -1.677273439162133e-02
-4.729362120052274e-02 -1.494870737035248e-01

58
1.877725488767000e-01 2.193577309128568e-02
8.293464952625704e-01 -8.595061454190032e-01
-1.051119247842645e+00 -1.570533404239979e-01
6.548575240152429e-02 -2.528876872253240e-01
-2.690265507233028e-01 5.114859924956786e-02

59
-1.631026577206004e-03 -1.349008808271189e-01
5.724960894726092e-01 -3.352753179843689e-01
-2.205678519371388e-01 6.432686265565090e-01
-4.089109711420168e-02 -1.111553065901364e-01
-9.450207216759544e-02 1.043762282511880e-01

60
-2.961815654770234e-04 9.215346627298122e-03
-4.321730031323584e-01 -5.614114883542278e-02
4.319179880940858e-01 6.415752464943550e-02
4.969312939975477e-01 3.765032788502918e+00
7.283081377078479e-01 5.517305833140169e+00

61
3.786997321415264e-01 -9.998364176667007e-02
3.264361459171463e-01 1.190596211552989e-01
2.781687354178409e-01 -2.682126577832873e-01
7.540813278188191e-01 -2.288826746418576e-01
3.889660795468767e-02 1.467075568650504e-01

62
2.215299321928012e-03 -8.000497333005165e-04
4.057844697314328e-03 7.690588313587632e-02
-2.127126213190893e-03 -7.760528999244126e-02
6.412654378852050e-01 -2.052964993490197e-01
-6.410662264912453e-01 2.052244432187754e-01

63
4.060928191745135e-01 -1.602816351068554e-01
3.410892916071598e-01 1.337467514666973e-01
3.202945855844182e-01 -3.477614166606710e-01
7.539773072071589e-01 -4.320946309651887e-01
-6.433131294721689e-02 -1.642564014466991e-01

64
-1.766502402415306e-01 -4.950645766782576e-02
9.734623661527763e-01 -6.491262730416751e-01
-9.965568399697320e-01 -3.690079028283716e-01
1.371145632025301e-01 -2.373150727302730e-01
-2.433675157807834e-01 1.663026470970470e-02

65
-4.701918139708881e-02 1.038836215675972e-01
-6.787957001914918e-03 -1.297736942776160e-01
-2.894943396792713e-02 2.333222239421585e-01
-2.402045915303127e-03 -4.740828932081739e-02
-1.359675271969191e+00 4.929392585172027e-01

66
4.199358088422323e-01 7.822465628493596e-01
-6.132072934891601e-01 -5.878569676893037e-01
-1.984498372842276e-01 3.532683855791726e+00
-2.327283131060830e-01 -2.191772767032127e-01
-2.061601814814776e-01 1.809259565407708e-01

67
-1.640795561016986e-01 -2.705818747581376e-01
7.151823663715344e-01 -3.912426149797720e-02
1.289035060959393e-01 1.610646273002243e-01
7.558686089904132e-02 -7.157573967560379e-02
-9.741625488452126e-02 1.000131152556131e-01

68
-7.666317985248016e-04 -1.935286755317526e-03
3.432708598319958e-03 -6.904994916426713e-02
-4.107201033256557e-03 6.737845988218950e-02
5.806457360034410e-01 -1.265005098865180e-01
-5.807143741112174e-01 1.263263527760566e-01

69
2.032548571748124e-01 -4.226333502473486e-01
1.560949174114994e+00 -1.006563655750372e-01
1.508536768228468e+00 -1.507662304506033e+00
1.374760398162410e-01 3.607530297774932e-01
1.902051285285885e-01 -2.247353821891901e-01

70
-1.983328770914538e-02 -2.217997432573946e-02
2.404024304644216e-01 -1.339172557611272e+00
-1.283168207248947e+00 4.615516709940139e-01
3.197819524454574e-01 6.039456753759045e-02
-1.491094834590097e-01 -3.151168029939896e-01

71
4.783650576876683e-02 -2.953329364351644e-01
5.911065929742935e-02 -5.272963443336093e-01
-3.297414184799867e-01 2.331896275954977e-01
4.962700344245342e-01 1.909347085445831e-01
-8.939370936867042e-02 1.103531312025533e-01

72
-4.682689704779387e-02 3.166864081757643e-03
-3.103017655879044e-02 -1.556596946249936e-01
-1.202543507482540e-02 1.579193576254231e-01
1.622405108128663e-02 -7.344381453872355e-04
-1.338245620086475e+00 4.609061342384763e-01

73
5.199595397248311e-01 -4.327558388810926e-01
6.023086217801495e-01 1.726122014582094e+00
2.967928267947725e+00 9.482694781615929e-01
-3.822559410713560e-01 -3.317192111230726e-01
-1.508446361708868e-01 4.779261232608514e-01

74
5.451255248011240e-02 -2.117004734292971e-02
9.571201670177049e-02 1.692694383593925e-01
-5.167234072140636e-02 -1.873650196074600e-01
-1.593075931872589e-02 6.496683529356263e-03
-1.385050885908931e+00 1.072584353370930e+00

75
-1.817305457452228e-01 -1.016123435608846e-01
4.501809484311144e-01 -8.459720138134686e-01
-9.555934324216541e-01 3.912788903163115e-01
1.610393906951046e-01 9.923959590859203e-02
-1.379653207674613e-01 1.036038886565261e-01

76
1.775327980273277e-01 9.227831466500942e-01
-9.685458294834114e-01 -1.080133560992713e-01
5.459290558312470e-01 1.462845059767968e+00
1.618840476422589e+00 3.247387269061557e-01
3.080037171059853e-01 2.083198819164097e-01

77
3.656793673808575e-01 5.004986244798845e-01
-5.266319770839427e-01 2.113454026649625e-01
7.034263715724236e-01 6.781664797534256e-01
1.186589708506937e+00 -1.649853072771089e-01
-2.042301863622718e-01 3.578819695563985e-02

78
9.238304815592543e-02 -2.717029852770487e-02
9.889306897875204e-02 1.457365481063162e-01
-2.800808192180651e-02 -1.697134434586325e-01
-1.160674772402641e-02 -4.281109055144765e-02
-1.368412695798374e+00 9.666295668622585e-01

79
6.801256502648302e-01 -1.076223737644243e+00
5.005821676191641e+00 -2.497616398158414e+00
-4.070381667263293e+00 -5.387836110894558e+00
-1.436556163993785e+00 -6.353397358342648e-02
5.468304499819098e-01 1.331046683980184e+00

80
-3.538460560146190e-03 5.029305928950513e-03
2.422391189856087e-01 -9.291147414847675e-02
-2.453255363769223e-01 9.725677275742879e-02
1.361403495927595e+00 1.825143067623553e+00
1.995471336525756e+00 2.674540880993272e+00

81
3.999306756486249e-01 5.439692824770154e-02
6.724306767877614e-01 -1.410561155672469e-02
-1.876036229751620e-01 3.746602505214846e-01
3.400150574300480e-01 -6.479036708888947e-01
1.785420524807632e-01 -5.616192253592792e-02

82
8.143599704778017e-04 2.003302975514553e-03
3.886105119366465e-03 -6.742116866341706e-02
-3.191879609502214e-03 6.916174917720991e-02
5.809693681900494e-01 -1.280646948153618e-01
-5.808961081600377e-01 1.282447560804382e-01

83
7.631402290766089e-03 -3.017475126133545e-03
6.005661526986823e-01 -2.668657724233938e-01
-6.889407142194834e-02 6.526976453248928e-01
-1.111577558665581e-02 -1.551147532611477e-01
-1.255391491224458e-01 6.575623419937449e-02

84
-2.530184614259775e-01 -4.148945434026263e-01
4.479816360360218e-01 2.237766877734131e-01
-3.682601848219849e-01 -6.657742113468106e-01
1.587140689912344e-01 8.833242047941121e-02
-8.150506324081739e-01 1.053979428248587e+00

85
-7.646926658829566e-03 -1.716905877885502e-01
5.712777925220212e-01 1.046201901445739e-01
4.898491537874460e-01 6.374639841149701e-01
7.249324362738943e-02 -7.880185931004759e-02
5.810752701864254e-02 1.145723077250197e-01

86
-1.122779035992993e-01 -7.739289138698144e-03
7.624358260118641e-01 -1.658773129756012e-01
-1.895688437859163e-01 6.679234773967155e-01
4.751806153503738e-02 -1.884259461631547e-01
1.515242770715718e-01 1.287405919717560e-01

87
3.831159475914322e-02 -2.166989777673788e-01
6.296476091953915e-01 1.922645728317972e-01
8.282598141110965e-01 2.219915150178456e-01
8.677574552805292e-02 -8.357799844198650e-02
-1.587554657371888e-01 1.599667767798474e-04

88
-3.374236149867030e-02 -1.986690748177240e-01
5.257126465647232e-01 -9.435090273006965e-01
-1.121454471789401e+00 -2.071588786899927e-01
2.610259009541034e-01 1.150295719353387e-01
-2.162049707437180e-01 1.855159430779058e-01

89
-2.546757376128343e-02 -1.779199775102449e-01
5.294064387058914e-01 -1.638382642075107e-01
5.994700307428735e-01 6.039084112991668e-01
8.773200916426152e-02 1.108715771121671e-01
5.679954257727040e-02 -1.000900943892036e-01

90
3.379712284202743e-03 -4.915563870720746e-03
2.434286701151227e-01 -9.582035892760393e-02
-2.405218436597067e-01 9.155282975609753e-02
1.346457316174270e+00 1.811883832175766e+00
1.973103285479349e+00 2.655773837556349e+00

91
-2.970653712708155e-01 1.846231423550844e-01
3.103373933532976e-01 -2.942621874995736e-01
-4.118764074232319e-01 1.790876428546625e-01
6.905235960150891e-01 -4.144757904447711e-02
-9.139723686383962e-02 5.179446452595180e-02

92
-3.283039855177230e-01 4.352191181775606e-01
-1.337372744452012e-01 -7.657594341639653e-01
-6.508556267639930e-01 7.618578992111817e-01
7.982981999704745e-01 3.714184184560891e-01
-6.745521040036800e-02 1.855286153640376e-01

93
-2.830202034064535e-01 -9.332213179664104e-01
-1.117627009991393e-01 -1.199791952631228e+00
5.590624596729166e-01 1.125932495158857e+00
-2.813247609238133e-01 1.656674090920798e+00
1.864571031177623e-01 3.385828941977785e-01

94
-4.576224227289702e-01 3.777766945610879e-01
-6.912581850713911e-01 -1.188756858175249e+00
-1.126028292162814e+00 2.190157994940208e+00
3.068931313600358e-01 3.549244941359390e-01
-4.191935801762949e-01 -2.189821463451370e-02

95
9.053628302527315e-01 -5.256803529677694e-01
-6.446237533257406e-01 6.417423533091888e-01
3.300527319989703e+00 2.204960202869009e+00
-2.347430111251217e-01 2.560229983216366e-01
-2.429808844028272e-01 -3.930092690876708e-01

96
3.529375349441604e-02 -4.846943245635619e-01
1.493965641442595e+00 -4.690545859871611e-01
-9.611581973372529e-01 -2.000693581317950e+00
1.585362425538903e-01 -3.725770035482424e-01
-4.640841391143301e-01 1.135455390138471e-01

97
-2.726980254354005e-02 -4.688299733611528e-01
1.239769910404616e+00 4.436618165463079e-01
1.788500184172388e+00 1.061567738223615e-01
-3.228993324523812e-01 6.140191297590297e-02
1.549447392278381e-01 -2.009497080840673e-01

98
3.467237353305150e-01 -2.588961933480458e-01
8.508562526986508e-01 9.241335046769094e-01
1.912792574118339e+00 -5.242826768749632e-01
2.619014365292429e-01 -6.782590140333276e-02
-7.525693994786810e-02 3.441037573153042e-01

99
-3.320040405804151e-01 -3.094204706123030e-01
9.791316509838188e-01 -3.391946003368181e-01
2.423443460602760e-01 1.675511761904709e-01
-9.580281443493448e-02 1.752436844355322e-01
7.705643869251305e-02 -1.280349443001896e-01

100
-8.653254286040851e-02 -6.728468614671103e-02
5.866839125974087e-01 -1.739262776312816e-01
1.390456716036638e-02 5.958778715983527e-01
3.154039326665603e-02 -1.296036882082573e-01
-1.200491101101506e-01 5.561581375136836e-02

101
6.688666868522916e-04 3.219090494804183e-03
-3.960096347137121e-02 8.585639877438302e-02
4.016249254608750e-02 -8.305826539919722e-02
8.006842042227602e-01 1.396236820644564e-01
-2.972319350275410e-01 6.020810764289325e-01

102
5.208864548859321e-03 -1.465057292234640e-02
7.171239829356635e-01 -2.341478856152617e-01
-1.575966022764903e-01 7.381554656318626e-01
5.200863471679640e-03 -1.763096140482129e-01
1.428212262829380e-01 1.188688358447915e-01

103
2.154017267990960e-03 3.608670014215288e-03
5.174360446092740e-02 1.034973579562424e-01
-4.990695211290735e-02 -1.003638338058355e-01
7.370482987043666e-01 -6.615355240973031e-01
-6.957024880485370e-01 -4.303125423307528e-01

104
1.694424014194683e-01 -2.375057475100963e-01
3.139216643804259e-01 -4.367709199793731e-01
1.142741778004468e-01 3.790734054709937e-01
6.623192863794292e-02 -1.121872588172081e-01
-4.173901585413729e-01 -2.555965581698726e-01

105
5.997140540951898e-02 -2.770392548593589e-02
9.513382804339983e-02 1.592719732425513e-01
-4.731787302965637e-02 -1.824948765738356e-01
1.159363820783054e-02 2.405755675934453e-02
-1.326575623599817e+00 1.065305430030085e+00

106
-5.393633882254236e-01 2.755156632394619e-03
2.162746462276837e-01 -9.134068449964117e-02
1.611355961841615e-01 1.939965500118288e+00
-4.004679646443042e-02 -4.143266466754363e-02
1.152396043686805e-01 -1.818245451595220e-01

107
-1.890235741667677e-01 -3.171221218858728e-01
5.315099657526392e-01 -4.400205424424094e-01
-6.459423100660850e-01 2.242783112524224e-01
1.462791254325082e-01 -7.386426253757601e-02
-1.310531356558700e-01 8.829616935103751e-02

108
-1.221961138183132e-02 -3.963309862852195e-04
4.677475061990491e-01 -4.137037119709684e-01
1.255861517237143e-01 6.114142914856135e-01
1.463341881668858e-01 2.278068553656572e-02
-7.014295273361724e-02 -1.276583180784142e-01

109
-3.425218134781448e-03 1.250627269281961e-03
-2.763677067842916e-02 -9.677647476262033e-02
2.469353735995862e-02 9.785382422338677e-02
7.555091398823848e-01 -4.451376162398135e-01
-5.285575196867653e-01 -4.949846891150926e-01

110
-3.607540523911431e-01 -1.933345213493395e-01
4.525752635639016e-01 -1.204272313053368e-01
1.908254976783438e-01 4.308214481923024e-01
2.649596066046794e-01 1.561646310151729e-01
-1.707058304226541e-02 5.352067828064631e-02

111
-6.245668250500192e-02 -1.227629778797374e-01
4.333616254126126e-01 -1.994902752750566e-01
2.956693679572773e-01 6.059327100370323e-01
9.655035028421333e-02 7.908153406815391e-02
-1.075836354298376e-01 5.627509100601276e-02

112
-7.728764575601230e-02 -1.412993558626372e-01
4.571545787307923e-01 -5.626708268103258e-01
8.618144502729665e-02 8.266616751656862e-01
-7.175761462638285e-02 1.647516852787566e-01
-9.056407658985814e-02 -1.218991521775061e-01

113
-1.492949458672279e-01 -2.174088483627510e-01
6.321026075824070e-01 -6.372253996530665e-01
-7.980966732277807e-01 6.934566588110020e-01
-2.187802555691063e-03 -7.564471216290207e-02
1.328615371313133e-01 2.370344981635356e-02

114
7.202954357236497e-05 -2.013966698677059e-02
7.492811923348693e-01 -5.094013639816015e-01
6.415956402643028e-02 9.053397433107178e-01
-1.530657021059335e-01 1.507825076752813e-01
2.270782632909432e-01 7.607830698221014e-02

115
-2.951251063254803e-03 5.153596105850234e-04
3.476002430427106e-02 -6.904963989163894e-02
-3.729748087862753e-02 6.948312973885208e-02
6.642565064471557e-01 1.413335940029809e-01
-2.666377532465577e-01 4.933889605050226e-01

116
-1.519908963237939e-01 -5.094588946514855e-02
6.783983086745211e-01 -4.339822117638411e-01
3.128881685588787e-01 7.629046201461825e-01
-1.154464485458593e-01 1.287978836774948e-01
-2.406240155182813e-02 -1.702106026443125e-01

117
-4.128190900741897e-01 -6.564149317350997e-01
8.929586316070575e-01 -1.058960990895077e+00
-1.166678825168535e+00 5.905269995498414e-01
-2.905443309100161e-01 1.764724278724936e-01
3.208060590980800e-01 -1.618832213415968e-01

118
-3.801392220027291e-01 -4.929224086985342e-01
6.766608756836134e-01 1.202187624376980e-01
7.319427730149730e-03 7.013982920502032e-01
-3.749677303925602e-02 6.959864076764152e-02
2.771094324984901e-01 3.762941959354836e-01

119
-1.141159448887634e-01 -1.710996536728830e-01
7.067849793581388e-01 -6.275040688715269e-02
4.854558222404413e-01 8.338196759936235e-01
-1.386898371659472e-01 7.211184108141530e-02
1.223114057524853e-01 1.057470817359572e-01

120
6.207892468862112e-01 1.788798896457001e+00
-1.313675836347432e+00 -1.398781465641844e+00
1.074387870514303e+00 3.707645106558868e+00
3.743250024011579e-01 6.476025013413571e-01
-5.207136219579385e-01 -4.224215519724230e-01

121
1.789595209471237e-02 1.183855621208381e-01
-7.405024050848716e-03 -1.414489478188556e-01
3.909980450374318e-02 2.467742848007972e-01
4.582606136652227e-03 4.905571421015153e-02
-1.273906041098444e+00 6.069975067810452e-01

122
-7.706540641230437e-02 1.623331958012675e-01
8.444859653751717e-01 -6.123223436074050e-01
-6.361581165148238e-02 9.838047218824869e-01
-1.714886657027591e-01 1.499109455019053e-01
2.425919753182194e-01 6.217947064652731e-02

123
-2.359538547380398e-04 2.061361997620878e-02
7.682408768986219e-01 -5.202086434925240e-01
6.400611076942271e-02 9.272397018591092e-01
-1.596190912447640e-01 1.493962182097412e-01
2.327210282103375e-01 7.806947660838862e-02

124
-2.246925487053882e-03 -3.764353125792256e-03
4.902795829229600e-02 1.004998088700912e-01
-5.100521543805407e-02 -1.037509965329075e-01
7.399245344516526e-01 -6.561636303618215e-01
-6.924690350735325e-01 -4.335161368138613e-01

125
-1.433075448372876e+00 -9.553205643171440e-01
4.221361750547405e-01 2.262011235798286e+00
-2.604367226385786e+00 -1.567444646659429e+00
2.146891135118314e+00 -2.105640428867142e+00
3.172447770224785e-01 5.636514047739000e-01

126
1.414388540301485e-01 2.168267894658116e-01
4.037821466528445e-01 -7.877269833993914e-01
1.590954383887193e-02 1.175289512182780e+00
-9.872430060392351e-02 1.212875843585903e-01
-9.376118154236551e-02 -1.428259700545943e-01

127
1.956451237929310e-01 2.979133803335877e-01
6.535643484771076e-01 -9.809967915979312e-01
-4.837738915738474e-01 1.098289730356267e+00
-1.275286426409787e-01 -3.439278931905731e-03
1.025918048397267e-01 -1.090948835863766e-01

128
-8.348445819230269e-01 2.748267975983384e-01
6.315765379092843e-01 -6.591164979194130e-01
-1.695655667115384e+00 4.945131680104217e-01
2.387599607311560e-01 -2.369671461817135e-01
-3.446586686433873e-01 1.551014358772436e-01

129
-1.604513455622877e-02 -7.665076658897313e-03
1.020780062505636e+00 -8.171330734148045e-01
-1.218746151727848e+00 -4.743210919448018e-01
1.146289986822975e-01 -2.874724006965190e-01
-2.601430090737329e-01 3.770327040683132e-02

130
3.468110520701399e-02 -1.653463379512616e-01
5.935486100672865e-02 1.816717632433045e-01
-1.572310657754368e-02 -3.007667362570310e-01
2.090459317012284e-02 6.561548796755454e-02
-1.357811455472324e+00 1.057989805757971e+00

131
-4.813823472141397e-01 -2.473607638449980e-02
6.069695973124158e-01 1.787520531388115e-01
-6.278063837569680e-01 1.127263018608150e-01
7.116317537862894e-01 -4.492716410094662e-01
2.045994614508893e-01 5.490145531067345e-02

132
-4.752717667277753e-02 9.081916809589459e-02
5.182295676017140e-01 -3.670618866517412e-01
-3.135578790413756e-02 5.735247454322095e-01
1.431633630954510e-01 2.593580578019091e-02
-9.044989736757229e-02 9.454617583576026e-02

133
2.067850841017324e-01 4.717791203959437e-01
-9.235680336072440e-02 -6.104251101596062e-01
-4.796989647487811e-01 2.077043713008615e+00
-3.229264596023258e-02 -2.215464366344628e-01
-2.257974259481040e-01 9.125555562054377e-02

134
-3.915824109352303e-01 2.402069354285637e-01
4.494474640845972e-01 -3.862307407413172e-01
-5.293415678872458e-01 1.921672108957062e-01
7.848450367791013e-01 -7.220678712816773e-02
1.592223702430999e-01 -1.298924735101741e-01

135
1.534325233766664e+00 4.190249435408375e-01
-1.854449670524377e+00 -9.321661159691901e-01
6.979620120790140e-01 6.517609025334555e+00
-6.877599733018670e-01 -3.277027784487864e-01
4.153986421767402e-01 -6.056731511117001e-01

136
-5.717417123147776e-02 7.703646763375199e-03
-3.802863939655605e-02 -1.536568072731112e-01
-1.520646717594220e-02 1.600092955758440e-01
1.680343319944914e-03 2.489007418265461e-02
-1.361401134256648e+00 5.068462895502445e-01

137
-4.297478144879014e-01 2.178308358858020e-01
5.354391031665665e-01 -2.960206813070960e+00
-2.574497194591813e+00 1.235537414874117e+00
-4.200705899898499e-01 5.577439969086323e-01
-2.483819761813483e-01 -7.276809810993909e-01

138
6.273706770250119e-02 -2.606651783720369e-02
9.158483466882457e-02 1.647731465082443e-01
-4.157916947128707e-02 -1.866701861341876e-01
-1.099404263665625e-02 -2.570414985013912e-02
-1.394795908491621e+00 1.012047917715553e+00

139
-5.024963094878035e-01 -4.853096364630515e-02
1.434451512595771e-01 -1.303751993272357e+00
-1.357655076246234e+00 1.859326111577764e+00
-1.334443252159779e-02 3.446268452246686e-01
3.213231832832691e-01 -1.085748765207971e-01

140
-8.454564796985882e-02 5.538738854321861e-03
-5.292007179737936e-02 -1.494749316273825e-01
-2.787395857193710e-02 1.525066625297468e-01
-1.241352885859743e-03 4.116605968023874e-02
-1.394394043877663e+00 5.305183226808304e-01

141
-3.925962905868116e-01 -7.037651968297082e-01
-4.440560988754870e-01 2.879126455839357e+00
3.173790579005840e+00 2.112500630262661e+00
4.277941215155792e-01 -4.171758078238753e-01
2.458725880687888e-01 5.826453467194903e-01

142
-6.795401486937833e-02 1.094906171160819e-02
2.703160800096027e+00 -2.238004864980432e+00
-3.281986439891391e+00 -1.219042113682727e+00
-8.117728716387081e-01 1.383450341720564e-01
5.021707147733959e-01 7.393976102496883e-01

143
5.300766487775850e-01 2.056432571896117e-01
1.045338223970792e+00 -2.611263658467899e+00
-2.709098038038429e+00 1.035277999168758e+00
-5.822603030287372e-01 3.350825369830071e-01
4.841420659304340e-01 2.835182397881632e-01

144
-5.734172322033738e-02 -1.129287210465253e-02
4.645978971627695e-02 1.857574630188673e-01
-9.782462440621861e-02 -1.981115373873378e-01
5.801688098396750e-03 -2.321550670760814e-02
-1.503985712804547e+00 1.012042943739374e+00

145
-1.387878359028227e+00 -1.337178812511519e-01
5.711925647680488e+00 3.694245741690625e+00
2.910447136609812e+00 -6.292091421634566e+00
-5.919452931164596e-01 -1.286503204882989e+00
-5.827309590998542e-01 1.306919853338336e+00

146
4.006969701083753e-01 -1.744939553177225e+00
-1.536405986520150e+00 1.043230643473720e+00
7.352825774739483e-01 1.830847751808411e+00
1.603406160829330e-01 3.028124848726167e-01
-3.056386850983352e-01 1.304474242837965e+00

147
-8.407967820651109e-01 4.624079929486288e-01
1.943565724850091e+00 6.966172123551511e-01
5.168115299865318e-01 -3.181641970899030e-01
-5.700301005905791e-02 -3.990292741687402e-01
7.237731434837487e-02 2.779887517313192e-01

148
-1.055560395393415e-01 -8.259536959442952e-02
6.438889709955427e-02 1.452594786102934e-01
-1.498152567519118e-01 -2.324550390994946e-01
2.140132435148507e-02 5.030687078845288e-02
-1.415880400831310e+00 1.029085689057455e+00

149
-2.315259633960736e-01 -3.999306996962917e-01
3.433882344920532e-01 5.549757041564972e-01
1.680169539249175e+00 9.544487207707947e-01
1.181738174806123e-01 1.789897256899022e-01
1.464718029687233e-01 -1.526866641587499e-01

150
7.413522343906660e-02 1.129672578018369e-01
-6.612053855340536e-03 -1.534323372424548e-01
8.562515782784838e-02 2.357511162753351e-01
-2.698667411658377e-03 -5.214049246581723e-02
-1.322201988165020e+00 4.463064345739738e-01

151
-2.280438160029934e-01 1.567711887276724e-02
1.508524376660609e+00 -2.652206465644014e-01
-8.078038695148657e-01 -1.130097528290691e+00
3.018282100136666e-01 -2.350902280882089e-01
7.700150958846823e-02 3.640948423594755e-01

152
2.696289868591119e-02 4.121521475989369e-03
1.382511802587544e+00 -6.212497298822964e-01
-1.227933299171556e+00 -8.849643312661409e-01
2.102800716862461e-01 -2.883914943320144e-01
8.842174283269857e-02 3.246465893675736e-01

153
-8.723547842792388e-02 2.105466748288593e-01
4.343754284305121e-01 -1.481577234216456e+00
-1.376222798377125e+00 2.722080463606403e-01
3.923631306828606e-01 7.192153132523493e-02
-1.103621590438834e-01 -3.912942371729483e-01

154
8.614789346943254e-02 -1.495178185309947e-02
2.245609966443002e-02 -1.378615776633536e-01
4.283200099788374e-02 1.247540830010529e-01
-8.622076256530468e-03 -4.106885658558906e-02
-1.273887827688789e+00 4.786176571894262e-01

155
-7.714175999374113e-01 -6.445455216411632e-01
-8.549529745317939e-01 -9.598756100179666e-01
1.081171276943355e+00 5.874380036811755e-01
7.501612797654178e-01 1.819850238163420e+00
-2.116318327951708e-01 -1.420897256066969e-01

156
-4.345869550338029e-02 -1.464737958600860e-01
7.189021186179663e-02 1.756426384144830e-01
-8.771246974535594e-02 -3.039356873799781e-01
-2.037783846513219e-02 -6.173776579806106e-02
-1.515143392797541e+00 9.008194818164635e-01

157
-1.482556040481453e-01 6.646457674669648e-01
1.269488936539092e+00 -7.196644553619381e-01
7.705378589232019e-02 -4.309480792669099e-01
1.805482794206072e-01 9.123423075485528e-02
-2.373594704547875e-01 -1.576157760124471e-01

158
1.505613702597621e+00 -2.758073544372074e+00
-3.165738648080688e+00 1.464235381178816e+00
8.043034079464738e-01 3.313332555115815e+00
-4.673615873001845e-01 4.424300505635535e-02
-1.200266985519065e+00 2.043088326532632e+00

159
2.194009167635030e-01 1.582776637019806e-01
3.246236501469343e-01 -8.917708375856990e-01
-4.210911465725850e-01 1.009626724774277e+00
8.417790365467191e-02 1.066959911112794e-02
-1.720481289716405e-02 -1.425533159219885e-01

160
5.815767473038562e-02 3.672259761648493e-02
-4.632105062346516e-01 -3.005567654339008e+00
-2.380392225879986e+00 1.904104796482524e+00
-2.665106254783984e-01 6.611231584149729e-01
-5.095869565980994e-01 -6.320955732937010e-01

161
-1.703990119642862e-02 8.309540353288609e-04
5.651249872111004e-01 -6.018898723494637e-01
2.409999370332017e-01 7.897099237449934e-01
-1.057201868931738e-01 1.616031727905626e-01
-1.069265002703526e-01 -1.841187415250728e-01

162
-5.020598923798936e-01 -3.948049076286798e-01
7.058844044403281e-01 2.218504956058453e-01
4.054924477315629e-01 7.187162359890871e-01
-2.758325606808995e-02 2.086966700003648e-02
1.561146362319031e-01 7.891992486764716e-02

163
-2.438634490739468e-01 -3.023712214103400e-01
1.766671054833314e-01 1.778104422533672e-01
4.635708131097394e-01 1.287735595589659e+00
-6.217231490750570e-03 -1.040264774635650e-02
-6.672817289053927e-02 1.132621634003717e-01

164
-4.268119128343640e-01 -2.673596996030340e-01
5.594912642359557e-01 1.221042855400911e-01
3.954763488200737e-01 5.425826237073521e-01
1.281875506429934e-01 3.516511308213564e-02
-2.168193490653893e-02 2.755252199977957e-02

165
4.232997697665378e-02 1.780807732218107e-02
-5.068727492203389e-03 -1.494500223586313e-01
4.079393076473401e-02 1.626025547709676e-01
-7.948175744946946e-03 1.539664750314225e-02
-1.295431013278463e+00 5.290379352630568e-01

166
-7.636787915504154e-01 -7.657685223434902e-01
-2.668163337102935e+00 -2.410939940705432e-01
-1.791013508300244e+00 4.125867708949930e+00
7.762713218607810e-01 -3.717771365418163e-01
-5.786534364615088e-01 -2.643868593358676e-01

167
-3.015284831042898e-01 7.802807069325890e-02
7.668549839734138e-01 5.026569383455668e-01
8.481771699564523e-01 8.261062892429887e-01
-4.766531273108416e-02 -2.034920449330954e-01
-7.492459160076001e-02 1.563580880046741e-01

168
-7.383724310019484e-03 2.999464547281595e-03
6.043838984977556e-01 -2.636275111875529e-01
-7.362324392166195e-02 6.544264907190908e-01
-7.761173076234827e-03 -1.557029564829477e-01
-1.248481994396122e-01 6.367291554504763e-02

169
-4.046530575832057e-01 -4.776181891786953e-03
4.759218055152710e-01 1.495747641793759e-01
-5.451774471466106e-01 8.651591050927494e-02
6.342322246157257e-01 -4.939996226012273e-01
-1.284850212973251e-01 -8.585564967733976e-04

170
-3.885241306566303e-01 -4.419679284910583e-01
6.183551509423885e-01 1.565036180125229e-01
-1.275459234659473e-02 5.976821892860037e-01
1.267539038414810e-01 3.143013423988832e-02
2.922748580656421e-01 3.360219905489579e-01

171
-2.450822280681216e-01 -2.481408905602080e-01
2.294900520802613e-01 2.198178831579306e-01
7.226988232237074e-01 1.064811857999043e+00
6.833643114148069e-02 6.680167838305968e-02
-8.817473304673520e-02 7.943055462652671e-02

172
-2.213513543637906e-01 -1.821127545952144e-01
3.301780280634841e-01 2.191668735085811e-01
7.861756790831358e-01 8.560956738599224e-01
1.043016320130471e-01 7.580873368306633e-02
-9.953293946003418e-02 8.449688786326935e-02

173
-2.759938633956853e-01 5.244433699681883e-02
3.291742736458089e-01 -1.512118060160474e-01
2.020788703016745e-01 1.134960202016044e+00
1.257415120419485e-01 -4.783099128832375e-02
-6.061889796286563e-02 -1.111328042806611e-01

174
-4.354336004944573e-01 -1.813213930147599e-01
5.107471952481331e-01 -1.029558093234444e-01
1.896537459680779e-01 4.400249978855392e-01
3.272893411073524e-01 1.412924017400640e-01
1.124483115852218e-01 -2.737949320668859e-02

175
-3.047942334725896e-01 1.054342312933980e-01
3.199473462739217e-01 -2.287537506450330e-01
-3.305836677340810e-01 1.315192898453179e+00
1.220719396746240e-01 -8.236547494195406e-02
5.373757827290107e-02 1.527886502751694e-01

176
6.047461957172535e-01 -1.316339822709376e-01
1.067414235800019e+00 -1.105211980778182e-01
-5.394491074066737e-01 6.618263231660879e-01
-5.536493548251924e-01 -9.263527485456644e-01
-2.073809876149496e-01 1.602029422332373e-01

177
-2.579643539020040e-01 -2.810331440842947e-01
6.929493641594018e-01 -8.435778054267006e-01
-8.138777661843637e-01 6.466254898126620e-01
-7.587980141379555e-02 8.957853708842888e-02
1.395837171441993e-01 -8.445844136476463e-02

178
1.818648182558906e-01 -3.280326216567496e-01
8.431201053109899e-01 -3.550241182479075e-01
-1.290357776066694e-01 3.174645516270294e-01
-1.209886463823687e-01 -1.123362210764739e-01
1.196732428815387e-01 8.968103566749430e-02

179
4.292248904608873e-01 3.344347052538413e-01
-1.680822441954922e-01 -1.133322999965909e-01
9.283508967786934e-01 1.680632572693650e+00
1.050926980925381e-01 4.289586561946118e-02
-2.324721693031035e-01 9.399503605614554e-02

180
2.917950834923266e-01 -1.279428839798426e-02
2.483169061025612e-01 -1.525416120640951e-01
2.169872998724881e-01 1.413250995880459e-01
5.812552334921813e-01 -5.011112643391156e-02
-8.819911504929705e-03 1.042634808191435e-01

181
9.070534500270952e-02 1.292830788734057e-01
4.537155189980563e-01 -3.238439854696524e-01
3.330982333582759e-01 6.345744486976721e-01
1.119333089408746e-01 7.323889094458427e-02
-1.489674998145022e-01 5.574090449847546e-02

182
1.240099733970463e-02 -2.240436295096535e-04
4.604290491844029e-01 -4.190980187630879e-01
1.338925518892299e-01 6.076560366415246e-01
1.456677150258348e-01 2.033167679356943e-02
-7.538254042120815e-02 -1.272610206361742e-01

183
6.791743656902058e-01 -2.174198949597638e-01
-3.287315157908655e-01 -5.778056289432554e-01
1.126700998780379e+00 -1.309922884840340e-01
1.002435241251984e+00 8.714877196272238e-01
2.470459541958157e-01 1.041697750289071e-01

184
4.774521044214742e-02 3.197482891016098e-01
7.802326160645893e-01 -4.429982929964293e-01
1.410345411003884e-01 1.382472736983235e+00
-2.896839359289438e-01 4.410771747741160e-02
1.918979159106660e-01 1.701987286693789e-01

185
4.521285673130243e-01 -2.467530425739920e-01
-2.564902734388355e-01 -3.565711174885028e-01
7.531291365033904e-01 -2.278661661057666e-01
9.169216252894581e-01 4.034804322942567e-01
-1.375443232852561e-01 -7.173609677301299e-02

186
1.640712178236656e-01 3.925139349496302e-02
5.323447759585264e-01 -5.924980215269142e-01
4.748754771042018e-01 8.034343568384349e-01
-1.177732909473718e-01 1.793121016648647e-01
-1.138611821249008e-01 -1.851887655595540e-01

187
-5.651911744893440e-01 6.040520437758587e-01
1.791066659266564e-01 -1.880630926168660e-01
7.868627175644771e-02 2.948576624883854e+00
-1.372900400571949e-01 5.497924028947539e-02
3.739534108446788e-01 1.054452629481545e-01

188
2.632935747006122e-01 9.880292008920600e-01
2.053326446290796e-01 -1.070729086945537e+00
6.129281696533456e-01 1.995687189274559e+00
2.240125622464875e-02 3.967683095079111e-01
5.645352737839004e-02 -3.171273407955578e-01

189
-1.158731622079444e+00 9.281664371629120e-01
2.138470783506709e+00 5.024290628530133e-01
-2.161449658466039e+00 1.830400769363592e+00
-1.157067461516832e+00 -1.913549927932099e+00
-4.923637253768670e-01 3.438160132901811e-01

190
1.772411968711661e-01 3.653049177496558e-01
2.534928297781474e-01 -4.549047066888786e-01
2.977102380308451e-01 6.664735146915323e-01
1.405643168593636e-02 1.676113728867884e-01
-6.265343871173561e-01 2.759250837720660e-01

191
-7.893784629383183e-04 -3.327595462908263e-03
-4.060146576076260e-02 8.267317156905599e-02
3.989934695750153e-02 -8.554288316694363e-02
7.984155548451541e-01 1.426876099299310e-01
-2.987553851801391e-01 5.995654913339011e-01

192
-5.284112281568839e-03 1.509504341655911e-02
7.281438881270968e-01 -2.329426321447735e-01
-1.641628030399035e-01 7.471916576098305e-01
9.314613919246860e-03 -1.820634951992725e-01
1.439837066958946e-01 1.208407883748405e-01

193
3.368935805270213e-02 1.757774993925048e-01
6.321416245842083e-01 -4.530785598171552e-01
-2.692286817760016e-01 8.255683923288902e-01
-5.468509821748423e-02 -1.420315790627912e-01
-9.771268716891164e-02 8.999493239657679e-02

194
9.053978311047624e-02 6.777977985599258e-02
5.876208015798935e-01 -2.480420293487702e-01
5.038227501559702e-02 6.468464413619691e-01
5.263200403459026e-03 -1.645234148079747e-01
-1.503815757893986e-01 6.610304081127309e-02

195
-2.943387844141516e-01 2.329235078674575e-01
2.986933842841182e-01 -1.401236565739025e-01
1.128723289956575e-02 1.503783329587476e+00
1.117412473314114e-01 -4.803407569970782e-02
6.687974892729683e-02 1.046797433583160e-01

196
-2.321370198056975e-01 5.345919815665934e-01
4.714816857041151e-01 -3.672268211477280e-01
-4.211399909073142e-01 1.085236110790291e+00
1.619046970324436e-01 -1.346708737756289e-01
-1.501657910660328e-01 2.066946551542071e-01

197
1.397740821976744e-01 2.444640968473127e-01
4.869279205918903e-01 -6.741904209708016e-01
-3.696666000238247e-01 7.891170667666433e-01
8.207542960119900e-02 -7.356613317392870e-02
-1.014410946855914e-01 4.508138200336141e-03

198
4.133021040730473e-02 1.852710016487378e-02
-1.884236928787489e-03 -1.480443900109896e-01
3.678863032819457e-02 1.618237284697917e-01
8.260934586593192e-03 -1.513216885467969e-02
-1.284997035023316e+00 4.807591753657553e-01

199
1.216137187725320e-02 2.312189162450247e-01
6.884260007975849e-01 -2.475248062894606e-01
7.860149031913461e-01 7.354968185319988e-01
8.254937382130757e-02 1.194963466527269e-01
9.699838459916518e-02 -1.582147365896749e-01

200
-4.190322848939136e-01 -6.679019734618492e-01
1.000716832565393e+00 4.767159267041867e-02
-7.909470528303516e-01 -1.178315092083765e+00
-2.896581563559825e-01 -1.941777186291304e-01
-1.121958548896127e+00 7.569246921220265e-01

201
-1.505180158598541e-02 1.046038392671701e-03
4.863184124954542e-01 -1.021600333889724e+00
-1.127126280830760e+00 9.107388133988029e-02
2.429755071822392e-01 1.157269171050485e-01
-1.882329351434848e-01 1.695603204146617e-01

202
-2.471659702582432e-01 4.727497061185010e-01
-1.488573765647880e-01 -7.255905888827624e-01
-5.162860899839306e-01 7.735437863218211e-01
9.184951638082507e-01 1.311512843682902e-01
-3.369566863729891e-02 -2.066330931456401e-01

203
5.597403798320875e-02 -2.236210301472423e-01
2.084000523651522e-01 -1.237571260468742e+00
-1.099768421728806e+00 3.117762646392248e-01
3.406241979325122e-01 9.847610988456858e-02
-1.031150432375100e-01 -3.033006180867054e-01

204
-1.187323549586268e-01 3.493870049003556e-02
-5.465760368206130e-03 2.019111374699594e-01
-1.100259019100740e-01 -1.711286671976939e-01
-2.207088581163266e-02 -6.065581767236349e-02
-1.676129809051247e+00 9.874963480687110e-01

205
2.037288577330626e-01 3.911267149731730e-02
3.033666065428803e-01 -9.993497602351216e-01
-8.901856490709436e-01 5.156998096421076e-01
1.648417359070611e-01 7.811269215269122e-02
-1.793640672303176e-01 1.310702706332384e-01

206
8.431172706175177e-02 -1.922552316445731e-02
1.456673973112320e-02 -1.365985675692054e-01
4.924219285069342e-02 1.199604743125534e-01
1.043309675362245e-02 3.995413939040538e-02
-1.216076622693162e+00 5.801367175601627e-01

207
5.866572699817465e-01 -1.285565307824258e-01
1.059719458761555e-01 -9.431449011968832e-01
3.241699555703489e-01 8.104533408461232e-01
7.181713942405084e-02 2.726681814360594e-01
-7.965787429125881e-02 -2.869499666956776e-01

208
-2.142738936852847e-03 8.570214958869115e-04
2.095661535055744e-03 7.791702465924517e-02
-3.940256736601663e-03 -7.718192361572665e-02
6.432941170262778e-01 -2.051334163183320e-01
-6.434871746669366e-01 2.052107743439245e-01

209
6.596460308736248e-02 -1.069610555956151e-02
2.496963987849985e+00 -2.348056544062011e+00
-3.274522219452511e+00 -9.855401804204977e-01
-7.962823690078960e-01 1.781990380862331e-01
5.139150099913321e-01 6.973612111773151e-01

210
2.470653137616854e-04 -8.828867853108725e-03
-4.276848356065308e-01 -6.770592741489238e-02
4.279015343403682e-01 6.009209852863930e-02
4.556970678828930e-01 3.735569942783774e+00
6.678401549461433e-01 5.475334364313189e+00

211
2.959788398840388e-01 -2.602368281374164e-01
-2.297691005115050e-01 -2.417767347088013e+00
-1.695373034041268e+00 1.460583019209527e+00
-2.882089893669003e-01 5.386731128002223e-01
-3.459353011462023e-01 -4.697559930747169e-01

212
-5.606357001969647e-02 -3.761450629755695e-03
4.873565810169069e-02 1.862188173816637e-01
-9.935756243951101e-02 -1.914503945987083e-01
1.830607599045146e-02 3.433750489645744e-03
-1.467038952966835e+00 1.049447555125048e+00

213
-1.374743228022168e+00 -1.466773137981049e-01
9.076171944060977e-01 1.138430243824007e+00
1.386448816494403e+00 -7.456065112648538e-01
1.039856046523658e+00 1.076026075214658e-01
2.019093743466849e-01 -1.979344521830795e-01

214
4.229804582649337e-02 1.402658254771461e-02
-2.106516121358204e-03 -1.507551161315718e-01
3.748798027345079e-02 1.609525382392006e-01
-1.188170325385005e-02 -4.467587046811578e-03
-1.306169250481154e+00 5.012801792455730e-01

215
1.961793978887546e-01 2.133545652526030e-01
5.704305037933389e-01 -7.851657919072049e-01
-6.208368513443545e-01 9.917497840607291e-01
-6.763544878593228e-03 -1.369089946395490e-01
8.954600583833322e-02 1.729722642240588e-03

216
-5.717873605763760e-02 -8.813103715573964e-03
5.288007705618058e-02 1.861307590847447e-01
-1.041448838172429e-01 -1.961680052725052e-01
-6.990189285841945e-03 2.112711652861014e-02
-1.488584120294909e+00 1.089573468622769e+00

217
4.412898407394059e-01 1.757425259776882e-01
1.003868261700544e+00 -5.964196465847781e-01
-3.704479772756166e-01 -1.991426299993211e-01
6.579036066101535e-02 -1.837554490693331e-01
-5.409894011392784e-02 2.102976724571371e-01

218
1.389750608745080e-01 3.659801285856943e-01
9.308989151613455e-02 -3.868619442714461e-01
2.202324458888587e-01 5.594237693844750e-01
2.309167872968609e-02 -1.345605120356861e-01
-1.099087982812519e+00 -7.087337134954873e-03

219
4.751870121937922e-01 -1.492892735869173e-01
-1.793660908388971e-01 -1.715424687985541e-02
9.890618164053919e-01 1.537908232290400e+00
4.050049746344434e-02 -6.457236717141009e-02
-1.602970082122563e-01 -1.279279294069860e-01

220
2.152294912820965e-02 2.192612469757045e-02
2.196820148181826e-01 -1.378848497426950e+00
-1.307459019948690e+00 4.995338040716327e-01
3.214550570591572e-01 5.038705538180856e-02
-1.611598488483836e-01 -3.197505530143257e-01

221
2.841865325944680e-03 -6.027446715330170e-04
3.699338054646194e-02 -6.928013216384100e-02
-3.451498832139170e-02 6.874463830267262e-02
6.622331687691445e-01 1.394861138076841e-01
-2.647072959093772e-01 4.925470551952940e-01

222
1.574813964416290e-01 -5.307056697068353e-01
-1.785842115240491e-01 2.841307214209384e-01
7.833362738044799e-01 1.847287466277132e+00
-2.133092336663880e-02 -2.959191206868908e-02
1.788569491517134e-01 1.131908537707231e-01

223
-9.248915568734872e-01 -4.530790160973149e-01
8.716704063135746e-01 8.196293764910169e-01
1.339593861612420e+00 2.192188503536759e-01
1.455721581805922e-01 1.460787025444134e-01
7.708293010444106e-02 -2.169652425846012e-02

224
-7.574398273630147e-01 -7.669980422518736e-01
5.529296835762809e-01 1.111426377856415e+00
1.265364649966911e+00 6.478790175130831e-01
6.885033885776322e-02 -7.396385672594324e-03
1.097534427809139e-01 2.133369661164964e-01

225
1.558800611309664e-02 -9.311712077337563e-04
4.669759794507568e-01 -1.030268444184007e+00
-1.124964643147851e+00 1.122381530190736e-01
2.405210815411603e-01 1.124951274621480e-01
-1.883679321507165e-01 1.713793354784168e-01

226
-2.328799363316922e-01 1.969476996564119e-01
8.700714729281115e-01 1.834842511781816e-01
7.089550435005807e-01 1.202573960940222e+00
-1.308327251813521e-01 -1.801078821685881e-01
2.145943557572050e-01 -5.222402242359045e-02

227
5.207843083622886e-01 -1.797934558566363e-01
4.407302856537293e-01 -1.277532608266117e+00
-4.817438892190451e-01 1.003819597305100e-01
1.126336590981232e-01 2.255707486960263e-01
-8.184315115482574e-02 -2.114685057397890e-01

228
3.928462307523851e-01 -7.003194978678973e-01
7.317524905384143e-01 -1.372121463878619e+00
-7.172902081275678e-01 3.424714777124603e-01
-3.035248040261116e-01 2.254922780808604e-01
2.442193318449511e-01 -3.235544425846208e-01

229
-8.903071580520963e-02 3.721435625424597e-02
5.246991164733823e-01 -4.113408791791230e-01
1.176412469093017e-01 5.829214114034897e-01
1.639436647204842e-01 2.802615915021301e-02
-4.635096548612055e-02 -1.556287505376339e-01

230
-9.604602955881118e-02 -4.858880853140309e-01
8.839481913196130e-02 4.234887023022521e-01
1.320701470723724e+00 1.387510116198555e+00
4.437636718403353e-02 1.310284744206366e-01
1.602980921328327e-01 -5.293146523957139e-02

231
-5.914085384427329e-03 3.994848861489673e-03
4.775800166153694e-01 -3.320825908759913e-01
4.847287184287953e-02 5.790556406891471e-01
1.327338562022207e-01 3.662378674828858e-02
-7.923273730802405e-02 8.898670650024668e-02

232
-5.348840216827091e-01 5.486114068718053e-02
5.084895514672404e-01 1.411509910653699e+00
2.475066359466549e+00 3.905799973684888e-01
3.814966473031322e-01 1.240696163830743e-01
-2.113532985508962e-01 2.623301515201378e-01

233
-5.558214096144157e-02 2.347639148660385e-01
6.968500126368435e-01 1.995071397709991e-01
9.971213029295956e-01 4.913123854900619e-01
1.372137536312493e-01 -1.150564404152118e-01
-1.623416269445271e-01 -8.007538611216826e-02

234
-7.803674410398088e-01 1.209112837335104e+00
4.432362415950671e+00 5.367212912991129e-01
1.114635978360970e+00 -6.872946759980303e+00
9.562127570106054e-01 -7.645196711833722e-01
-1.039542496882834e+00 -5.649275241856270e-01

235
-1.063095904320904e+00 -2.018240528011098e-01
8.133955824389177e-01 8.979427218252667e-01
1.007652006169877e+00 -6.294333705746004e-01
8.035151336832682e-01 1.724682831144548e-01
6.989979061423482e-02 1.735119518280448e-01

236
1.596092490415257e-02 7.782194799395854e-03
1.010660409594574e+00 -8.439865189941959e-01
-1.236977206241451e+00 -4.521068916324881e-01
1.078739670318186e-01 -2.911850956642528e-01
-2.632436816978440e-01 4.052137011687303e-02

237
-1.632720964659543e-01 2.860723577216367e-01
1.028104529426734e+00 8.471234687278725e-03
1.267720396813403e+00 9.282427924371729e-04
5.233081137486634e-02 1.771562995120872e-01
-1.904376854058759e-01 -1.250384481401998e-01

238
-7.188568339293024e-01 3.989541557178196e-01
2.546753849616475e+00 1.209398608000088e+00
3.651749765944458e+00 -1.085217517536559e+00
-6.146010561083992e-02 5.175838436953740e-01
5.832899309992163e-01 -1.355431146247963e-01

239
1.501267087792866e-02 2.883817458350932e-01
7.750447372089716e-01 -1.298719463810326e+00
-1.457811565094131e+00 -4.434612871943505e-01
3.189341374771829e-01 1.010148500512307e-01
-2.799250360058309e-01 1.816077786756761e-01

