4 4

13
1 1 0 0 1 0
1 0 3 0 -7746359062810513/1000000000000000 0
1 0 2 0 -2090758526328199/1000000000000000 0
1 0 1 0 -2463327385681253/2500000000000000 0
1 0 0 0 5814382644432521/10000000000000000 0
0 1 3 0 -7746359062810513/1000000000000000 0
0 1 2 0 -2090758526328199/1000000000000000 0
0 1 1 0 -2463327385681253/2500000000000000 0
0 1 0 0 5814382644432521/10000000000000000 0
0 0 3 0 3354629922196883/500000000000000 0
0 0 2 0 144560965843587/10000000000000 0
0 0 1 0 4916378267740429/5000000000000000 0
0 0 0 0 -1430449033977613/10000000000000000 0

18
1 0 2 0 -7746359062810513/1000000000000000 0
1 0 1 1 -7746359062810513/1000000000000000 0
1 0 1 0 -2090758526328199/1000000000000000 0
1 0 0 2 -7746359062810513/1000000000000000 0
1 0 0 1 -2090758526328199/1000000000000000 0
1 0 0 0 -2463327385681253/2500000000000000 0
0 1 2 0 -7746359062810513/1000000000000000 0
0 1 1 1 -7746359062810513/1000000000000000 0
0 1 1 0 -2090758526328199/1000000000000000 0
0 1 0 2 -7746359062810513/1000000000000000 0
0 1 0 1 -2090758526328199/1000000000000000 0
0 1 0 0 -2463327385681253/2500000000000000 0
0 0 2 0 3354629922196883/500000000000000 0
0 0 1 1 3354629922196883/500000000000000 0
0 0 1 0 144560965843587/10000000000000 0
0 0 0 2 3354629922196883/500000000000000 0
0 0 0 1 144560965843587/10000000000000 0
0 0 0 0 4916378267740429/5000000000000000 0

18
2 1 0 0 1 0
2 0 3 0 -7746359062810513/1000000000000000 0
2 0 2 0 -2090758526328199/1000000000000000 0
2 0 1 0 -2463327385681253/2500000000000000 0
2 0 0 0 5814382644432521/10000000000000000 0
1 2 0 0 1 0
1 1 3 0 -7746359062810513/1000000000000000 0
1 1 2 0 -2090758526328199/1000000000000000 0
1 1 1 0 -2463327385681253/2500000000000000 0
1 1 0 0 5814382644432521/10000000000000000 0
0 2 3 0 -7746359062810513/1000000000000000 0
0 2 2 0 -2090758526328199/1000000000000000 0
0 2 1 0 -2463327385681253/2500000000000000 0
0 2 0 0 5814382644432521/10000000000000000 0
0 0 3 0 565919725516381/50000000000000 0
0 0 2 0 5149642121317337/1000000000000000 0
0 0 1 0 203323201967617/50000000000000 0
0 0 0 0 588382432446387/500000000000000 0

24
2 0 2 0 -7746359062810513/1000000000000000 0
2 0 1 1 -7746359062810513/1000000000000000 0
2 0 1 0 -2090758526328199/1000000000000000 0
2 0 0 2 -7746359062810513/1000000000000000 0
2 0 0 1 -2090758526328199/1000000000000000 0
2 0 0 0 -2463327385681253/2500000000000000 0
1 1 2 0 -7746359062810513/1000000000000000 0
1 1 1 1 -7746359062810513/1000000000000000 0
1 1 1 0 -2090758526328199/1000000000000000 0
1 1 0 2 -7746359062810513/1000000000000000 0
1 1 0 1 -2090758526328199/1000000000000000 0
1 1 0 0 -2463327385681253/2500000000000000 0
0 2 2 0 -7746359062810513/1000000000000000 0
0 2 1 1 -7746359062810513/1000000000000000 0
0 2 1 0 -2090758526328199/1000000000000000 0
0 2 0 2 -7746359062810513/1000000000000000 0
0 2 0 1 -2090758526328199/1000000000000000 0
0 2 0 0 -2463327385681253/2500000000000000 0
0 0 2 0 565919725516381/50000000000000 0
0 0 1 1 565919725516381/50000000000000 0
0 0 1 0 5149642121317337/1000000000000000 0
0 0 0 2 565919725516381/50000000000000 0
0 0 0 1 5149642121317337/1000000000000000 0
0 0 0 0 203323201967617/50000000000000 0

