40

2
2.009015980219384e+00 8.531128881146863e-02
-9.070782314644301e-01 4.743640340963163e-01
3.846211631257355e-01 -7.109777014190020e-02
-3.397258000112392e-01 1.507743000281694e-01

17
3.907149973168406e-01 -1.554172041706392e+00
3.907149973168406e-01 1.554172041706392e+00
-2.572417396351457e-03 -4.739361679775052e-01
-2.572417396351508e-03 4.739361679775050e-01

19
1.797781470087043e+00 5.616322597926581e-02
-7.227021959464516e-01 -1.057051943966228e+00
4.214844311078944e-01 1.524299648688948e-01
-3.229153418105363e-02 1.694798152004020e+00

22
2.009015980219384e+00 -8.531128881146906e-02
-9.070782314644301e-01 -4.743640340963165e-01
3.846211631257356e-01 7.109777014190026e-02
-3.397258000112393e-01 -1.507743000281696e-01

28
2.009015980219384e+00 8.531128881146893e-02
-9.070782314644305e-01 4.743640340963167e-01
-3.397258000112394e-01 1.507743000281696e-01
3.846211631257357e-01 -7.109777014190020e-02

37
1.797781470087044e+00 -5.616322597926522e-02
-7.227021959464526e-01 1.057051943966228e+00
-3.229153418105479e-02 -1.694798152004019e+00
4.214844311078946e-01 -1.524299648688952e-01

48
1.797781470087043e+00 5.616322597926529e-02
-7.227021959464521e-01 -1.057051943966228e+00
-3.229153418105373e-02 1.694798152004021e+00
4.214844311078949e-01 1.524299648688939e-01

54
1.510129100684960e+00 -6.871205316204647e-02
-8.363417165661441e-01 -5.275734040891342e-01
-3.187376926837711e-01 -1.602125007182164e-01
-1.055780316093395e+00 2.559754700416042e+00

55
1.510129100684961e+00 6.871205316204738e-02
-8.363417165661436e-01 5.275734040891343e-01
-3.187376926837718e-01 1.602125007182164e-01
-1.055780316093386e+00 -2.559754700416040e+00

71
1.510129100684958e+00 -6.871205316205090e-02
-8.363417165661530e-01 -5.275734040891292e-01
-1.055780316093433e+00 2.559754700416019e+00
-3.187376926837723e-01 -1.602125007182129e-01

84
-8.363417165661442e-01 5.275734040891339e-01
1.510129100684960e+00 6.871205316204669e-02
-3.187376926837711e-01 1.602125007182163e-01
-1.055780316093396e+00 -2.559754700416044e+00

92
-7.227021959464517e-01 1.057051943966227e+00
1.797781470087042e+00 -5.616322597926526e-02
-3.229153418105444e-02 -1.694798152004021e+00
4.214844311078939e-01 -1.524299648688952e-01

104
1.797781470087042e+00 -5.616322597926556e-02
-7.227021959464520e-01 1.057051943966228e+00
4.214844311078945e-01 -1.524299648688948e-01
-3.229153418105341e-02 -1.694798152004019e+00

107
3.907149973168400e-01 1.554172041706392e+00
3.907149973168403e-01 -1.554172041706392e+00
-2.572417396351464e-03 4.739361679775050e-01
-2.572417396351472e-03 -4.739361679775049e-01

110
-8.606894298157696e-01 6.930729352661552e-01
-8.606894298157691e-01 -6.930729352661552e-01
-7.233437459391927e-01 2.656989818347513e-17
-3.826644599232186e-02 1.538717086855248e-16

117
3.907149973168403e-01 1.554172041706392e+00
3.907149973168407e-01 -1.554172041706392e+00
-2.572417396351378e-03 -4.739361679775052e-01
-2.572417396351539e-03 4.739361679775052e-01

118
-8.606894298157695e-01 6.930729352661554e-01
-8.606894298157696e-01 -6.930729352661554e-01
-3.826644599232159e-02 -3.060013877022132e-17
-7.233437459391929e-01 -2.244787994212047e-17

120
-9.070782314644303e-01 4.743640340963167e-01
2.009015980219384e+00 8.531128881146871e-02
3.846211631257356e-01 -7.109777014190025e-02
-3.397258000112393e-01 1.507743000281696e-01

125
-8.363417165661419e-01 -5.275734040891362e-01
1.510129100684962e+00 -6.871205316204519e-02
-1.055780316093383e+00 2.559754700416050e+00
-3.187376926837699e-01 -1.602125007182180e-01

128
-9.070782314644303e-01 4.743640340963166e-01
2.009015980219384e+00 8.531128881146906e-02
-3.397258000112393e-01 1.507743000281696e-01
3.846211631257356e-01 -7.109777014190015e-02

146
-8.117960914652524e-01 -6.150363621008932e-01
-8.117960914652523e-01 6.150363621008932e-01
-2.029432644341304e-01 -1.592624862392314e-17
-7.398142386873633e-01 -4.737085191664399e-18

158
-8.606894298157696e-01 -6.930729352661555e-01
-8.606894298157696e-01 6.930729352661557e-01
-3.826644599232164e-02 2.770271940929909e-17
-7.233437459391932e-01 1.188910011337790e-16

162
-1.139505530942923e+00 4.107462746476431e-01
-1.139505530942922e+00 -4.107462746476429e-01
2.979617663028004e-04 3.309472522209202e-17
-2.431024403862925e-01 -8.015701761451708e-17

164
-1.139505530942923e+00 4.107462746476434e-01
-1.139505530942922e+00 -4.107462746476431e-01
-2.431024403862926e-01 2.998751594879143e-18
2.979617663027906e-04 1.822927798278028e-17

170
-8.117960914652523e-01 6.150363621008932e-01
-8.117960914652524e-01 -6.150363621008932e-01
-2.029432644341305e-01 -1.551300238807679e-19
-7.398142386873635e-01 1.436180111132071e-16

174
-8.117960914652528e-01 6.150363621008932e-01
-8.117960914652522e-01 -6.150363621008933e-01
-7.398142386873634e-01 -1.332902536022906e-16
-2.029432644341300e-01 2.528024185907297e-16

176
1.510129100684966e+00 6.871205316204798e-02
-8.363417165661476e-01 5.275734040891462e-01
-1.055780316093357e+00 -2.559754700416005e+00
-3.187376926837720e-01 1.602125007182201e-01

188
-9.070782314644299e-01 -4.743640340963164e-01
2.009015980219384e+00 -8.531128881146909e-02
3.846211631257356e-01 7.109777014190022e-02
-3.397258000112394e-01 -1.507743000281696e-01

189
-7.227021959464535e-01 -1.057051943966225e+00
1.797781470087041e+00 5.616322597926383e-02
-3.229153418105694e-02 1.694798152004023e+00
4.214844311078931e-01 1.524299648688941e-01

190
-7.227021959464515e-01 -1.057051943966228e+00
1.797781470087043e+00 5.616322597926585e-02
4.214844311078945e-01 1.524299648688948e-01
-3.229153418105373e-02 1.694798152004019e+00

196
-9.070782314644305e-01 -4.743640340963166e-01
2.009015980219384e+00 -8.531128881146932e-02
-3.397258000112393e-01 -1.507743000281695e-01
3.846211631257357e-01 7.109777014190014e-02

200
-7.227021959464518e-01 1.057051943966228e+00
1.797781470087044e+00 -5.616322597926562e-02
4.214844311078946e-01 -1.524299648688949e-01
-3.229153418105417e-02 -1.694798152004021e+00

202
-8.363417165661368e-01 5.275734040891393e-01
1.510129100684962e+00 6.871205316204353e-02
-1.055780316093358e+00 -2.559754700416060e+00
-3.187376926837725e-01 1.602125007182189e-01

207
3.907149973168403e-01 -1.554172041706392e+00
3.907149973168404e-01 1.554172041706392e+00
-2.572417396351435e-03 4.739361679775050e-01
-2.572417396351423e-03 -4.739361679775052e-01

213
-8.117960914652523e-01 -6.150363621008932e-01
-8.117960914652527e-01 6.150363621008932e-01
-7.398142386873635e-01 1.621797569586828e-16
-2.029432644341304e-01 -1.148762629384381e-16

218
-8.363417165661443e-01 -5.275734040891339e-01
1.510129100684960e+00 -6.871205316204659e-02
-3.187376926837712e-01 -1.602125007182163e-01
-1.055780316093396e+00 2.559754700416045e+00

223
-1.139505530942923e+00 -4.107462746476432e-01
-1.139505530942923e+00 4.107462746476436e-01
-2.431024403862924e-01 -9.985111134255621e-17
2.979617663028042e-04 5.178034269805565e-17

224
-1.139505530942922e+00 -4.107462746476426e-01
-1.139505530942923e+00 4.107462746476433e-01
2.979617663028286e-04 -7.516211639056020e-18
-2.431024403862926e-01 7.055917038633108e-17

228
2.009015980219385e+00 -8.531128881146909e-02
-9.070782314644305e-01 -4.743640340963166e-01
-3.397258000112394e-01 -1.507743000281696e-01
3.846211631257356e-01 7.109777014190027e-02

235
-8.606894298157695e-01 -6.930729352661554e-01
-8.606894298157695e-01 6.930729352661554e-01
-7.233437459391926e-01 -1.571848183268190e-17
-3.826644599232131e-02 1.293428587420772e-16

