4 4

13
1 1 0 0 1 0
1 0 3 0 -7029296234975869/1000000000000000 0
1 0 2 0 -1466893267179369/1000000000000000 0
1 0 1 0 -1849230402491153/500000000000000 0
1 0 0 0 -30535516182591/40000000000000 0
0 1 3 0 -7029296234975869/1000000000000000 0
0 1 2 0 -1466893267179369/1000000000000000 0
0 1 1 0 -1849230402491153/500000000000000 0
0 1 0 0 -30535516182591/40000000000000 0
0 0 3 0 1455500884658447/200000000000000 0
0 0 2 0 1417352831082611/100000000000000 0
0 0 1 0 2728417800798839/1000000000000000 0
0 0 0 0 -9922074590498491/10000000000000000 0

18
1 0 2 0 -7029296234975869/1000000000000000 0
1 0 1 1 -7029296234975869/1000000000000000 0
1 0 1 0 -1466893267179369/1000000000000000 0
1 0 0 2 -7029296234975869/1000000000000000 0
1 0 0 1 -1466893267179369/1000000000000000 0
1 0 0 0 -1849230402491153/500000000000000 0
0 1 2 0 -7029296234975869/1000000000000000 0
0 1 1 1 -7029296234975869/1000000000000000 0
0 1 1 0 -1466893267179369/1000000000000000 0
0 1 0 2 -7029296234975869/1000000000000000 0
0 1 0 1 -1466893267179369/1000000000000000 0
0 1 0 0 -1849230402491153/500000000000000 0
0 0 2 0 1455500884658447/200000000000000 0
0 0 1 1 1455500884658447/200000000000000 0
0 0 1 0 1417352831082611/100000000000000 0
0 0 0 2 1455500884658447/200000000000000 0
0 0 0 1 1417352831082611/100000000000000 0
0 0 0 0 2728417800798839/1000000000000000 0

18
2 1 0 0 1 0
2 0 3 0 -7029296234975869/1000000000000000 0
2 0 2 0 -1466893267179369/1000000000000000 0
2 0 1 0 -1849230402491153/500000000000000 0
2 0 0 0 -30535516182591/40000000000000 0
1 2 0 0 1 0
1 1 3 0 -7029296234975869/1000000000000000 0
1 1 2 0 -1466893267179369/1000000000000000 0
1 1 1 0 -1849230402491153/500000000000000 0
1 1 0 0 -30535516182591/40000000000000 0
0 2 3 0 -7029296234975869/1000000000000000 0
0 2 2 0 -1466893267179369/1000000000000000 0
0 2 1 0 -1849230402491153/500000000000000 0
0 2 0 0 -30535516182591/40000000000000 0
0 0 3 0 1117434907615759/100000000000000 0
0 0 2 0 3056904809339087/1000000000000000 0
0 0 1 0 791438486372613/250000000000000 0
0 0 0 0 -254438351185951/250000000000000 0

24
2 0 2 0 -7029296234975869/1000000000000000 0
2 0 1 1 -7029296234975869/1000000000000000 0
2 0 1 0 -1466893267179369/1000000000000000 0
2 0 0 2 -7029296234975869/1000000000000000 0
2 0 0 1 -1466893267179369/1000000000000000 0
2 0 0 0 -1849230402491153/500000000000000 0
1 1 2 0 -7029296234975869/1000000000000000 0
1 1 1 1 -7029296234975869/1000000000000000 0
1 1 1 0 -1466893267179369/1000000000000000 0
1 1 0 2 -7029296234975869/1000000000000000 0
1 1 0 1 -1466893267179369/1000000000000000 0
1 1 0 0 -1849230402491153/500000000000000 0
0 2 2 0 -7029296234975869/1000000000000000 0
0 2 1 1 -7029296234975869/1000000000000000 0
0 2 1 0 -1466893267179369/1000000000000000 0
0 2 0 2 -7029296234975869/1000000000000000 0
0 2 0 1 -1466893267179369/1000000000000000 0
0 2 0 0 -1849230402491153/500000000000000 0
0 0 2 0 1117434907615759/100000000000000 0
0 0 1 1 1117434907615759/100000000000000 0
0 0 1 0 3056904809339087/1000000000000000 0
0 0 0 2 1117434907615759/100000000000000 0
0 0 0 1 3056904809339087/1000000000000000 0
0 0 0 0 791438486372613/250000000000000 0

