240

-2.303568483971329e-01 3.521193115973008e-01;
-2.303568483971329e-01 3.521193115973008e-01;
-2.303568483971329e-01 3.521193115973008e-01;
-2.303568483971329e-01 3.521193115973008e-01;
-2.303568483971329e-01 3.521193115973008e-01;

4.256749140783520e-02 4.773762096463903e-01;
4.256749140783520e-02 4.773762096463903e-01;
4.256749140783520e-02 4.773762096463903e-01;
4.256749140783520e-02 4.773762096463903e-01;
-4.773762096463903e-01 4.256749140783522e-02;

6.453114604101897e-01 1.389948004767388e+00;
6.453114604101897e-01 1.389948004767388e+00;
6.453114604101897e-01 1.389948004767388e+00;
6.453114604101897e-01 1.389948004767388e+00;
-6.453114604101899e-01 -1.389948004767388e+00;

-7.042639630499389e-01 2.920316938624051e-01;
-7.042639630499389e-01 2.920316938624051e-01;
-7.042639630499389e-01 2.920316938624051e-01;
-7.042639630499389e-01 2.920316938624051e-01;
2.920316938624052e-01 7.042639630499389e-01;

-7.554054186166774e-02 4.891768352897751e-01;
-7.554054186166774e-02 4.891768352897751e-01;
-7.554054186166774e-02 4.891768352897751e-01;
-4.885781280225291e-01 7.932063077708912e-02;
-7.554054186166774e-02 4.891768352897751e-01;

2.052481242378616e-01 3.634546665645152e-01;
2.052481242378616e-01 3.634546665645152e-01;
2.052481242378616e-01 3.634546665645152e-01;
-2.822407705609847e-01 3.075162346670907e-01;
-3.634546665645152e-01 2.052481242378616e-01;

6.446268203278521e-01 3.050020409177244e-01;
6.446268203278521e-01 3.050020409177244e-01;
6.446268203278521e-01 3.050020409177244e-01;
-9.087353598693071e-02 7.073273520140488e-01;
-6.446268203278521e-01 -3.050020409177244e-01;

-7.099822512992191e-01 1.655289240813688e+00;
-7.099822512992191e-01 1.655289240813688e+00;
-7.099822512992191e-01 1.655289240813688e+00;
-1.793670200185159e+00 -1.637207405345911e-01;
1.655289240813688e+00 7.099822512992188e-01;

5.311193873428653e-03 9.479159521528372e-01;
5.311193873428653e-03 9.479159521528372e-01;
5.311193873428653e-03 9.479159521528372e-01;
-5.614678631922393e-01 -7.637582730998872e-01;
5.311193873428653e-03 9.479159521528372e-01;

4.219621826552568e-01 3.235868423574375e-01;
4.219621826552568e-01 3.235868423574375e-01;
4.219621826552568e-01 3.235868423574375e-01;
-5.315741505252395e-01 -1.376410663339122e-02;
-3.235868423574375e-01 4.219621826552568e-01;

6.039696701879171e-01 -1.305865142349180e-01;
6.039696701879171e-01 -1.305865142349180e-01;
6.039696701879171e-01 -1.305865142349180e-01;
-4.118649000534910e-01 4.606511742206413e-01;
-6.039696701879171e-01 1.305865142349181e-01;

4.884765034172474e-01 -2.209664255701358e+00;
4.884765034172474e-01 -2.209664255701358e+00;
4.884765034172474e-01 -2.209664255701358e+00;
9.036222694016780e-01 2.074775219525320e+00;
-2.209664255701358e+00 -4.884765034172470e-01;

-9.385541259032462e-01 5.506688476781181e-01;
-9.385541259032462e-01 5.506688476781181e-01;
-9.385541259032462e-01 5.506688476781181e-01;
1.082981265558538e+00 1.061678176397142e-01;
-9.385541259032462e-01 5.506688476781181e-01;

8.795202821300933e-01 7.029863193509741e-01;
8.795202821300933e-01 7.029863193509741e-01;
8.795202821300933e-01 7.029863193509741e-01;
-2.983418640628245e-01 -1.085696930096216e+00;
-7.029863193509741e-01 8.795202821300933e-01;

5.285581772867751e-01 -6.288580925270812e-01;
5.285581772867751e-01 -6.288580925270812e-01;
5.285581772867751e-01 -6.288580925270812e-01;
-7.972460605130413e-01 1.980781823168651e-01;
-5.285581772867750e-01 6.288580925270814e-01;

-4.573159672144664e-01 -6.642651671633665e-01;
-4.573159672144664e-01 -6.642651671633665e-01;
-4.573159672144664e-01 -6.642651671633665e-01;
-2.046887959470153e-02 8.062053901730103e-01;
-6.642651671633664e-01 4.573159672144665e-01;

-4.387711280719545e-01 2.857407634816378e-01;
-4.387711280719545e-01 2.857407634816378e-01;
-4.387711280719545e-01 2.857407634816378e-01;
1.361678798650635e-01 5.055948924165061e-01;
-4.387711280719545e-01 2.857407634816378e-01;

-8.811114528689293e-02 8.747646713106854e-01;
-8.811114528689293e-02 8.747646713106854e-01;
-8.811114528689293e-02 8.747646713106854e-01;
8.047227995873256e-01 3.541158283971451e-01;
-8.747646713106854e-01 -8.811114528689287e-02;

-1.939443521385422e-01 -2.805865849302139e+00;
-1.939443521385422e-01 -2.805865849302139e+00;
-1.939443521385422e-01 -2.805865849302139e+00;
-2.728469100602684e+00 -6.826081914706531e-01;
1.939443521385425e-01 2.805865849302139e+00;

-6.092064673943567e-01 -1.790939828667986e-01;
-6.092064673943567e-01 -1.790939828667986e-01;
-6.092064673943567e-01 -1.790939828667986e-01;
-3.585836509427048e-01 5.240466962884175e-01;
-1.790939828667985e-01 6.092064673943567e-01;

-4.299337310785042e-01 2.191765653247046e-01;
-4.299337310785042e-01 2.191765653247046e-01;
2.515439205383836e-02 -4.819218157201641e-01;
-4.299337310785042e-01 2.191765653247046e-01;
-4.299337310785042e-01 2.191765653247046e-01;

-3.019134903456672e-01 8.648964054501085e-01;
-3.019134903456672e-01 8.648964054501085e-01;
-5.980655135888063e-01 -6.939129551096297e-01;
-3.019134903456672e-01 8.648964054501085e-01;
-8.648964054501085e-01 -3.019134903456672e-01;

-9.626607283928265e-01 -1.623217954800604e+00;
-9.626607283928265e-01 -1.623217954800604e+00;
1.887078348932757e+00 -2.207966861351787e-02;
-9.626607283928265e-01 -1.623217954800604e+00;
9.626607283928267e-01 1.623217954800604e+00;

-5.192363317301746e-01 -1.611593961513805e-01;
-5.192363317301746e-01 -1.611593961513805e-01;
3.991862969907428e-01 -3.690921557704850e-01;
-5.192363317301746e-01 -1.611593961513805e-01;
-1.611593961513804e-01 5.192363317301746e-01;

-5.239141573008188e-01 5.825978977658576e-01;
-5.239141573008188e-01 5.825978977658576e-01;
-2.425875010062326e-01 -7.450219185077542e-01;
-7.159819052496590e-01 -3.182393219834596e-01;
-5.239141573008188e-01 5.825978977658576e-01;

4.279503226493366e-01 7.021062496396262e-01;
4.279503226493366e-01 7.021062496396262e-01;
-8.220170096684034e-01 1.956272615225961e-02;
-5.354988014044313e-01 6.239677060017689e-01;
-7.021062496396262e-01 4.279503226493367e-01;

9.998523401190358e-01 -6.199011170676459e-01;
9.998523401190358e-01 -6.199011170676459e-01;
3.692394515541497e-02 1.175848085110227e+00;
8.985323618081718e-01 7.593561033972507e-01;
-9.998523401190357e-01 6.199011170676461e-01;

-8.756918333545853e-01 -6.159947847783172e-01;
-8.756918333545853e-01 -6.159947847783172e-01;
9.713130488940430e-01 -4.503739811824817e-01;
3.152421957253279e-01 -1.023185281321166e+00;
-6.159947847783170e-01 8.756918333545854e-01;

-1.854359526224668e+00 2.502653335422006e-02;
-1.854359526224668e+00 2.502653335422006e-02;
9.055061494589205e-01 -1.618435724137349e+00;
1.485498143175216e+00 -1.110212072756773e+00;
-1.854359526224668e+00 2.502653335422006e-02;

1.044828442896285e+00 1.067192114896222e-01;
1.044828442896285e+00 1.067192114896222e-01;
-6.148357696699994e-01 8.514883683999108e-01;
-9.080119451592904e-01 5.277970941887465e-01;
-1.067192114896221e-01 1.044828442896285e+00;

3.448944792918259e-01 -4.623175866866331e-01;
3.448944792918259e-01 -4.623175866866331e-01;
2.279315350410258e-01 5.298461740350437e-01;
-7.282035683335472e-03 5.767466729527262e-01;
-3.448944792918259e-01 4.623175866866332e-01;

-1.881596069964808e-01 -6.188762585549749e-01;
-1.881596069964808e-01 -6.188762585549749e-01;
6.300423652059151e-01 1.464871296524387e-01;
5.159906574876220e-01 3.900839685164795e-01;
-6.188762585549749e-01 1.881596069964809e-01;

-6.283664055587492e-01 -2.736644043957806e-01;
-6.283664055587492e-01 -2.736644043957806e-01;
5.511835290976583e-01 -4.073490679007020e-01;
3.475031998100853e-01 5.907436601351485e-01;
-6.283664055587492e-01 -2.736644043957806e-01;

5.604960032125829e-01 -1.858906907178224e+00;
5.604960032125829e-01 -1.858906907178224e+00;
1.329612603280412e+00 1.414857231090852e+00;
-1.546088857302188e+00 1.174435994210925e+00;
1.858906907178224e+00 5.604960032125827e-01;

5.991137313578848e-02 -4.979691001954408e-01;
5.991137313578848e-02 -4.979691001954408e-01;
4.012982045010360e-01 3.008693212089217e-01;
-3.411682122154245e-01 3.676504431579046e-01;
-5.991137313578842e-02 4.979691001954408e-01;

-2.137839876123264e-01 -3.543535587706403e-01;
-2.137839876123264e-01 -3.543535587706403e-01;
4.137711776229597e-01 -7.965584809292403e-03;
-3.532891683912112e-02 4.123371261574920e-01;
-3.543535587706402e-01 2.137839876123265e-01;

-4.660983690733058e-01 -1.178604976645037e-03;
-4.660983690733058e-01 -1.178604976645037e-03;
2.340698863874542e-01 -4.030637257916555e-01;
-1.451532370372740e-01 4.429216821742728e-01;
-4.660983690733058e-01 -1.178604976645037e-03;

-1.493006272459768e+00 1.903929025645051e-01;
-1.493006272459768e+00 1.903929025645051e-01;
5.816180459087669e-01 -1.388177811241923e+00;
-2.802899002581402e-01 1.478767986793205e+00;
-1.903929025645051e-01 -1.493006272459768e+00;

-2.486254748100942e-01 -6.121086882367518e-01;
-2.486254748100942e-01 -6.121086882367518e-01;
6.544144112952432e-01 9.073836690486611e-02;
-6.589794535793010e-01 4.730489086540406e-02;
2.486254748100943e-01 6.121086882367518e-01;

-3.186304327441420e-01 -2.311963180522533e-01;
-3.186304327441420e-01 -2.311963180522533e-01;
3.595371010667491e-01 -1.603438901491294e-01;
-3.183429834700258e-01 2.315919580361993e-01;
-2.311963180522532e-01 3.186304327441420e-01;

-2.504210384201001e-01 1.955234334888955e-01;
-2.504210384201001e-01 1.955234334888955e-01;
2.945387796465907e-01 1.191092641694377e-01;
-2.504210384201001e-01 1.955234334888955e-01;
-2.504210384201001e-01 1.955234334888955e-01;

-1.951642293637503e-01 3.976857272893480e-01;
-1.951642293637503e-01 3.976857272893480e-01;
4.419880572369408e-01 -2.982568310565357e-02;
-1.951642293637503e-01 3.976857272893480e-01;
-3.976857272893480e-01 -1.951642293637503e-01;

-8.147548295896624e-01 4.862360906888704e-01;
-8.147548295896624e-01 4.862360906888704e-01;
8.284702215682274e-01 4.624803349362732e-01;
-8.147548295896624e-01 4.862360906888704e-01;
8.147548295896623e-01 -4.862360906888705e-01;

-4.038227336430756e-01 7.609658814108430e-02;
-4.038227336430756e-01 7.609658814108430e-02;
2.678129452930386e-01 3.116724518900381e-01;
-4.038227336430756e-01 7.609658814108430e-02;
7.609658814108437e-02 4.038227336430756e-01;

-2.481437848503308e-01 3.243012144885516e-01;
-2.481437848503308e-01 3.243012144885516e-01;
4.049249826503971e-01 5.274821422733055e-02;
-3.851094298490421e-01 -1.357841769866523e-01;
-2.481437848503308e-01 3.243012144885516e-01;

-4.263162161618100e-04 4.915580045901440e-01;
-4.263162161618100e-04 4.915580045901440e-01;
4.259148775167332e-01 -2.454098016218308e-01;
-4.676311823582711e-01 1.514943263240100e-01;
-4.915580045901440e-01 -4.263162161617799e-04;

2.848070120843317e-01 1.779357817375079e+00;
2.848070120843317e-01 1.779357817375079e+00;
1.398565566227083e+00 -1.136329016328513e+00;
-1.604259640184081e+00 8.207193693721698e-01;
-2.848070120843320e-01 -1.779357817375079e+00;

-6.455898998366448e-01 2.116260162939149e-01;
-6.455898998366448e-01 2.116260162939149e-01;
5.060684561305525e-01 4.532842455382279e-01;
-4.007665522602555e-01 -5.485964456072873e-01;
2.116260162939150e-01 6.455898998366448e-01;

-4.923346504421005e-01 4.207183334172223e-01;
-4.923346504421005e-01 4.207183334172223e-01;
6.105200897982163e-01 2.160151477375790e-01;
1.510150673755976e-01 -6.297553283020748e-01;
-4.923346504421005e-01 4.207183334172223e-01;

2.419540458394581e-01 8.460342590611826e-01;
2.419540458394581e-01 8.460342590611826e-01;
6.117101378991997e-01 -6.325554797759868e-01;
-6.930313953522494e-01 -5.422390735269830e-01;
-8.460342590611826e-01 2.419540458394581e-01;

1.269531707161053e+00 -1.243682867221414e+00;
1.269531707161053e+00 -1.243682867221414e+00;
-1.711826810845740e+00 -4.776052757005912e-01;
-2.960542781095659e-01 1.752372589982039e+00;
-1.269531707161053e+00 1.243682867221414e+00;

-7.693661010020190e-01 -3.428360934918033e-01;
-7.693661010020190e-01 -3.428360934918033e-01;
8.777828420289142e-02 8.377086350242342e-01;
8.239442503146711e-01 -1.748618218627610e-01;
-3.428360934918031e-01 7.693661010020191e-01;

-4.856650525566184e-01 1.017606387276751e-01;
-4.856650525566184e-01 1.017606387276751e-01;
3.309598245218066e-01 3.697179538804984e-01;
4.527246838002960e-01 2.031406693574906e-01;
-4.856650525566184e-01 1.017606387276751e-01;

-9.939551957149970e-01 1.028106785740407e+00;
-9.939551957149970e-01 1.028106785740407e+00;
1.387344192111856e+00 3.467370568425170e-01;
1.408432651420738e+00 -2.475236562154380e-01;
-1.028106785740407e+00 -9.939551957149969e-01;

-3.525775796913816e-01 -8.744891223946950e-01;
-3.525775796913816e-01 -8.744891223946950e-01;
-5.810410054812739e-01 7.425857020149167e-01;
-2.287705556278740e-01 9.147164630449099e-01;
3.525775796913818e-01 8.744891223946950e-01;

-4.008775446759085e-01 -2.284602000464768e-01;
-4.008775446759085e-01 -2.284602000464768e-01;
2.586435344030785e-03 4.614002375193064e-01;
1.900312099830050e-01 4.204580931116159e-01;
-2.284602000464767e-01 4.008775446759086e-01;

-3.191785270582390e-01 1.137077739003324e-01;
-3.191785270582390e-01 1.137077739003324e-01;
2.580630843345846e-01 2.195628258247674e-01;
9.510930220767386e-03 3.386944525479739e-01;
-3.191785270582390e-01 1.137077739003324e-01;

-4.555393936621414e-01 3.802305816089644e-01;
-4.555393936621414e-01 3.802305816089644e-01;
5.570590398001662e-01 2.043933965314918e-01;
2.208513580850410e-01 5.507414202697630e-01;
-3.802305816089645e-01 -4.555393936621414e-01;

-7.454231996792898e-01 -2.515806250501746e-01;
-7.454231996792898e-01 -2.515806250501746e-01;
1.548363874462264e-01 7.713457400176325e-01;
-4.696158295298266e-01 6.311969028565967e-01;
7.454231996792898e-01 2.515806250501745e-01;

-3.594368056163557e-01 -6.624906768638682e-02;
-3.594368056163557e-01 -6.624906768638682e-02;
1.223450272147323e-01 3.444059385620865e-01;
-1.740786888609152e-01 3.213726284011598e-01;
-6.624906768638675e-02 3.594368056163557e-01;

-9.428861534759919e-02 2.616278339703526e-01;
-2.616278339703526e-01 -9.428861534759918e-02;
-9.428861534759919e-02 2.616278339703526e-01;
-9.428861534759919e-02 2.616278339703526e-01;
-9.428861534759919e-02 2.616278339703526e-01;

2.203349951650203e-02 2.862959894039240e-01;
-2.862959894039240e-01 2.203349951650205e-02;
2.203349951650203e-02 2.862959894039240e-01;
2.203349951650203e-02 2.862959894039240e-01;
-2.862959894039240e-01 2.203349951650205e-02;

8.761669397375030e-02 4.878031893596133e-01;
-4.878031893596133e-01 8.761669397375033e-02;
8.761669397375030e-02 4.878031893596133e-01;
8.761669397375030e-02 4.878031893596133e-01;
-8.761669397375035e-02 -4.878031893596133e-01;

-2.318358534004248e-01 3.891973980787218e-01;
-3.891973980787218e-01 -2.318358534004248e-01;
-2.318358534004248e-01 3.891973980787218e-01;
-2.318358534004248e-01 3.891973980787218e-01;
3.891973980787219e-01 2.318358534004247e-01;

-1.960616260137451e-02 2.936151137021274e-01;
-2.936151137021274e-01 -1.960616260137450e-02;
-1.960616260137451e-02 2.936151137021274e-01;
-2.853032046074540e-01 7.208549123771031e-02;
-1.960616260137451e-02 2.936151137021274e-01;

9.197450856629212e-02 2.540434015114161e-01;
-2.540434015114161e-01 9.197450856629213e-02;
9.197450856629212e-02 2.540434015114161e-01;
-2.131879462329499e-01 1.659766840808623e-01;
-2.540434015114161e-01 9.197450856629213e-02;

2.328156127817929e-01 3.439827943301679e-01;
-3.439827943301679e-01 2.328156127817929e-01;
2.328156127817929e-01 3.439827943301679e-01;
-2.552030971357305e-01 3.277173348519776e-01;
-2.328156127817930e-01 -3.439827943301679e-01;

-3.756808416996785e-02 5.224213837936441e-01;
-5.224213837936441e-01 -3.756808416996782e-02;
-3.756808416996785e-02 5.224213837936441e-01;
-5.084614377635051e-01 1.257077145625401e-01;
5.224213837936441e-01 3.756808416996776e-02;

1.462480628490475e-02 4.078094845935766e-01;
-4.078094845935766e-01 1.462480628490477e-02;
1.462480628490475e-02 4.078094845935766e-01;
-2.515361176130284e-01 -3.213285580515904e-01;
1.462480628490475e-02 4.078094845935766e-01;

1.764442194209466e-01 2.845202633092100e-01;
-2.845202633092100e-01 1.764442194209466e-01;
1.764442194209466e-01 2.845202633092100e-01;
-3.099831868222928e-01 -1.264704182332961e-01;
-2.845202633092100e-01 1.764442194209466e-01;

4.293733552728565e-01 2.715231332085867e-01;
-2.715231332085867e-01 4.293733552728565e-01;
4.293733552728565e-01 2.715231332085867e-01;
-5.069676347037847e-01 3.271249682504244e-02;
-4.293733552728565e-01 -2.715231332085866e-01;

1.850666568466377e-01 1.004775574360455e+00;
-1.004775574360455e+00 1.850666568466377e-01;
1.850666568466377e-01 1.004775574360455e+00;
-7.403143349538611e-01 -7.041010636049310e-01;
1.004775574360455e+00 -1.850666568466379e-01;

-1.794079395869379e-01 4.693079886946657e-01;
-4.693079886946657e-01 -1.794079395869378e-01;
-1.794079395869379e-01 4.693079886946657e-01;
4.209963865893938e-01 -2.742247974165292e-01;
-1.794079395869379e-01 4.693079886946657e-01;

1.763454916837934e-01 4.429954802168434e-01;
-4.429954802168434e-01 1.763454916837934e-01;
1.763454916837934e-01 4.429954802168434e-01;
1.177197104500877e-01 -4.620441512467159e-01;
-4.429954802168434e-01 1.763454916837934e-01;

8.992204066480023e-01 4.803952867481155e-01;
-4.803952867481154e-01 8.992204066480023e-01;
8.992204066480023e-01 4.803952867481155e-01;
-4.451153258456289e-01 -9.171964445849877e-01;
-8.992204066480024e-01 -4.803952867481154e-01;

-1.183633585859248e+00 7.101509189548483e-01;
-7.101509189548484e-01 -1.183633585859248e+00;
-1.183633585859248e+00 7.101509189548483e-01;
1.374995923136697e+00 1.211982038806642e-01;
7.101509189548485e-01 1.183633585859247e+00;

-1.842533557389714e-01 2.956230227045549e-01;
-2.956230227045549e-01 -1.842533557389714e-01;
-1.842533557389714e-01 2.956230227045549e-01;
2.242167839160822e-01 2.665878925689961e-01;
-1.842533557389714e-01 2.956230227045549e-01;

-5.027136195720702e-03 3.958587784017519e-01;
-3.958587784017519e-01 -5.027136195720677e-03;
-5.027136195720702e-03 3.958587784017519e-01;
3.749306002141102e-01 1.271081805358910e-01;
-3.958587784017519e-01 -5.027136195720677e-03;

5.297023387518673e-02 9.592039211151857e-01;
-9.592039211151857e-01 5.297023387518678e-02;
5.297023387518673e-02 9.592039211151857e-01;
9.286258420959081e-01 2.460326265990040e-01;
-5.297023387518685e-02 -9.592039211151857e-01;

-4.853410526278712e-01 3.226202500751399e-01;
-3.226202500751399e-01 -4.853410526278712e-01;
-4.853410526278712e-01 3.226202500751399e-01;
1.568514577928960e-01 5.612819107299996e-01;
3.226202500751400e-01 4.853410526278711e-01;

-2.059638511909248e-01 2.726222650300824e-01;
-2.726222650300824e-01 -2.059638511909248e-01;
-1.331158815578430e-01 -3.146810599076598e-01;
-2.059638511909248e-01 2.726222650300824e-01;
-2.059638511909248e-01 2.726222650300824e-01;

-4.664811702268211e-02 4.070789791098074e-01;
-4.070789791098074e-01 -4.664811702268208e-02;
-3.292166787443870e-01 -2.439379439352556e-01;
-4.664811702268211e-02 4.070789791098074e-01;
-4.070789791098074e-01 -4.664811702268208e-02;

-2.056764371991294e-01 1.024462577846762e+00;
-1.024462577846762e+00 -2.056764371991294e-01;
-7.843723990422248e-01 -6.903523084977018e-01;
-2.056764371991294e-01 1.024462577846762e+00;
2.056764371991293e-01 -1.024462577846762e+00;

-4.750638750883929e-01 2.407793582471390e-01;
-2.407793582471390e-01 -4.750638750883929e-01;
2.901089659525977e-02 -5.318070633703951e-01;
-4.750638750883929e-01 2.407793582471390e-01;
2.407793582471391e-01 4.750638750883928e-01;

-1.267833145250910e-01 3.850458142755677e-01;
-3.850458142755677e-01 -1.267833145250910e-01;
-2.700677995209610e-01 -3.023204782925052e-01;
-4.053785295303893e-01 -1.592397212495615e-03;
-1.267833145250910e-01 3.850458142755677e-01;

1.112095389001098e-01 3.784106261775794e-01;
-3.784106261775794e-01 1.112095389001099e-01;
-3.833179847818153e-01 -9.289502725814072e-02;
-3.255242544047805e-01 2.227018709860662e-01;
-3.784106261775794e-01 1.112095389001099e-01;

5.215671444851780e-01 6.135084508283384e-01;
-6.135084508283384e-01 5.215671444851780e-01;
-7.920974760963660e-01 1.449361714893040e-01;
-4.223080986089023e-01 6.856243689466879e-01;
-5.215671444851782e-01 -6.135084508283383e-01;

-5.688003360293240e-01 7.144609531462743e-01;
-7.144609531462743e-01 -5.688003360293240e-01;
-3.343411674220553e-01 -8.498260172556568e-01;
-8.552617153674524e-01 -3.201806897120397e-01;
7.144609531462744e-01 5.688003360293239e-01;

-2.104425191624925e-01 6.449353643180729e-01;
-6.449353643180729e-01 -2.104425191624925e-01;
-4.533091497171769e-01 -5.047162497901484e-01;
-2.088319214865046e-01 -6.454586792257083e-01;
-2.104425191624925e-01 6.449353643180729e-01;

3.136031296466984e-01 4.542910793222696e-01;
-4.542910793222696e-01 3.136031296466985e-01;
-5.502291802290862e-01 4.444273731921097e-02;
-5.207358580470091e-01 -1.831979088855595e-01;
-4.542910793222696e-01 3.136031296466985e-01;

8.939612972179370e-01 3.538230072790499e-03;
-3.538230072790444e-03 8.939612972179370e-01;
-4.500448457364389e-01 7.724240783544294e-01;
-7.253096012187884e-01 5.225947783660557e-01;
-8.939612972179370e-01 -3.538230072790389e-03;

-2.580973805743704e+00 -5.968104806178651e-01;
5.968104806178650e-01 -2.580973805743704e+00;
1.807339940331723e+00 -1.936783641967318e+00;
2.438848069804004e+00 -1.034228518328395e+00;
-5.968104806178647e-01 2.580973805743704e+00;

-5.617511054298203e-01 3.629960789021329e-01;
-3.629960789021330e-01 -5.617511054298203e-01;
-3.348827308847759e-02 -6.679887673572813e-01;
6.678299327203061e-01 3.651901850734769e-02;
-5.617511054298203e-01 3.629960789021329e-01;

2.666267275234683e-01 1.041703197561569e+00;
-1.041703197561569e+00 2.666267275234683e-01;
-1.035454796053533e+00 -2.899460794175491e-01;
3.965922230715383e-01 -9.994748482273308e-01;
-1.041703197561569e+00 2.666267275234683e-01;

7.189599664889067e-01 -1.315046670916702e+00;
1.315046670916702e+00 7.189599664889066e-01;
7.793838409315658e-01 1.280160930741753e+00;
-1.354615870405919e+00 6.413010398769412e-01;
-7.189599664889066e-01 1.315046670916702e+00;

-6.423158920024424e-01 -3.716900602915321e-01;
3.716900602915321e-01 -6.423158920024424e-01;
6.430509805478576e-01 -3.704168495828111e-01;
3.011705365240166e-01 6.782473840482188e-01;
-3.716900602915320e-01 6.423158920024425e-01;

-3.335545105235166e-01 2.244618531908270e-01;
-2.244618531908270e-01 -3.335545105235166e-01;
-2.761241178203110e-02 -4.010976062556627e-01;
1.104018958346383e-01 3.865917179978908e-01;
-3.335545105235166e-01 2.244618531908270e-01;

-2.292199476362138e-01 5.870361308731976e-01;
-5.870361308731976e-01 -2.292199476362137e-01;
-3.937782284574088e-01 -4.920283631436986e-01;
4.874716782983237e-01 3.994052656161887e-01;
-5.870361308731976e-01 -2.292199476362137e-01;

-2.049911880911314e+00 -3.478056551438523e-02;
3.478056551438510e-02 -2.049911880911314e+00;
1.055076793749103e+00 -1.757885481631546e+00;
-6.665358916455955e-01 1.938834266353644e+00;
2.049911880911314e+00 3.478056551438498e-02;

-5.053287137351083e-01 -2.502146768215404e-02;
2.502146768215401e-02 -5.053287137351083e-01;
2.743335835202708e-01 -4.251167695152412e-01;
-1.799519901761625e-01 4.728641073308340e-01;
-2.502146768215395e-02 5.053287137351083e-01;

-1.423620311391427e-01 1.976763869969717e-01;
-1.976763869969717e-01 -1.423620311391427e-01;
2.423737884372727e-01 2.445094200236287e-02;
-1.423620311391427e-01 1.976763869969717e-01;
-1.423620311391427e-01 1.976763869969717e-01;

-7.281460601283769e-02 2.729232622936966e-01;
-2.729232622936966e-01 -7.281460601283768e-02;
2.727657814364836e-01 -7.340233257317585e-02;
-7.281460601283769e-02 2.729232622936966e-01;
-2.729232622936966e-01 -7.281460601283768e-02;

-1.862864593153304e-01 4.377393927061992e-01;
-4.377393927061992e-01 -1.862864593153304e-01;
4.722366639784062e-01 -5.754089020496739e-02;
-1.862864593153304e-01 4.377393927061992e-01;
1.862864593153304e-01 -4.377393927061992e-01;

-2.643440680399237e-01 2.111435352895233e-01;
-2.111435352895233e-01 -2.643440680399237e-01;
3.150276994255452e-01 1.233569106175343e-01;
-2.643440680399237e-01 2.111435352895233e-01;
2.111435352895233e-01 2.643440680399237e-01;

-1.071335352072522e-01 2.543758644539207e-01;
-2.543758644539207e-01 -1.071335352072522e-01;
2.738627283303484e-01 -3.440756914024551e-02;
-2.750319065236217e-01 -2.328358169751386e-02;
-1.071335352072522e-01 2.543758644539207e-01;

6.815217347913950e-03 2.915211156245035e-01;
-2.915211156245035e-01 6.815217347913968e-03;
2.490570831964436e-01 -1.516627091678578e-01;
-2.751470386714526e-01 9.656663581581695e-02;
-2.915211156245035e-01 6.815217347913968e-03;

4.463459100561581e-02 5.110279255747987e-01;
-5.110279255747987e-01 4.463459100561585e-02;
4.202458700882311e-01 -2.941686524857913e-01;
-4.722235914689966e-01 2.003663322308486e-01;
-4.463459100561588e-02 -5.110279255747987e-01;

-2.548992429694333e-01 3.586176524014058e-01;
-3.586176524014058e-01 -2.548992429694333e-01;
4.380216187098716e-01 4.144039361624805e-02;
-4.198338531056910e-01 -1.316046369498990e-01;
3.586176524014059e-01 2.548992429694332e-01;

-1.573688502844494e-01 3.454653065870337e-01;
-3.454653065870337e-01 -1.573688502844494e-01;
3.778661567727755e-01 -3.644723118283387e-02;
-7.574533812518988e-02 -3.719863933632833e-01;
-1.573688502844494e-01 3.454653065870337e-01;

6.221482899453180e-02 3.922745317196086e-01;
-3.922745317196086e-01 6.221482899453182e-02;
3.086122952295595e-01 -2.500168882611736e-01;
-2.809060385534294e-01 -2.807878036647537e-01;
-3.922745317196086e-01 6.221482899453182e-02;

3.918782825356614e-01 8.101420646910087e-01;
-8.101420646910087e-01 3.918782825356614e-01;
5.056644674289585e-01 -7.444475802128031e-01;
-7.932257481849669e-01 -4.250784230248692e-01;
-3.918782825356615e-01 -8.101420646910087e-01;

-5.464350600555674e-01 4.964556645601225e-01;
-4.964556645601226e-01 -5.464350600555674e-01;
7.031607473895357e-01 2.249988112465351e-01;
1.502659318617499e-01 -7.228275392190618e-01;
4.964556645601226e-01 5.464350600555673e-01;

-2.763690943917465e-01 2.642094664183589e-01;
-2.642094664183589e-01 -2.763690943917465e-01;
3.669966570345036e-01 1.072379233549723e-01;
3.788857219597116e-01 -5.130427053429430e-02;
-2.763690943917465e-01 2.642094664183589e-01;

-1.074483275017943e-01 5.043058513585642e-01;
-5.043058513585642e-01 -1.074483275017942e-01;
4.904658423045527e-01 -1.590999444685784e-01;
3.833510650394807e-01 -3.448354618227582e-01;
-5.043058513585642e-01 -1.074483275017942e-01;

-1.176456809238397e+00 1.534497371471896e+00;
-1.534497371471896e+00 -1.176456809238397e+00;
1.917142110354306e+00 2.515927975196860e-01;
1.853728476454733e+00 -5.499304889150615e-01;
1.176456809238396e+00 -1.534497371471896e+00;

-5.381409428300074e-01 9.590060419654231e-02;
-9.590060419654234e-02 -5.381409428300074e-01;
3.521228308874861e-01 4.180934252090243e-01;
4.917341289510982e-01 2.387260912844170e-01;
9.590060419654241e-02 5.381409428300074e-01;

-2.080945111916946e-01 1.838962632137580e-01;
-1.838962632137580e-01 -2.080945111916946e-01;
2.633060911999915e-01 8.826700147323358e-02;
1.105909990573920e-01 2.547367114092156e-01;
-2.080945111916946e-01 1.838962632137580e-01;

-1.596851321117586e-01 3.259837359095534e-01;
-3.259837359095534e-01 -1.596851321117585e-01;
3.621527625741101e-01 -2.470048693931973e-02;
2.606835366714772e-01 2.526040997362272e-01;
-3.259837359095534e-01 -1.596851321117585e-01;

-5.021612122423528e-01 4.418417785691349e-01;
-4.418417785691350e-01 -5.021612122423528e-01;
6.337268108153461e-01 2.139634773124990e-01;
2.650401541808043e-01 6.141203115364783e-01;
5.021612122423528e-01 -4.418417785691350e-01;

-3.427000568000142e-01 1.179803157838153e-01;
-1.179803157838153e-01 -3.427000568000142e-01;
2.735239790153014e-01 2.377967971752746e-01;
6.305806596293395e-03 3.623850447332945e-01;
1.179803157838153e-01 3.427000568000142e-01;

1.600751378733314e-02 3.020961568781406e-01;
-1.600751378733318e-02 -3.020961568781406e-01;
1.600751378733314e-02 3.020961568781406e-01;
1.600751378733314e-02 3.020961568781406e-01;
1.600751378733314e-02 3.020961568781406e-01;

1.165431046187457e-01 2.378437890963617e-01;
-1.165431046187458e-01 -2.378437890963617e-01;
1.165431046187457e-01 2.378437890963617e-01;
1.165431046187457e-01 2.378437890963617e-01;
-2.378437890963617e-01 1.165431046187458e-01;

2.616798917483664e-01 2.845865251507690e-01;
-2.616798917483665e-01 -2.845865251507690e-01;
2.616798917483664e-01 2.845865251507690e-01;
2.616798917483664e-01 2.845865251507690e-01;
-2.616798917483665e-01 -2.845865251507690e-01;

7.862686956542368e-02 5.396442976487427e-01;
-7.862686956542375e-02 -5.396442976487427e-01;
7.862686956542368e-02 5.396442976487427e-01;
7.862686956542368e-02 5.396442976487427e-01;
5.396442976487427e-01 -7.862686956542378e-02;

9.484236031159886e-02 2.687563783177450e-01;
-9.484236031159889e-02 -2.687563783177450e-01;
9.484236031159886e-02 2.687563783177450e-01;
-2.262946037720608e-01 1.732507330420048e-01;
9.484236031159886e-02 2.687563783177450e-01;

1.427509606108456e-01 1.827801525224300e-01;
-1.427509606108456e-01 -1.827801525224300e-01;
1.427509606108456e-01 1.827801525224300e-01;
-1.297217823137791e-01 1.922464046602133e-01;
-1.827801525224300e-01 1.427509606108456e-01;

2.453483204625329e-01 1.709765220667741e-01;
-2.453483204625329e-01 -1.709765220667741e-01;
2.453483204625329e-01 1.709765220667741e-01;
-8.679153488081426e-02 2.861747698957198e-01;
-2.453483204625329e-01 -1.709765220667741e-01;

2.564767172322220e-01 3.718048065721767e-01;
-2.564767172322220e-01 -3.718048065721766e-01;
2.564767172322220e-01 3.718048065721767e-01;
-2.743517197940732e-01 3.588178570227870e-01;
3.718048065721766e-01 -2.564767172322220e-01;

1.900106501394383e-01 3.035094107456550e-01;
-1.900106501394383e-01 -3.035094107456550e-01;
1.900106501394383e-01 3.035094107456550e-01;
-3.321202006433127e-01 -1.338588133154946e-01;
1.900106501394383e-01 3.035094107456550e-01;

1.999483036584450e-01 1.654766418089718e-01;
-1.999483036584451e-01 -1.654766418089718e-01;
1.999483036584450e-01 1.654766418089718e-01;
-2.590263053103222e-01 -1.634675128422296e-02;
-1.654766418089718e-01 1.999483036584450e-01;

2.971282849186129e-01 9.427170321872411e-02;
-2.971282849186129e-01 -9.427170321872406e-02;
2.971282849186129e-01 9.427170321872411e-02;
-2.957933488690981e-01 9.838021392149755e-02;
-2.971282849186129e-01 -9.427170321872406e-02;

4.842755040077332e-01 2.714148273857907e-01;
-4.842755040077333e-01 -2.714148273857906e-01;
4.842755040077332e-01 2.714148273857907e-01;
-5.513207454926242e-01 6.507079142180255e-02;
2.714148273857906e-01 -4.842755040077333e-01;

1.884923465151985e-01 4.902064751659297e-01;
-1.884923465151986e-01 -4.902064751659297e-01;
1.884923465151985e-01 4.902064751659297e-01;
1.356426250404029e-01 -5.073783906135140e-01;
1.884923465151985e-01 4.902064751659297e-01;

2.648538756990344e-01 2.278580294842556e-01;
-2.648538756990345e-01 -2.278580294842555e-01;
2.648538756990344e-01 2.278580294842556e-01;
-8.033969711931982e-02 -3.400182203059468e-01;
-2.278580294842555e-01 2.648538756990344e-01;

4.304357616277235e-01 7.245285209620146e-02;
-4.304357616277235e-01 -7.245285209620141e-02;
4.304357616277235e-01 7.245285209620146e-02;
-3.056431281948772e-01 -3.116193813808158e-01;
-4.304357616277235e-01 -7.245285209620141e-02;

1.133451897480651e+00 4.265071287892897e-01;
-1.133451897480651e+00 -4.265071287892895e-01;
1.133451897480651e+00 4.265071287892897e-01;
-6.662872470684265e-01 -1.011277824934647e+00;
4.265071287892895e-01 -1.133451897480651e+00;

-2.237959551190597e-02 4.235614327645078e-01;
2.237959551190592e-02 -4.235614327645078e-01;
-2.237959551190597e-02 4.235614327645078e-01;
3.959151853415804e-01 1.521719410296824e-01;
-2.237959551190597e-02 4.235614327645078e-01;

1.740042452162498e-01 3.122180034022172e-01;
-1.740042452162499e-01 -3.122180034022172e-01;
1.740042452162498e-01 3.122180034022172e-01;
3.507072355055479e-01 -6.900720227483402e-02;
-3.122180034022172e-01 1.740042452162499e-01;

4.800688016674305e-01 3.166747060291050e-01;
-4.800688016674305e-01 -3.166747060291050e-01;
4.800688016674305e-01 3.166747060291050e-01;
4.495249608992845e-01 -3.587146962441315e-01;
-4.800688016674305e-01 -3.166747060291050e-01;

-4.628221863038104e-02 1.150244149277526e+00;
4.628221863038090e-02 -1.150244149277526e+00;
-4.628221863038104e-02 1.150244149277526e+00;
1.079645201406602e+00 3.994619954241300e-01;
1.150244149277526e+00 4.628221863038083e-02;

-7.099044903841717e-02 4.321312314347993e-01;
7.099044903841711e-02 -4.321312314347993e-01;
-3.387413996719802e-01 -2.775451480107334e-01;
-7.099044903841717e-02 4.321312314347993e-01;
-7.099044903841717e-02 4.321312314347993e-01;

1.657451533354131e-01 3.478755533789958e-01;
-1.657451533354132e-01 -3.478755533789958e-01;
-3.841416432494865e-01 -3.039826334688298e-02;
1.657451533354131e-01 3.478755533789958e-01;
-3.478755533789958e-01 1.657451533354131e-01;

5.512771587491616e-01 3.915674605687486e-01;
-5.512771587491616e-01 -3.915674605687485e-01;
-6.147459475224785e-01 2.816362937185066e-01;
5.512771587491616e-01 3.915674605687486e-01;
-5.512771587491616e-01 -3.915674605687485e-01;

-4.208695776559098e-01 1.149881495616992e+00;
4.208695776559097e-01 -1.149881495616992e+00;
-7.853917977180054e-01 -9.394244937385415e-01;
-4.208695776559098e-01 1.149881495616992e+00;
1.149881495616992e+00 4.208695776559096e-01;

1.131859255578156e-01 4.110890979137445e-01;
-1.131859255578156e-01 -4.110890979137445e-01;
-4.126065647910390e-01 -1.075226620729495e-01;
-3.559925908273404e-01 2.346797295122725e-01;
1.131859255578156e-01 4.110890979137445e-01;

2.114639527227255e-01 2.356962433277741e-01;
-2.114639527227255e-01 -2.356962433277741e-01;
-3.098509106597735e-01 6.528503337866479e-02;
-1.588144929941450e-01 2.739483148970934e-01;
-2.356962433277741e-01 2.114639527227255e-01;

3.939846592878727e-01 1.548821049899344e-01;
-3.939846592878727e-01 -1.548821049899344e-01;
-3.311241671568280e-01 2.637596711496872e-01;
-2.555367996521109e-02 4.225628801025118e-01;
-3.939846592878727e-01 -1.548821049899344e-01;

6.430630884317718e-01 6.997136718557471e-01;
-6.430630884317720e-01 -6.997136718557470e-01;
-9.275013594182514e-01 2.070521348901200e-01;
-4.667498243785598e-01 8.278127564418444e-01;
6.997136718557470e-01 -6.430630884317720e-01;

3.577657523978988e-01 5.038881806778213e-01;
-3.577657523978989e-01 -5.038881806778213e-01;
-6.152628413326657e-01 5.789013984172331e-02;
-5.856166151021482e-01 -1.973646683982259e-01;
3.577657523978988e-01 5.038881806778213e-01;

3.084177745212628e-01 1.793210848419562e-01;
-3.084177745212628e-01 -1.793210848419562e-01;
-3.095055021679501e-01 1.774370852930965e-01;
-3.549175100501915e-01 3.620961432156920e-02;
-1.793210848419562e-01 3.084177745212628e-01;

3.976061197824177e-01 -1.226158636558360e-02;
-3.976061197824177e-01 1.226158636558365e-02;
-1.881842146079165e-01 3.504677936145240e-01;
-3.144629283360564e-01 2.436268451770930e-01;
-3.976061197824177e-01 1.226158636558365e-02;

9.492716360602006e-01 -1.544311862830833e-01;
-9.492716360602006e-01 1.544311862830834e-01;
-3.408944875723830e-01 8.993089450616916e-01;
-6.772045120595843e-01 6.829053222602315e-01;
-1.544311862830835e-01 -9.492716360602006e-01;

2.507867868670536e-01 1.323160263674852e+00;
-2.507867868670538e-01 -1.323160263674852e+00;
-1.271283795054065e+00 -4.443924034770838e-01;
5.748433168673639e-01 -1.217867914384862e+00;
2.507867868670536e-01 1.323160263674852e+00;

4.907845422561220e-01 2.474158445913489e-01;
-4.907845422561221e-01 -2.474158445913489e-01;
-4.596606778429518e-01 3.013239590828446e-01;
-2.516256506274508e-01 -4.886395389432928e-01;
-2.474158445913489e-01 4.907845422561220e-01;

5.065979730253961e-01 -1.972310958956522e-01;
-5.065979730253961e-01 1.972310958956522e-01;
-8.249184705081844e-02 5.373422620935229e-01;
-5.257758989543935e-01 -1.382075089868104e-01;
-5.065979730253961e-01 1.972310958956522e-01;

3.645997186777546e-01 -1.211588390697572e+00;
-3.645997186777545e-01 1.211588390697572e+00;
8.669664659355253e-01 9.215468139363807e-01;
-1.007121156455432e+00 7.658892606329601e-01;
-1.211588390697572e+00 -3.645997186777544e-01;

-3.105579697324318e-01 6.061632612403405e-01;
3.105579697324317e-01 -6.061632612403405e-01;
-3.696737982087422e-01 -5.720327217561748e-01;
4.805278291554455e-01 4.826729298904283e-01;
-3.105579697324318e-01 6.061632612403405e-01;

3.121895199478212e-01 5.335717056689926e-01;
-3.121895199478212e-01 -5.335717056689926e-01;
-6.181814118238514e-01 3.578202235585755e-03;
6.039287147168485e-01 -1.320271524960851e-01;
-5.335717056689926e-01 3.121895199478212e-01;

1.092476101107623e+00 -1.087062423221994e-01;
-1.092476101107623e+00 1.087062423221995e-01;
-4.520956831528395e-01 1.000465177747678e+00;
2.342079010682508e-01 -1.072598591127329e+00;
-1.092476101107623e+00 1.087062423221995e-01;

-1.573173402448639e+00 -4.873000483767435e-01;
1.573173402448639e+00 4.873000483767433e-01;
1.208600922383965e+00 -1.118758106890150e+00;
-9.495872028549330e-01 1.345592819352848e+00;
-4.873000483767432e-01 1.573173402448639e+00;

-8.687755131158022e-02 2.809009626774539e-01;
8.687755131158019e-02 -2.809009626774539e-01;
2.867061452819696e-01 -6.521231488431256e-02;
-8.687755131158022e-02 2.809009626774539e-01;
-8.687755131158022e-02 2.809009626774539e-01;

4.231488816787181e-02 2.934203547634239e-01;
-4.231488816787184e-02 -2.934203547634239e-01;
2.329520371286314e-01 -1.833559454933866e-01;
4.231488816787181e-02 2.934203547634239e-01;
-2.934203547634239e-01 4.231488816787183e-02;

1.519748023991349e-01 4.930356308165779e-01;
-1.519748023991349e-01 -4.930356308165779e-01;
3.509939800584747e-01 -3.781318550210602e-01;
1.519748023991349e-01 4.930356308165779e-01;
-1.519748023991349e-01 -4.930356308165779e-01;

-2.320236946629145e-01 4.467901913307490e-01;
2.320236946629145e-01 -4.467901913307491e-01;
5.029435031855958e-01 -2.245668180736693e-02;
-2.320236946629145e-01 4.467901913307490e-01;
4.467901913307491e-01 2.320236946629144e-01;

-1.147361198302476e-03 3.070245230006080e-01;
1.147361198302439e-03 -3.070245230006080e-01;
2.664647171024773e-01 -1.525186175552576e-01;
-2.923522273711013e-01 9.378458995286003e-02;
-1.147361198302476e-03 3.070245230006080e-01;

1.102434923030438e-01 2.502551260659447e-01;
-1.102434923030438e-01 -2.502551260659447e-01;
1.616055504488634e-01 -2.206012279693226e-01;
-2.039396557403976e-01 1.821808786177662e-01;
-2.502551260659447e-01 1.102434923030438e-01;

2.648014179442640e-01 3.149995105427177e-01;
-2.648014179442641e-01 -3.149995105427176e-01;
1.403968693375254e-01 -3.868245101692321e-01;
-2.177541988520748e-01 3.491813160375789e-01;
-2.648014179442641e-01 -3.149995105427176e-01;

2.460905923413621e-02 5.636935660199145e-01;
-2.460905923413628e-02 -5.636935660199145e-01;
4.758684185060183e-01 -3.031588534699555e-01;
-5.284998216379642e-01 1.975954976644887e-01;
5.636935660199145e-01 -2.460905923413631e-02;

5.540637057861034e-02 4.246810628026666e-01;
-5.540637057861039e-02 -4.246810628026666e-01;
3.400814036039785e-01 -2.603238558539047e-01;
-2.944459610380329e-01 -3.110071494874128e-01;
5.540637057861034e-02 4.246810628026666e-01;

1.991265734278194e-01 2.677476363608111e-01;
-1.991265734278194e-01 -2.677476363608111e-01;
1.323129681777906e-01 -3.063224893374446e-01;
-3.184748939238095e-01 -9.956872481921325e-02;
-2.677476363608111e-01 1.991265734278194e-01;

4.297277595891354e-01 2.101555206273514e-01;
-4.297277595891354e-01 -2.101555206273513e-01;
-3.286386018573703e-02 -4.772329168292388e-01;
-4.711833761748861e-01 8.256825193793714e-02;
-4.297277595891354e-01 -2.101555206273513e-01;

4.658954244725955e-01 9.863306908357281e-01;
-4.658954244725956e-01 -9.863306908357280e-01;
6.212397225596975e-01 -8.966426185180663e-01;
-9.566679499565474e-01 -5.241118313441527e-01;
9.863306908357280e-01 -4.658954244725956e-01;

-1.540088857109004e-01 5.352521976790267e-01;
1.540088857109003e-01 -5.352521976790267e-01;
5.405464434769374e-01 -1.342504914053397e-01;
4.392091538777347e-01 -3.425039724560072e-01;
-1.540088857109004e-01 5.352521976790267e-01;

2.316249756347935e-01 4.246557404544142e-01;
-2.316249756347936e-01 -4.246557404544141e-01;
2.519501712790169e-01 -4.129209832778900e-01;
6.221783993021371e-02 -4.796994555272330e-01;
-4.246557404544142e-01 2.316249756347935e-01;

8.479019122142590e-01 2.580622631200543e-01;
-8.479019122142590e-01 -2.580622631200541e-01;
-2.004624804870589e-01 -8.633357274549783e-01;
-5.342818641091627e-01 -7.071609958611117e-01;
-8.479019122142590e-01 -2.580622631200541e-01;

-1.826839698874337e+00 1.073001135881986e+00;
1.826839698874337e+00 -1.073001135881986e+00;
1.842666091400528e+00 1.045589019926096e+00;
2.108638605752654e+00 2.057132793886088e-01;
1.073001135881987e+00 1.826839698874337e+00;

-1.862386497374375e-01 3.288045483290497e-01;
1.862386497374375e-01 -3.288045483290497e-01;
3.778724166015440e-01 -3.114872325392073e-03;
2.551608004975160e-01 2.787296746802557e-01;
-1.862386497374375e-01 3.288045483290497e-01;

3.165276293963055e-02 4.156376366278763e-01;
-3.165276293963060e-02 -4.156376366278763e-01;
3.441263706188509e-01 -2.352309151196250e-01;
4.050761243997263e-01 9.833552676737141e-02;
-4.156376366278763e-01 3.165276293963058e-02;

3.038293765161554e-01 1.013010612275297e+00;
-3.038293765161555e-01 -1.013010612275297e+00;
7.253782362755576e-01 -7.696292646166267e-01;
1.057318784614401e+00 2.407858629765403e-02;
-3.038293765161555e-01 -1.013010612275297e+00;

-5.671586117552089e-01 3.810856197589254e-01;
5.671586117552089e-01 -3.810856197589255e-01;
6.136091336057710e-01 3.006309558756634e-01;
1.871723123996409e-01 6.571618263001217e-01;
3.810856197589255e-01 5.671586117552088e-01;

2.551470860900571e-02 5.231744431361008e-01;
5.231744431361008e-01 -2.551470860900580e-02;
2.551470860900571e-02 5.231744431361008e-01;
2.551470860900571e-02 5.231744431361008e-01;
2.551470860900571e-02 5.231744431361008e-01;

2.437377278699011e-01 3.080856683059481e-01;
3.080856683059481e-01 -2.437377278699011e-01;
2.437377278699011e-01 3.080856683059481e-01;
2.437377278699011e-01 3.080856683059481e-01;
-3.080856683059481e-01 2.437377278699011e-01;

5.480399988055469e-01 1.674675893497556e-01;
1.674675893497555e-01 -5.480399988055469e-01;
5.480399988055469e-01 1.674675893497556e-01;
5.480399988055469e-01 1.674675893497556e-01;
-5.480399988055469e-01 -1.674675893497556e-01;

8.684616388125189e-01 2.001322790601841e+00;
2.001322790601841e+00 -8.684616388125193e-01;
8.684616388125189e-01 2.001322790601841e+00;
8.684616388125189e-01 2.001322790601841e+00;
2.001322790601841e+00 -8.684616388125193e-01;

2.240945717274763e-01 3.951969322673866e-01;
3.951969322673865e-01 -2.240945717274764e-01;
2.240945717274763e-01 3.951969322673866e-01;
-3.066055866417866e-01 3.352491709032555e-01;
2.240945717274763e-01 3.951969322673866e-01;

2.419088682284966e-01 1.884953736475680e-01;
1.884953736475680e-01 -2.419088682284966e-01;
2.419088682284966e-01 1.884953736475680e-01;
-1.045158020263941e-01 2.883172792964515e-01;
-1.884953736475680e-01 2.419088682284966e-01;

3.620130881734426e-01 7.042938667048076e-02;
7.042938667048070e-02 -3.620130881734426e-01;
3.620130881734426e-01 7.042938667048076e-02;
4.488586930011833e-02 3.660587838760675e-01;
-3.620130881734426e-01 -7.042938667048072e-02;

7.511300061385219e-01 2.737713907894832e-01;
2.737713907894831e-01 -7.511300061385219e-01;
7.511300061385219e-01 2.737713907894832e-01;
-2.826012830376307e-02 7.989670992504752e-01;
2.737713907894831e-01 -7.511300061385219e-01;

4.816446374320196e-01 3.347488036747265e-01;
3.347488036747264e-01 -4.816446374320197e-01;
4.816446374320196e-01 3.347488036747265e-01;
-5.864191069546165e-01 1.228614370875994e-02;
4.816446374320196e-01 3.347488036747265e-01;

3.051148325077778e-01 1.123129963059680e-01;
1.123129963059679e-01 -3.051148325077778e-01;
3.051148325077778e-01 1.123129963059680e-01;
-3.128590076040849e-01 8.847887610306113e-02;
-1.123129963059679e-01 3.051148325077778e-01;

3.293571283623664e-01 -4.691767934066739e-02;
-4.691767934066745e-02 -3.293571283623664e-01;
3.293571283623664e-01 -4.691767934066739e-02;
-2.388779940754538e-01 2.315484627120323e-01;
-3.293571283623664e-01 4.691767934066743e-02;

6.000956588315095e-01 -2.068424672901210e-01;
-2.068424672901211e-01 -6.000956588315095e-01;
6.000956588315095e-01 -2.068424672901210e-01;
-3.639086344244002e-01 5.200664494220488e-01;
-2.068424672901211e-01 -6.000956588315095e-01;

1.182723497584081e+00 7.534140078028111e-01;
7.534140078028109e-01 -1.182723497584082e+00;
1.182723497584081e+00 7.534140078028111e-01;
-5.139977665350405e-01 -1.304712165532309e+00;
1.182723497584081e+00 7.534140078028111e-01;

4.556205294410238e-01 1.031345787477650e-01;
1.031345787477649e-01 -4.556205294410238e-01;
4.556205294410238e-01 1.031345787477650e-01;
-3.079837669145664e-01 -3.512446547617654e-01;
-1.031345787477649e-01 4.556205294410238e-01;

3.774534946773919e-01 -1.757475258136930e-01;
-1.757475258136930e-01 -3.774534946773918e-01;
3.774534946773919e-01 -1.757475258136930e-01;
-4.086680955804032e-01 -7.967886249499904e-02;
-3.774534946773919e-01 1.757475258136930e-01;

4.077326140623670e-01 -6.510652931183335e-01;
-6.510652931183336e-01 -4.077326140623669e-01;
4.077326140623670e-01 -6.510652931183335e-01;
-7.125491915118092e-01 2.870636691559204e-01;
-6.510652931183336e-01 -4.077326140623669e-01;

-2.138524861494200e-01 9.954005289935792e-01;
9.954005289935792e-01 2.138524861494198e-01;
-2.138524861494200e-01 9.954005289935792e-01;
8.805981069134827e-01 5.109814801471533e-01;
-2.138524861494200e-01 9.954005289935792e-01;

4.670773440451997e-01 3.830429602121269e-01;
3.830429602121268e-01 -4.670773440451998e-01;
4.670773440451997e-01 3.830429602121269e-01;
5.086303403282093e-01 -3.258501673867867e-01;
-3.830429602121269e-01 4.670773440451997e-01;

6.628045956559157e-01 -2.113042810301315e-01;
-2.113042810301316e-01 -6.628045956559157e-01;
6.628045956559157e-01 -2.113042810301315e-01;
3.855570612724252e-03 -6.956612435514234e-01;
-6.628045956559157e-01 2.113042810301316e-01;

-4.023101081755138e-01 -1.811474669667952e+00;
-1.811474669667952e+00 4.023101081755141e-01;
-4.023101081755138e-01 -1.811474669667952e+00;
-1.847135449126374e+00 -1.771568078554103e-01;
-1.811474669667952e+00 4.023101081755141e-01;

-4.795803255844837e-01 9.114930190496185e-01;
9.114930190496187e-01 4.795803255844835e-01;
-5.495859470769012e-01 -8.710752546361841e-01;
-4.795803255844837e-01 9.114930190496185e-01;
-4.795803255844837e-01 9.114930190496185e-01;

5.250720140762600e-01 4.816215955966143e-01;
4.816215955966142e-01 -5.250720140762601e-01;
-6.796325438359935e-01 2.139149052079945e-01;
5.250720140762600e-01 4.816215955966143e-01;
-4.816215955966143e-01 5.250720140762600e-01;

7.240998224315253e-01 -3.464503548977843e-01;
-3.464503548977844e-01 -7.240998224315252e-01;
-6.201510272414674e-02 8.003140185503941e-01;
7.240998224315253e-01 -3.464503548977843e-01;
-7.240998224315253e-01 3.464503548977844e-01;

-6.909525267524674e-01 -1.195015490255281e+00;
-1.195015490255281e+00 6.909525267524677e-01;
1.380390035853222e+00 -8.746958490434708e-04;
-6.909525267524674e-01 -1.195015490255281e+00;
-1.195015490255281e+00 6.909525267524677e-01;

5.177943928560188e-01 8.304276606121062e-01;
8.304276606121060e-01 -5.177943928560189e-01;
-9.780686465233753e-01 3.320926784439906e-02;
-6.297763709523161e-01 7.490679911549813e-01;
5.177943928560188e-01 8.304276606121062e-01;

4.034800113212190e-01 1.904022890849367e-01;
1.904022890849366e-01 -4.034800113212191e-01;
-3.666332249468732e-01 2.542227951809403e-01;
-5.640115736288973e-02 4.425698370570247e-01;
-1.904022890849367e-01 4.034800113212190e-01;

4.446143442577277e-01 -1.113002298304827e-01;
-1.113002298304828e-01 -4.446143442577277e-01;
-1.259183456486191e-01 4.406974319293934e-01;
2.432461971639400e-01 3.884597068491520e-01;
-4.446143442577277e-01 1.113002298304828e-01;

8.072453011149358e-01 -7.933746782764673e-01;
-7.933746782764675e-01 -8.072453011149356e-01;
2.834599755492591e-01 1.095782276989387e+00;
1.003996674312242e+00 5.225696453798181e-01;
-7.933746782764675e-01 -8.072453011149356e-01;

1.160890221727404e+00 -1.013530573931238e-01;
-1.013530573931240e-01 -1.160890221727404e+00;
-4.926707884100341e-01 1.056036951717443e+00;
-8.796060855707394e-01 7.643504977248036e-01;
1.160890221727404e+00 -1.013530573931238e-01;

4.271003581827359e-01 2.706157756130598e-03;
2.706157756130520e-03 -4.271003581827359e-01;
-2.158937804548252e-01 3.685266812736170e-01;
-3.471220876928909e-01 2.488539641744759e-01;
-2.706157756130572e-03 4.271003581827359e-01;

3.010588864393532e-01 -1.822579534961284e-01;
-1.822579534961284e-01 -3.010588864393532e-01;
7.310574549733451e-03 3.518536204395985e-01;
-1.364332182590025e-01 3.244077552590130e-01;
-3.010588864393532e-01 1.822579534961284e-01;

2.837109168883824e-01 -4.689708122236482e-01;
-4.689708122236482e-01 -2.837109168883823e-01;
2.642851785749100e-01 4.801862674681387e-01;
4.612717392828354e-02 5.461664498161204e-01;
-4.689708122236482e-01 -2.837109168883823e-01;

1.267323482425573e-01 -1.494129238538092e+00;
-1.494129238538092e+00 -1.267323482425570e-01;
1.230587702989808e+00 8.568180523283564e-01;
-9.807557548969458e-01 1.134284540484447e+00;
1.267323482425573e-01 -1.494129238538092e+00;

5.691254034816451e-01 -2.121319133884719e-01;
-2.121319133884720e-01 -5.691254034816451e-01;
-1.008510757930055e-01 5.989430140484092e-01;
-5.851201335774777e-01 -1.629051958909661e-01;
2.121319133884719e-01 5.691254034816451e-01;

2.360887786413417e-01 -2.981691278615549e-01;
-2.981691278615550e-01 -2.360887786413417e-01;
1.401776500316862e-01 3.535434437826203e-01;
-3.662592501480013e-01 1.024543893208317e-01;
-2.360887786413417e-01 2.981691278615550e-01;

3.137870464806482e-02 -4.627962923969497e-01;
-4.627962923969497e-01 -3.137870464806473e-02;
3.851039936689771e-01 2.585729015615477e-01;
-2.974107408083188e-01 3.559661256546758e-01;
-4.627962923969497e-01 -3.137870464806473e-02;

-1.313119996044387e+00 -1.526324117620262e-01;
-1.526324117620259e-01 1.313119996044387e+00;
7.887435440489948e-01 -1.060879068910748e+00;
-5.509384442353992e-01 1.201685319788580e+00;
-1.313119996044387e+00 -1.526324117620262e-01;

1.360548504808690e+00 3.948004095690132e-03;
3.948004095689882e-03 -1.360548504808690e+00;
-6.836933242454574e-01 1.176295566197415e+00;
4.241873846788758e-01 -1.292738520874503e+00;
-3.948004095690049e-03 1.360548504808690e+00;

2.859996327146568e-01 -5.148747439514537e-01;
-5.148747439514537e-01 -2.859996327146567e-01;
3.028947916716389e-01 5.051203193796386e-01;
-4.012962334170067e-01 -4.311068602067437e-01;
-2.859996327146568e-01 5.148747439514537e-01;

-2.270938882714102e-01 -5.399179989116522e-01;
-5.399179989116522e-01 2.270938882714103e-01;
5.811296471536548e-01 7.328992316859971e-02;
-5.836684019245176e-01 4.913528501871351e-02;
-5.399179989116522e-01 2.270938882714103e-01;

-2.351099948681657e-01 4.013113736659768e-01;
4.013113736659769e-01 2.351099948681656e-01;
4.651008418564481e-01 2.955541406471823e-03;
-2.351099948681657e-01 4.013113736659768e-01;
-2.351099948681657e-01 4.013113736659768e-01;

1.013842785078627e-01 4.934175152987341e-01;
4.934175152987341e-01 -1.013842785078628e-01;
3.766199636669691e-01 -3.345101183815330e-01;
1.013842785078627e-01 4.934175152987341e-01;
-4.934175152987341e-01 1.013842785078627e-01;

1.088922051831249e+00 1.020262684914708e+00;
1.020262684914708e+00 -1.088922051831250e+00;
3.391123777538298e-01 -1.453165502084291e+00;
1.088922051831249e+00 1.020262684914708e+00;
-1.088922051831250e+00 -1.020262684914708e+00;

-8.820896262337369e-01 3.261124677671570e-01;
3.261124677671572e-01 8.820896262337368e-01;
7.234664946940607e-01 6.008557908495576e-01;
-8.820896262337369e-01 3.261124677671570e-01;
3.261124677671572e-01 8.820896262337368e-01;

-2.704022676992380e-02 5.354144938754684e-01;
5.354144938754684e-01 2.704022676992371e-02;
4.772026666355051e-01 -2.442897236308884e-01;
-5.175653329227946e-01 1.397353937705463e-01;
-2.704022676992380e-02 5.354144938754684e-01;

2.421183866243663e-01 3.395246441458532e-01;
3.395246441458531e-01 -2.421183866243663e-01;
1.729777737289970e-01 -3.794429956129303e-01;
-2.480884291401337e-01 3.351871543641480e-01;
-3.395246441458532e-01 2.421183866243663e-01;

6.141176343718560e-01 1.931527682315103e-01;
1.931527682315102e-01 -6.141176343718560e-01;
-1.397836130861525e-01 -6.284178563937859e-01;
6.073586699218478e-03 6.437480658352204e-01;
-6.141176343718560e-01 -1.931527682315102e-01;

-3.252964205216025e-02 2.655110027236542e+00;
2.655110027236542e+00 3.252964205215976e-02;
2.315657554455718e+00 -1.299383517225087e+00;
-2.535211905098968e+00 7.895365923049655e-01;
2.655110027236542e+00 3.252964205215976e-02;

2.453938411115812e-01 1.026855335178228e+00;
1.026855335178228e+00 -2.453938411115814e-01;
7.665858857201389e-01 -7.259449679239858e-01;
-8.020982100298216e-01 -6.865045361149792e-01;
2.453938411115812e-01 1.026855335178228e+00;

4.338139320023449e-01 2.569290190436126e-01;
2.569290190436125e-01 -4.338139320023450e-01;
5.600091460011615e-03 -5.041583951514521e-01;
-5.019819316663223e-01 4.712948871562108e-02;
-2.569290190436126e-01 4.338139320023449e-01;

5.202930456910978e-01 -1.378006625026165e-01;
-1.378006625026165e-01 -5.202930456910978e-01;
-3.794853972311407e-01 -3.816866637295599e-01;
-3.399287188440287e-01 4.173036569283045e-01;
-5.202930456910978e-01 1.378006625026165e-01;

7.456160244688534e-01 -1.360948350529783e+00;
-1.360948350529783e+00 -7.456160244688532e-01;
-1.551423857031747e+00 3.475175660610546e-02;
1.967293344995845e-01 1.539292447100883e+00;
-1.360948350529783e+00 -7.456160244688532e-01;

-1.301701986435992e+00 7.457828150203570e-01;
7.457828150203573e-01 1.301701986435991e+00;
1.296717856731496e+00 7.544155809000563e-01;
1.491459168720476e+00 1.617702590426359e-01;
-1.301701986435992e+00 7.457828150203570e-01;

9.065703370614795e-01 4.201726435952886e-01;
4.201726435952884e-01 -9.065703370614796e-01;
-8.940498520195540e-02 -9.951992640103067e-01;
-4.864595259569091e-01 -8.727954835305904e-01;
-4.201726435952886e-01 9.065703370614795e-01;

4.682231453024741e-01 -5.001722913902867e-01;
-5.001722913902868e-01 -4.682231453024739e-01;
-6.672734832642981e-01 -1.554069927766513e-01;
-6.727943781939359e-01 1.294332242594102e-01;
-4.682231453024740e-01 5.001722913902868e-01;

-3.107914114382141e-01 -7.342345230642936e-01;
-7.342345230642935e-01 3.107914114382142e-01;
-4.804700435901222e-01 6.362705191156620e-01;
-1.801366908218978e-01 7.766868151983423e-01;
-7.342345230642935e-01 3.107914114382142e-01;

-5.046361095945570e-01 3.307615737092057e-01;
3.307615737092058e-01 5.046361095945568e-01;
5.387659802251699e-01 2.716469037212313e-01;
1.586318161762034e-01 5.821484077500850e-01;
-5.046361095945570e-01 3.307615737092057e-01;

9.964867723964013e-02 9.919880538394791e-01;
9.919880538394791e-01 -9.964867723964031e-02;
8.092625162558539e-01 -5.822923128627845e-01;
9.742298374250170e-01 2.117696430243768e-01;
-9.919880538394791e-01 9.964867723964019e-02;

6.911430162448636e-01 -1.779096501698810e+00;
-1.779096501698810e+00 -6.911430162448633e-01;
-1.886314274377626e+00 2.910008411331531e-01;
-1.478446383495342e+00 -1.207087122949514e+00;
-6.911430162448634e-01 1.779096501698810e+00;

-6.434277801393051e-01 -2.867408462436794e-01;
-2.867408462436793e-01 6.434277801393051e-01;
7.338903291997885e-02 7.005952262231063e-01;
-4.715368690240304e-01 5.233283885960610e-01;
-2.867408462436793e-01 6.434277801393051e-01;

