0
2.742835907872531e-02 2.197224018586074e-02
1.206938390503931e-01 1.642383843770465e-02
-9.076424088228674e-02 1.047407442801785e-02
2.459926423431740e-02 -1.910678176425777e-02
5.874278779818937e-01 -6.499613693125155e-01

1
1.533262065885554e-02 2.638732153166464e-01
6.319260761105508e-01 1.312402947276907e-01
-6.387753150255480e-01 8.575294339865699e-01
1.813042188148286e-01 1.090403454678850e-01
-2.897413067753044e-01 1.834369544790129e-02

2
1.644709896216149e-01 2.159948929641868e-01
-3.482401778817753e-02 3.712020448403472e-01
3.412924900090882e-01 -6.909299981777381e-03
2.103866902264091e-01 4.687804480816505e-01
-5.333593395706062e-02 -7.871344391067385e-02

3
-6.370710425212699e-04 2.464329290547897e-03
1.567933398971535e-02 -5.935387846107001e-02
-1.642100867474768e-02 6.216757487552195e-02
2.881144638859413e-01 4.304776423072644e-01
2.742709252627637e-01 -3.285453828239087e-01

4
2.544020005044754e-01 1.244283307987669e-01
3.693429414237706e-01 -1.375722360020878e-01
8.648888028177797e-02 3.733344835109468e-01
1.842906571436789e-01 1.451171451121673e-01
4.443069963924111e-01 1.154047717966926e-01

5
1.464670663107300e-01 1.024054042475256e-01
6.105882273710636e-01 2.249949264705190e-01
-2.078286421892961e-02 8.164852328336681e-01
-1.417582677919472e-01 7.778478658802561e-02
5.403280627728730e-02 5.605302718210334e-02

6
2.957891246991526e-01 1.316070607857919e-01
4.066733563076700e-01 4.116121963592899e-01
1.623964493922689e-01 -3.768281521423389e-01
-2.132148289027717e-02 6.855442892399840e-01
-1.196402852056067e-01 -1.017948960414163e-01

7
1.497030640503163e-01 2.036475258283933e-01
6.620328234337586e-01 3.786759418208490e-01
1.167590053830238e-01 2.155187665236066e-01
-1.554112012169177e-01 1.046244983572911e-01
1.546424596803067e-01 -1.144856276282677e-01

8
3.215762819286148e-01 -2.136973465171982e-01
4.927076895593836e-01 -3.794856867218907e-01
-4.262194559140510e-01 9.474536411036745e-03
2.614046211416397e-02 8.646749662118514e-01
9.353767112712021e-02 -1.381635574499379e-01

9
-2.797085709599652e-02 -2.844226037110820e-02
-1.443760463662301e-01 -2.051802253419170e-02
1.106815837641571e-01 -1.029437579666617e-02
2.031320011982351e-02 -2.817186918561769e-02
7.165690254697498e-01 -7.995088176965994e-01

10
7.934588447046241e-03 2.174139333344574e-01
3.103592574084457e-01 6.322851314747295e-01
6.256708962089559e-01 6.232011031917596e-01
-1.925881914316511e-01 -3.014640795552712e-02
1.225392512394378e-01 -8.137939543356035e-02

11
2.437102952893442e-02 2.207456034141482e-02
1.204347800635851e-01 9.016109986954866e-03
-9.413349422118628e-02 1.753312524052195e-02
-1.567100082555764e-02 2.422738629701924e-02
5.349844018761404e-01 -6.806329284820438e-01

12
1.996862821042997e-01 -5.140971591026615e-02
1.591179832904473e-01 -1.520864573190765e-02
1.382376708614124e-01 -4.063384283266382e-02
-8.494705526721087e-02 2.125778095959291e-02
7.402027620599376e-01 -4.991666741650054e-01

13
-5.913078880903790e-02 3.075115132465421e-01
-1.426064698772850e+00 2.494727169521204e-02
4.239747178096536e-01 1.548244107627269e+00
4.328105952726620e-01 -3.334282054689302e-02
-2.401766277962331e-01 -3.263634363417312e-01

14
-9.408212489649723e-02 4.080582878968767e-01
-8.317877804362294e-01 2.067743577700345e-01
1.414906622759853e+00 1.460737989800662e+00
-2.639401347203132e-01 6.449876025196009e-02
-1.005436820316092e-01 -2.709346010202686e-01

15
5.072242259086810e-02 2.559655608116467e-01
2.281671160410463e-02 6.836383970490845e-02
4.368454367835370e-01 1.109185931784024e+00
-1.991391340662691e-02 -1.126750211845373e-01
2.033241789643799e-01 -2.112412378828612e-02

16
1.672802200014630e-02 4.788996120049068e-01
1.403984648020270e-01 8.458675494491417e-01
-5.104653385173044e-01 -2.525086635616788e-01
1.115492135647410e+00 -1.173867389794021e-01
-4.393772845434482e-02 2.477910707244010e-01

17
-6.108277185848025e-02 3.674186246410446e-01
-3.797441260629830e-02 6.976951845026240e-01
-3.809793755868842e-01 -3.023358658630367e-01
7.884641278626295e-01 6.773124873657119e-02
-6.743825793865260e-02 -1.991392722486424e-01

18
-1.530386241675346e-01 2.057412150602440e-01
-9.045930048898201e-02 5.928420505649622e-01
4.374298400082879e-01 8.721652677937909e-01
6.040977477240221e-02 8.972402014073008e-02
-1.581694311057315e-01 -1.587191190212851e-01

19
-2.823653706485738e-04 1.764893732683856e-01
3.383957498161319e-01 4.539515521077883e-01
6.292690798616407e-02 8.099711132937536e-01
1.125958545735438e-01 -6.285313014321210e-02
4.251409717908021e-02 4.334097839208900e-02

20
-3.673938734596293e-02 -2.386251792979936e-02
-1.530754223864723e-01 -7.309670373313827e-03
1.097811461243407e-01 -1.728577980612232e-02
-2.791071372313389e-02 2.720419169446021e-02
6.393422395102146e-01 -8.468697007337226e-01

21
5.433949192035314e-02 2.322356266260151e-01
2.687252398252938e-01 2.685588495616633e-01
-2.491777343780475e-01 1.558313092481353e-01
3.945094994548018e-01 2.683107976745057e-01
-4.813504690064513e-02 -5.593606700390139e-02

22
-1.659242386548741e-03 -1.506455831924970e-02
9.499122688175257e-01 4.574014564793115e-01
-8.721164157408762e-01 5.941890365199621e-01
2.022570978960594e-01 1.602177648526795e-01
-2.071025372071089e-01 7.269639021301255e-02

23
1.200651206306753e-01 2.353243740804992e-01
3.603118030514573e-01 1.879353008638221e-01
-2.071018413165784e-01 2.615526766532759e-01
4.499256731749515e-01 2.312421358443382e-01
4.025465028639456e-02 1.548131553699952e-01

24
2.499069868872820e-01 1.147932217591697e-01
1.020002886069923e+00 -2.014501313706595e-01
-8.283348964635052e-01 1.770129920196983e-01
-6.041075148003474e-02 2.187639721853250e-01
1.338271344254442e-01 -1.961024956986688e-01

25
7.563387258733347e-05 -1.517417214734759e-03
-5.964844812954145e-02 -4.847243170972325e-02
5.972926527444562e-02 4.674184065898329e-02
6.196033135296630e-01 -1.100940746952313e-01
9.080676729148073e-01 -1.612333784775933e-01

26
1.800979045589637e-01 3.827205287729331e-01
2.480844153498677e-01 1.608136374046879e-01
-3.747129777222357e-02 2.843434792038284e-01
7.830689985384166e-02 1.759208604459609e-01
-7.427813077177099e-02 -1.587016768846118e-01

27
1.969276659739333e-03 1.123354317356304e-03
5.709077244940405e-02 -4.400405995223723e-02
-5.483599401038786e-02 4.527566038958072e-02
-2.839344972274695e-02 5.895651931401341e-01
2.859749688629425e-02 -5.894484862576385e-01

28
1.758064443710820e-02 -9.735091663227547e-03
8.581296348666824e-01 -2.055378145234347e-01
-2.484316847696577e-01 8.456841625185400e-01
-1.051143510959713e-01 1.915009022340629e-01
2.425138421445207e-01 -1.313529110203419e-02

29
3.425931473405058e-01 1.294257382666985e-01
1.102696881990988e-01 -7.846388487903266e-03
7.049282450193917e-02 1.623233918197379e+00
-1.464035816778375e-01 -6.394334787215621e-02
-7.763199634022316e-02 2.731411277140512e-01

30
8.494087514492886e-02 1.307313133340426e-01
8.186053974859545e-01 8.666563846176596e-03
-5.598745042573517e-01 6.694982301186372e-01
-1.535145738411459e-01 1.610544757942207e-01
-8.097278338864515e-02 -1.964472902379859e-01

31
1.300900818696386e-01 6.191967905821989e-02
6.172518187757522e-01 2.206564555494521e-01
-3.425912453844984e-01 6.327646986240369e-01
-1.478797409365165e-01 7.710971540095451e-02
1.865825404321322e-02 -1.767924583743622e-01

32
-3.369599683831493e-01 -1.129981317504003e+00
-3.342755852361002e-01 -1.522139843818658e+00
4.804360780961137e-01 1.044172715552396e+00
-1.575231951981802e-01 2.363928747644465e+00
-2.027438202974645e-02 -3.995291401007871e-01

33
1.165845766993073e-01 2.054935950398839e-01
8.359739646261279e-01 8.140496970080230e-01
-1.099001033328203e+00 5.879180106578811e-01
1.997291966920229e-01 -2.750702032835319e-01
-3.281788065501893e-01 -2.513452459380881e-02

34
-1.025475066823672e-01 3.224040733523410e-02
-2.022756964332361e-01 4.308366854440451e-02
1.030333393632493e-01 -1.374267973568351e-04
7.041390698388478e-02 -2.292554637844539e-02
6.121910299623687e-01 -8.404413291340697e-01

35
2.886799553010642e-02 -4.118787003679743e-03
1.287683602100148e+00 8.806900347262686e-02
-7.172881853750663e-01 1.073328422643048e+00
-8.040208229896381e-02 -3.083004299234096e-01
3.280202537129954e-01 1.220984945126615e-01

36
6.672175791496743e-01 4.303218185491924e-01
5.833452801879915e-01 4.245634526857932e-02
1.797500229571449e-01 4.754159556127642e-01
-2.753312753575580e-01 -1.820443639332144e-01
2.912126144834071e-01 2.138193837596662e-01

37
-5.549055583403422e-01 -6.511509016751783e-01
-1.499244609777211e+00 5.039949968882605e-02
2.062757864604972e+00 2.524274059720788e+00
-3.659987144110903e-01 1.185239724597189e-01
6.591244587597863e-01 -4.389916643410994e-01

38
1.647624372166895e-01 1.689779067832515e-01
8.064717806504886e-01 9.360720561761612e-02
-1.071563006336082e+00 4.466480667044678e-01
1.623952369511786e-01 -4.198167999398123e-02
-4.247573830828297e-02 -1.670705760090194e-01

39
3.902220847858491e-03 1.059902009792433e-01
4.220784750564807e-02 5.495610570598410e-02
-5.178239044798636e-02 4.882188487428881e-02
-9.969564746192413e-04 -4.390339480922131e-02
4.917988198594297e-01 -7.096093550753922e-01

40
-7.575213302291095e-02 -1.576607207998270e-01
-1.331237984148144e-01 -9.035308706749418e-02
5.239754390398349e-03 -8.979272152809738e-02
3.066770152436266e-02 6.566328839638207e-02
7.756551237285813e-01 -8.948410007578175e-01

41
7.710019125848759e-03 5.988058909700167e-03
-2.188299307709647e-01 9.307330311404613e-02
2.276744595591733e-01 -8.629817909992168e-02
-6.598147517373256e-01 1.870793319901295e+00
-1.329580476642857e+00 -9.580209809360020e-01

42
-1.489552397122895e-03 2.055740156205877e-03
-5.838425473803099e-02 4.961780672706362e-02
5.667501942841952e-02 -4.727170775669753e-02
-1.410655311466295e-02 6.198635323400471e-01
1.395237147874167e-02 -6.196503974570223e-01

43
2.559951075483785e-03 6.210180668412956e-04
-1.298089359132297e-02 6.283629273323173e-02
1.591496983901612e-02 -6.213980187634056e-02
3.082649927891756e-01 4.300352945622660e-01
2.690719707038580e-01 -3.445944002969160e-01

44
2.548118481340582e-01 4.149942947088015e-02
3.641735062863236e-01 2.368138613381477e-01
7.592188539746009e-02 -2.997382541781395e-01
1.867744558995105e-01 5.431272167193120e-01
1.797884634136564e-01 -2.988576917704298e-02

45
2.887166337616427e-01 -5.860419557603850e-01
-4.312405422502706e-01 -2.783290227176282e+00
-1.449649356642465e+00 2.806005417307837e+00
1.945017482065846e-01 5.755918423209345e-01
4.035284366230776e-01 -1.826665805516755e-01

46
2.624820163520432e-01 9.509842689440039e-01
3.758139817566986e+00 3.048773668115174e+00
-1.160809062510703e+00 -4.757453106692187e+00
-3.935100841765834e-01 7.020429473394715e-01
-7.660004573873983e-01 -6.008293096886177e-01

47
3.188406692039283e-02 2.851737393378943e-02
1.322625972321934e+00 1.707512003627340e+00
8.137043329919446e-01 -1.995477084641734e+00
-1.418432199709516e-01 5.114086327425790e-01
4.859934474346349e-01 -2.153128489269000e-01

48
-1.881814083605201e-02 3.258417524162461e-01
3.844608367526293e-01 9.691394841710740e-01
1.168315087802274e+00 5.929786866785961e-01
-2.944026528684667e-01 -6.879280366401916e-02
1.145456464550941e-01 9.530298725350915e-02

49
3.161340245191485e-01 -3.616419349740451e-01
-2.319804904395722e-01 -1.302787506218661e+00
-1.287953640047694e+00 1.628691325753086e+00
2.584712490371723e-01 4.157096753649765e-01
7.934327989108307e-02 -2.224784635477265e-01

50
6.698947287603360e-01 -1.767846341814804e-01
1.077323664729447e+00 -4.131594201797092e-01
-8.156034039019067e-01 -2.677225164995504e-01
-3.299770052261854e-01 1.323184861583597e+00
-4.203439307410697e-01 9.272953165145167e-03

51
-3.621080285532186e-01 2.240351954902691e-02
-4.174884287008196e-01 1.029441126665575e+00
1.175096221352421e+00 1.298424627451744e+00
2.481652755973048e-01 1.319328372853436e-01
-1.235594279348890e-01 2.276279807285286e-01

52
8.123933034241890e-02 -2.315653481376241e-02
1.668287006694274e-01 -1.401625397311486e-02
-6.208391004000512e-02 -9.581869741387835e-03
-5.360427393184039e-02 1.505704758188508e-02
6.241498206806778e-01 -6.427952927083320e-01

53
-6.038809086324301e-02 -2.983873495933558e-01
-4.899860191828367e-02 -3.012548831186566e-02
7.825996311878433e-02 1.425701278688878e+00
2.049108120509075e-02 1.416451132562092e-01
2.367246052629528e-01 -7.110007667947989e-02

54
-1.209235089124828e+00 6.820860754516003e-01
-1.680968588829153e+00 6.390188767127986e-01
1.232870958268203e+00 -1.009075636432665e+00
2.160275713150263e+00 5.913245343525698e-02
7.669892058282258e-01 -6.081665941788117e-01

55
4.664959774735983e-01 6.919384683751586e-01
3.627300343389102e+00 4.077153876628926e+00
9.116359004455326e-01 -4.924944451945370e+00
-9.804588094122737e-01 -9.333242632446408e-01
1.318893801416360e+00 -5.158428777603319e-01

56
-1.659360592093222e+00 3.941202964199427e+00
9.003710998554230e-01 9.217055543066676e-01
5.681104720452266e-01 -3.790779121236078e+00
1.404528030520533e+00 -3.975537469737511e-01
-8.909233840780971e-01 -1.917775720872022e+00

57
-5.465942213575734e-02 2.945690205657390e-01
-1.293413178140859e+00 1.329732194116723e+00
1.564656083847696e+00 5.099257121957973e-01
1.924588360233823e-01 4.364415904057732e-01
-5.386556155118186e-01 -1.355038310978275e-01

58
-3.981518030296714e-01 2.678105038472186e-01
-3.324851471851176e-01 8.863475204729262e-01
2.085269599837766e+00 6.794693492276344e-01
2.376512587763620e-02 2.081077984839123e-01
2.905599992515086e-01 9.085266243190519e-02

59
8.923659532805839e-02 8.302495766443303e-01
5.050531856256032e-01 5.170857353773755e-01
-9.320936394173581e-03 -1.033526566441293e+00
2.155697930913573e-01 4.238209687807061e-02
5.439007932160017e-02 -5.350555889380881e-01

60
1.540478334297821e-01 2.897877423609564e-01
-2.433356309504850e-01 3.306458714909562e-01
4.462606544763921e-01 2.202416562134619e-01
5.577615308544008e-01 2.899966472013621e-01
8.101829867716687e-02 2.205420151325692e-01

61
2.328682196172929e-01 -2.715887745079070e-01
-2.337763732717753e+00 7.254161222112334e-01
1.492462653636119e+00 1.499818046959913e+00
-7.672904742579036e-02 6.134888882497395e-01
-5.281488869883666e-01 -3.724857484439119e-01

62
2.449148125444270e-02 2.773329178284649e-01
-3.125434407361671e-01 1.364494026061815e-01
2.646177190269128e-01 3.559329761829049e-01
4.183762377552807e-01 3.691290035411031e-01
-5.583286237701893e-02 -1.035847265469076e-01

63
-3.075643264789551e-03 -1.433700175877830e-02
-8.025892010968152e-01 9.763246269878308e-01
1.245228177699824e+00 2.077574650781918e-01
1.461560281602568e-01 2.733554707713811e-01
1.709485270141165e-01 -2.170619667302782e-01

64
3.192559579646098e-01 8.618737557454904e-02
1.820198580022907e-01 4.056136010340708e-01
3.907603679980364e-01 -2.368989189875370e-01
2.356041055705470e-01 1.124125727970410e-01
5.554442278623508e-01 4.924326951063274e-02

65
1.784928622778013e-01 6.970776399408123e-02
7.654720396669472e-02 4.290464020949333e-01
9.059455152706843e-02 8.815744139288619e-01
1.821532925414885e-03 1.107503199533105e-01
-1.080679545011195e-01 3.409381076523340e-02

66
2.557215504670604e-01 6.587129124298850e-02
1.337185403643900e-01 7.718819002903613e-01
2.381803943570677e-01 -4.890396085873170e-03
-4.821943014287701e-02 1.910459132489032e-01
3.782183193943812e-02 -1.772003482019820e-01

67
1.421432601686242e-01 1.403775309159441e-01
-1.460249003717522e-01 4.113061565251213e-01
5.072268806934834e-01 5.720775481181325e-01
-3.162261018476603e-02 1.007566642360333e-01
1.142425168707086e-01 -1.475828913402657e-01

68
2.164060379297254e-01 6.604401286074833e-02
8.964244680912653e-01 1.111559939064737e+00
4.969147548130873e-01 -1.158271410748781e+00
-1.162666430610758e-01 4.058438429755507e-01
3.423905359732718e-01 -1.462956253378231e-01

69
-2.121493305631638e-02 -1.755842480857272e-02
1.023719763414503e-01 -1.318453684623178e-02
-1.273393182713444e-01 -5.794925883467374e-03
1.388289899122998e-02 1.137399857502721e-02
5.961917630106542e-01 -7.364007849441383e-01

70
8.645028329433725e-01 4.133124368921716e-01
2.871012334693552e-01 5.418944883921775e-01
7.053167594534610e-01 -3.893467089583599e-02
-3.603701774797787e-01 -1.778615904453939e-01
3.799810991908403e-01 2.093336188796134e-01

71
1.891582044156827e-01 1.276722043089910e-01
-4.432711772310120e-01 1.165945563514777e+00
1.213228708946916e+00 8.808426312300362e-02
-3.051991231907398e-01 1.293429948570250e-01
5.132305953071776e-02 -3.349770586850450e-01

72
6.427596278156272e-01 5.393158840356274e-01
-3.552378285702895e+00 8.513459998992366e-02
3.702826777079020e+00 2.026134073944521e+00
-4.556545288424288e-01 -5.601044633434387e-01
7.165926828770633e-01 -3.693051974762690e-01

73
-7.422508484940307e-01 -4.650113776948940e-01
7.795838701268458e-01 3.450946926548071e-01
-9.339146200183540e-01 -6.855072352205674e-01
1.079909222868449e+00 1.393422421613403e+00
-2.330238599243575e-01 -1.938012841197058e-01

74
-2.035065991681841e+00 6.652296601008126e-01
1.600806882433014e+00 -9.459419978185870e-01
-5.817976257697764e-02 5.170958524596083e-01
6.457893652617339e-01 4.040977837063771e-01
4.219890398152449e-01 -9.427257742795276e-01

75
2.155345463442603e-02 1.886936570131997e-02
-1.068932177510155e-01 1.007183066978044e-02
1.304913504462375e-01 1.242302102449527e-02
-1.393412562254307e-02 -1.250515769772488e-02
6.369622274521718e-01 -7.366374917126678e-01

76
-4.384694610079903e-02 1.485598779402461e-01
-3.180429711257862e+00 6.474823934422933e+00
7.176848742490629e+00 -4.974092865908872e-01
5.810539134810273e-01 -1.693166208033137e+00
1.399953937992563e+00 1.373771247354817e+00

77
5.500564554721898e-01 3.404043072111648e-01
-2.431694510772754e-01 1.901893493224801e+00
5.597190168695215e-01 1.696098807262875e-01
2.176528989373799e-01 -3.870066484597148e-01
-2.519880852464497e-01 4.117467593708851e-01

78
-4.190245718738014e-02 2.769691826538964e-01
-9.453917967996905e-01 -3.827063266245229e-02
3.058994631688487e-01 1.340839443055282e+00
3.394119343412044e-01 2.215847777493991e-02
-1.319513925190250e-01 -2.598569926161294e-01

79
1.711089486554288e-01 2.313583549455026e-01
-4.954721591390465e-01 7.983730718588983e-01
6.462656780270396e-01 1.015571652576077e+00
1.935292220762285e-01 -2.076234212044876e-01
-2.280696080582267e-02 1.503326230567713e-01

80
-1.291520210952803e-02 -1.716721898578360e-01
3.053413703430838e-01 3.345217632501967e-01
-5.289502937262697e-02 8.593115823640407e-01
2.828059095827008e-02 1.332637216387864e-01
1.468987601385306e-01 -6.169487285066481e-02

81
8.374152636458669e-01 2.072173268029163e-01
4.127252656082768e-01 6.028026660516007e-01
-1.056678868395853e+00 -1.583500963071149e-01
1.680887369049639e-02 2.569401413733692e-01
-5.404079762805213e-01 -1.456245970581962e-02

82
2.933965706943740e-01 -4.881266532009156e-01
2.125283578196089e+00 2.140059136278194e+00
-2.841406479152243e+00 -7.201787864570915e-02
1.294994174154881e-01 -4.217965436200820e-01
-6.388724484176107e-01 4.991942555252582e-02

83
1.842945943679198e-01 1.151356101344756e-03
2.595108351142204e-01 2.895409120697176e-01
-3.994952136244734e-01 5.903925430351031e-01
4.831381967756199e-02 9.476020594221669e-02
-1.135125605346070e-02 -1.701603004281699e-01

84
1.525826593359807e-01 -9.288278211699755e-02
8.907241704078513e-01 7.006949359125870e-01
-9.202645726256053e-01 3.036549700506837e-01
1.734984478334782e-01 2.127697866614922e-01
-2.551404159845606e-01 6.029159289082332e-02

85
1.766144651913157e-01 -2.886308123200358e-01
5.893060403364504e-01 -5.998115739639144e-03
-9.455158708615842e-01 1.308055040856049e+00
1.791310061585789e-01 3.587337469752617e-02
4.431879306705960e-02 1.924031776377623e-01

86
1.120761666523019e-01 2.345574815653957e-02
5.160399250146317e-01 3.622870415135349e-01
-4.940517012114602e-01 3.446131804013575e-01
9.690485679531383e-02 1.119011493619024e-01
2.527099292913868e-02 -1.743079666193499e-01

87
2.539142909103642e-01 -1.066520570650108e-02
5.819749900466458e-02 -4.131647297063612e-02
-3.480441624812574e-01 1.139660764489527e+00
-1.123159520024641e-01 -3.092681471168781e-03
1.287032604567154e-02 -1.903861830074381e-01

88
5.128644281425068e-01 -5.727895276757695e-01
6.500003159383190e-01 -3.784058246380088e-02
-5.893956216853421e-01 7.626538402711087e-01
-2.564660345717363e-01 4.301544942504856e-01
2.280530390051131e-01 1.057215044925599e-01

89
2.253522577781804e-01 -5.091863575136351e-02
-6.750905588832214e-02 6.417471214677981e-01
6.896565653987458e-01 8.647974242775222e-01
-1.337158932620447e-01 1.039634855529717e-01
1.101759636956933e-01 1.349651800684489e-01

90
5.637408844137523e-01 -1.442436787516624e-01
4.082278745177656e-01 8.019776172282541e-01
-1.196630348453210e+00 -6.572035697765701e-01
1.076987199821425e-01 2.976229611626913e-01
-2.070543805339227e-01 -4.208747637404900e-01

91
1.750067454796539e-01 -5.952236753611004e-02
-7.719643340856100e-02 4.509903127935837e-01
6.178814381521320e-02 8.931987673098113e-01
-1.064534158384924e-01 7.844377449298416e-02
-4.345975023381594e-02 -1.731983950541438e-01

92
-3.954207934064954e-01 -7.562539144308563e-01
1.131767037556780e+00 -1.135869871502371e+00
-6.305052783723930e-01 2.388324256634242e+00
-5.510922178418246e-01 4.321120942482753e-01
4.029503106159604e-01 -2.119340077859102e-01

93
-1.201777363956862e+00 -9.440438976755078e-01
1.471964885653550e+00 -8.799212856953195e-01
-2.186909065748698e-01 1.807294540207995e+00
-2.977070876216126e-01 8.193758599754247e-01
6.181033299219186e-01 -4.767017906710024e-01

94
4.787830557823287e-03 -6.758841249520695e-03
1.993383663884907e-01 -7.779467880836317e-02
-1.939342309502046e-01 7.014809709325906e-02
-6.134816982217657e-01 1.617539836329484e+00
-1.138815395022710e+00 -8.623622401177801e-01

95
1.340785892631796e+00 2.001416184810214e-01
4.710977452530664e-01 1.193997922282826e-01
-1.479804778555734e+00 -2.639401728254891e-01
-7.469303631198490e-01 2.283919068152024e-01
-5.656331386970966e-01 -5.699900876605167e-01

96
2.033119519625111e-01 -1.311130947312032e-02
1.152221732332011e+00 3.503426406155177e-01
-7.636420221749970e-01 8.763157965191517e-01
-4.371333758289435e-02 -3.598214887441064e-01
2.704260852756019e-01 1.680266319762898e-01

97
2.507652085891245e-01 -8.461107991168305e-02
6.105926126326623e-01 5.261830575626417e-01
-3.715724756483978e-01 9.929543200403848e-01
-9.192491218066441e-02 -2.511214789155118e-01
1.478619499287080e-01 1.207885205638590e-01

98
2.436477304037448e-01 3.180740510982118e-02
2.478212755522949e-01 6.973229780943213e-01
-3.866053875010073e-01 1.076876457693217e+00
1.974232682909268e-02 -2.378320048174198e-01
-1.566834854853565e-01 7.662852218396086e-02

99
1.937638908231205e-03 4.387817387829645e-02
-1.053362183627106e-01 2.858128288885676e-02
1.050533826612860e-01 1.889205143980587e-02
3.565909267326087e-02 5.673123606570974e-03
5.836187189851645e-01 -7.053085370675134e-01

100
-7.411792234747797e-02 -1.478995457253779e-01
5.788165679779438e-03 -8.355070004772375e-02
-1.293081756187780e-01 -8.460599327034762e-02
3.102109270555603e-02 6.245586053715558e-02
7.273750316693800e-01 -8.624439951021845e-01

101
-1.039718036092605e+00 -1.595499076800254e-01
3.448800359489308e+00 -2.421399215680226e+00
-3.417964236152909e+00 3.534634645763078e+00
-5.238266643169184e-02 -7.451234201534057e-01
5.620333924276379e-01 -1.029348482133002e-01

102
1.596774494231111e-02 1.158918112092887e-01
-3.239336075741569e-02 1.984289772418121e-02
2.867033663642492e-02 9.281426805740023e-02
1.111156826276165e-04 4.628719703721614e-02
4.212755511962785e-01 -6.723629668446602e-01

103
6.183851092091738e-03 -2.813339178417083e-02
1.441743781834479e+00 1.265484792898029e+00
-1.819988187580940e+00 6.142242142095167e-01
1.869685805932844e-01 -4.244718099318830e-01
-4.629674532616164e-01 -9.579558411553800e-03

104
2.650560723335645e-01 1.855871279261816e-01
6.212882737974638e-02 4.557163954938653e-01
4.298915745485825e-01 -1.254125315449343e-01
3.616979852648859e-01 2.969170496673470e-01
2.367469162245840e-01 1.730311546437724e-01

105
2.058599884285513e-01 4.237934713856662e-01
-3.772065211001151e-02 3.178347663337068e-01
2.787871255618622e-01 1.759430525720128e-01
9.040209845832423e-02 1.968481346658600e-01
-8.634136133734520e-02 -1.799291951214513e-01

106
-5.727640392457663e-03 4.935330450940564e-02
-1.171655927512284e-01 3.942224980688128e-02
1.090337977810356e-01 1.282845133286530e-02
-4.091893979937707e-02 4.205966904922212e-03
5.563117140689395e-01 -7.934785234450330e-01

107
5.695447497206471e-01 7.893841767684985e-02
2.827810022838066e-01 1.239545622926522e+00
-8.666295555848082e-02 -1.643828332523427e+00
3.619632610536361e-02 4.129242794140386e-01
8.668847223649828e-02 -4.638553999217153e-01

108
-4.355516557556647e-01 -2.729660165994828e-01
1.802676297194151e+00 -6.046610735943890e-01
-2.261058624760790e+00 9.014466406111034e-01
2.862977643512769e-01 1.068362307140093e-01
1.303826279689841e-01 -3.773805062470012e-01

109
4.926826925572913e-03 -1.125500139283617e-02
6.762696533404909e-01 3.491722633042977e-01
-6.407838808905799e-01 4.102883095432042e-01
1.425038802033358e-01 1.193093569521129e-01
7.128328105599211e-03 -1.643960487407550e-01

110
2.807206771306252e-03 1.093481938758694e-01
-5.408387236373147e-02 4.971748342611178e-02
4.302573266173356e-02 5.721416134862220e-02
-4.617712722918432e-04 -4.534577469388309e-02
5.157569817856920e-01 -7.262276303006989e-01

111
7.974032630638641e-01 -1.295687769698244e-01
-1.255408921565158e-01 8.456553943800956e-01
-6.597744362372804e-01 -6.789299154286862e-01
-2.933164315028801e-02 3.991244521533885e-01
-2.259076135599386e-01 -4.102263116043854e-01

112
-1.924495107270666e-03 -1.264080527677666e-03
5.514485574266228e-02 -4.587953055668609e-02
-5.732030901919075e-02 4.443510367611967e-02
-2.727169383698153e-02 5.936914843295517e-01
2.707174278711198e-02 -5.938224799607995e-01

113
6.187209239652347e-04 -2.292924820021584e-03
1.695414796741585e-02 -6.230573495349041e-02
-1.626404859784208e-02 5.970366504617367e-02
2.867943533778049e-01 4.345353565099976e-01
2.774758635112809e-01 -3.284604113615188e-01

114
-1.363835030863469e+00 5.405388084509096e-01
2.346737533992497e+00 9.533203557330968e-01
-7.798407660719922e-01 -1.654752930132892e+00
6.879811603810968e-01 8.348506552420984e-01
-3.188766824881581e-01 -6.636989007628911e-01

115
1.561343706678984e-03 -1.604102107274226e-02
9.162247416752447e-01 1.897678941786011e-01
-6.234900037491655e-01 6.968515928885446e-01
-1.845872517282248e-01 1.357582450250823e-01
-5.427082523656798e-02 -2.296561258354446e-01

116
-1.448564871088038e-03 -4.930945795598893e-02
1.178693861010599e-01 -3.015864116109127e-02
-1.221262686604588e-01 -2.876402453140224e-02
-4.090462328176876e-02 -7.153749034307297e-03
6.544180716347301e-01 -7.781214472859560e-01

117
-1.317280864171332e+00 -4.355334438195765e-01
4.903590460191508e-01 -3.307825018391471e+00
-7.305118804756666e-01 3.734695616871613e+00
-4.162394921364674e-01 1.007261540263689e+00
1.595702126724136e-01 -1.008228463338799e+00

118
-4.036885672021380e-01 -4.787979385244765e-01
6.439258971836607e-01 -1.178649061428489e+00
-7.380057175123219e-03 2.626300238476206e+00
-3.749168010736931e-01 4.111111127942925e-01
3.353772591528243e-01 8.249722004479498e-03

119
-3.061653998331116e+00 2.558374197166663e+00
-1.242275066534653e+00 8.668989027422687e-01
3.483466949711905e+00 -2.739467874692587e+00
2.248598711378001e+00 -1.902011127881074e-01
9.968876902094795e-01 -1.948610557542005e+00

120
-1.661962206112996e-04 1.466279793746610e-03
-5.974850081708679e-02 -4.637940754722626e-02
5.955445333574763e-02 4.804402643446014e-02
6.169223289789225e-01 -1.115491823084552e-01
9.041570925920486e-01 -1.635961749806905e-01

121
-2.094648819601070e-01 4.559469667091074e-01
-3.559254228084728e-01 -4.770308378895777e-01
-2.669262063935970e-01 8.564495042120545e-01
1.101909121820038e+00 4.275664289253865e-01
-2.000293878664325e-01 2.310380941037999e-01

122
-7.081231033122362e-01 -2.082885806074912e-01
2.262003649169517e+00 -6.248688123870648e-01
-1.437116453620042e+00 5.728538781777589e-01
-1.777653516491247e-01 4.746439817459386e-01
2.154784284132430e-01 -5.473507614579022e-01

123
-1.246625765603285e-01 3.786199154289637e-01
-3.567437101646603e-01 -1.647037017075447e+00
-2.415336265063148e-01 1.941199307276676e+00
2.779684292230775e-01 2.086233531281030e-01
1.405314875635345e-01 -2.522766293878139e-01

124
2.100863977066801e-02 1.300370772298028e-02
-1.055145340198048e-01 1.000525890237162e-02
1.289866646989123e-01 5.743765656852640e-03
-7.969724611404844e-03 2.030058652659525e-02
6.143728446028708e-01 -7.258973806979746e-01

125
-1.793509806465355e-03 -9.091263715715384e-04
5.894349849657140e-02 4.305691421008265e-02
-6.098003704822443e-02 -4.408349664668909e-02
5.957280417168151e-01 -1.335603129366242e-01
8.732197743010643e-01 -1.956732088963707e-01

126
1.616449412707343e+00 5.032117042096144e-02
-1.642270400577913e+00 -1.157686852201695e+00
2.696565332042464e+00 -2.011761028235326e-01
-1.640948573948229e+00 2.788913334119283e+00
-8.713476421130754e-01 -3.130744575538233e-01

127
1.609709460556097e-01 8.857773995743776e-02
-5.584972621892811e-01 4.540402201229848e-01
6.505585560351875e-01 5.628667177156761e-01
5.715587761324566e-02 1.626857335866570e-01
9.124659831366005e-02 -2.087107592333745e-01

128
1.527973760672992e-03 -2.173282796287766e-03
-5.726925469786625e-02 4.686157694850600e-02
5.899265908587027e-02 -4.932738496991194e-02
-1.909238610561427e-02 6.209974236667294e-01
1.925128638022992e-02 -6.212230229130883e-01

129
-2.066644358781190e-02 -1.329550370921250e-02
1.048777181298109e-01 -8.624645315171233e-03
-1.288206481583507e-01 -5.582647969029997e-03
8.128792102113126e-03 -1.996275151927853e-02
6.182087123321343e-01 -7.476104766695421e-01

130
-1.127407647872029e+00 1.281279897158301e+00
1.377133549288735e+00 -1.500531565941023e+00
-1.082289870071922e+00 1.430805824119763e+00
6.160881434571700e-01 -1.571806369354577e+00
1.183428669181953e+00 -8.526681301238759e-01

131
4.810493689031719e-01 -3.624287919390249e-01
-6.708913011653093e-01 5.341694277795863e-02
7.330457889440343e-01 -6.406195510392392e-01
1.218989023322373e-01 1.341053256795366e+00
1.165826055486880e-01 -2.133907792700227e-01

132
7.682038409195432e-02 -1.522541920820162e-03
-7.784938515485758e-02 5.985330440998382e-04
1.724999936562721e-01 4.266433673059910e-03
-5.114030558290354e-02 9.262697790522134e-04
6.668388518492255e-01 -6.890007736238872e-01

133
-1.179182313785287e-01 -3.028527264119987e-03
6.924991385168818e-01 3.384686599742634e-01
-5.395702404741879e-01 4.525632501962913e-01
1.531192342670800e-01 1.255429636619675e-01
3.748877742584417e-02 -1.997446594318525e-01

134
-5.927738023433206e-01 3.721989752007011e-01
6.984903305530311e-01 -4.111407171368612e-01
-6.493538878468897e-01 4.547609262281668e-01
5.407822588021567e-01 -2.537717611298287e-01
5.499612495702880e-01 -5.519446502379481e-01

135
3.099200352202296e-02 3.257474773865529e-01
-2.100666489496676e-02 -2.888733076205612e-01
4.522386494969091e-01 1.489186471697887e+00
-1.763002221201224e-02 -2.042351637306252e-01
2.843289200216822e-01 2.790415454353083e-02

136
2.766147246772905e+00 1.514075149621031e-01
-1.690216092546468e+01 -1.017123712339739e+00
8.759156919752568e+00 1.212931647127359e+01
3.151662742905262e+00 -4.703754332028287e-01
-1.729645943715740e+00 3.829403454592622e+00

137
-3.745412281667868e-02 -2.407056351232446e-01
1.260969313557724e+00 2.248794074439744e-01
-9.967604169525693e-01 7.381128588169412e-01
-2.224815147619968e-01 1.994730390657025e-01
-6.039257956440259e-02 -2.046601242361255e-01

138
-1.088284087032554e-02 4.366376121413144e-02
-1.683800873119157e+00 -1.042310239869169e+00
-6.205590887162180e-02 1.986897340176045e+00
4.489005141096144e-01 1.926103961653968e-01
-3.334374367576819e-02 -5.511528309950400e-01

139
2.171993238390510e-02 1.319904163345002e-02
-1.044952860068577e-01 4.585767229183796e-03
1.288257374385723e-01 1.144781518563990e-02
1.542859765410059e-02 -1.629793111576251e-02
6.566828477924047e-01 -7.095868622270812e-01

140
2.377173810200838e-01 -5.828049858134329e-02
-1.765196379991328e-01 1.029131804852101e-01
-8.312410645443429e-02 1.178226540981128e+00
-1.425155650691421e-01 4.228594448071366e-02
-1.570302601921100e-02 -2.089260319980498e-01

141
-4.043655043415143e-01 -4.537977820900756e-01
1.705209691660921e+00 8.706468305984858e-01
-2.728866860952036e-01 3.932084498124339e-02
-3.915638970428746e-01 2.504587282093975e-01
3.755601304143222e-01 -3.469021840440890e-01

142
8.142751807823123e-01 -1.421940530177854e+00
-8.597581890702358e-01 1.804252974351840e+00
1.254756286368111e+00 -3.798127244254100e-01
-3.166210162237989e-01 9.499885094466333e-01
4.447940133515562e-01 1.439922376659034e-01

143
5.786960071795594e-01 3.397184266215276e-01
-3.417332999168323e-01 -1.001176526708395e+00
-3.421765202739063e-01 6.837245113098124e-01
-1.432461868343371e-01 2.735759940151606e-01
7.802181419747264e-02 -4.811403846722059e-01

144
1.489471870654440e-01 -1.187261888526865e-01
-2.137520509408591e-01 6.676171909917534e-01
-1.276452425940380e-01 6.782974127484646e-01
1.443819881361884e-01 9.121712839072481e-02
-9.246893671591234e-02 -1.651474423769080e-01

145
2.323910836702222e-01 6.632439682961580e-04
-5.776163664828591e-01 6.020781581076365e-01
4.854474370307328e-01 1.033343846893976e+00
9.765424746534669e-02 1.742220077056324e-01
-1.853505081378658e-01 7.212284146572197e-02

146
2.596855477812546e-02 3.197297587293729e-02
-1.790450527932151e+00 8.077886118424896e-01
1.597351068992530e+00 1.151574311738472e+00
1.619042484377104e-02 4.803094048683472e-01
-4.113982601496687e-01 -2.963312194560889e-01

147
3.773953061655913e-01 -3.196562766795059e-01
-7.473839159044315e-01 1.376186298264889e+00
-1.864617187252185e-02 -2.257276101708280e-01
2.740929847480667e-01 3.127556940420110e-01
-1.954163713574895e-01 -3.232275113733692e-01

148
1.677268396019171e-01 -1.650345810773516e-01
-1.056994826379272e+00 1.041815295722566e+00
1.267081480559594e+00 1.697149789624865e-01
1.186318848866494e-01 3.395907252996083e-01
1.765199406804978e-01 -2.112363732721714e-01

149
4.150790833296796e-01 -6.107709476704359e-03
-3.654349333237947e-01 7.027708594617972e-02
7.706796154146578e-01 1.768255015025242e+00
-2.565010031533143e-01 1.405938268537621e-02
7.622076678393426e-02 3.394979011320315e-01

150
8.619450545840809e-01 9.549483821450160e-01
-1.147519658444432e+00 -1.062412605420165e+00
1.628996160458160e-02 1.044017151058331e+00
-2.020185896448040e-01 2.848129808051267e-01
-6.234330507438944e-01 -4.529411932868407e-01

151
1.641372461901956e+00 1.800840111165753e+00
-1.733917818290518e+00 -2.076948075055238e+00
4.086709580444248e-01 7.984511511461655e-01
-1.258767917887058e+00 -4.971197435612194e-01
-1.668714234345220e-01 -1.456371315072712e+00

152
5.543223023982298e-02 -2.614691890628111e-01
2.539070607547864e-01 9.694041071306964e-01
4.550258346910951e-01 8.559872874521132e-01
-2.470457481647302e-01 -9.917713128662206e-02
2.410826728209205e-01 -2.902107744499129e-02

153
-3.409498257409380e-02 -3.111709983051471e-02
1.406359521973322e+00 1.868347078530913e+00
9.105540680232231e-01 -2.148332518598699e+00
-1.463162860817537e-01 5.543178594659892e-01
5.278893478658196e-01 -2.221141486236760e-01

154
-1.287368537996388e+00 5.636064165800134e-01
1.439255419541057e+00 -5.542977878627245e-01
-4.885415189314946e-01 7.930028622937892e-02
7.912208628961979e-01 1.643754051721441e-01
4.896008412940773e-01 -5.578852729886390e-01

155
-5.990584387804578e-01 2.340584206718408e-01
6.254911560766671e-01 -3.872995875124387e-01
-8.178102075592363e-01 1.855858953333335e-01
9.990668976715282e-01 1.685733527498200e-01
3.862920339833707e-01 -2.354858907353936e-01

156
-1.303392444894316e+00 1.591230727928798e+00
2.250708775881442e+00 1.110390819054429e+00
-8.937313307627680e-01 -2.728949603425479e+00
9.464567853849033e-01 5.670239840630398e-01
-7.104889454035334e-01 -1.012408712596559e+00

157
4.878038986976401e-01 4.121814584537187e-01
-2.250852163947895e+00 4.177067537785881e-01
1.563262926347601e+00 2.566865937285097e+00
5.703059274973074e-01 -5.865408962069704e-01
-4.000915987190734e-02 7.008352974762946e-01

158
3.187981589070271e-01 -1.924068835021447e-01
-6.633307288333401e-01 1.222959125760177e+00
5.280163262242112e-01 1.790664332776310e+00
-1.522349856649155e-01 -3.551460903570643e-01
-2.208973836304455e-01 2.181855593543634e-01

159
-1.671978080431729e-01 3.025281146911148e-01
-2.317783271803004e-01 -3.941016110139324e-01
-2.596792760208801e-01 5.970850448162409e-01
6.633491519074992e-01 2.971057308500453e-01
4.143598617726214e-02 -2.155974814000751e-01

160
-8.632850687370082e-02 3.002753749773140e-03
8.868088475810558e-02 -4.063427545981519e-04
-1.786988799961258e-01 1.396032791576289e-02
5.808757020170811e-02 -1.166273441191245e-03
5.591674794043602e-01 -7.749010105382088e-01

161
-1.652606541416709e-03 1.680359833946084e-02
9.027136392108290e-01 1.650168227320885e-01
-5.953648194402548e-01 6.974518814839332e-01
-1.805684367472782e-01 1.346324767151565e-01
-5.799019483208347e-02 -2.306282078068344e-01

162
1.531766423781302e-01 1.896455169963601e-01
4.063042336134226e-01 -4.659917355487054e-01
1.248420193487879e-01 9.566170093409770e-01
-1.734536031071352e-01 2.014939709714470e-01
2.235044220503672e-01 -6.706442846891816e-02

163
2.442331004003336e-01 1.086059882551282e-01
1.523285702937789e-01 -2.844120367803268e-01
3.062155386895736e-01 3.343676160378523e-01
4.182898811237338e-02 5.855776319573528e-01
1.583767440244088e-01 -6.802161358874391e-03

164
-1.402891335569418e-01 -3.390327659183521e-01
9.144172019759523e-01 1.645867538055781e+00
-1.666226055777706e+00 4.006765200505292e-01
4.526643612700261e-01 -2.542779830371223e-01
-4.353304318102778e-01 -1.167150328351980e-01

165
-3.057286502947809e-02 4.561022085184644e-03
1.336182943470231e+00 4.229862450882549e-02
-7.014960884937976e-01 1.138256546084609e+00
-8.292343267623685e-02 -3.168357062159505e-01
3.459243350824834e-01 1.181656001125264e-01

166
2.162694581085322e-02 -2.028408315327064e-01
3.392445350048023e-01 7.582648947891281e-01
-2.573388349832380e-01 9.998903582973578e-01
1.976678364613169e-01 -4.262606932581862e-02
-5.617962472092148e-03 1.758262272074971e-01

167
7.873922872685847e-01 -3.239418781958313e-01
-1.673585651577609e+00 2.153533897101775e+00
9.438694920484030e-01 -1.560405903380001e+00
2.015832267078068e-01 6.463716772834429e-01
-1.892490669632887e-01 -5.585101634446996e-01

168
-3.100271264856033e-01 9.455119943670369e-02
2.635533534115099e-01 -4.643149904733813e-02
-5.330199000029787e-01 1.445211978756214e+00
1.911009411009745e-01 -5.203510243386305e-02
-1.201313622968219e-01 -2.491514676782903e-01

169
3.420623081765226e-02 -1.614183339055689e-01
1.023857723308119e+00 -1.258196917112378e-01
-4.012970698609964e-01 8.213546529794463e-01
-1.349785181591603e-01 2.231563887683312e-01
2.691741442791228e-01 2.365750592015624e-02

170
1.494201401481366e+00 -2.000324942941616e-01
-1.203083651323935e+00 6.369759713868212e-01
2.310566272476053e-02 -5.919804445993916e-01
-4.076836301898236e-01 6.740600144811126e-01
-3.321619772078969e-01 -4.144714855948776e-01

171
-6.783069910604432e-02 -2.333383145332502e-01
5.392209326083219e-01 5.251923960930894e-01
-5.880425812879594e-01 1.082136105108474e+00
7.609262530674828e-02 1.998601881030210e-01
-2.541046640984103e-01 1.434920122455335e-02

172
-4.934830657586255e-03 1.161576966833222e-02
6.750698175281471e-01 3.315734269579845e-01
-6.249605781230538e-01 4.180070311526687e-01
1.451187963427916e-01 1.147821146297856e-01
5.335026499981123e-03 -1.666745141104587e-01

173
-4.624341010254805e-02 -2.466889571899474e-01
5.364570183626324e-02 1.215601365903881e-01
4.984106803347994e-02 1.204118826213379e+00
3.124593687369075e-02 1.414547124374276e-01
1.970881430170023e-01 -7.358888775398838e-02

174
-2.828611080890949e+00 7.445356676391630e-01
3.625349198590856e+00 -4.973094470747225e-01
-1.666243879638143e+00 2.075541986350169e+00
1.922009152699404e+00 -4.935254590682933e-02
-1.311696629795309e-01 7.984362202233559e-01

175
-2.735678068514601e-01 -3.701966940361898e-01
1.248043668490903e-01 2.216325834846882e-01
-3.722963843299427e-01 2.131277290149924e+00
1.561331643230877e-01 2.143601290859745e-01
-3.381695181038976e-01 1.795028055783663e-01

176
-2.278747124862908e-02 -1.154671032628496e-02
1.042168483434013e-01 -1.310619975028556e-02
-1.304482906380401e-01 1.047261008668118e-03
-1.409804233365808e-02 1.765735487503579e-02
5.735107609342293e-01 -7.605156564478202e-01

177
-1.793191277851494e-01 -5.736071027447014e-02
9.175931153547701e-01 2.413621744292372e-01
-3.830594748834494e-01 7.738642452547548e-01
-1.742779985973849e-01 1.293682912792709e-01
4.702167392238411e-02 -2.468110229281509e-01

178
-1.799914894793975e-02 1.054962897858762e-02
8.653120789627667e-01 -2.418369437819892e-01
-2.203797127657860e-01 8.699134064846272e-01
-9.880002387678302e-02 1.941255720407096e-01
2.491874066147534e-01 -2.007749230905406e-02

179
-1.781694893648576e-01 -1.384638624796103e-01
9.318860262590922e-01 2.981106251261629e-01
1.211475003328987e-01 1.156301251774705e+00
-1.975736943356838e-01 1.343772374378175e-01
1.633060035951578e-01 1.344489305946824e-01

180
2.020683839217893e-01 1.838661200454177e-01
3.731839260116198e-01 -5.742555396867960e-02
2.312551463194246e-03 3.869389575553241e-01
2.651164028830308e-01 2.816740039652638e-01
1.858928090599928e-01 1.687677788344678e-01

181
-4.617241615405173e-03 7.356495268437956e-03
1.900091481111797e-01 -7.378641399116717e-02
-1.953108552810441e-01 8.221322048538167e-02
-5.684406575798927e-01 1.617119615108490e+00
-1.149738204441139e+00 -8.273504044037030e-01

182
-3.125439468619149e-02 1.591324669494310e-01
3.819359160081495e-01 9.711942533802013e-02
-6.188306842843629e-02 7.830377846778878e-01
8.175804031913345e-02 7.698877691184526e-02
8.651205536604092e-02 -8.540589735865699e-02

183
1.291569612283869e-01 1.970685942825108e-01
2.967482246496987e-01 1.657950874767739e-02
-5.444098661626592e-02 3.185845079169413e-01
1.545822707877539e-01 4.152305423970850e-01
-4.042111370050931e-02 -5.890577213719571e-02

184
1.857387894750159e-02 -3.741385575045487e-02
-1.077433741685286e-01 -2.698251259052480e-02
1.292271535943913e-01 -1.835083929208331e-02
3.507620005872664e-02 8.097941660418580e-03
7.155058942962715e-01 -7.082571916633998e-01

185
2.515516333505504e-01 1.906518828045760e-01
2.340023832329010e-01 -3.143213686885711e-01
2.915806791270278e-01 4.743843882705527e-01
-1.635690693780265e-01 6.545574499253105e-01
-6.735658585093263e-02 -8.142110439012763e-02

186
-2.761657867908873e-01 6.403603242678939e-01
4.333844388025807e-01 -7.639449883228292e-01
1.627143126373999e-01 6.069239184480084e-01
1.377087914493043e-01 1.469442218832979e-01
2.780660283208687e-01 -3.760730592771813e-01

187
1.197346297074403e-03 1.618083228878149e-01
8.257784391119181e-01 -3.770137864174026e-01
-1.415344998280374e-01 8.009110774190160e-01
-9.400370014042557e-02 1.878089961084796e-01
2.511959712140543e-01 -5.089518475062017e-02

188
-1.272902645743669e-02 -3.693703252192945e-02
-1.318587184152237e-01 -2.117619470567019e-02
1.150070718805098e-01 -2.133486390625795e-02
8.567002598964171e-03 2.401937621594127e-02
6.798541349618257e-01 -7.795074711614484e-01

189
-6.478004767469642e-03 2.774449068979368e-02
1.452598833349034e+00 1.192727156868531e+00
-1.762312866877947e+00 6.599679345508586e-01
1.726871728147745e-01 -4.322530621750177e-01
-4.576829431780948e-01 -1.085697204895942e-03

190
-2.061859174326656e-01 9.535105570948565e-02
1.539719764064138e+00 -1.436840926421279e-02
-6.244267814163091e-01 1.284443290529256e+00
-9.884924522671135e-02 -4.249604338491146e-01
4.140545615537246e-01 1.178418136929430e-01

191
1.146761697846248e-01 6.751937425632032e-01
1.659827571051109e+00 -1.193305859618531e+00
-1.248964193270465e-01 5.144044726066854e-01
-4.476648448675405e-01 1.192402004393695e-01
5.092719892247349e-01 -1.051946056408568e-01

192
2.188768830635207e-02 1.646006864764286e-01
2.439874034289587e-01 3.319255405066912e-01
1.689292822727169e-01 7.356999190104111e-01
4.126747074934015e-02 1.409551389773907e-02
9.363244833799075e-02 -5.664099039703102e-02

193
1.198063758557718e-01 1.760205634921188e-01
4.904068929553566e-01 3.195127154192891e-01
-3.369234572397423e-01 8.602256202207924e-01
5.170388320415113e-02 5.036475262817354e-02
-1.828077918408131e-01 5.186294588335148e-02

194
-1.391643163458443e-02 3.180113849516603e-01
3.488924481512063e-01 8.948673121735458e-01
-5.239714817026890e-02 3.020431100443188e-01
2.421071607895176e-01 9.748437656525600e-03
-2.350549377518380e-01 -2.013770169563872e-02

195
2.018148619271364e-01 -4.921272631902931e-02
1.419037198119536e-01 -4.491215070226690e-02
1.585872342106253e-01 -7.621166937184030e-03
-8.523688294229725e-02 2.016135519866103e-02
7.495434933798788e-01 -4.899970055822160e-01

196
1.101857079141576e-02 -4.081924202912411e-02
-1.222784991625492e-01 -2.773608535890759e-02
1.342376563751621e-01 -2.133261967357360e-02
-3.258649435459621e-02 -1.572454803972353e-02
7.260450785277599e-01 -7.951455805487480e-01

197
-3.567190747158355e-01 2.074118407915894e-01
1.017039978643176e+00 6.845498045955948e-01
-3.230379445783363e-01 3.731909588637481e-02
1.669366948035756e-01 2.649866828484129e-01
-1.619356791815150e-01 -2.272175396975025e-01

198
-1.432942624429429e-01 1.417973388043541e-01
1.090507813264678e+00 3.743655403433381e-01
-7.941563872469496e-01 5.876219249577684e-01
2.543806976531733e-01 1.553967031085786e-01
-2.192537332498047e-01 8.241938632815228e-02

199
1.678486983465649e-03 1.508383410838094e-02
9.362158117978741e-01 4.339199818324608e-01
-8.448994140055288e-01 5.940217157765999e-01
2.021580193975087e-01 1.524125168571368e-01
-2.038392475795835e-01 7.161762368650465e-02

200
1.647942933890858e-02 2.391366541628060e-02
-7.975783888055387e-01 2.275494175380801e+00
2.369389059887219e+00 -4.437797685411838e-01
-5.656867962737677e-01 1.837047246340350e-01
6.456359058382874e-02 -5.147334941417075e-01

201
-8.948855759895415e-01 1.207794225948507e+00
-9.365561011057075e-01 1.392368402399039e+00
1.077331450226042e+00 -1.378137475975602e+00
8.945244067238628e-01 -9.202756393397961e-01
6.765387121507006e-01 -1.451267693617984e+00

202
1.919623337830891e-02 1.136000625363834e-01
3.147503572308857e-02 9.040278090470524e-02
-3.177410741108128e-02 2.065031114470986e-02
1.937487225060652e-03 4.520296967938445e-02
3.963330491656982e-01 -6.746672163405848e-01

203
6.336686945354952e-01 1.256817711856264e-01
-2.004871754539886e-02 -7.520428342943482e-01
-6.087264841981288e-01 6.211218782359552e-01
-1.773327378614944e-01 3.441124237560156e-01
1.605264186929039e-02 -3.410975789821554e-01

204
1.360118904479022e-02 -4.162652811451514e-02
-1.696611352736563e+00 -1.169608135009892e+00
-1.662144648925403e-01 2.061232316043591e+00
4.457690071218741e-01 2.350528973328898e-01
-1.853930452185284e-03 -5.583672828967544e-01

205
2.105251849385764e-01 1.925252605448567e-01
4.088109016288884e-01 -6.120987522961078e-01
-5.113628679374924e-01 1.216260363506674e+00
-1.585888837572664e-01 2.077402015335811e-01
-9.717065079081952e-02 -1.582133328094744e-01

206
-1.092354970614072e-02 3.740167506389819e-02
1.025462211521324e-01 6.430798876799493e-03
-1.150775696780738e-01 3.338435483211763e-02
-3.303605382706714e-02 -2.056450711002334e-03
5.242392689019412e-01 -7.494631298826047e-01

207
3.995058395129104e-01 -3.691982497320531e-01
-2.474364906916475e+00 -9.647731559722060e-01
-6.388764386694693e-01 2.197277718314399e+00
5.795518930182609e-01 2.946828577815903e-01
-2.695948743551902e-01 -5.923864480115373e-01

208
9.351008724231039e-01 3.195722229394295e-02
6.450016749547464e-02 -4.461608445214182e-01
-8.207774438791552e-01 3.375156376739341e-01
-3.197351485941464e-01 3.963576603878451e-01
-1.362796707402339e-01 -2.919538857628273e-01

209
1.081436361704798e-01 3.752283390201994e-01
1.945879307559399e+00 2.545226217735964e-01
-1.679742937044239e+00 1.202486282144764e+00
-8.641297201511401e-02 -4.205860897580059e-01
-3.940328450704280e-01 2.498115218568839e-01

210
1.704875096894512e+00 1.311693762159315e+00
1.858401029215188e+00 1.279331847704212e+00
-2.000298741840930e+00 -1.595662007079757e+00
-1.982920746653323e+00 -7.171394569438508e-01
-1.130814271767254e+00 -1.477079714851034e+00

211
2.531812049607625e-01 1.500302092100594e-01
1.059167516831695e+00 -4.479186511482197e-01
-1.103252555120509e+00 8.999593670068528e-01
-1.224451574765301e-01 -1.430819461895722e-01
1.705951373420754e-01 -1.423046625734642e-01

212
2.931707745594311e-01 5.930187095764241e-01
2.061121301579642e+00 1.291362661613772e+00
-1.770929824080796e+00 -9.715404938953203e-01
5.464925482603002e-01 -1.542685936806223e-01
-4.571250471634770e-01 3.169586418469499e-01

213
-2.619339541195199e-03 -4.477718784090841e-04
-1.560614569622356e-02 6.281052840802025e-02
1.264455655310851e-02 -6.333275568104248e-02
3.128622825929238e-01 4.310391994694581e-01
2.687981713249167e-01 -3.481290742813281e-01

214
1.750149524716540e-03 9.479800927752254e-04
6.046375689204590e-02 4.397893224809427e-02
-5.846782798275153e-02 -4.289218989601318e-02
5.927456404052756e-01 -1.309433593699783e-01
8.685755286902547e-01 -1.919809829571026e-01

215
-7.959113707199867e-03 -5.365200741614994e-03
-2.332554984923471e-01 9.177705936118367e-02
2.242576475186248e-01 -9.792677679715375e-02
-6.602159188539594e-01 1.931093748710638e+00
-1.376350849480892e+00 -9.732205604897667e-01

216
-1.620624872726461e-02 -2.551696067925246e-02
-8.730453489145287e-01 2.384831178054639e+00
2.501648006289801e+00 -4.330523314299612e-01
-5.894509469638528e-01 1.894426825568581e-01
7.834671736519938e-02 -5.316494638233976e-01

217
-3.202356364138703e-01 -1.729759785407586e-01
-1.970961512173804e-01 1.838509883325096e+00
1.581416542666276e+00 -9.104560866536643e-02
-3.294196633051482e-01 3.126380351307698e-01
5.080602566123767e-02 -4.469028386117015e-01

218
3.048298422260054e-01 2.340632010445706e-01
6.768229023155119e-01 -5.686194607099118e-01
-1.582377988101002e+00 9.358007030731921e-01
2.015292349444374e-01 -1.328286437669533e-01
-7.710896325673634e-02 -2.016934109024300e-01

219
-4.746994261029369e-03 3.380160976199838e-02
9.876602559442468e-02 9.483313084520056e-03
-1.049949602915391e-01 2.693100641591699e-02
2.725431848445679e-02 9.111892159863490e-03
5.366911946847724e-01 -6.828173705354706e-01

220
1.172552346079924e-02 -4.687709837281370e-02
1.162618780536721e-01 -2.561323690031810e-02
-1.039996263378352e-01 -3.149073131437235e-02
4.046023105137497e-02 2.819066773855589e-04
6.718730947537276e-01 -6.789356351793494e-01

221
-1.281675198227389e-01 1.632825459228429e-01
5.522156557399947e-02 5.940717856750145e-01
1.183845115175649e-01 8.678863143319250e-01
1.292963166411875e-01 -3.817049076450930e-03
-1.305341102201577e-01 -1.356730269811517e-01

222
2.623190910706265e+00 4.470579982102278e-01
2.078080008585494e+00 -1.008566434515314e+00
-3.113711554905756e+00 -9.057238260671051e-01
-1.518370055885885e+00 -6.223929093186275e-01
2.833695472434834e-01 -5.631546612497506e-01

223
2.072310014483218e+00 -1.471182791866455e+00
2.186366012171332e+00 -6.954044555825853e+00
-1.176002495715759e+01 2.665462647272550e+00
8.869711898903324e-01 2.451044425884175e+00
-2.241271536212215e+00 -8.172428657036503e-01

224
-1.470186642303505e-01 1.832576310862136e-01
6.677756907406489e-01 2.408812261499445e-01
1.678064190951748e-01 1.105895288735622e+00
-1.846339366775051e-01 -1.509935038944146e-01
1.673871714663888e-01 -7.181615584210603e-02

225
-3.209576497840029e-01 -2.887044727347617e-01
-7.389167978951581e-01 1.500312206769375e+00
1.294581958158318e+00 1.758523095065468e+00
2.656135958194905e-01 -3.829614142613413e-01
2.041236110574153e-01 3.210597550785350e-01

226
8.693241967782506e-02 -1.403581340743514e-01
-5.073216730609764e+00 5.907018098793692e+00
7.635242465608487e+00 1.418513749982404e+00
1.015963199447455e+00 -1.579549776224254e+00
1.084587339202377e+00 1.807193839812961e+00

227
-3.588790830066369e-01 2.281515682391591e-01
1.068054512841297e+00 8.335018750617191e-01
5.184574717880434e-01 1.505611246865887e+00
-2.288316013166819e-01 -3.459404823530133e-01
3.745245705387016e-02 3.135699221675222e-01

228
-2.920341929873946e-01 1.935674743618278e-01
-6.534737566563038e-02 4.416484529510428e-02
-7.302213816494987e-02 1.611629279297218e+00
1.302512997055223e-01 -8.497328805897543e-02
-1.648546708192611e-01 -2.150178650664305e-01

229
-2.080815369286348e-01 -1.233810653579023e-01
-6.281298874271299e-01 6.477072008439351e-01
8.770720337039905e-01 8.719311459013440e-01
1.282845623530280e-01 1.952370697805038e-01
1.355686709769822e-01 -2.425372235888402e-01

230
1.222714126469231e-02 3.061766706204170e-02
1.128844170141946e-01 1.516018557976026e-02
-1.009200452490290e-01 1.943519313432313e-02
-7.606430476360997e-03 -1.990807924211571e-02
5.630925126045908e-01 -7.005558811506281e-01

231
-4.054912684788697e-01 -4.807859664630589e-01
-7.130585825042304e-02 -3.295133784879147e-02
-3.342839788036441e-01 2.862454389109816e+00
1.869684361103854e-01 2.272271137812585e-01
-4.010466356483214e-01 2.832303229227123e-01

232
-2.650743426876360e-02 -3.294120058387798e-02
-1.929435577853766e+00 8.696396470130221e-01
1.720415600992986e+00 1.240958204225428e+00
1.705856971345339e-02 5.189820083811953e-01
-4.287001276956696e-01 -3.127525509588800e-01

233
3.427760712985572e-03 1.455244019464382e-02
-7.666300351748156e-01 9.625068418163639e-01
1.215305404619602e+00 1.836078259955532e-01
1.466712117246611e-01 2.635005325046073e-01
1.642613148011758e-01 -2.181418024432214e-01

234
-9.440392542086301e-02 1.728253768938832e-01
-4.804686303895154e-01 1.229616862000592e+00
1.124492811841025e+00 -3.116333646399471e-01
2.246137070051654e-01 2.352959885193951e-01
1.185987716997360e-01 -2.914743981195577e-01

235
1.401819210507581e-02 -2.204588377356454e-01
1.162320404679855e-01 -1.790560908619689e-01
-1.379329615871571e-01 -1.153455092970264e-01
-4.284259748726992e-03 -1.141104337396022e-01
1.042429464283187e+00 -8.288955794942107e-01

236
1.558263935798046e-02 -2.415478675167951e-01
-1.510904840467409e-01 -1.270072180222254e-01
1.277426147645956e-01 -1.955079260816840e-01
-4.759253756768105e-03 -1.236011014323429e-01
1.145691534001168e+00 -9.081471059276043e-01

237
-1.906617518045778e-01 8.914974539142351e-02
3.186660619457461e-01 5.051221955878528e-01
1.404052518366853e-01 7.608916687622196e-01
1.739517105547801e-03 1.491186982342802e-01
-8.503160512155028e-02 -1.814371207709274e-01

238
-2.189556607878367e-01 5.624797384309687e-02
2.633177752552199e-01 7.181197919021405e-01
9.013770226664738e-01 6.426345536185888e-01
-3.645217450911997e-02 1.790292677136468e-01
1.742607219060644e-01 2.164442815937347e-02

239
-3.382701994005140e-01 -3.955656482963552e-02
1.817888098474589e+00 1.507548275872484e+00
3.701660939421005e-01 -2.004362914222177e+00
2.332377910477753e-02 6.140360550947147e-01
5.060615454636259e-01 -3.034524438945082e-01

