4 4

13
1 1 0 0 1 0
1 0 3 0 -8595075480261007/1000000000000000 0
1 0 2 0 -1097445920884781/500000000000000 0
1 0 1 0 -995152183244049/500000000000000 0
1 0 0 0 -1739010786686187/1000000000000000 0
0 1 3 0 -8595075480261007/1000000000000000 0
0 1 2 0 -1097445920884781/500000000000000 0
0 1 1 0 -995152183244049/500000000000000 0
0 1 0 0 -1739010786686187/1000000000000000 0
0 0 3 0 216976614847461/25000000000000 0
0 0 2 0 273190184501599/20000000000000 0
0 0 1 0 3219451454546681/1000000000000000 0
0 0 0 0 -110602317883959/100000000000000 0

18
1 0 2 0 -8595075480261007/1000000000000000 0
1 0 1 1 -8595075480261007/1000000000000000 0
1 0 1 0 -1097445920884781/500000000000000 0
1 0 0 2 -8595075480261007/1000000000000000 0
1 0 0 1 -1097445920884781/500000000000000 0
1 0 0 0 -995152183244049/500000000000000 0
0 1 2 0 -8595075480261007/1000000000000000 0
0 1 1 1 -8595075480261007/1000000000000000 0
0 1 1 0 -1097445920884781/500000000000000 0
0 1 0 2 -8595075480261007/1000000000000000 0
0 1 0 1 -1097445920884781/500000000000000 0
0 1 0 0 -995152183244049/500000000000000 0
0 0 2 0 216976614847461/25000000000000 0
0 0 1 1 216976614847461/25000000000000 0
0 0 1 0 273190184501599/20000000000000 0
0 0 0 2 216976614847461/25000000000000 0
0 0 0 1 273190184501599/20000000000000 0
0 0 0 0 3219451454546681/1000000000000000 0

18
2 1 0 0 1 0
2 0 3 0 -8595075480261007/1000000000000000 0
2 0 2 0 -1097445920884781/500000000000000 0
2 0 1 0 -995152183244049/500000000000000 0
2 0 0 0 -1739010786686187/1000000000000000 0
1 2 0 0 1 0
1 1 3 0 -8595075480261007/1000000000000000 0
1 1 2 0 -1097445920884781/500000000000000 0
1 1 1 0 -995152183244049/500000000000000 0
1 1 0 0 -1739010786686187/1000000000000000 0
0 2 3 0 -8595075480261007/1000000000000000 0
0 2 2 0 -1097445920884781/500000000000000 0
0 2 1 0 -995152183244049/500000000000000 0
0 2 0 0 -1739010786686187/1000000000000000 0
0 0 3 0 9182515031823423/1000000000000000 0
0 0 2 0 217664969331713/50000000000000 0
0 0 1 0 2115854448241503/500000000000000 0
0 0 0 0 -4204917196824403/5000000000000000 0

24
2 0 2 0 -8595075480261007/1000000000000000 0
2 0 1 1 -8595075480261007/1000000000000000 0
2 0 1 0 -1097445920884781/500000000000000 0
2 0 0 2 -8595075480261007/1000000000000000 0
2 0 0 1 -1097445920884781/500000000000000 0
2 0 0 0 -995152183244049/500000000000000 0
1 1 2 0 -8595075480261007/1000000000000000 0
1 1 1 1 -8595075480261007/1000000000000000 0
1 1 1 0 -1097445920884781/500000000000000 0
1 1 0 2 -8595075480261007/1000000000000000 0
1 1 0 1 -1097445920884781/500000000000000 0
1 1 0 0 -995152183244049/500000000000000 0
0 2 2 0 -8595075480261007/1000000000000000 0
0 2 1 1 -8595075480261007/1000000000000000 0
0 2 1 0 -1097445920884781/500000000000000 0
0 2 0 2 -8595075480261007/1000000000000000 0
0 2 0 1 -1097445920884781/500000000000000 0
0 2 0 0 -995152183244049/500000000000000 0
0 0 2 0 9182515031823423/1000000000000000 0
0 0 1 1 9182515031823423/1000000000000000 0
0 0 1 0 217664969331713/50000000000000 0
0 0 0 2 9182515031823423/1000000000000000 0
0 0 0 1 217664969331713/50000000000000 0
0 0 0 0 2115854448241503/500000000000000 0

