240

-1.185970071140706e-01 6.148756914713926e-01;
-1.185970071140706e-01 6.148756914713926e-01;
-1.185970071140706e-01 6.148756914713926e-01;
-1.185970071140706e-01 6.148756914713926e-01;
-1.185970071140706e-01 6.148756914713926e-01;

-9.872596898528477e-01 1.577201561344199e+00;
-9.872596898528477e-01 1.577201561344199e+00;
-9.872596898528477e-01 1.577201561344199e+00;
-9.872596898528477e-01 1.577201561344199e+00;
-1.577201561344199e+00 -9.872596898528476e-01;

-6.514474251762051e-01 2.042763882873463e-01;
-6.514474251762051e-01 2.042763882873463e-01;
-6.514474251762051e-01 2.042763882873463e-01;
-6.514474251762051e-01 2.042763882873463e-01;
6.514474251762051e-01 -2.042763882873464e-01;

-3.210804235834531e-01 3.519012225324093e-01;
-3.210804235834531e-01 3.519012225324093e-01;
-3.210804235834531e-01 3.519012225324093e-01;
-3.210804235834531e-01 3.519012225324093e-01;
3.519012225324094e-01 3.210804235834531e-01;

9.381786073059814e-02 4.478092001079521e-01;
9.381786073059814e-02 4.478092001079521e-01;
9.381786073059814e-02 4.478092001079521e-01;
-3.969005444779313e-01 2.276067408635153e-01;
9.381786073059814e-02 4.478092001079521e-01;

3.662633178221324e-01 8.079221604778063e-01;
3.662633178221324e-01 8.079221604778063e-01;
3.662633178221324e-01 8.079221604778063e-01;
-6.551980457584849e-01 5.979987928143875e-01;
-8.079221604778063e-01 3.662633178221325e-01;

-4.500623038240371e-01 7.021735636548122e-01;
-4.500623038240371e-01 7.021735636548122e-01;
-4.500623038240371e-01 7.021735636548122e-01;
-8.068836436932674e-01 -2.110511226205038e-01;
4.500623038240370e-01 -7.021735636548122e-01;

-1.343695792528360e-01 4.292064606314023e-01;
-1.343695792528360e-01 4.292064606314023e-01;
-1.343695792528360e-01 4.292064606314023e-01;
-4.497220847356121e-01 4.839026490377441e-03;
4.292064606314023e-01 1.343695792528359e-01;

3.011352878176052e-01 3.943003424125216e-01;
3.011352878176052e-01 3.943003424125216e-01;
3.011352878176052e-01 3.943003424125216e-01;
-4.753874916943863e-01 -1.419927967755532e-01;
3.011352878176052e-01 3.943003424125216e-01;

6.975093604004184e-01 2.751306352196902e-01;
6.975093604004184e-01 2.751306352196902e-01;
6.975093604004184e-01 2.751306352196902e-01;
-7.260146561355324e-01 1.874003558134178e-01;
-2.751306352196901e-01 6.975093604004184e-01;

5.356475805243943e-01 1.972848436401758e+00;
5.356475805243943e-01 1.972848436401758e+00;
5.356475805243943e-01 1.972848436401758e+00;
-1.592959211565276e+00 -1.281222164116680e+00;
-5.356475805243945e-01 -1.972848436401758e+00;

4.394892552977256e-02 6.280189149254527e-01;
4.394892552977256e-02 6.280189149254527e-01;
4.394892552977256e-02 6.280189149254527e-01;
-4.046956839920075e-01 -4.822454446831050e-01;
6.280189149254527e-01 -4.394892552977268e-02;

6.828351205238387e-01 5.011217281839244e-01;
6.828351205238387e-01 5.011217281839244e-01;
6.828351205238387e-01 5.011217281839244e-01;
-2.578732554300229e-01 -8.067764079426036e-01;
6.828351205238387e-01 5.011217281839244e-01;

8.726602808953330e-01 -3.727289653882731e-01;
8.726602808953330e-01 -3.727289653882731e-01;
8.726602808953330e-01 -3.727289653882731e-01;
-9.250815865177983e-01 -2.113927760767791e-01;
3.727289653882732e-01 8.726602808953330e-01;

-6.941722805028155e-01 -2.088259308397747e+00;
-6.941722805028155e-01 -2.088259308397747e+00;
-6.941722805028155e-01 -2.088259308397747e+00;
-6.658508524878840e-01 2.097461498185240e+00;
6.941722805028158e-01 2.088259308397747e+00;

-3.278830484630567e-01 1.390577936242444e+00;
-3.278830484630567e-01 1.390577936242444e+00;
-3.278830484630567e-01 1.390577936242444e+00;
1.082624161460689e+00 -9.322763620596964e-01;
1.390577936242444e+00 3.278830484630564e-01;

1.925914086109021e-02 1.475474590532252e+00;
1.925914086109021e-02 1.475474590532252e+00;
1.925914086109021e-02 1.475474590532252e+00;
1.409211125776760e+00 4.376301918286963e-01;
1.925914086109021e-02 1.475474590532252e+00;

1.377093964012834e-01 -2.291443986113045e+00;
1.377093964012834e-01 -2.291443986113045e+00;
1.377093964012834e-01 -2.291443986113045e+00;
-2.136738190945040e+00 -8.390645521697143e-01;
2.291443986113045e+00 1.377093964012832e-01;

-7.846182610009604e-01 -3.265508959901392e-01;
-7.846182610009604e-01 -3.265508959901392e-01;
-7.846182610009604e-01 -3.265508959901392e-01;
-5.530287342796575e-01 6.453065335398163e-01;
7.846182610009604e-01 3.265508959901391e-01;

-6.672288894223384e-01 3.992317647621463e-01;
-6.672288894223384e-01 3.992317647621463e-01;
-6.672288894223384e-01 3.992317647621463e-01;
1.735069054196282e-01 7.579417831512979e-01;
3.992317647621464e-01 6.672288894223383e-01;

-3.125620916473382e-02 2.978032321817764e-01;
-3.125620916473382e-02 2.978032321817764e-01;
-2.422770598161669e-01 -1.759702872535476e-01;
-3.125620916473382e-02 2.978032321817764e-01;
-3.125620916473382e-02 2.978032321817764e-01;

-6.640927839359641e-02 4.427601430894140e-01;
-6.640927839359641e-02 4.427601430894140e-01;
-3.502368925018674e-01 -2.788921936805544e-01;
-6.640927839359641e-02 4.427601430894140e-01;
-4.427601430894140e-01 -6.640927839359638e-02;

-2.096222724971917e-01 3.181964103535836e-01;
-2.096222724971917e-01 3.181964103535836e-01;
-1.707550385106254e-01 -3.406364183583838e-01;
-2.096222724971917e-01 3.181964103535836e-01;
2.096222724971916e-01 -3.181964103535836e-01;

-1.119464784948554e-01 2.531559400846100e-01;
-1.119464784948554e-01 2.531559400846100e-01;
-1.632662359847759e-01 -2.235264642830580e-01;
-1.119464784948554e-01 2.531559400846100e-01;
2.531559400846100e-01 1.119464784948553e-01;

2.625255741413501e-02 2.541913764840299e-01;
2.625255741413501e-02 2.541913764840299e-01;
-2.332624681651718e-01 -1.043603066070645e-01;
-2.336378786043995e-01 1.035171209552514e-01;
2.625255741413501e-02 2.541913764840299e-01;

5.304584319744564e-02 3.517043327349035e-01;
5.304584319744564e-02 3.517043327349035e-01;
-3.311078083682042e-01 -1.299131185932978e-01;
-3.180986304278095e-01 1.591322106456880e-01;
-3.517043327349035e-01 5.304584319744566e-02;

-8.543501793193242e-02 3.405204955381382e-01;
-8.543501793193242e-02 3.405204955381382e-01;
-2.521818906793271e-01 -2.442491436709016e-01;
-3.502551086692965e-01 2.397308953030557e-02;
8.543501793193238e-02 -3.405204955381382e-01;

-4.577012711869088e-02 2.496576363919642e-01;
-4.577012711869088e-02 2.496576363919642e-01;
-1.933247918048740e-01 -1.644669110152114e-01;
-2.515822690478008e-01 3.361847477270982e-02;
2.496576363919642e-01 4.577012711869083e-02;

9.311148674586987e-02 2.653790615955919e-01;
9.311148674586987e-02 2.653790615955919e-01;
-2.763807523471928e-01 -5.205261789173452e-02;
-2.313146738220312e-01 -1.599666120538614e-01;
9.311148674586987e-02 2.653790615955919e-01;

1.850062377560411e-01 3.473560214932421e-01;
1.850062377560411e-01 3.473560214932421e-01;
-3.933222576486617e-01 -1.345790899130567e-02;
-3.538439371387243e-01 -1.722729863513865e-01;
-3.473560214932421e-01 1.850062377560411e-01;

1.653874815638346e-02 4.487469364241286e-01;
1.653874815638346e-02 4.487469364241286e-01;
-3.968956208919275e-01 -2.100504921618431e-01;
-2.771469595657324e-01 -3.533226654831126e-01;
-1.653874815638352e-02 -4.487469364241286e-01;

5.807753396617789e-03 2.994793754727412e-01;
5.807753396617789e-03 2.994793754727412e-01;
-2.622606237672011e-01 -1.447100257559842e-01;
-1.807281314656401e-01 -2.388701924267599e-01;
2.994793754727412e-01 -5.807753396617843e-03;

1.325667411755756e-01 3.588852092157565e-01;
1.325667411755756e-01 3.588852092157565e-01;
-3.770870788111261e-01 -6.463643905291316e-02;
1.036986867429747e-01 -3.682650086928322e-01;
1.325667411755756e-01 3.588852092157565e-01;

3.488367329530596e-01 5.062253152504669e-01;
3.488367329530596e-01 5.062253152504669e-01;
-6.128223495222200e-01 4.898881488528456e-02;
1.533692942007189e-02 -6.145859701081392e-01;
-5.062253152504669e-01 3.488367329530597e-01;

-1.062295906186226e-01 7.411427854065114e-01;
-1.062295906186226e-01 7.411427854065114e-01;
-5.887336846842863e-01 -4.625689168126038e-01;
5.215743432208717e-01 -5.371569219295592e-01;
1.062295906186225e-01 -7.411427854065114e-01;

-3.463830839973110e-02 4.078073183761021e-01;
-3.463830839973110e-02 4.078073183761021e-01;
-3.358523433630475e-01 -2.339013142063380e-01;
2.677261076701970e-01 -3.095631641550210e-01;
4.078073183761021e-01 3.463830839973103e-02;

-6.312241623448633e-03 4.112638214735908e-01;
-6.312241623448633e-03 4.112638214735908e-01;
-3.530087962418735e-01 -2.110984723375273e-01;
3.891845473946587e-01 1.330908085353342e-01;
-6.312241623448633e-03 4.112638214735908e-01;

-1.151585899521448e-02 7.582693895124496e-01;
-1.151585899521448e-02 7.582693895124496e-01;
-6.509226247322918e-01 -3.891077211924799e-01;
7.175984478686164e-01 2.452703604117981e-01;
-7.582693895124496e-01 -1.151585899521443e-02;

-3.805848572126942e-01 4.372811364812444e-01;
-3.805848572126942e-01 4.372811364812444e-01;
-1.884041441821409e-01 -5.482367228824886e-01;
2.982718856229528e-01 4.970850109476887e-01;
3.805848572126942e-01 -4.372811364812445e-01;

-1.608579943520862e-01 3.376804050774123e-01;
-1.608579943520862e-01 3.376804050774123e-01;
-2.120108119812157e-01 -3.081473120494265e-01;
2.714452957381961e-01 2.573340275630572e-01;
3.376804050774123e-01 1.608579943520862e-01;

1.570340078757328e-01 3.270780262703920e-01;
1.570340078757328e-01 3.270780262703920e-01;
2.047408758319669e-01 -2.995344532136663e-01;
1.570340078757328e-01 3.270780262703920e-01;
1.570340078757328e-01 3.270780262703920e-01;

3.615282187730208e-01 4.099181362256706e-01;
3.615282187730208e-01 4.099181362256706e-01;
1.742354100568902e-01 -5.180516897552097e-01;
3.615282187730208e-01 4.099181362256706e-01;
-4.099181362256706e-01 3.615282187730208e-01;

5.296047604894093e-02 7.342473145678106e-01;
5.296047604894093e-02 7.342473145678106e-01;
6.093965890517572e-01 -4.129887749388058e-01;
5.296047604894093e-02 7.342473145678106e-01;
-5.296047604894102e-02 -7.342473145678106e-01;

1.319906261032735e-02 4.048614835638530e-01;
1.319906261032735e-02 4.048614835638530e-01;
3.440207984749890e-01 -2.138614653086115e-01;
1.319906261032735e-02 4.048614835638530e-01;
4.048614835638530e-01 -1.319906261032742e-02;

1.481860220645739e-01 2.329962618442154e-01;
1.481860220645739e-01 2.329962618442154e-01;
1.276876707116144e-01 -2.448309905157901e-01;
-1.758006139525786e-01 2.129330864440681e-01;
1.481860220645739e-01 2.329962618442154e-01;

2.572752095112897e-01 2.549873302342981e-01;
2.572752095112897e-01 2.549873302342981e-01;
9.218790087042902e-02 -3.503005323178898e-01;
-1.630049500216698e-01 3.234786828796079e-01;
-2.549873302342981e-01 2.572752095112897e-01;

1.915214259120006e-01 4.348344448639384e-01;
1.915214259120006e-01 4.348344448639384e-01;
2.808169627366739e-01 -3.832796426407811e-01;
-3.543687569037036e-01 3.165189333263007e-01;
-1.915214259120007e-01 -4.348344448639384e-01;

8.374620467096758e-02 3.061998933104310e-01;
8.374620467096758e-02 3.061998933104310e-01;
2.233037839074341e-01 -2.256262873708045e-01;
-2.653344033640345e-01 1.742683443760303e-01;
3.061998933104310e-01 -8.374620467096763e-02;

1.979536284848779e-01 1.833745467911821e-01;
1.979536284848779e-01 1.833745467911821e-01;
5.983020168618284e-02 -2.631201444348022e-01;
-2.679327037921237e-01 -3.199890122867582e-02;
1.979536284848779e-01 1.833745467911821e-01;

2.891409108084501e-01 1.485872497296702e-01;
2.891409108084501e-01 1.485872497296702e-01;
-1.589012245986836e-02 -3.246969988983234e-01;
-3.212573046828860e-01 4.974315302888284e-02;
-1.485872497296702e-01 2.891409108084501e-01;

3.556960132293636e-01 3.042528800773606e-01;
3.556960132293636e-01 3.042528800773606e-01;
8.564271670689257e-02 -4.601682235201550e-01;
-4.665994754109543e-01 -3.707287969465918e-02;
-3.556960132293637e-01 -3.042528800773606e-01;

1.817847798185819e-01 2.830705929894478e-01;
1.817847798185819e-01 2.830705929894478e-01;
1.542539346838959e-01 -2.989655338389767e-01;
-3.134516961088233e-01 -1.221585076676602e-01;
2.830705929894478e-01 -1.817847798185820e-01;

2.846394278394504e-01 1.878657825552669e-01;
2.846394278394504e-01 1.878657825552669e-01;
2.037682627497921e-02 -3.404378667052651e-01;
-1.198533979949065e-01 -3.192934686537560e-01;
2.846394278394504e-01 1.878657825552669e-01;

3.895581260476034e-01 7.946233766371656e-02;
3.895581260476034e-01 7.946233766371656e-02;
-1.259626599629263e-01 -3.770984022397432e-01;
-2.684523540779517e-01 -2.932629029841807e-01;
-7.946233766371653e-02 3.895581260476034e-01;

6.551865176431940e-01 2.352354184008817e-01;
6.551865176431940e-01 2.352354184008817e-01;
-1.238734106165724e-01 -6.850258776965081e-01;
-3.917891175057976e-01 -5.754184237367462e-01;
-6.551865176431940e-01 -2.352354184008817e-01;

3.079139676149275e-01 3.686267113825148e-01;
3.079139676149275e-01 3.686267113825148e-01;
1.652831127633082e-01 -4.509746738258437e-01;
-3.243428805417743e-02 -4.792125632279199e-01;
3.686267113825148e-01 -3.079139676149276e-01;

3.130940540036798e-01 3.318434267454575e-01;
3.130940540036798e-01 3.318434267454575e-01;
1.308378106386065e-01 -4.370691179137725e-01;
4.123532369208654e-01 -1.952248819375022e-01;
3.130940540036798e-01 3.318434267454575e-01;

5.973550316861398e-01 1.891615716541819e-01;
5.973550316861398e-01 1.891615716541819e-01;
-1.348587893707583e-01 -6.119054183457463e-01;
3.644962018207446e-01 -5.096642551029847e-01;
-1.891615716541819e-01 5.973550316861398e-01;

1.067743094932460e+00 1.212635444652152e+00;
1.067743094932460e+00 1.212635444652152e+00;
5.163015531319713e-01 -1.531010367253006e+00;
1.483235603487532e+00 -6.407590677857349e-01;
-1.067743094932460e+00 -1.212635444652151e+00;

1.483619995337163e-01 5.972704264102325e-01;
1.483619995337163e-01 5.972704264102325e-01;
4.430703624335671e-01 -4.271204737575698e-01;
6.138843102032030e-01 4.346606557121371e-02;
5.972704264102325e-01 -1.483619995337164e-01;

1.030201013363304e-01 5.428569228339157e+00;
-5.428569228339157e+00 1.030201013363307e-01;
1.030201013363304e-01 5.428569228339157e+00;
1.030201013363304e-01 5.428569228339157e+00;
1.030201013363304e-01 5.428569228339157e+00;

2.410292210269828e-02 -1.076670701407953e+00;
1.076670701407953e+00 2.410292210269822e-02;
2.410292210269828e-02 -1.076670701407953e+00;
2.410292210269828e-02 -1.076670701407953e+00;
1.076670701407953e+00 2.410292210269822e-02;

-5.233497012973131e-01 -4.533219883981270e-01;
4.533219883981270e-01 -5.233497012973131e-01;
-5.233497012973131e-01 -4.533219883981270e-01;
-5.233497012973131e-01 -4.533219883981270e-01;
5.233497012973132e-01 4.533219883981270e-01;

-8.817728167927511e-01 1.326721339517248e-01;
-1.326721339517249e-01 -8.817728167927511e-01;
-8.817728167927511e-01 1.326721339517248e-01;
-8.817728167927511e-01 1.326721339517248e-01;
1.326721339517250e-01 8.817728167927511e-01;

6.619583502742068e-01 6.630383549346195e-01;
-6.630383549346195e-01 6.619583502742068e-01;
6.619583502742068e-01 6.630383549346195e-01;
-4.260305682110546e-01 8.344499221414798e-01;
6.619583502742068e-01 6.630383549346195e-01;

1.067537796209943e+00 -4.942434019930604e-01;
4.942434019930605e-01 1.067537796209943e+00;
1.067537796209943e+00 -4.942434019930604e-01;
7.999407292678371e-01 8.625591669032899e-01;
4.942434019930605e-01 1.067537796209943e+00;

-1.329603750146853e+00 -1.459588378854365e+00;
1.459588378854365e+00 -1.329603750146853e+00;
-1.329603750146853e+00 -1.459588378854365e+00;
9.772808842380838e-01 -1.715565924525816e+00;
1.329603750146853e+00 1.459588378854365e+00;

-5.323799610251357e-01 1.096426931802229e+00;
-1.096426931802229e+00 -5.323799610251356e-01;
-5.323799610251357e-01 1.096426931802229e+00;
-1.207278433553451e+00 -1.675088760606447e-01;
1.096426931802229e+00 5.323799610251355e-01;

6.408800155207327e-01 9.134470896200236e-02;
-9.134470896200232e-02 6.408800155207327e-01;
6.408800155207327e-01 9.134470896200236e-02;
-5.721738967143659e-01 3.028003997155646e-01;
6.408800155207327e-01 9.134470896200236e-02;

4.845126913809806e-01 -2.802295682580465e-01;
2.802295682580465e-01 4.845126913809806e-01;
4.845126913809806e-01 -2.802295682580465e-01;
-2.272641938391907e-01 5.114998975893889e-01;
2.802295682580465e-01 4.845126913809806e-01;

4.256771616558244e-01 -8.940812622488772e-01;
8.940812622488772e-01 4.256771616558243e-01;
4.256771616558244e-01 -8.940812622488772e-01;
1.811477224040756e-01 9.735336933705583e-01;
-4.256771616558243e-01 8.940812622488772e-01;

1.947648268533451e+00 9.377166025260653e-01;
-9.377166025260651e-01 1.947648268533451e+00;
1.947648268533451e+00 9.377166025260653e-01;
-2.126856538103127e+00 3.861702615458085e-01;
9.377166025260649e-01 -1.947648268533451e+00;

6.130499011348816e-01 -3.340366487759736e-01;
3.340366487759737e-01 6.130499011348816e-01;
6.130499011348816e-01 -3.340366487759736e-01;
-6.923096042937185e-01 -9.010036520262388e-02;
6.130499011348816e-01 -3.340366487759736e-01;

2.624737438108621e-01 -3.700813866469111e-01;
3.700813866469111e-01 2.624737438108621e-01;
2.624737438108621e-01 -3.700813866469111e-01;
-4.298741005392065e-01 1.451239353731793e-01;
3.700813866469111e-01 2.624737438108621e-01;

4.895803189753480e-02 -5.465530798254189e-01;
5.465530798254189e-01 4.895803189753476e-02;
4.895803189753480e-02 -5.465530798254189e-01;
-3.608637197326684e-01 4.133939207760957e-01;
-4.895803189753473e-02 5.465530798254189e-01;

2.822565952563186e-01 -1.364881351524527e+00;
1.364881351524527e+00 2.822565952563185e-01;
2.822565952563186e-01 -1.364881351524527e+00;
-1.030607511891908e+00 9.383059446348392e-01;
-1.364881351524527e+00 -2.822565952563183e-01;

5.265139961034541e-01 -1.181287461108377e+00;
1.181287461108377e+00 5.265139961034540e-01;
5.265139961034541e-01 -1.181287461108377e+00;
-9.607693649326473e-01 -8.657824676393139e-01;
5.265139961034541e-01 -1.181287461108377e+00;

9.715323857677209e-02 -5.321040718794776e-01;
5.321040718794776e-01 9.715323857677206e-02;
9.715323857677209e-02 -5.321040718794776e-01;
-4.760390431293758e-01 -2.568274216144838e-01;
5.321040718794776e-01 9.715323857677206e-02;

-1.960868677982978e-01 -4.613169193456260e-01;
4.613169193456260e-01 -1.960868677982978e-01;
-1.960868677982978e-01 -4.613169193456260e-01;
-4.993326367442910e-01 4.393492550898220e-02;
1.960868677982979e-01 4.613169193456260e-01;

-6.877866309188425e-01 -6.238359534383847e-01;
6.238359534383847e-01 -6.877866309188425e-01;
-6.877866309188425e-01 -6.238359534383847e-01;
-8.058410060745876e-01 4.613480458414959e-01;
-6.238359534383846e-01 6.877866309188426e-01;

-1.135949260942309e-02 5.158873598718360e-01;
-5.158873598718360e-01 -1.135949260942306e-02;
-4.410918128355833e-01 -2.677812891097799e-01;
-1.135949260942309e-02 5.158873598718360e-01;
-1.135949260942309e-02 5.158873598718360e-01;

-3.724574787471848e-02 1.210975473463156e+00;
-1.210975473463156e+00 -3.724574787471840e-02;
-1.030112649441623e+00 -6.377435005740344e-01;
-3.724574787471848e-02 1.210975473463156e+00;
-1.210975473463156e+00 -3.724574787471840e-02;

-5.843824172759452e-01 4.148316870870557e-01;
-4.148316870870558e-01 -5.843824172759452e-01;
-6.706357067417486e-02 -7.135058624294545e-01;
-5.843824172759452e-01 4.148316870870557e-01;
5.843824172759452e-01 -4.148316870870558e-01;

-2.300404979360756e-01 3.823980083772853e-01;
-3.823980083772853e-01 -2.300404979360756e-01;
-2.161461406432659e-01 -3.904199193005058e-01;
-2.300404979360756e-01 3.823980083772853e-01;
3.823980083772854e-01 2.300404979360755e-01;

1.041933214739781e-01 3.692160706107527e-01;
-3.692160706107527e-01 1.041933214739781e-01;
-3.718471573713700e-01 -9.437397200423257e-02;
-3.189478428394165e-01 2.131877777573258e-01;
1.041933214739781e-01 3.692160706107527e-01;

2.929873013498783e-01 5.640463960022167e-01;
-5.640463960022167e-01 2.929873013498783e-01;
-6.349721585259163e-01 -2.828875204586688e-02;
-4.459019451575384e-01 4.529474041211600e-01;
-5.640463960022167e-01 2.929873013498783e-01;

-1.887729623475958e-01 6.722020223355887e-01;
-6.722020223355887e-01 -1.887729623475957e-01;
-4.877575466440966e-01 -4.995831921084555e-01;
-6.976361670529512e-01 2.818809261388433e-02;
1.887729623475957e-01 -6.722020223355887e-01;

-6.349851705491795e-02 3.910753714002200e-01;
-3.910753714002200e-01 -6.349851705491792e-02;
-3.069319478995659e-01 -2.505290145723083e-01;
-3.915569012203037e-01 6.045825742400365e-02;
3.910753714002200e-01 6.349851705491788e-02;

2.437085200752637e-01 3.239235372573413e-01;
-3.239235372573413e-01 2.437085200752637e-01;
-4.023802721862045e-01 4.909600087521764e-02;
-3.875618124851331e-01 -1.188113725609714e-01;
2.437085200752637e-01 3.239235372573413e-01;

5.020075635852324e-01 2.873444143730945e-01;
-2.873444143730944e-01 5.020075635852324e-01;
-4.998513442752783e-01 2.910790957701960e-01;
-5.750294593423373e-01 6.260612794812530e-02;
-2.873444143730944e-01 5.020075635852324e-01;

4.517922563700159e-01 9.800236584223813e-01;
-9.800236584223813e-01 4.517922563700160e-01;
-1.074621512688553e+00 -9.874825796166475e-02;
-9.415510666487380e-01 -5.272989691589794e-01;
-4.517922563700160e-01 -9.800236584223813e-01;

9.370747264577610e-02 4.939934032894582e-01;
-4.939934032894582e-01 9.370747264577613e-02;
-4.746645728734901e-01 -1.658436498090515e-01;
-3.661729750536700e-01 -3.445691879195011e-01;
4.939934032894582e-01 -9.370747264577620e-02;

4.644652559671232e-01 4.094102729929316e-01;
-4.094102729929315e-01 4.644652559671232e-01;
-5.867923249657624e-01 1.975335743463049e-01;
-1.351149647718321e-01 -6.042256961826918e-01;
4.644652559671232e-01 4.094102729929316e-01;

8.126716640764677e-01 -2.941009095179881e-02;
2.941009095179885e-02 8.126716640764677e-01;
-3.808659461463650e-01 7.184993515018940e-01;
-6.747520048148785e-01 -4.538831557140124e-01;
2.941009095179885e-02 8.126716640764677e-01;

6.702764920394175e+00 -3.555443167138811e+00;
3.555443167138811e+00 6.702764920394175e+00;
-2.722783557430740e-01 7.582486280225941e+00;
-7.512487788907365e+00 -1.063372425041444e+00;
-6.702764920394175e+00 3.555443167138812e+00;

8.901315478054128e-02 9.433403018140251e-01;
-9.433403018140251e-01 8.901315478054134e-02;
-8.614632431748960e-01 -3.945824975960673e-01;
4.824683623590289e-01 -8.154989552863677e-01;
9.433403018140251e-01 -8.901315478054145e-02;

2.298743820333858e-01 8.960558346380528e-01;
-8.960558346380528e-01 2.298743820333859e-01;
-8.909443070225148e-01 -2.489508627988649e-01;
9.232348311165680e-01 5.827295184981258e-02;
2.298743820333858e-01 8.960558346380528e-01;

3.323826795813761e+00 -7.600556663463164e-01;
7.600556663463166e-01 3.323826795813761e+00;
-1.003685882560660e+00 3.258546276127307e+00;
3.042630720395603e-01 -3.396017250767104e+00;
7.600556663463166e-01 3.323826795813761e+00;

-1.197852104193506e+00 -1.197991713350050e-01;
1.197991713350050e-01 -1.197852104193506e+00;
7.026751778251916e-01 -9.774707665407180e-01;
-4.840924394884994e-01 1.102205069396543e+00;
1.197852104193506e+00 1.197991713350049e-01;

-4.760582887753796e-01 5.809652154388923e-01;
-5.809652154388923e-01 -4.760582887753795e-01;
-2.651014908974905e-01 -7.027611794810731e-01;
4.054206523393279e-01 6.322864623874649e-01;
5.809652154388925e-01 4.760582887753795e-01;

4.334118382166238e-01 3.183066409433734e-01;
-3.183066409433734e-01 4.334118382166238e-01;
5.895571814194114e-02 -5.344989826681942e-01;
4.334118382166238e-01 3.183066409433734e-01;
4.334118382166238e-01 3.183066409433734e-01;

6.595361944200372e-01 -5.085013842998505e-03;
5.085013842998545e-03 6.595361944200372e-01;
-3.341718483766511e-01 -5.686325921615653e-01;
6.595361944200372e-01 -5.085013842998505e-03;
5.085013842998545e-03 6.595361944200372e-01;

2.464639515698426e+00 -1.769244113326081e-01;
1.769244113326083e-01 2.464639515698426e+00;
-1.385540792612860e+00 -2.045978226099508e+00;
2.464639515698426e+00 -1.769244113326081e-01;
-2.464639515698426e+00 1.769244113326084e-01;

2.919896503921517e-01 8.188191569512629e-01;
-8.188191569512629e-01 2.919896503921517e-01;
5.631233658290750e-01 -6.622800333573720e-01;
2.919896503921517e-01 8.188191569512629e-01;
8.188191569512629e-01 -2.919896503921519e-01;

2.863534873851076e-01 2.128405989951773e-01;
-2.128405989951773e-01 2.863534873851076e-01;
4.114862199396623e-02 -3.544096940353586e-01;
-1.139353446059967e-01 3.381097123239017e-01;
2.863534873851076e-01 2.128405989951773e-01;

4.158285535533190e-01 1.026392566049670e-01;
-1.026392566049670e-01 4.158285535533190e-01;
-1.190260731312086e-01 -4.114377192985956e-01;
3.088235597248429e-02 4.271937300994182e-01;
-1.026392566049670e-01 4.158285535533190e-01;

7.097385313219484e-01 3.333968863067358e-01;
-3.333968863067357e-01 7.097385313219484e-01;
-6.613909257670923e-02 -7.813500413228327e-01;
-9.775801349333746e-02 7.780267588199645e-01;
-7.097385313219484e-01 -3.333968863067356e-01;

2.820806143236026e-01 4.105202827294902e-01;
-4.105202827294902e-01 2.820806143236026e-01;
2.144806864507071e-01 -4.495491192841056e-01;
-3.032602863514920e-01 3.951323502720230e-01;
4.105202827294901e-01 -2.820806143236027e-01;

2.898343751002059e-01 1.087230554233931e-01;
-1.087230554233930e-01 2.898343751002059e-01;
-5.076025957638123e-02 -3.053654594384627e-01;
-2.983867435721573e-01 8.240157177341158e-02;
2.898343751002059e-01 1.087230554233931e-01;

3.287223830584662e-01 2.392097387635877e-03;
-2.392097387635857e-03 3.287223830584662e-01;
-1.622895744232142e-01 -2.858779832150090e-01;
-2.673480338922302e-01 1.912829214214063e-01;
-2.392097387635857e-03 3.287223830584662e-01;

5.182787553005713e-01 1.302386903403019e-03;
-1.302386903402987e-03 5.182787553005713e-01;
-2.580114775063827e-01 -4.494937617837749e-01;
-4.200618446762562e-01 3.035829558040709e-01;
-5.182787553005713e-01 -1.302386903402955e-03;

3.898582128140992e-01 2.278021483454833e-01;
-2.278021483454833e-01 3.898582128140992e-01;
2.353341096809951e-03 -4.515281903437515e-01;
-4.493006628012685e-01 4.485709861060922e-02;
2.278021483454833e-01 -3.898582128140993e-01;

3.606791806489408e-01 3.030281783039057e-02;
-3.030281783039055e-02 3.606791806489408e-01;
-1.540965802771003e-01 -3.275087419733347e-01;
-2.739840372386159e-01 -2.365173977966143e-01;
3.606791806489408e-01 3.030281783039057e-02;

3.277972283608898e-01 -1.042602285445697e-01;
1.042602285445697e-01 3.277972283608898e-01;
-2.541906207044138e-01 -2.317506127783745e-01;
-3.264761531921062e-01 -1.083260798429061e-01;
1.042602285445697e-01 3.277972283608898e-01;

4.662414027975465e-01 -2.526607406777895e-01;
2.526607406777896e-01 4.662414027975465e-01;
-4.519313213647314e-01 -2.774465287798733e-01;
-5.257074755481279e-01 -6.964298755285908e-02;
-4.662414027975464e-01 2.526607406777896e-01;

5.993178436568602e-01 7.817954538550884e-02;
-7.817954538550879e-02 5.993178436568602e-01;
-2.319534494682613e-01 -5.581142502409058e-01;
-4.389055367420156e-01 -4.155187707666127e-01;
7.817954538550873e-02 -5.993178436568602e-01;

5.450844959720486e-01 6.335816912808280e-02;
-6.335816912808277e-02 5.450844959720486e-01;
-2.176724639838339e-01 -5.037361052848719e-01;
2.286975722354590e-01 -4.988274108326165e-01;
5.450844959720486e-01 6.335816912808280e-02;

4.400055113992086e-01 -2.172007966897587e-01;
2.172007966897587e-01 4.400055113992086e-01;
-4.081041633551545e-01 -2.724555523319985e-01;
-7.060105239529885e-02 -4.855888461909121e-01;
2.172007966897587e-01 4.400055113992086e-01;

5.271049010567022e-01 -6.778131861643703e-01;
6.778131861643703e-01 5.271049010567022e-01;
-8.505558887667668e-01 -1.175796416922015e-01;
-4.817542752875584e-01 -7.107623444573090e-01;
-5.271049010567020e-01 6.778131861643704e-01;

1.331366104499111e+00 3.685268742159892e-01;
-3.685268742159891e-01 1.331366104499111e+00;
-3.465294172012371e-01 -1.337260305341752e+00;
7.619046371779981e-01 -1.152323342241755e+00;
3.685268742159890e-01 -1.331366104499111e+00;

-7.188466871027238e-01 -6.342252515609199e-02;
7.188466871027238e-01 6.342252515609191e-02;
-7.188466871027238e-01 -6.342252515609199e-02;
-7.188466871027238e-01 -6.342252515609199e-02;
-7.188466871027238e-01 -6.342252515609199e-02;

-4.031140321325299e-01 -3.650146127205932e-01;
4.031140321325300e-01 3.650146127205932e-01;
-4.031140321325299e-01 -3.650146127205932e-01;
-4.031140321325299e-01 -3.650146127205932e-01;
3.650146127205932e-01 -4.031140321325299e-01;

-3.217208803028921e-01 -1.626495589355438e-01;
3.217208803028921e-01 1.626495589355438e-01;
-3.217208803028921e-01 -1.626495589355438e-01;
-3.217208803028921e-01 -1.626495589355438e-01;
3.217208803028921e-01 1.626495589355438e-01;

-3.999041485592456e-01 -2.231057462481463e-02;
3.999041485592456e-01 2.231057462481458e-02;
-3.999041485592456e-01 -2.231057462481463e-02;
-3.999041485592456e-01 -2.231057462481463e-02;
-2.231057462481456e-02 3.999041485592456e-01;

-1.052124243289982e+00 7.507997193351955e-01;
1.052124243289982e+00 -7.507997193351956e-01;
-1.052124243289982e+00 7.507997193351955e-01;
-1.039177236876796e+00 -7.686197448865291e-01;
-1.052124243289982e+00 7.507997193351955e-01;

-7.517033875021580e-01 -8.137940075805010e-01;
7.517033875021581e-01 8.137940075805009e-01;
-7.517033875021580e-01 -8.137940075805010e-01;
5.416749723639998e-01 -9.663885832679380e-01;
8.137940075805010e-01 -7.517033875021580e-01;

-5.016831353042471e-01 -1.978742830883419e-01;
5.016831353042471e-01 1.978742830883418e-01;
-5.016831353042471e-01 -1.978742830883419e-01;
3.316101173808089e-02 -5.382755311705443e-01;
5.016831353042471e-01 1.978742830883418e-01;

-5.407141381811288e-01 1.341097459395914e-01;
5.407141381811288e-01 -1.341097459395915e-01;
-5.407141381811288e-01 1.341097459395914e-01;
-2.946358055713084e-01 -4.728075139634402e-01;
1.341097459395915e-01 5.407141381811288e-01;

5.034546911578168e+00 -3.045313562651169e+00;
-5.034546911578168e+00 3.045313562651170e+00;
5.034546911578168e+00 -3.045313562651169e+00;
-2.283043609712035e+00 5.422942851985577e+00;
5.034546911578168e+00 -3.045313562651169e+00;

1.108736655272520e-01 -8.180064402174365e-01;
-1.108736655272519e-01 8.180064402174365e-01;
1.108736655272520e-01 -8.180064402174365e-01;
3.911134421998833e-01 7.269510171085877e-01;
8.180064402174365e-01 1.108736655272519e-01;

-3.982420869153472e-01 -5.105989430464354e-01;
3.982420869153472e-01 5.105989430464354e-01;
-3.982420869153472e-01 -5.105989430464354e-01;
6.223071447486800e-01 1.790023967034337e-01;
3.982420869153472e-01 5.105989430464354e-01;

-1.021969722670532e+00 -1.112273734445831e-01;
1.021969722670532e+00 1.112273734445829e-01;
-1.021969722670532e+00 -1.112273734445831e-01;
8.921686831390655e-01 -5.107138959188111e-01;
-1.112273734445829e-01 1.021969722670532e+00;

-1.262874988320540e-01 -9.927511045017190e-01;
1.262874988320541e-01 9.927511045017190e-01;
-1.262874988320540e-01 -9.927511045017190e-01;
-4.813557256909361e-01 8.773824440887743e-01;
-1.262874988320540e-01 -9.927511045017190e-01;

-2.452060333339473e-02 -4.740781044120846e-01;
2.452060333339479e-02 4.740781044120846e-01;
-2.452060333339473e-02 -4.740781044120846e-01;
-2.588185333991512e-01 3.979500921471203e-01;
4.740781044120846e-01 -2.452060333339476e-02;

-2.038783472207885e-01 -3.540791550622474e-01;
2.038783472207886e-01 3.540791550622474e-01;
-2.038783472207885e-01 -3.540791550622474e-01;
-4.318145780307452e-02 4.062927395574240e-01;
2.038783472207886e-01 3.540791550622474e-01;

-4.854807457247834e-01 -3.953206888428786e-01;
4.854807457247835e-01 3.953206888428785e-01;
-4.854807457247834e-01 -3.953206888428786e-01;
1.603985029052268e-01 6.051795781108792e-01;
-3.953206888428785e-01 4.854807457247835e-01;

-4.932515611953269e-01 -4.669884276439134e-01;
4.932515611953270e-01 4.669884276439134e-01;
-4.932515611953269e-01 -4.669884276439134e-01;
-5.965555020565020e-01 3.248027511291688e-01;
-4.932515611953269e-01 -4.669884276439134e-01;

-1.871414904090875e-01 -3.780246690155563e-01;
1.871414904090875e-01 3.780246690155563e-01;
-1.871414904090875e-01 -3.780246690155563e-01;
-4.173527256766276e-01 6.116608690397820e-02;
3.780246690155563e-01 -1.871414904090875e-01;

-2.334226732150605e-01 -2.310122881774592e-01;
2.334226732150605e-01 2.310122881774591e-01;
-2.334226732150605e-01 -2.310122881774592e-01;
-2.918373149113099e-01 1.506114314559400e-01;
2.334226732150605e-01 2.310122881774591e-01;

-3.749045313826928e-01 -1.769133811944970e-01;
3.749045313826928e-01 1.769133811944970e-01;
-3.749045313826928e-01 -1.769133811944970e-01;
-2.841064954702627e-01 3.018861562386581e-01;
-1.769133811944970e-01 3.749045313826928e-01;

-3.037174008367600e-01 3.473649349267128e-01;
3.037174008367600e-01 -3.473649349267129e-01;
-1.489681576120818e-01 -4.367094521593717e-01;
-3.037174008367600e-01 3.473649349267128e-01;
-3.037174008367600e-01 3.473649349267128e-01;

-6.248319572480987e-01 2.301454090975641e-01;
6.248319572480987e-01 -2.301454090975642e-01;
1.131042077811964e-01 -6.561930526219879e-01;
-6.248319572480987e-01 2.301454090975641e-01;
-2.301454090975641e-01 -6.248319572480987e-01;

-3.814528852349579e-01 7.590316961976408e-02;
3.814528852349579e-01 -7.590316961976412e-02;
1.249923694990039e-01 -3.682994737702255e-01;
-3.814528852349579e-01 7.590316961976408e-02;
3.814528852349579e-01 -7.590316961976412e-02;

-2.804807286529590e-01 1.783246632475556e-01;
2.804807286529590e-01 -1.783246632475556e-01;
-1.419332416720890e-02 -3.320657679092102e-01;
-2.804807286529590e-01 1.783246632475556e-01;
1.783246632475556e-01 2.804807286529590e-01;

-1.273190279532273e-01 4.149144034763418e-01;
1.273190279532273e-01 -4.149144034763418e-01;
-2.956668998299648e-01 -3.177187143308067e-01;
-4.339507904757376e-01 7.128010701851748e-03;
-1.273190279532273e-01 4.149144034763418e-01;

-4.059473388655567e-01 6.719788550119083e-01;
4.059473388655566e-01 -6.719788550119083e-01;
-3.789770898135145e-01 -6.875501355622161e-01;
-7.645344954023743e-01 -1.784259758414660e-01;
-6.719788550119083e-01 -4.059473388655566e-01;

-4.130305515163510e-01 2.502226001832508e-01;
4.130305515163509e-01 -2.502226001832508e-01;
-1.018385260151651e-02 -4.828062502438826e-01;
-3.656092940432072e-01 -3.154923616152944e-01;
4.130305515163509e-01 -2.502226001832508e-01;

-2.242641390932613e-01 2.740542961202138e-01;
2.242641390932612e-01 -2.740542961202138e-01;
-1.252059129097377e-01 -3.312455896727179e-01;
-3.299425543524957e-01 -1.286004359733585e-01;
2.740542961202139e-01 2.242641390932612e-01;

3.566445317073990e-02 5.983444422092490e-01;
-3.566445317073998e-02 -5.983444422092490e-01;
-5.360137137518096e-01 -2.682858986466831e-01;
-3.805511876319806e-01 -4.631077826322446e-01;
3.566445317073990e-02 5.983444422092490e-01;

3.650504651079217e-01 1.731713292149470e+00;
-3.650504651079219e-01 -1.731713292149470e+00;
-1.682232935626585e+00 -5.497136696279498e-01;
-1.313207564401093e+00 -1.186414203000965e+00;
-1.731713292149470e+00 3.650504651079218e-01;

-7.788364939078233e-01 4.188598939595909e-01;
7.788364939078233e-01 -4.188598939595910e-01;
2.667493815844956e-02 -8.839221360983746e-01;
3.838922909645924e-01 -7.966533775415926e-01;
7.788364939078233e-01 -4.188598939595910e-01;

-2.707124941814839e-01 4.403400527442112e-01;
2.707124941814838e-01 -4.403400527442113e-01;
-2.459894248895247e-01 -4.546139234551176e-01;
-3.981438061428769e-02 -5.153633976652158e-01;
4.403400527442113e-01 2.707124941814838e-01;

-2.821936374334242e-01 1.248441293025357e+00;
2.821936374334240e-01 -1.248441293025357e+00;
-9.400850561767392e-01 -8.686075053163587e-01;
9.621148287813729e-01 -8.441409641628111e-01;
-2.821936374334242e-01 1.248441293025357e+00;

-1.055643688625599e+00 -2.386980501548038e+00;
1.055643688625599e+00 2.386980501548038e+00;
2.595007596991521e+00 2.792759990795395e-01;
-5.489982522168620e-01 2.551599582843753e+00;
2.386980501548038e+00 -1.055643688625599e+00;

-7.277462123694400e-01 -2.111246804451849e-01;
7.277462123694400e-01 2.111246804451848e-01;
5.467124428161217e-01 -5.246843671972479e-01;
4.646630798382358e-01 5.985619454545976e-01;
7.277462123694400e-01 2.111246804451848e-01;

-5.825870646519706e-01 3.377357310105762e-01;
5.825870646519706e-01 -3.377357310105763e-01;
-1.194190494881693e-03 -6.734030634101018e-01;
6.698389178666948e-01 6.920213878358772e-02;
3.377357310105764e-01 5.825870646519705e-01;

-6.219692491398193e-01 4.133414637534640e-01;
6.219692491398193e-01 -4.133414637534640e-01;
-4.697958347803508e-02 -7.453119020045481e-01;
2.009120245948793e-01 7.192574441092656e-01;
-6.219692491398193e-01 4.133414637534640e-01;

-8.173078293991876e-01 -2.763991003385859e-01;
8.173078293991876e-01 2.763991003385858e-01;
6.480225571759731e-01 -5.696097928023217e-01;
-5.154331743951792e-01 6.918939177345758e-01;
2.763991003385859e-01 -8.173078293991876e-01;

-4.388384236290831e-01 -7.714870800518217e-02;
4.388384236290831e-01 7.714870800518212e-02;
2.862319528161771e-01 -3.414708690169122e-01;
-2.089813121581796e-01 3.935198805254608e-01;
4.388384236290831e-01 7.714870800518212e-02;

-4.060208558061203e-01 1.319318850236536e-01;
4.060208558061203e-01 -1.319318850236537e-01;
8.875406390340831e-02 -4.175903181062254e-01;
7.334444097643689e-06 4.269179752383762e-01;
1.319318850236537e-01 4.060208558061203e-01;

1.782523842885378e-01 1.232320204632523e+00;
-1.782523842885380e-01 -1.232320204632523e+00;
9.780944106643330e-01 -7.705311953952817e-01;
1.782523842885378e-01 1.232320204632523e+00;
1.782523842885378e-01 1.232320204632523e+00;

1.117288536556422e+00 -2.683155051868104e+00;
-1.117288536556422e+00 2.683155051868104e+00;
-2.882324705488542e+00 3.739772699190533e-01;
1.117288536556422e+00 -2.683155051868104e+00;
2.683155051868104e+00 1.117288536556422e+00;

-9.135452496082868e-01 -3.121319614327890e-01;
9.135452496082868e-01 3.121319614327889e-01;
1.864584168702839e-01 9.472193743837667e-01;
-9.135452496082868e-01 -3.121319614327890e-01;
9.135452496082868e-01 3.121319614327889e-01;

-6.235921758696756e-01 4.860975259859808e-01;
6.235921758696755e-01 -4.860975259859808e-01;
7.327688941554636e-01 2.969979029113617e-01;
-6.235921758696756e-01 4.860975259859808e-01;
4.860975259859809e-01 6.235921758696755e-01;

3.309701130110865e-01 5.223276473901994e-01;
-3.309701130110865e-01 -5.223276473901994e-01;
2.868639552333298e-01 -5.477923494561073e-01;
-3.944877231409438e-01 4.761794023535940e-01;
3.309701130110865e-01 5.223276473901994e-01;

1.046358024023007e+00 3.005235342318555e-01;
-1.046358024023007e+00 -3.005235342318553e-01;
-2.629179969316346e-01 -1.056434397373539e+00;
3.752754609244283e-02 1.088012496412066e+00;
-3.005235342318554e-01 1.046358024023007e+00;

-2.115257994836810e+00 2.176811162013893e+00;
2.115257994836810e+00 -2.176811162013893e+00;
2.942802762963960e+00 7.434615780798625e-01;
-2.723921108269387e+00 -1.339058257027598e+00;
2.115257994836810e+00 -2.176811162013893e+00;

-1.313173939520363e-01 7.173904780591107e-01;
1.313173939520362e-01 -7.173904780591107e-01;
6.869370754082709e-01 -2.449710399083233e-01;
-7.228581952744217e-01 9.679558610205122e-02;
7.173904780591107e-01 1.313173939520361e-01;

4.856047171523697e-01 2.452556804852548e-01;
-4.856047171523698e-01 -2.452556804852548e-01;
-3.040470885351509e-02 -5.431738614941365e-01;
-5.370201407550943e-01 8.701527770625750e-02;
4.856047171523697e-01 2.452556804852548e-01;

5.859507558264172e-01 -1.002926551778282e-01;
-5.859507558264172e-01 1.002926551778283e-01;
-3.798313651102010e-01 -4.573019123234557e-01;
-4.150935757036349e-01 4.255516752942456e-01;
1.002926551778283e-01 5.859507558264172e-01;

1.405009364014307e+00 -7.753608769911291e-01;
-1.405009364014307e+00 7.753608769911293e-01;
-1.373986898582053e+00 -8.290933632958420e-01;
-6.809307640435666e-01 1.453123909759723e+00;
-1.405009364014307e+00 7.753608769911293e-01;

5.635513255546857e-01 8.655294178710129e-01;
-5.635513255546858e-01 -8.655294178710128e-01;
4.677948008217108e-01 -9.208144732022590e-01;
-9.646680268261401e-01 -3.689808501181860e-01;
8.655294178710128e-01 -5.635513255546858e-01;

7.281654444166019e-01 -3.968632168696100e-02;
-7.281654444166019e-01 3.968632168696109e-02;
-3.984520849719708e-01 -6.107666121792822e-01;
-6.124252538549477e-01 -3.958980007680906e-01;
7.281654444166019e-01 -3.968632168696100e-02;

4.161678494492883e-01 -3.563060503888905e-01;
-4.161678494492882e-01 3.563060503888905e-01;
-5.166540158835216e-01 -1.822589046669758e-01;
-5.461183044381174e-01 4.364032557866292e-02;
3.563060503888905e-01 4.161678494492883e-01;

1.796392198146253e-01 -7.894231356373046e-01;
-1.796392198146252e-01 7.894231356373046e-01;
-7.734800997043869e-01 2.391394399431703e-01;
-6.093424586323769e-01 5.330674483429760e-01;
-1.796392198146252e-01 7.894231356373046e-01;

3.452093018427095e+00 -1.235673904611771e+00;
-3.452093018427095e+00 1.235673904611772e+00;
-2.796171501400851e+00 -2.371763297878879e+00;
-3.519112815844083e+00 -1.029408177436684e+00;
-1.235673904611772e+00 -3.452093018427094e+00;

2.233810106524765e+00 -5.006374377954145e-01;
-2.233810106524765e+00 5.006374377954147e-01;
-1.550469792478764e+00 -1.684217580583162e+00;
2.141507876060249e-01 -2.279185134275462e+00;
2.233810106524765e+00 -5.006374377954145e-01;

2.678408395367163e-01 -7.294713527333603e-01;
-2.678408395367162e-01 7.294713527333603e-01;
-7.656611425684472e-01 1.327787051569327e-01;
-6.110011122632042e-01 -4.801508206756486e-01;
7.294713527333603e-01 2.678408395367163e-01;

-3.432517607166403e-01 -6.287425789313233e-01;
3.432517607166403e-01 6.287425789313233e-01;
-3.728811654371481e-01 6.116360341400098e-01;
-7.040403541754198e-01 1.321596817824350e-01;
3.432517607166403e-01 6.287425789313233e-01;

-1.418920323930483e+00 -2.332819328536413e-01;
1.418920323930483e+00 2.332819328536412e-01;
5.074320818700530e-01 1.345462012896663e+00;
-6.603347961329082e-01 1.277385338445305e+00;
-2.332819328536411e-01 1.418920323930483e+00;

-3.801008564724813e-01 2.844785269096696e-01;
2.844785269096696e-01 3.801008564724812e-01;
-3.801008564724813e-01 2.844785269096696e-01;
-3.801008564724813e-01 2.844785269096696e-01;
-3.801008564724813e-01 2.844785269096696e-01;

-5.943791281051973e-01 5.328021319847129e-02;
5.328021319847141e-02 5.943791281051973e-01;
-5.943791281051973e-01 5.328021319847129e-02;
-5.943791281051973e-01 5.328021319847129e-02;
-5.328021319847133e-02 -5.943791281051973e-01;

-3.587083790214189e-01 1.706482069133126e-02;
1.706482069133133e-02 3.587083790214189e-01;
-3.587083790214189e-01 1.706482069133126e-02;
-3.587083790214189e-01 1.706482069133126e-02;
3.587083790214189e-01 -1.706482069133131e-02;

-2.982928654567268e-01 1.326697663885532e-01;
1.326697663885532e-01 2.982928654567268e-01;
-2.982928654567268e-01 1.326697663885532e-01;
-2.982928654567268e-01 1.326697663885532e-01;
1.326697663885532e-01 2.982928654567268e-01;

-2.208705097636552e-01 4.327421641101872e-01;
4.327421641101872e-01 2.208705097636551e-01;
-2.208705097636552e-01 4.327421641101872e-01;
-4.798149961258875e-01 -7.633565467551627e-02;
-2.208705097636552e-01 4.327421641101872e-01;

-6.738007586927683e-01 5.288233457136602e-01;
5.288233457136603e-01 6.738007586927682e-01;
-6.738007586927683e-01 5.288233457136602e-01;
-7.111567741687798e-01 -4.774072013916366e-01;
-5.288233457136602e-01 -6.738007586927683e-01;

-4.396417955479278e-01 1.522956392411496e-01;
1.522956392411497e-01 4.396417955479277e-01;
-4.396417955479278e-01 1.522956392411496e-01;
-2.806985463654570e-01 -3.710622537968469e-01;
4.396417955479278e-01 -1.522956392411497e-01;

-2.733523335273427e-01 2.423647214786896e-01;
2.423647214786897e-01 2.733523335273427e-01;
-2.733523335273427e-01 2.423647214786896e-01;
-3.149730641943654e-01 -1.850787002717995e-01;
2.423647214786897e-01 2.733523335273427e-01;

-9.413432526097082e-02 7.600024450934243e-01;
7.600024450934243e-01 9.413432526097068e-02;
-9.413432526097082e-02 7.600024450934243e-01;
-3.705619600419906e-01 -6.701856619699945e-01;
-9.413432526097082e-02 7.600024450934243e-01;

-2.644367972689657e+00 3.386808946787824e+00;
3.386808946787825e+00 2.644367972689656e+00;
-2.644367972689657e+00 3.386808946787824e+00;
1.486222780326718e-01 -4.294306490633993e+00;
-3.386808946787824e+00 -2.644367972689657e+00;

-7.826708034754244e-01 1.035602020283621e-01;
1.035602020283622e-01 7.826708034754244e-01;
-7.826708034754244e-01 1.035602020283621e-01;
5.723228215360127e-01 -5.438243190646029e-01;
7.826708034754244e-01 -1.035602020283621e-01;

-3.910437475244167e-01 3.927754521205236e-01;
3.927754521205236e-01 3.910437475244166e-01;
-3.910437475244167e-01 3.927754521205236e-01;
8.549341907236714e-02 -5.476117635348404e-01;
3.927754521205236e-01 3.910437475244166e-01;

-1.267733925782851e+00 1.152048927564327e+00;
1.152048927564327e+00 1.267733925782851e+00;
-1.267733925782851e+00 1.152048927564327e+00;
1.702775659845666e+00 -1.868718553449732e-01;
-1.267733925782851e+00 1.152048927564327e+00;

-6.008904366937957e-01 -1.042956494170003e+00;
-1.042956494170003e+00 6.008904366937959e-01;
-6.008904366937957e-01 -1.042956494170003e+00;
-1.269038710131241e-01 1.196964065109445e+00;
1.042956494170003e+00 -6.008904366937958e-01;

-5.310629122544064e-01 -2.563319590984778e-01;
-2.563319590984777e-01 5.310629122544064e-01;
-5.310629122544064e-01 -2.563319590984778e-01;
2.789707758467436e-01 5.195278589747242e-01;
5.310629122544064e-01 2.563319590984777e-01;

-6.113584105216671e-01 1.485622045703241e-01;
1.485622045703242e-01 6.113584105216671e-01;
-6.113584105216671e-01 1.485622045703241e-01;
5.819220166605783e-01 2.391581093504037e-01;
1.485622045703242e-01 6.113584105216671e-01;

-6.777358825383517e-01 1.832079014279815e-01;
1.832079014279817e-01 6.777358825383517e-01;
-6.777358825383517e-01 1.832079014279815e-01;
-3.519083691221166e-02 7.011794824601627e-01;
-6.777358825383517e-01 1.832079014279815e-01;

-5.675722103414754e-01 -3.096622629757620e-01;
-3.096622629757619e-01 5.675722103414755e-01;
-5.675722103414754e-01 -3.096622629757620e-01;
-4.698957715842700e-01 4.441023473371893e-01;
3.096622629757620e-01 -5.675722103414754e-01;

-3.699820178010758e-01 -1.135399609356552e-01;
-1.135399609356551e-01 3.699820178010758e-01;
-3.699820178010758e-01 -1.135399609356552e-01;
-2.223136508214187e-01 3.167880314719576e-01;
3.699820178010758e-01 1.135399609356551e-01;

-3.940132103664171e-01 5.613831775211638e-02;
5.613831775211645e-02 3.940132103664171e-01;
-3.940132103664171e-01 5.613831775211638e-02;
-6.836606509945582e-02 3.920765254463789e-01;
5.613831775211645e-02 3.940132103664171e-01;

-1.432487018756700e-01 2.493289633179813e-01;
2.493289633179813e-01 1.432487018756700e-01;
-1.443008651947753e-01 -2.487214965424644e-01;
-1.432487018756700e-01 2.493289633179813e-01;
-1.432487018756700e-01 2.493289633179813e-01;

-2.613406059805596e-01 2.899498342954492e-01;
2.899498342954493e-01 2.613406059805596e-01;
-1.204336193326678e-01 -3.713025209673086e-01;
-2.613406059805596e-01 2.899498342954492e-01;
-2.899498342954492e-01 -2.613406059805596e-01;

-2.447915410650326e-01 1.632422631502057e-01;
1.632422631502057e-01 2.447915410650325e-01;
-1.897617632682626e-02 -2.936168247689626e-01;
-2.447915410650326e-01 1.632422631502057e-01;
2.447915410650325e-01 -1.632422631502057e-01;

-1.665423252355771e-01 1.755099054781512e-01;
1.755099054781512e-01 1.665423252355770e-01;
-6.872487414209602e-02 -2.319848371984155e-01;
-1.665423252355771e-01 1.755099054781512e-01;
1.755099054781512e-01 1.665423252355770e-01;

-7.100627509548037e-02 2.593777901305667e-01;
2.593777901305667e-01 7.100627509548033e-02;
-1.891246178827992e-01 -1.911821331260756e-01;
-2.686250831976782e-01 1.262116448636075e-02;
-7.100627509548037e-02 2.593777901305667e-01;

-1.367851626162191e-01 3.508562514713350e-01;
3.508562514713350e-01 1.367851626162190e-01;
-2.354578455426480e-01 -2.938875514220987e-01;
-3.759530640714567e-01 -2.166987595131468e-02;
-3.508562514713350e-01 -1.367851626162191e-01;

-2.006773261189682e-01 2.373729834996000e-01;
2.373729834996000e-01 2.006773261189682e-01;
-1.052323708232739e-01 -2.924781541323609e-01;
-2.877678269062012e-01 -1.175031927712719e-01;
2.006773261189682e-01 -2.373729834996000e-01;

-1.222881072228681e-01 2.084130139094213e-01;
2.084130139094214e-01 1.222881072228680e-01;
-1.193469109134044e-01 -2.101111143904296e-01;
-2.360016583010796e-01 -5.189973809279558e-02;
2.084130139094214e-01 1.222881072228680e-01;

-2.212597312020089e-02 3.264522087953662e-01;
3.264522087953662e-01 2.212597312020083e-02;
-2.716529193782284e-01 -1.823877592032286e-01;
-1.739835056368937e-01 -2.771107054593637e-01;
-2.212597312020089e-02 3.264522087953662e-01;

-5.000928193856057e-02 5.114362132434652e-01;
5.114362132434652e-01 5.000928193856048e-02;
-4.179121121148760e-01 -2.990274152055443e-01;
-2.601563046680337e-01 -4.431553064539551e-01;
-5.114362132434652e-01 -5.000928193856054e-02;

-2.420159439972639e-01 3.568333711096165e-01;
3.568333711096166e-01 2.420159439972638e-01;
-1.880187923003362e-01 -3.880086411773108e-01;
-1.394638146055767e-02 -4.309376640890150e-01;
2.420159439972638e-01 -3.568333711096166e-01;

-1.206587281862859e-01 2.773255796790731e-01;
2.773255796790731e-01 1.206587281862858e-01;
-1.798416330281799e-01 -2.431563136371815e-01;
-6.539292419644763e-02 -2.952825279235187e-01;
2.773255796790731e-01 1.206587281862858e-01;

-9.892806381965913e-02 4.439539456417876e-01;
4.439539456417876e-01 9.892806381965905e-02;
-3.350113631262943e-01 -3.076511892359267e-01;
3.409840667960106e-01 -3.010178297929736e-01;
-9.892806381965913e-02 4.439539456417876e-01;

-3.599449124850315e-01 8.070951243347603e-01;
8.070951243347604e-01 3.599449124850313e-01;
-5.189924247019468e-01 -7.152690003423837e-01;
7.656001625203256e-01 -4.413833604675759e-01;
-8.070951243347603e-01 -3.599449124850314e-01;

-4.484962836373922e-01 2.896656332756829e-01;
2.896656332756830e-01 4.484962836373921e-01;
-2.660965520135241e-02 -5.332419917707342e-01;
5.331023027120632e-01 2.927508122363239e-02;
4.484962836373921e-01 -2.896656332756830e-01;

-2.252636884139611e-01 3.014519236810310e-01;
3.014519236810311e-01 2.252636884139610e-01;
-1.484331797204802e-01 -3.458100385571881e-01;
3.594311471573836e-01 -1.114730553182406e-01;
3.014519236810311e-01 2.252636884139610e-01;

-2.174559159560688e-01 3.251522124506673e-01;
3.251522124506674e-01 2.174559159560688e-01;
-1.728621181009584e-01 -3.508984536465031e-01;
2.420405568811979e-01 3.072904252828200e-01;
-2.174559159560688e-01 3.251522124506673e-01;

-4.685602675099063e-01 3.379492042383989e-01;
3.379492042383990e-01 4.685602675099062e-01;
-5.839246230423608e-02 -5.747596969868105e-01;
1.766157073182585e-01 5.500593430374519e-01;
-3.379492042383989e-01 -4.685602675099063e-01;

-3.436417721196012e-01 1.359170369168355e-01;
1.359170369168355e-01 3.436417721196012e-01;
5.411327928271360e-02 -3.655610229154954e-01;
2.307363607320567e-02 3.688234208779502e-01;
3.436417721196012e-01 -1.359170369168355e-01;

-2.332595351461660e-01 1.940483305970147e-01;
1.940483305970148e-01 2.332595351461660e-01;
-5.142101628589297e-02 -2.990328484100362e-01;
1.124697688303215e-01 2.818072327733052e-01;
1.940483305970148e-01 2.332595351461660e-01;

-3.992240227151969e-02 4.554873509915872e-01;
4.554873509915872e-01 3.992240227151961e-02;
4.144248181969534e-01 -1.931698609485562e-01;
-3.992240227151969e-02 4.554873509915872e-01;
-3.992240227151969e-02 4.554873509915872e-01;

-1.488137620530517e-01 9.136313833070422e-01;
9.136313833070422e-01 1.488137620530516e-01;
8.656348686651422e-01 -3.279391932828460e-01;
-1.488137620530517e-01 9.136313833070422e-01;
-9.136313833070422e-01 -1.488137620530517e-01;

-4.669284743363776e-01 3.808204383680184e-01;
3.808204383680185e-01 4.669284743363775e-01;
5.632644110752190e-01 2.139617013416038e-01;
-4.669284743363776e-01 3.808204383680184e-01;
4.669284743363775e-01 -3.808204383680184e-01;

-2.045976441413132e-01 3.392768458996998e-01;
3.392768458996998e-01 2.045976441413131e-01;
3.961211895356548e-01 7.548334430975539e-03;
-2.045976441413132e-01 3.392768458996998e-01;
3.392768458996998e-01 2.045976441413131e-01;

7.106503863908499e-02 3.491863423671074e-01;
3.491863423671074e-01 -7.106503863908506e-02;
2.668717238249428e-01 -2.361372999659241e-01;
-3.101356416641184e-01 1.754913820735336e-01;
7.106503863908499e-02 3.491863423671074e-01;

1.914159211711003e-01 5.432675526755464e-01;
5.432675526755464e-01 -1.914159211711004e-01;
3.747755410832735e-01 -4.374048267607458e-01;
-4.575273734279937e-01 3.499262654216452e-01;
-5.432675526755464e-01 1.914159211711003e-01;

-1.839257668200099e-01 5.564321313924908e-01;
5.564321313924908e-01 1.839257668200098e-01;
5.738472446778226e-01 -1.189316792195841e-01;
-5.860345920876563e-01 -2.976814232199995e-03;
1.839257668200099e-01 -5.564321313924908e-01;

-7.112224775815930e-02 3.515614725372166e-01;
3.515614725372166e-01 7.112224775815923e-02;
3.400222900881744e-01 -1.141870629357917e-01;
-3.563328125702562e-01 4.099719239752554e-02;
3.515614725372166e-01 7.112224775815923e-02;

1.999119194256563e-01 3.313618210768835e-01;
3.313618210768834e-01 -1.999119194256563e-01;
1.870117951840266e-01 -3.388097112803680e-01;
-3.565017317952404e-01 -1.505720665423474e-01;
1.999119194256563e-01 3.313618210768835e-01;

4.450128386212551e-01 3.620575245420227e-01;
3.620575245420227e-01 -4.450128386212551e-01;
9.104459457407169e-02 -5.664211855272431e-01;
-5.728350225669524e-01 -3.133870667343686e-02;
-3.620575245420227e-01 4.450128386212551e-01;

1.948629332916548e-01 8.804168065554560e-01;
8.804168065554560e-01 -1.948629332916550e-01;
6.650318537499671e-01 -6.089646537642538e-01;
-6.751434393704328e-01 -5.977346002293977e-01;
-1.948629332916549e-01 -8.804168065554560e-01;

4.567360880009053e-02 4.509022438442892e-01;
4.509022438442892e-01 -4.567360880009061e-02;
3.676559933925146e-01 -2.650056274255357e-01;
-3.019844148709642e-01 -3.379413044001575e-01;
4.509022438442892e-01 -4.567360880009061e-02;

3.737816764500422e-01 4.602305190654675e-01;
4.602305190654675e-01 -3.737816764500423e-01;
2.116804828825719e-01 -5.538196868076061e-01;
-3.187901667245056e-02 -5.920376682484580e-01;
3.737816764500422e-01 4.602305190654675e-01;

8.957093496956965e-01 1.631040631726646e-01;
1.631040631726644e-01 -8.957093496956965e-01;
-3.066024126798593e-01 -8.572590828300447e-01;
-6.287739230024790e-01 -6.584387050499025e-01;
-1.631040631726645e-01 8.957093496956965e-01;

-9.589391385545043e-01 5.401253433492617e+00;
5.401253433492617e+00 9.589391385545033e-01;
5.157092254959781e+00 -1.870161062074945e+00;
3.950575171762911e+00 -3.806055535133177e+00;
9.589391385545036e-01 -5.401253433492617e+00;

-2.940556497687314e-02 7.729032735804204e-01;
7.729032735804204e-01 2.940556497687300e-02;
6.840566520772344e-01 -3.609856705076044e-01;
4.780907474546328e-01 -6.080077259058554e-01;
7.729032735804204e-01 2.940556497687300e-02;

7.186546989715821e-02 7.694837188608763e-01;
7.694837188608763e-01 -7.186546989715835e-02;
6.304597133834625e-01 -4.469791820162833e-01;
7.540301565126274e-01 1.694354225805393e-01;
7.186546989715821e-02 7.694837188608763e-01;

2.759614763858032e+00 3.526799237692586e+00;
3.526799237692586e+00 -2.759614763858032e+00;
1.674490351960354e+00 -4.153296109005944e+00;
4.206953256632453e+00 -1.534708703435875e+00;
-3.526799237692586e+00 2.759614763858032e+00;

-9.993468726512383e-01 1.625633050724345e-01;
1.625633050724347e-01 9.993468726512383e-01;
6.404573882415076e-01 7.841781263722871e-01;
-1.542082763250729e-01 1.000670179203285e+00;
9.993468726512383e-01 -1.625633050724346e-01;

-3.816068221553899e-01 4.888807289601508e-01;
4.888807289601508e-01 3.816068221553898e-01;
6.141865417778403e-01 8.604083776394233e-02;
3.470302097532426e-01 5.140021083446684e-01;
4.888807289601508e-01 3.816068221553898e-01;

