240

3.547508701485625e-01 -2.507887082604275e-01;
3.547508701485625e-01 -2.507887082604275e-01;
3.547508701485625e-01 -2.507887082604275e-01;
3.547508701485625e-01 -2.507887082604275e-01;
3.547508701485625e-01 -2.507887082604275e-01;

3.106368794302727e-01 -7.792950840452005e-01;
3.106368794302727e-01 -7.792950840452005e-01;
3.106368794302727e-01 -7.792950840452005e-01;
3.106368794302727e-01 -7.792950840452005e-01;
7.792950840452005e-01 3.106368794302727e-01;

1.207702971503654e+00 6.029055597634597e-01;
1.207702971503654e+00 6.029055597634597e-01;
1.207702971503654e+00 6.029055597634597e-01;
1.207702971503654e+00 6.029055597634597e-01;
-1.207702971503654e+00 -6.029055597634596e-01;

4.746760987565825e-01 2.472552481196479e-02;
4.746760987565825e-01 2.472552481196479e-02;
4.746760987565825e-01 2.472552481196479e-02;
4.746760987565825e-01 2.472552481196479e-02;
2.472552481196470e-02 -4.746760987565825e-01;

2.008390628286371e-01 -2.269650269105642e-01;
2.008390628286371e-01 -2.269650269105642e-01;
2.008390628286371e-01 -2.269650269105642e-01;
2.779192513627837e-01 1.208732489856555e-01;
2.008390628286371e-01 -2.269650269105642e-01;

1.331543529202472e-01 -4.002232644343743e-01;
1.331543529202472e-01 -4.002232644343743e-01;
1.331543529202472e-01 -4.002232644343743e-01;
4.217819015405859e-01 2.961524763425571e-03;
4.002232644343743e-01 1.331543529202472e-01;

6.065201126479071e-01 -5.074224820900390e-01;
6.065201126479071e-01 -5.074224820900390e-01;
6.065201126479071e-01 -5.074224820900390e-01;
6.700124803448033e-01 4.200327351041230e-01;
-6.065201126479070e-01 5.074224820900392e-01;

3.507418295037846e-01 -1.504426418938864e-01;
3.507418295037846e-01 -1.504426418938864e-01;
3.507418295037846e-01 -1.504426418938864e-01;
2.514646408566687e-01 2.870859694629828e-01;
-1.504426418938865e-01 -3.507418295037846e-01;

1.072955417192182e-01 -2.797647392786632e-01;
1.072955417192182e-01 -2.797647392786632e-01;
1.072955417192182e-01 -2.797647392786632e-01;
7.763767118793340e-02 2.894011655626031e-01;
1.072955417192182e-01 -2.797647392786632e-01;

-2.880823610665537e-02 -3.430473580101854e-01;
-2.880823610665537e-02 -3.430473580101854e-01;
-2.880823610665537e-02 -3.430473580101854e-01;
2.249445304645334e-01 2.605980861776152e-01;
3.430473580101854e-01 -2.880823610665539e-02;

-1.019339371572431e-02 -6.864419388756923e-01;
-1.019339371572431e-02 -6.864419388756923e-01;
-1.019339371572431e-02 -6.864419388756923e-01;
4.117270769725591e-01 5.493516677052104e-01;
1.019339371572439e-02 6.864419388756923e-01;

2.937655681020743e-01 -3.479713051272930e-01;
2.937655681020743e-01 -3.479713051272930e-01;
2.937655681020743e-01 -3.479713051272930e-01;
-3.312893558200191e-02 4.541857679645298e-01;
-3.479713051272931e-01 -2.937655681020742e-01;

4.824926874866178e-02 -4.159128260133074e-01;
4.824926874866178e-02 -4.159128260133074e-01;
4.824926874866178e-02 -4.159128260133074e-01;
-2.835019037537387e-01 3.081203358189169e-01;
4.824926874866178e-02 -4.159128260133074e-01;

-1.945022002396683e-01 -3.597470980515993e-01;
-1.945022002396683e-01 -3.597470980515993e-01;
-1.945022002396683e-01 -3.597470980515993e-01;
-5.409845335253370e-02 4.053670408401289e-01;
3.597470980515993e-01 -1.945022002396683e-01;

-6.751531687764794e-01 -5.111527580760274e-01;
-6.751531687764794e-01 -5.111527580760274e-01;
-6.751531687764794e-01 -5.111527580760274e-01;
2.457623344805577e-01 8.103763436504779e-01;
6.751531687764795e-01 5.111527580760273e-01;

4.436530034207717e-01 -8.345151909115034e-01;
4.436530034207717e-01 -8.345151909115034e-01;
4.436530034207717e-01 -8.345151909115034e-01;
-8.494385414047103e-01 4.143642789654682e-01;
-8.345151909115035e-01 -4.436530034207716e-01;

3.333226315826386e-01 -6.052046469892510e-01;
3.333226315826386e-01 -6.052046469892510e-01;
3.333226315826386e-01 -6.052046469892510e-01;
-4.725814654424205e-01 -5.040271817896864e-01;
3.333226315826386e-01 -6.052046469892510e-01;

-4.505526671354795e-01 -6.371136288702028e-01;
-4.505526671354795e-01 -6.371136288702028e-01;
-4.505526671354795e-01 -6.371136288702028e-01;
-7.451594993632805e-01 2.316221113445735e-01;
6.371136288702028e-01 -4.505526671354796e-01;

-1.227549592917662e+00 9.277591195504246e-01;
-1.227549592917662e+00 9.277591195504246e-01;
-1.227549592917662e+00 9.277591195504246e-01;
5.030176705510799e-01 1.454162374047225e+00;
1.227549592917661e+00 -9.277591195504247e-01;

1.051231692879669e+00 1.947685217343728e-01;
1.051231692879669e+00 1.947685217343728e-01;
1.051231692879669e+00 1.947685217343728e-01;
5.100843298900124e-01 -9.395939684639875e-01;
1.947685217343726e-01 -1.051231692879669e+00;

3.942952078482433e-01 3.655110563017449e-02;
3.942952078482433e-01 3.655110563017449e-02;
-2.288017899362611e-01 3.231941137719569e-01;
3.942952078482433e-01 3.655110563017449e-02;
3.942952078482433e-01 3.655110563017449e-02;

7.884260932520751e-01 3.329486344846526e-01;
7.884260932520751e-01 3.329486344846526e-01;
-6.825550222450861e-01 5.163227085204897e-01;
7.884260932520751e-01 3.329486344846526e-01;
-3.329486344846525e-01 7.884260932520751e-01;

2.464198159421715e-01 3.593676707161560e-01;
2.464198159421715e-01 3.593676707161560e-01;
-4.344314401101179e-01 3.372198524372823e-02;
2.464198159421715e-01 3.593676707161560e-01;
-2.464198159421716e-01 -3.593676707161559e-01;

2.661771585058307e-01 1.625916052704562e-01;
2.661771585058307e-01 1.625916052704562e-01;
-2.738970398592221e-01 1.492203785379785e-01;
2.661771585058307e-01 1.625916052704562e-01;
1.625916052704561e-01 -2.661771585058307e-01;

3.210670586785005e-01 -1.034586858715580e-01;
3.210670586785005e-01 -1.034586858715580e-01;
-7.093567913232675e-02 3.297815720697095e-01;
1.976102348311138e-01 2.733824261738957e-01;
3.210670586785005e-01 -1.034586858715580e-01;

5.795836739116272e-01 -2.881321202435527e-01;
5.795836739116272e-01 -2.881321202435527e-01;
-4.026210117862428e-02 6.460002453479616e-01;
4.531311354125303e-01 4.621791080313948e-01;
2.881321202435528e-01 5.795836739116272e-01;

5.113056479588803e-01 2.390677601634948e-01;
5.113056479588803e-01 2.390677601634948e-01;
-4.626915775068720e-01 3.232698001491061e-01;
-6.936481660039043e-02 5.601565690074829e-01;
-5.113056479588803e-01 -2.390677601634947e-01;

3.189764801919064e-01 5.544397115741610e-02;
3.189764801919064e-01 5.544397115741610e-02;
-2.075041276049672e-01 2.485197494772268e-01;
4.583880312666178e-02 3.204977893546806e-01;
5.544397115741604e-02 -3.189764801919064e-01;

3.174501320862634e-01 -2.696024387445500e-01;
3.174501320862634e-01 -2.696024387445500e-01;
7.475749483188664e-02 4.097210981937046e-01;
-9.835421424822750e-02 4.047054606478750e-01;
3.174501320862634e-01 -2.696024387445500e-01;

2.030768749621271e-01 -6.905782467074620e-01;
2.030768749621271e-01 -6.905782467074620e-01;
4.965198674685161e-01 5.211588559920889e-01;
2.416190659597224e-01 6.780551297163727e-01;
6.905782467074620e-01 2.030768749621270e-01;

1.583556196781083e+00 2.720102395939554e-01;
1.583556196781083e+00 2.720102395939554e-01;
-1.027345875968398e+00 1.235394774935710e+00;
-1.441007482049523e+00 7.107300721687672e-01;
-1.583556196781083e+00 -2.720102395939552e-01;

4.858778224613572e-01 -2.749462409941317e-02;
4.858778224613572e-01 -2.749462409941317e-02;
-2.191278682930829e-01 4.345298494367073e-01;
-3.769224809981712e-01 3.078354366091426e-01;
-2.749462409941326e-02 -4.858778224613572e-01;

6.127098528273426e-01 -5.456342792723019e-01;
6.127098528273426e-01 -5.456342792723019e-01;
1.661782206117553e-01 8.034394373336542e-01;
-8.164084660597848e-01 8.128558921861477e-02;
6.127098528273426e-01 -5.456342792723019e-01;

-8.436191560510041e-01 -9.414260151324887e-01;
-8.436191560510041e-01 -9.414260151324887e-01;
1.237108422913791e+00 -2.598826126931141e-01;
1.291459062061657e-01 1.257496543667072e+00;
9.414260151324887e-01 -8.436191560510042e-01;

-3.761412352819055e-01 1.042035486623287e+00;
-3.761412352819055e-01 1.042035486623287e+00;
-7.143585854196932e-01 -8.467656084766328e-01;
9.167977430308256e-01 -6.219341465422298e-01;
3.761412352819054e-01 -1.042035486623287e+00;

6.758053559348841e-01 3.747648733597712e-01;
6.758053559348841e-01 3.747648733597712e-01;
-6.624585787430618e-01 3.978821695733088e-01;
-3.264567522028017e-01 -7.004195730816203e-01;
3.747648733597711e-01 -6.758053559348842e-01;

7.152492587611879e-01 1.577524200899562e-01;
7.152492587611879e-01 1.577524200899562e-01;
-4.942422326869706e-01 5.405478180802001e-01;
3.710556432591746e-01 -6.314942896085339e-01;
7.152492587611879e-01 1.577524200899562e-01;

-3.790696455998876e-01 1.862667575170113e+00;
-3.790696455998876e-01 1.862667575170113e+00;
-1.423582616102935e+00 -1.259617730478123e+00;
1.654363172515175e+00 9.361125921762068e-01;
-1.862667575170113e+00 -3.790696455998875e-01;

3.042567556405269e-02 5.100386261042749e-01;
3.042567556405269e-02 5.100386261042749e-01;
-4.569192448996414e-01 -2.286699050863643e-01;
4.944776097333289e-01 1.286740662459959e-01;
-3.042567556405276e-02 -5.100386261042749e-01;

2.869668690217881e-01 3.197320454615017e-01;
2.869668690217881e-01 3.197320454615017e-01;
-4.203795082845155e-01 8.865457588659935e-02;
3.927608846548417e-01 -1.741190750501222e-01;
3.197320454615017e-01 -2.869668690217881e-01;

2.571269883482684e-01 -7.951892066135348e-02;
2.571269883482684e-01 -7.951892066135348e-02;
-1.974288995483857e-01 -1.829190435775089e-01;
2.571269883482684e-01 -7.951892066135348e-02;
2.571269883482684e-01 -7.951892066135348e-02;

4.040158043475076e-01 -1.676748363705558e-01;
4.040158043475076e-01 -1.676748363705558e-01;
-3.472185700460542e-01 -2.660505319100669e-01;
4.040158043475076e-01 -1.676748363705558e-01;
1.676748363705559e-01 4.040158043475076e-01;

4.051461575631299e-01 9.757645438063030e-02;
4.051461575631299e-01 9.757645438063030e-02;
-1.180693904767259e-01 -3.996550918856384e-01;
4.051461575631299e-01 9.757645438063030e-02;
-4.051461575631299e-01 -9.757645438063024e-02;

2.630318156094046e-01 2.374350934616000e-02;
2.630318156094046e-01 2.374350934616000e-02;
-1.109534255359346e-01 -2.396639889943686e-01;
2.630318156094046e-01 2.374350934616000e-02;
2.374350934615995e-02 -2.630318156094046e-01;

1.938807882504144e-01 -1.126114184060157e-01;
1.938807882504144e-01 -1.126114184060157e-01;
-1.944647432210154e-01 -1.115999787276025e-01;
1.670122817364699e-01 1.495927450018709e-01;
1.938807882504144e-01 -1.126114184060157e-01;

2.437015711690776e-01 -2.034051111660665e-01;
2.437015711690776e-01 -2.034051111660665e-01;
-2.980047791139502e-01 -1.093491959915691e-01;
2.687576834693484e-01 1.689183311986784e-01;
2.034051111660666e-01 2.437015711690776e-01;

3.613215944747035e-01 -7.944409403077170e-02;
3.613215944747035e-01 -7.944409403077170e-02;
-2.494614008486399e-01 -2.731916327356063e-01;
1.872103364364668e-01 3.190876817450919e-01;
-3.613215944747035e-01 7.944409403077174e-02;

2.360803173419551e-01 -4.642189482515410e-02;
2.360803173419551e-01 -4.642189482515410e-02;
-1.582426988813705e-01 -1.812406047390479e-01;
1.171026756683258e-01 2.101805697650351e-01;
-4.642189482515414e-02 -2.360803173419551e-01;

1.732988353952027e-01 -1.745049453864971e-01;
1.732988353952027e-01 -1.745049453864971e-01;
-2.377751334883239e-01 -6.282872120525472e-02;
-3.763026958981919e-02 2.430399661049092e-01;
1.732988353952027e-01 -1.745049453864971e-01;

1.562739471637379e-01 -2.917017732649022e-01;
1.562739471637379e-01 -2.917017732649022e-01;
-3.307581195582426e-01 1.051367843898714e-02;
4.502972135915582e-02 3.278472133209919e-01;
2.917017732649022e-01 1.562739471637379e-01;

3.906986915321138e-01 -2.904513163260868e-01;
3.906986915321138e-01 -2.904513163260868e-01;
-4.468875642670780e-01 -1.931293339291070e-01;
-1.453588808841255e-01 4.646269799189205e-01;
-3.906986915321137e-01 2.904513163260869e-01;

2.656087669636347e-01 -1.245118766814092e-01;
2.656087669636347e-01 -1.245118766814092e-01;
-2.406348317607931e-01 -1.677680013176639e-01;
-1.416957614799642e-01 2.568531403375905e-01;
-1.245118766814093e-01 -2.656087669636347e-01;

2.324134833824986e-01 -2.558465692179326e-01;
2.324134833824986e-01 -2.558465692179326e-01;
-3.377763701050728e-01 -7.335269618230980e-02;
-3.384092980142470e-01 7.037500448367938e-02;
2.324134833824986e-01 -2.558465692179326e-01;

1.286002604871533e-01 -4.868665775226240e-01;
1.286002604871533e-01 -4.868665775226240e-01;
-4.859389546317547e-01 1.320621962461414e-01;
-3.902127903170604e-01 3.182939986536514e-01;
4.868665775226240e-01 1.286002604871532e-01;

9.548980588130739e-01 -6.314755150190577e-01;
9.548980588130739e-01 -6.314755150190577e-01;
-1.024322867280903e+00 -5.112282194470396e-01;
-1.143700752387421e+00 -5.040057323094527e-02;
-9.548980588130738e-01 6.314755150190579e-01;

4.175298782538140e-01 -1.355200354159336e-01;
4.175298782538140e-01 -1.355200354159336e-01;
-3.261287325188725e-01 -2.938314636988599e-01;
-4.174454453742778e-01 -1.357798930992786e-01;
-1.355200354159337e-01 -4.175298782538140e-01;

3.543311342656313e-01 -1.551178273139656e-01;
3.543311342656313e-01 -1.551178273139656e-01;
-3.115015461665576e-01 -2.293008499688085e-01;
-3.803147833626210e-02 -3.849229789401154e-01;
3.543311342656313e-01 -1.551178273139656e-01;

6.079541030219627e-01 -5.329086298856542e-01;
6.079541030219627e-01 -5.329086298856542e-01;
-7.654894628879172e-01 -2.600493826091740e-01;
-3.189580754089098e-01 -7.428765343711489e-01;
5.329086298856542e-01 6.079541030219627e-01;

6.718356875731499e-01 3.633463600770291e-01;
6.718356875731499e-01 3.633463600770291e-01;
-2.125066558726021e-02 -7.634999526458477e-01;
5.531715683110646e-01 -5.266735084379984e-01;
-6.718356875731499e-01 -3.633463600770290e-01;

3.770748749608982e-01 5.843966144777751e-02;
3.770748749608982e-01 5.843966144777751e-02;
-1.379272060781119e-01 -3.557762515688673e-01;
1.721019653447173e-01 -3.405606684298608e-01;
5.843966144777744e-02 -3.770748749608982e-01;

2.774541064648541e-01 -6.817043377955823e-01;
6.817043377955823e-01 2.774541064648541e-01;
2.774541064648541e-01 -6.817043377955823e-01;
2.774541064648541e-01 -6.817043377955823e-01;
2.774541064648541e-01 -6.817043377955823e-01;

-4.790885110813499e-01 -5.365256692074437e-01;
5.365256692074437e-01 -4.790885110813500e-01;
-4.790885110813499e-01 -5.365256692074437e-01;
-4.790885110813499e-01 -5.365256692074437e-01;
5.365256692074437e-01 -4.790885110813500e-01;

-1.071852305146943e+00 6.103432197807320e-01;
-6.103432197807321e-01 -1.071852305146943e+00;
-1.071852305146943e+00 6.103432197807320e-01;
-1.071852305146943e+00 6.103432197807320e-01;
1.071852305146943e+00 -6.103432197807321e-01;

1.285889869037451e+00 3.150014927778385e-01;
-3.150014927778385e-01 1.285889869037451e+00;
1.285889869037451e+00 3.150014927778385e-01;
1.285889869037451e+00 3.150014927778385e-01;
3.150014927778383e-01 -1.285889869037451e+00;

1.273147999233374e-01 -3.730863628117531e-01;
3.730863628117531e-01 1.273147999233373e-01;
1.273147999233374e-01 -3.730863628117531e-01;
3.941686533047332e-01 5.793543609534577e-03;
1.273147999233374e-01 -3.730863628117531e-01;

-1.205871467611073e-01 -4.246131381245474e-01;
4.246131381245474e-01 -1.205871467611073e-01;
-1.205871467611073e-01 -4.246131381245474e-01;
3.665676142655169e-01 -2.458978674239532e-01;
4.246131381245474e-01 -1.205871467611073e-01;

-5.619547571480444e-01 -1.047897676576887e+00;
1.047897676576887e+00 -5.619547571480445e-01;
-5.619547571480444e-01 -1.047897676576887e+00;
8.229563436904072e-01 -8.582689240769886e-01;
5.619547571480445e-01 1.047897676576887e+00;

5.178469285422147e-01 -4.789806076971306e-01;
4.789806076971306e-01 5.178469285422147e-01;
5.178469285422147e-01 -4.789806076971306e-01;
6.155611295337819e-01 3.444885480790509e-01;
-4.789806076971307e-01 -5.178469285422146e-01;

-1.851016370055505e-02 -3.272727761803191e-01;
3.272727761803191e-01 -1.851016370055507e-02;
-1.851016370055505e-02 -3.272727761803191e-01;
2.073411483180183e-01 2.538892364854409e-01;
-1.851016370055505e-02 -3.272727761803191e-01;

-1.523521292724512e-01 -2.671924341142459e-01;
2.671924341142459e-01 -1.523521292724513e-01;
-1.523521292724512e-01 -2.671924341142459e-01;
2.803072340071039e-01 1.266128852251301e-01;
2.671924341142459e-01 -1.523521292724513e-01;

-3.607011808368901e-01 -3.599754051121700e-01;
3.599754051121700e-01 -3.607011808368901e-01;
-3.607011808368901e-01 -3.599754051121700e-01;
5.034016195010973e-01 7.921138571234736e-02;
3.607011808368902e-01 3.599754051121700e-01;

1.901424801448781e-02 -6.214471467041366e-01;
6.214471467041366e-01 1.901424801448777e-02;
1.901424801448781e-02 -6.214471467041366e-01;
3.498946181329478e-01 5.139375973558149e-01;
-6.214471467041366e-01 -1.901424801448770e-02;

-1.682116117173709e-01 -3.545787179787069e-01;
3.545787179787069e-01 -1.682116117173709e-01;
-1.682116117173709e-01 -3.545787179787069e-01;
-7.233008867410280e-02 3.857325133202739e-01;
-1.682116117173709e-01 -3.545787179787069e-01;

-2.357786858693121e-01 -1.938825250532515e-01;
1.938825250532514e-01 -2.357786858693121e-01;
-2.357786858693121e-01 -1.938825250532515e-01;
7.678767487613866e-02 2.954414920392883e-01;
1.938825250532514e-01 -2.357786858693121e-01;

-4.019860337210180e-01 -1.118665339740340e-01;
1.118665339740340e-01 -4.019860337210180e-01;
-4.019860337210180e-01 -1.118665339740340e-01;
2.594600338866722e-01 3.267833893355750e-01;
4.019860337210180e-01 1.118665339740339e-01;

-5.787048150764849e-01 -5.742488673408944e-01;
5.742488673408944e-01 -5.787048150764849e-01;
-5.787048150764849e-01 -5.742488673408944e-01;
1.306470147548530e-01 8.047312484119490e-01;
-5.742488673408943e-01 5.787048150764850e-01;

-3.555903907851428e-01 -6.363879001083949e-01;
6.363879001083949e-01 -3.555903907851428e-01;
-3.555903907851428e-01 -6.363879001083949e-01;
-7.151243330785160e-01 1.415318821400699e-01;
-3.555903907851428e-01 -6.363879001083949e-01;

-3.907231578644305e-01 -1.809721129567635e-01;
1.809721129567635e-01 -3.907231578644305e-01;
-3.907231578644305e-01 -1.809721129567635e-01;
-2.928548031711869e-01 3.156763469428041e-01;
1.809721129567635e-01 -3.907231578644305e-01;

-5.002308528484593e-01 1.225847008408988e-01;
-1.225847008408988e-01 -5.002308528484593e-01;
-5.002308528484593e-01 1.225847008408988e-01;
-3.799485610801857e-02 5.136285680636159e-01;
5.002308528484593e-01 -1.225847008408988e-01;

-1.732934153283691e+00 9.316896163450267e-01;
-9.316896163450268e-01 -1.732934153283691e+00;
-1.732934153283691e+00 9.316896163450267e-01;
3.505833772920490e-01 1.936026243724167e+00;
9.316896163450270e-01 1.732934153283691e+00;

8.147049008414965e-01 2.154487998125671e-01;
-2.154487998125671e-01 8.147049008414965e-01;
-5.939365842732992e-01 5.978307408101345e-01;
8.147049008414965e-01 2.154487998125671e-01;
8.147049008414965e-01 2.154487998125671e-01;

-8.079746206302953e-01 1.457430406227600e+00;
-1.457430406227600e+00 -8.079746206302952e-01;
-8.581844457258281e-01 -1.428441750192730e+00;
-8.079746206302953e-01 1.457430406227600e+00;
-1.457430406227600e+00 -8.079746206302952e-01;

-1.801449844421333e-02 5.087851203317836e-01;
-5.087851203317836e-01 -1.801449844421330e-02;
-4.316135900527405e-01 -2.699935734550157e-01;
-1.801449844421333e-02 5.087851203317836e-01;
1.801449844421327e-02 -5.087851203317836e-01;

2.789643013854927e-01 3.549662175264082e-01;
-3.549662175264082e-01 2.789643013854927e-01;
-4.468919125558888e-01 6.410706298561117e-02;
2.789643013854927e-01 3.549662175264082e-01;
3.549662175264082e-01 -2.789643013854928e-01;

5.159295253870774e-01 -2.976298215419717e-01;
2.976298215419718e-01 5.159295253870774e-01;
-2.097763143620832e-04 5.956229863186433e-01;
4.424937724656637e-01 3.987054641791937e-01;
5.159295253870774e-01 -2.976298215419717e-01;

4.221816764377750e-02 -1.618361040733320e+00;
1.618361040733320e+00 4.221816764377741e-02;
1.380432689948190e+00 8.457425260474014e-01;
1.552198944780929e+00 -4.599492011772669e-01;
1.618361040733320e+00 4.221816764377741e-02;

3.254515377688566e-01 1.124291416192777e+00;
-1.124291416192777e+00 3.254515377688567e-01;
-1.136390696564156e+00 -2.802964086878478e-01;
-9.686946215688104e-01 6.569479599667944e-01;
-3.254515377688567e-01 -1.124291416192777e+00;

5.290976205778399e-01 1.891996373397413e-01;
-1.891996373397412e-01 5.290976205778399e-01;
-4.284005026119386e-01 3.636121618324390e-01;
-1.643939153074031e-02 5.616676430743723e-01;
1.891996373397412e-01 -5.290976205778399e-01;

1.915092745522796e-01 -6.141439494539646e-01;
6.141439494539646e-01 1.915092745522796e-01;
4.361096245314998e-01 4.729238715495850e-01;
2.060504985804827e-01 6.094192193598662e-01;
1.915092745522796e-01 -6.141439494539646e-01;

-3.832062303555901e-01 -4.960007836853467e-01;
4.960007836853467e-01 -3.832062303555902e-01;
6.211523941462953e-01 -8.386593853373939e-02;
6.015622984837892e-01 1.760300924351294e-01;
4.960007836853467e-01 -3.832062303555902e-01;

-1.258052398040842e+00 2.930769355433540e-01;
-2.930769355433540e-01 -1.258052398040842e+00;
3.752141275765815e-01 -1.236043803766978e+00;
8.455194693297413e-01 -9.765688676934915e-01;
1.258052398040842e+00 -2.930769355433541e-01;

1.455020284277253e+00 -9.742406583596817e-02;
9.742406583596826e-02 1.455020284277253e+00;
-6.431384261847102e-01 1.308796562123741e+00;
-1.119871708023812e+00 9.340571898069733e-01;
-9.742406583596844e-02 -1.455020284277253e+00;

-6.038363777586621e-01 -9.779363186211970e-01;
9.779363186211970e-01 -6.038363777586622e-01;
1.148835884088721e+00 -3.396948355757983e-02;
-8.630265433816443e-02 1.146093218825270e+00;
-6.038363777586621e-01 -9.779363186211970e-01;

-4.908394957375705e-01 -1.343731820789588e-01;
1.343731820789588e-01 -4.908394957375705e-01;
3.617903371365154e-01 -3.578928814500004e-01;
3.181149188325009e-01 3.972184047273349e-01;
1.343731820789588e-01 -4.908394957375705e-01;

-4.589809585959087e-01 2.520854123323173e-01;
-2.520854123323174e-01 -4.589809585959087e-01;
1.117810829469235e-02 -5.235318761635491e-01;
5.194954832855975e-01 6.584085593487660e-02;
4.589809585959086e-01 -2.520854123323174e-01;

-4.343598270301638e-01 1.286280572915332e+00;
-1.286280572915332e+00 -4.343598270301637e-01;
-8.967717390239975e-01 -1.019306931049202e+00;
1.107461232811110e+00 -7.853125425062073e-01;
1.286280572915332e+00 4.343598270301636e-01;

-2.546229864804576e-01 2.720876527571871e+00;
-2.720876527571871e+00 -2.546229864804574e-01;
-2.229036700197802e+00 -1.580948238465473e+00;
2.509024521600795e+00 1.082957937106375e+00;
-2.546229864804576e-01 2.720876527571871e+00;

-5.863918733614950e-01 2.333173353346525e-01;
-2.333173353346526e-01 -5.863918733614950e-01;
9.113719713764563e-02 -6.244889265711284e-01;
4.069291790257896e-02 6.297908339636583e-01;
-2.333173353346526e-01 -5.863918733614950e-01;

-2.209537970600621e-01 3.575306750647302e-01;
-3.575306750647302e-01 -2.209537970600621e-01;
-1.991537487082249e-01 -3.701169388490103e-01;
2.717534000324845e-01 3.206226030994779e-01;
2.209537970600621e-01 -3.575306750647302e-01;

5.705027223374396e-02 5.488526419964652e-01;
-5.488526419964652e-01 5.705027223374400e-02;
-5.038454670200168e-01 -2.250193359509922e-01;
5.396193853104935e-01 1.153467606201819e-01;
5.488526419964652e-01 -5.705027223374406e-02;

3.750869667024615e-01 -1.766010789750336e-01;
1.766010789750336e-01 3.750869667024615e-01;
-3.404845040793519e-01 -2.365343023052626e-01;
3.750869667024615e-01 -1.766010789750336e-01;
3.750869667024615e-01 -1.766010789750336e-01;

6.183547415344229e-01 -6.697997413552841e-01;
6.697997413552841e-01 6.183547415344229e-01;
-8.892409622291341e-01 -2.006110440417283e-01;
6.183547415344229e-01 -6.697997413552841e-01;
6.697997413552841e-01 6.183547415344229e-01;

7.249371806052874e-01 4.746077380639850e-01;
-4.746077380639850e-01 7.249371806052874e-01;
4.855376769343757e-02 -8.651178835840392e-01;
7.249371806052874e-01 4.746077380639850e-01;
-7.249371806052876e-01 -4.746077380639849e-01;

4.042186306505374e-01 6.906283191161978e-02;
-6.906283191161976e-02 4.042186306505374e-01;
-1.422991484325115e-01 -3.845950187821343e-01;
4.042186306505374e-01 6.906283191161978e-02;
6.906283191161972e-02 -4.042186306505374e-01;

2.282779160747855e-01 -1.989746789595786e-01;
1.989746789595787e-01 2.282779160747855e-01;
-2.864560847262410e-01 -9.820713496394688e-02;
2.597779205098502e-01 1.556186423603939e-01;
2.282779160747855e-01 -1.989746789595786e-01;

2.144815605562028e-01 -3.975373834637672e-01;
3.975373834637672e-01 2.144815605562027e-01;
-4.515182533117195e-01 1.302221164688179e-02;
4.443589662060670e-01 8.113827840247592e-02;
3.975373834637672e-01 2.144815605562027e-01;

6.769749887777108e-01 -2.713866485806113e-01;
2.713866485806113e-01 6.769749887777108e-01;
-5.735152263075850e-01 -4.505842137178768e-01;
4.673008168671952e-01 5.599783879880096e-01;
-6.769749887777108e-01 2.713866485806113e-01;

3.438467255453117e-01 -9.280247224931955e-02;
9.280247224931958e-02 3.438467255453117e-01;
-2.522926612745671e-01 -2.513787632056758e-01;
1.945148776146952e-01 2.983401278915707e-01;
-9.280247224931962e-02 -3.438467255453117e-01;

1.473251273847311e-01 -2.768656505289404e-01;
2.768656505289404e-01 1.473251273847311e-01;
-3.134352504857325e-01 1.084552233351472e-02;
4.354901449457153e-02 3.105845536054428e-01;
1.473251273847311e-01 -2.768656505289404e-01;

8.865368280560813e-03 -3.853926491514039e-01;
3.853926491514039e-01 8.865368280560788e-03;
-3.381925087371794e-01 1.850186904308317e-01;
2.193558819127563e-01 3.170001354021225e-01;
3.853926491514039e-01 8.865368280560788e-03;

1.988709173902782e-01 -8.172463852565746e-01;
8.172463852565746e-01 1.988709173902782e-01;
-8.071915894783368e-01 2.363959260943903e-01;
3.194754208874761e-01 7.780596066159445e-01;
-1.988709173902781e-01 8.172463852565746e-01;

3.544069010898777e-01 -2.837820649354822e-01;
2.837820649354822e-01 3.544069010898777e-01;
-4.229659279174717e-01 -1.650343471526116e-01;
-1.199182932712906e-01 4.378996630029273e-01;
-2.837820649354823e-01 -3.544069010898776e-01;

1.249973965051055e-01 -4.479382206870468e-01;
4.479382206870468e-01 1.249973965051055e-01;
-4.504245766935354e-01 1.157181895631861e-01;
-3.644164980832313e-01 2.889180067252408e-01;
1.249973965051055e-01 -4.479382206870468e-01;

-2.067112386420009e-01 -4.444931302196292e-01;
4.444931302196292e-01 -2.067112386420009e-01;
-2.815867232568628e-01 4.012637490215351e-01;
-9.403360169874175e-02 4.811043137874746e-01;
4.444931302196292e-01 -2.067112386420009e-01;

-1.106306949465590e+00 -7.127876451385716e-01;
7.127876451385715e-01 -1.106306949465590e+00;
-6.413873346089490e-02 1.314483745189754e+00;
4.760550572840356e-01 1.226928227702152e+00;
1.106306949465590e+00 7.127876451385715e-01;

7.688493741633775e-01 -6.087962504066881e-01;
6.087962504066881e-01 7.688493741633775e-01;
-9.116577056625932e-01 -3.614449645059075e-01;
-9.798536674527218e-01 4.060818932322580e-02;
-6.087962504066882e-01 -7.688493741633774e-01;

5.170026229300400e-01 -4.992045418368091e-01;
4.992045418368092e-01 5.170026229300400e-01;
-6.908251263802684e-01 -1.981351343621968e-01;
-3.150091358562289e-01 -6.459614005760340e-01;
5.170026229300400e-01 -4.992045418368091e-01;

-5.858454329426968e-01 -9.984030805936541e-01;
9.984030805936541e-01 -5.858454329426969e-01;
-5.717197145393978e-01 1.006558567916296e+00;
-1.130573950543992e+00 2.486485974021681e-01;
9.984030805936541e-01 -5.858454329426969e-01;

-4.094119881875721e-01 1.315348800936026e+00;
-1.315348800936026e+00 -4.094119881875721e-01;
1.343831470541785e+00 -3.031132180836817e-01;
1.124455786280429e+00 7.958390722350864e-01;
4.094119881875720e-01 -1.315348800936026e+00;

7.120423414787358e-01 2.747257834680231e-01;
-2.747257834680231e-01 7.120423414787358e-01;
-1.181016631814773e-01 -7.540096480247509e-01;
4.813129307930135e-01 -5.922975728568196e-01;
2.747257834680230e-01 -7.120423414787358e-01;

1.658838573619990e+00 3.101491331811362e-01;
-1.658838573619990e+00 -3.101491331811360e-01;
1.658838573619990e+00 3.101491331811362e-01;
1.658838573619990e+00 3.101491331811362e-01;
1.658838573619990e+00 3.101491331811362e-01;

-1.017044668444006e+00 3.926495808305014e-01;
1.017044668444006e+00 -3.926495808305015e-01;
-1.017044668444006e+00 3.926495808305014e-01;
-1.017044668444006e+00 3.926495808305014e-01;
-3.926495808305014e-01 -1.017044668444006e+00;

-1.796744501975854e-01 5.010055267304332e-01;
1.796744501975853e-01 -5.010055267304332e-01;
-1.796744501975854e-01 5.010055267304332e-01;
-1.796744501975854e-01 5.010055267304332e-01;
1.796744501975853e-01 -5.010055267304332e-01;

2.644728098732127e-01 5.089505012204825e-01;
-2.644728098732128e-01 -5.089505012204825e-01;
2.644728098732127e-01 5.089505012204825e-01;
2.644728098732127e-01 5.089505012204825e-01;
5.089505012204825e-01 -2.644728098732128e-01;

4.784422567577151e-01 -5.558304182297356e-01;
-4.784422567577151e-01 5.558304182297357e-01;
4.784422567577151e-01 -5.558304182297356e-01;
6.764729293776865e-01 2.832645807368610e-01;
4.784422567577151e-01 -5.558304182297356e-01;

-5.713216505103402e-01 -8.455472814490885e-01;
5.713216505103403e-01 8.455472814490884e-01;
-5.713216505103402e-01 -8.455472814490885e-01;
6.276151525957683e-01 -8.046476581336665e-01;
8.455472814490885e-01 -5.713216505103402e-01;

-6.554313329848582e-01 1.254478176478859e+00;
6.554313329848581e-01 -1.254478176478859e+00;
-6.554313329848582e-01 1.254478176478859e+00;
-1.395619064828427e+00 -2.356971646148060e-01;
6.554313329848581e-01 -1.254478176478859e+00;

7.946289974673086e-01 2.894923354194139e-01;
-7.946289974673086e-01 -2.894923354194138e-01;
7.946289974673086e-01 2.894923354194139e-01;
-2.976970757761035e-02 8.451951374642604e-01;
2.894923354194137e-01 -7.946289974673086e-01;

-3.606822102495200e-02 -5.935930468888589e-01;
3.606822102495207e-02 5.935930468888589e-01;
-3.606822102495200e-02 -5.935930468888589e-01;
3.780850425906838e-01 4.590264942809997e-01;
-3.606822102495200e-02 -5.935930468888589e-01;

-3.426423577188475e-01 -3.241428307987179e-01;
3.426423577188475e-01 3.241428307987178e-01;
-3.426423577188475e-01 -3.241428307987179e-01;
4.677298659670684e-01 6.083693404310520e-02;
3.241428307987179e-01 -3.426423577188475e-01;

-7.581674641887826e-01 -1.082784016660197e-02;
7.581674641887826e-01 1.082784016660188e-02;
-7.581674641887826e-01 -1.082784016660197e-02;
6.197348078749931e-01 -4.368797475109916e-01;
7.581674641887826e-01 1.082784016660188e-02;

1.659017780799769e+00 -3.336808390177773e+00;
-1.659017780799769e+00 3.336808390177773e+00;
1.659017780799769e+00 -3.336808390177773e+00;
6.191531828350593e-01 3.674680879471820e+00;
-3.336808390177773e+00 -1.659017780799768e+00;

-5.327661547232387e-01 -4.873735844589667e-01;
5.327661547232388e-01 4.873735844589667e-01;
-5.327661547232387e-01 -4.873735844589667e-01;
1.445458678969921e-01 7.074456011036274e-01;
-5.327661547232387e-01 -4.873735844589667e-01;

-3.749717693369872e-01 -1.087306111938406e-01;
3.749717693369872e-01 1.087306111938406e-01;
-3.749717693369872e-01 -1.087306111938406e-01;
2.394482840719790e-01 3.083677883068880e-01;
1.087306111938406e-01 -3.749717693369872e-01;

-4.043239098787020e-01 1.309180811497112e-01;
4.043239098787020e-01 -1.309180811497113e-01;
-4.043239098787020e-01 1.309180811497112e-01;
4.040566316822241e-01 1.317406788548571e-01;
4.043239098787020e-01 -1.309180811497113e-01;

-8.952715926102749e-01 5.630487439249465e-01;
8.952715926102748e-01 -5.630487439249466e-01;
-8.952715926102749e-01 5.630487439249465e-01;
1.055241681003722e+00 7.071143643596482e-02;
5.630487439249466e-01 8.952715926102748e-01;

-1.545556021805713e+00 4.384018120109986e-01;
1.545556021805713e+00 -4.384018120109988e-01;
-1.545556021805713e+00 4.384018120109986e-01;
-6.065817642783861e-02 1.605384736113707e+00;
-1.545556021805713e+00 4.384018120109986e-01;

-4.734449462723233e-01 9.095085383247228e-02;
4.734449462723233e-01 -9.095085383247234e-02;
-4.734449462723233e-01 9.095085383247228e-02;
-5.980313209910089e-02 4.783782607464477e-01;
-9.095085383247231e-02 -4.734449462723233e-01;

-2.732926627330712e-01 2.753908779530085e-01;
2.732926627330712e-01 -2.753908779530085e-01;
-2.732926627330712e-01 2.753908779530085e-01;
1.774602117829523e-01 3.450172291312577e-01;
2.732926627330712e-01 -2.753908779530085e-01;

-1.383262135013434e-01 5.894157076981514e-01;
1.383262135013433e-01 -5.894157076981514e-01;
-1.383262135013434e-01 5.894157076981514e-01;
5.178224988735941e-01 3.136955171551525e-01;
5.894157076981514e-01 1.383262135013433e-01;

2.848842768054507e-01 3.909400647730715e-01;
-2.848842768054508e-01 -3.909400647730715e-01;
-4.810061658533392e-01 5.124698846574258e-02;
2.848842768054507e-01 3.909400647730715e-01;
2.848842768054507e-01 3.909400647730715e-01;

-6.080881025316985e-02 5.213965457616130e-01;
6.080881025316979e-02 -5.213965457616130e-01;
-4.211382489484276e-01 -3.133602473339591e-01;
-6.080881025316985e-02 5.213965457616130e-01;
-5.213965457616130e-01 -6.080881025316982e-02;

6.998324246232906e-05 3.002679687274916e-01;
-6.998324246236583e-05 -3.002679687274916e-01;
-2.600746804819903e-01 -1.500733770979342e-01;
6.998324246232906e-05 3.002679687274916e-01;
-6.998324246236583e-05 -3.002679687274916e-01;

1.226112484461600e-01 2.649067091460973e-01;
-1.226112484461600e-01 -2.649067091460973e-01;
-2.907215639765357e-01 -2.626889862894875e-02;
1.226112484461600e-01 2.649067091460973e-01;
2.649067091460973e-01 -1.226112484461600e-01;

5.855819223576716e-01 2.029612246078128e-01;
-5.855819223576716e-01 -2.029612246078127e-01;
-4.685605376724009e-01 4.056482084547640e-01;
-1.207282961123311e-02 6.196399706858712e-01;
5.855819223576716e-01 2.029612246078128e-01;

1.516228998473060e-01 1.316107097315227e+00;
-1.516228998473061e-01 -1.316107097315227e+00;
-1.215593630299638e+00 -5.267442655943826e-01;
-1.204838178254718e+00 5.509014064072358e-01;
-1.316107097315227e+00 1.516228998473060e-01;

6.305372640424441e-02 4.481600293552274e-01;
-6.305372640424446e-02 -4.481600293552274e-01;
-4.196448335845289e-01 -1.694738858082643e-01;
-4.067408432437364e-01 1.984567226437891e-01;
-6.305372640424446e-02 -4.481600293552274e-01;

2.524603805961040e-01 2.843521619371314e-01;
-2.524603805961040e-01 -2.843521619371314e-01;
-3.724863861566343e-01 7.646102207674839e-02;
-1.924204285223602e-01 3.279737404981100e-01;
2.843521619371314e-01 -2.524603805961040e-01;

1.790346814647070e+00 -3.917338102090827e-01;
-1.790346814647070e+00 3.917338102090829e-01;
-5.559219761611971e-01 1.746352728173454e+00;
-1.218165642409296e+00 1.369258763868752e+00;
1.790346814647070e+00 -3.917338102090827e-01;

-1.090182319398729e+00 1.262575901195172e-01;
1.090182319398729e+00 -1.262575901195173e-01;
4.357488792352592e-01 -1.007254378415699e+00;
8.077636738984285e-01 -7.429376257280914e-01;
-1.262575901195173e-01 -1.090182319398729e+00;

-2.400348634397905e-01 5.417333498488426e-01;
2.400348634397904e-01 -5.417333498488426e-01;
-3.491374113264453e-01 -4.787429644572083e-01;
-1.242305899508884e-01 -5.793604392133290e-01;
2.400348634397904e-01 -5.417333498488426e-01;

3.258113214115380e-01 5.706819119700458e-01;
-3.258113214115380e-01 -5.706819119700458e-01;
-6.571306939521033e-01 -3.180074802054051e-03;
-5.990253075877567e-01 -2.701842754105298e-01;
5.706819119700457e-01 -3.258113214115381e-01;

-7.126363935995651e-01 1.155154415480894e+00;
7.126363935995650e-01 -1.155154415480894e+00;
-6.440748723004361e-01 -1.194738428258996e+00;
1.255517682772324e+00 -5.156623908465837e-01;
-7.126363935995651e-01 1.155154415480894e+00;

-4.505532724462230e-01 2.094752947394670e-01;
4.505532724462230e-01 -2.094752947394670e-01;
4.386570951350020e-02 -4.949282270663740e-01;
4.876317432477179e-01 9.535949557007271e-02;
-2.094752947394670e-01 -4.505532724462230e-01;

-2.055775097532240e-01 2.931546763826817e-01;
2.055775097532239e-01 -2.931546763826817e-01;
-1.510906421089964e-01 -3.246126840843759e-01;
3.386276944699526e-01 -1.163316867381204e-01;
2.055775097532239e-01 -2.931546763826817e-01;

-3.852746841073353e-02 4.811270461241869e-01;
3.852746841073347e-02 -4.811270461241869e-01;
-3.974045101859465e-01 -2.739292894492911e-01;
3.139687588853649e-01 -3.665940790278931e-01;
4.811270461241869e-01 3.852746841073344e-02;

1.206138777980872e-02 5.772182108130594e-01;
-1.206138777980879e-02 -5.772182108130594e-01;
-5.059163279810154e-01 -2.781636371843200e-01;
5.526943145176970e-01 1.668991751603864e-01;
1.206138777980872e-02 5.772182108130594e-01;

-2.425434397406112e-01 3.378945838774056e-01;
2.425434397406111e-01 -3.378945838774057e-01;
-1.713535735686996e-01 -3.789960722753322e-01;
2.464068010634412e-01 3.350876875753185e-01;
-3.378945838774056e-01 -2.425434397406111e-01;

-9.155162085385779e-02 2.630013042451809e-01;
9.155162085385776e-02 -2.630013042451809e-01;
-1.819900002778379e-01 -2.107866815396724e-01;
2.218380974900897e-01 1.683426381449816e-01;
9.155162085385776e-02 -2.630013042451809e-01;

2.547271114280564e-02 3.134009139225035e-01;
-2.547271114280568e-02 -3.134009139225035e-01;
-2.841495085975509e-01 -1.346404420083190e-01;
3.059334820347845e-01 7.262022053462408e-02;
3.134009139225035e-01 -2.547271114280570e-02;

4.340568844817138e-01 6.549203328264964e-02;
-4.340568844817138e-01 -6.549203328264959e-02;
-1.603106776725866e-01 -4.086503052900164e-01;
4.340568844817138e-01 6.549203328264964e-02;
4.340568844817138e-01 6.549203328264964e-02;

8.324326622763509e-01 5.737639877121927e-01;
-8.324326622763510e-01 -5.737639877121926e-01;
8.067785799724538e-02 -1.007789826327328e+00;
8.324326622763509e-01 5.737639877121927e-01;
-5.737639877121927e-01 8.324326622763509e-01;

2.042699464020859e-01 3.943019101871157e-01;
-2.042699464020860e-01 -3.943019101871157e-01;
2.393404977817292e-01 -3.740539179074501e-01;
2.042699464020859e-01 3.943019101871157e-01;
-2.042699464020860e-01 -3.943019101871157e-01;

2.665333125439683e-01 1.915538387702742e-01;
-2.665333125439683e-01 -1.915538387702742e-01;
3.262383429550169e-02 -3.266015390030312e-01;
2.665333125439683e-01 1.915538387702742e-01;
1.915538387702742e-01 -2.665333125439683e-01;

3.557197113559029e-01 -1.115188392388443e-01;
-3.557197113559029e-01 1.115188392388443e-01;
-2.744380034593436e-01 -2.523028870416575e-01;
2.159841547908995e-01 3.038483329418920e-01;
3.557197113559029e-01 -1.115188392388443e-01;

7.030089355042513e-01 -3.642062507846850e-01;
-7.030089355042513e-01 3.642062507846851e-01;
-6.669163331487492e-01 -4.267204718417947e-01;
5.636224363524566e-01 5.560553081749858e-01;
3.642062507846850e-01 7.030089355042513e-01;

5.290869969934732e-01 3.377125197918691e-01;
-5.290869969934732e-01 -3.377125197918690e-01;
2.792412281907673e-02 -6.270590401043032e-01;
-1.576868190087231e-01 6.075505440065503e-01;
-5.290869969934732e-01 -3.377125197918690e-01;

3.417161300209999e-01 7.811173902428152e-02;
-3.417161300209999e-01 -7.811173902428148e-02;
-1.032113146816920e-01 -3.349907189932328e-01;
3.130741303033877e-02 3.491292069983176e-01;
7.811173902428145e-02 -3.417161300209999e-01;

3.443227045247300e-01 -3.178372571405211e-01;
-3.443227045247300e-01 3.178372571405212e-01;
-4.474164912152234e-01 -1.392735806479185e-01;
-9.174286713336126e-02 4.595235502212968e-01;
3.443227045247300e-01 -3.178372571405211e-01;

8.548283647475531e-02 -8.065804628778769e-01;
-8.548283647475521e-02 8.065804628778769e-01;
-7.412605892858302e-01 3.292599234642497e-01;
4.049390334314011e-01 7.027828524030040e-01;
8.065804628778769e-01 8.548283647475526e-02;

2.085667921153474e+00 1.259133109827396e+00;
-2.085667921153474e+00 -1.259133109827396e+00;
4.760729927988813e-02 -2.435807958490886e+00;
-2.427440665465531e+00 2.072647612029729e-01;
-2.085667921153474e+00 -1.259133109827396e+00;

5.587806050445037e-01 -2.909346918641520e-03;
-5.587806050445037e-01 2.909346918641589e-03;
-2.819098708622176e-01 -4.824635256512583e-01;
-4.503529343955389e-01 3.307967100119378e-01;
-2.909346918641623e-03 -5.587806050445037e-01;

7.080150317667689e-01 -7.687156839532621e-01;
-7.080150317667688e-01 7.687156839532622e-01;
-1.019734826474439e+00 -2.288011617946367e-01;
-1.024635935205883e+00 2.057432580868565e-01;
7.080150317667689e-01 -7.687156839532621e-01;

-9.221035142839388e-01 -5.630725956429472e-01;
9.221035142839389e-01 5.630725956429471e-01;
-2.658341485966535e-02 1.080101366110272e+00;
4.150316459396012e-01 9.975341457251182e-01;
5.630725956429471e-01 -9.221035142839388e-01;

-4.596573624788402e-01 7.728511618013180e-01;
4.596573624788401e-01 -7.728511618013181e-01;
8.991374207036791e-01 1.164937204256821e-02;
8.261411329588656e-01 -3.550699052469707e-01;
4.596573624788401e-01 -7.728511618013181e-01;

6.712457615358068e-01 5.667842701234684e-01;
-6.712457615358070e-01 -5.667842701234683e-01;
1.552266956244412e-01 -8.647080167343744e-01;
-2.099017932746931e-01 -8.530864659688642e-01;
5.667842701234683e-01 -6.712457615358070e-01;

8.188405470489695e-01 3.063855539635585e-01;
-8.188405470489695e-01 -3.063855539635584e-01;
-1.440826004394755e-01 -8.623294923749335e-01;
5.444256223171529e-01 -6.840852950718888e-01;
8.188405470489695e-01 3.063855539635585e-01;

-7.030723839703644e-01 1.192428731922657e+00;
7.030723839703643e-01 -1.192428731922657e+00;
1.384209766032667e+00 1.266417925629362e-02;
9.168058007900588e-01 1.037142314947252e+00;
-1.192428731922657e+00 -7.030723839703643e-01;

-3.409097014779645e-02 4.829222253230991e-01;
3.409097014779639e-02 -4.829222253230991e-01;
4.352684002558147e-01 -2.119374664739011e-01;
4.487516401268918e-01 1.816536138920905e-01;
3.409097014779639e-02 -4.829222253230991e-01;

2.558290539953333e-01 3.639395775849784e-01;
-2.558290539953334e-01 -3.639395775849784e-01;
1.872663926335021e-01 -4.035242485785888e-01;
4.251826321393233e-01 -1.308443744604886e-01;
3.639395775849784e-01 -2.558290539953334e-01;

5.126658882216945e-01 1.015510675081056e-02;
1.015510675081046e-02 -5.126658882216945e-01;
5.126658882216945e-01 1.015510675081056e-02;
5.126658882216945e-01 1.015510675081056e-02;
5.126658882216945e-01 1.015510675081056e-02;

1.553145822097398e+00 7.894809618606003e-01;
7.894809618606000e-01 -1.553145822097398e+00;
1.553145822097398e+00 7.894809618606003e-01;
1.553145822097398e+00 7.894809618606003e-01;
-7.894809618606002e-01 1.553145822097398e+00;

2.142656874150427e-01 4.963464982063170e-01;
4.963464982063170e-01 -2.142656874150428e-01;
2.142656874150427e-01 4.963464982063170e-01;
2.142656874150427e-01 4.963464982063170e-01;
-2.142656874150427e-01 -4.963464982063170e-01;

3.148894660182167e-01 2.141716263137888e-01;
2.141716263137887e-01 -3.148894660182167e-01;
3.148894660182167e-01 2.141716263137888e-01;
3.148894660182167e-01 2.141716263137888e-01;
2.141716263137887e-01 -3.148894660182167e-01;

3.575717268283945e-01 -1.748655312064275e-01;
-1.748655312064275e-01 -3.575717268283944e-01;
3.575717268283945e-01 -1.748655312064275e-01;
2.768027432272566e-01 2.860344999698664e-01;
3.575717268283945e-01 -1.748655312064275e-01;

5.651569596030658e-01 -6.090067878844805e-01;
-6.090067878844806e-01 -5.651569596030657e-01;
5.651569596030658e-01 -6.090067878844805e-01;
7.538429790921386e-01 3.493027620140493e-01;
6.090067878844805e-01 5.651569596030658e-01;

7.477798033989248e-01 3.996514502648330e-01;
3.996514502648328e-01 -7.477798033989249e-01;
7.477798033989248e-01 3.996514502648330e-01;
-1.490144487205529e-01 8.346799447348837e-01;
-7.477798033989248e-01 -3.996514502648328e-01;

3.962771969145397e-01 5.347997272916059e-02;
5.347997272916052e-02 -3.962771969145397e-01;
3.962771969145397e-01 5.347997272916059e-02;
7.159391177450498e-02 3.934082308167700e-01;
5.347997272916052e-02 -3.962771969145397e-01;

2.715820886843053e-01 -3.753272425437678e-01;
-3.753272425437679e-01 -2.715820886843052e-01;
2.715820886843053e-01 -3.753272425437678e-01;
8.972928373797964e-04 4.632780641852171e-01;
2.715820886843053e-01 -3.753272425437678e-01;

-7.314595872726568e-02 -6.464814978685910e-01;
-6.464814978685910e-01 7.314595872726580e-02;
-7.314595872726568e-02 -6.464814978685910e-01;
4.391686140073122e-01 4.800204025199807e-01;
6.464814978685910e-01 -7.314595872726572e-02;

4.719750103438666e+00 -8.644884795184742e+00;
-8.644884795184742e+00 -4.719750103438664e+00;
4.719750103438666e+00 -8.644884795184742e+00;
1.262977747492233e+00 9.768058219025166e+00;
-4.719750103438665e+00 8.644884795184742e+00;

6.444570065262136e-01 -1.346150801082279e-01;
-1.346150801082280e-01 -6.444570065262136e-01;
6.444570065262136e-01 -1.346150801082279e-01;
-4.422519115999269e-01 4.877082116793638e-01;
-1.346150801082280e-01 -6.444570065262136e-01;

3.058785282437022e-01 -8.898082433340463e-01;
-8.898082433340464e-01 -3.058785282437020e-01;
3.058785282437022e-01 -8.898082433340463e-01;
-7.704770903635770e-01 5.400791026975872e-01;
3.058785282437022e-01 -8.898082433340463e-01;

-6.043606567400488e-01 -4.334202106256010e-01;
-4.334202106256009e-01 6.043606567400489e-01;
-6.043606567400488e-01 -4.334202106256010e-01;
2.341800341830780e-01 7.058785971992746e-01;
4.334202106256009e-01 -6.043606567400488e-01;

-7.336800439941275e-01 5.512257179698239e-01;
5.512257179698240e-01 7.336800439941273e-01;
-7.336800439941275e-01 5.512257179698239e-01;
9.175619717320007e-01 -1.470466381307849e-02;
7.336800439941273e-01 -5.512257179698240e-01;

1.113829320284713e+00 8.508587095438873e-01;
8.508587095438871e-01 -1.113829320284713e+00;
1.113829320284713e+00 8.508587095438873e-01;
-4.009846476889272e-01 -1.343051603867246e+00;
8.508587095438871e-01 -1.113829320284713e+00;

1.279718811749162e+00 1.658202948911902e-01;
1.658202948911900e-01 -1.279718811749162e+00;
1.279718811749162e+00 1.658202948911902e-01;
5.531593328420553e-01 -1.165843625805889e+00;
1.279718811749162e+00 1.658202948911902e-01;

-1.214241160674872e+00 5.821191028002427e-01;
5.821191028002429e-01 1.214241160674872e+00;
-1.214241160674872e+00 5.821191028002427e-01;
1.784070120599630e-01 1.334696663729200e+00;
-5.821191028002428e-01 -1.214241160674872e+00;

-1.359943954438025e-01 5.337905327004904e-01;
5.337905327004904e-01 1.359943954438024e-01;
-1.359943954438025e-01 5.337905327004904e-01;
4.656403851295808e-01 2.942887020073559e-01;
1.359943954438025e-01 -5.337905327004904e-01;

2.959806658009392e-01 4.597537557315216e-01;
4.597537557315215e-01 -2.959806658009393e-01;
2.959806658009392e-01 4.597537557315216e-01;
5.287148610185358e-01 -1.394226171586129e-01;
4.597537557315215e-01 -2.959806658009393e-01;

2.796583159164518e-01 1.731555586389496e-01;
1.731555586389495e-01 -2.796583159164519e-01;
-2.897862705460422e-01 1.556134266437466e-01;
2.796583159164518e-01 1.731555586389496e-01;
2.796583159164518e-01 1.731555586389496e-01;

2.474365562942993e-01 3.931432779003389e-01;
3.931432779003389e-01 -2.474365562942994e-01;
-4.641903441359284e-01 1.771470462563216e-02;
2.474365562942993e-01 3.931432779003389e-01;
-3.931432779003389e-01 2.474365562942993e-01;

1.094513195613573e-01 2.608086014457950e-01;
2.608086014457950e-01 -1.094513195613574e-01;
-2.805925341582280e-01 -3.561667750503333e-02;
1.094513195613573e-01 2.608086014457950e-01;
-1.094513195613573e-01 -2.608086014457950e-01;

1.640291470024581e-01 1.776085287315081e-01;
1.776085287315080e-01 -1.640291470024581e-01;
-2.358280713114934e-01 5.324914389946682e-02;
1.640291470024581e-01 1.776085287315081e-01;
1.776085287315080e-01 -1.640291470024581e-01;

3.373265646796910e-01 5.343826361627155e-02;
5.343826361627148e-02 -3.373265646796910e-01;
-2.149421761656662e-01 2.654142425758111e-01;
5.341683230839116e-02 3.373299590653950e-01;
3.373265646796910e-01 5.343826361627155e-02;

5.645162104195280e-01 2.638957357395793e-01;
2.638957357395792e-01 -5.645162104195280e-01;
-5.107985163106246e-01 3.569375112016434e-01;
-7.653465647785278e-02 6.184350875603484e-01;
-2.638957357395793e-01 5.645162104195280e-01;

2.297571251157674e-01 2.904546598489702e-01;
2.904546598489702e-01 -2.297571251157674e-01;
-3.664196766346599e-01 5.374817712624919e-02;
-2.052399406981522e-01 3.082674369953180e-01;
-2.297571251157674e-01 -2.904546598489702e-01;

2.342815362674990e-01 1.426967797413998e-01;
1.426967797413997e-01 -2.342815362674990e-01;
-2.407198044280343e-01 1.315453721745996e-01;
-6.331572605246476e-02 2.669107116975155e-01;
1.426967797413997e-01 -2.342815362674990e-01;

5.211676624322783e-01 -5.125860452341446e-02;
-5.125860452341455e-02 -5.211676624322783e-01;
-2.161925775363222e-01 4.769737375590131e-01;
-3.915044440344237e-01 3.478037481168221e-01;
5.211676624322783e-01 -5.125860452341446e-02;

2.151473688836928e+00 1.608049632683053e-01;
1.608049632683049e-01 -2.151473688836928e+00;
-1.214998027663439e+00 1.782828388472443e+00;
-1.835097563124175e+00 1.134510556929734e+00;
-1.608049632683051e-01 2.151473688836928e+00;

2.593299658296501e-01 5.586299236179811e-01;
5.586299236179811e-01 -2.593299658296502e-01;
-6.134526880821572e-01 -5.472862343796302e-02;
-5.381567800987814e-01 -2.995107723811462e-01;
-2.593299658296502e-01 -5.586299236179811e-01;

3.496851221810189e-01 2.062110361478318e-01;
2.062110361478317e-01 -3.496851221810190e-01;
-3.534265569352429e-01 1.997306810603119e-01;
-4.041090124321698e-01 3.871152509283207e-02;
2.062110361478317e-01 -3.496851221810190e-01;

7.712118484313507e-01 4.379107799199406e-01;
4.379107799199404e-01 -7.712118484313508e-01;
-7.648477842174002e-01 4.489336624811336e-01;
-3.665259933874430e-01 -8.075842138763853e-01;
7.712118484313507e-01 4.379107799199406e-01;

-5.614890304937028e-01 9.547917440445240e-01;
9.547917440445242e-01 5.614890304937026e-01;
-5.461293904193562e-01 -9.636596363761039e-01;
1.015466673984500e+00 -4.424077755727178e-01;
-9.547917440445240e-01 -5.614890304937027e-01;

-4.754148954603322e-02 4.461185689410035e-01;
4.461185689410035e-01 4.754148954603313e-02;
-3.625792690298519e-01 -2.642314221511187e-01;
3.006837885779846e-01 -3.329733173523283e-01;
4.754148954603316e-02 -4.461185689410035e-01;

2.215831509714349e-01 3.677634568192482e-01;
3.677634568192482e-01 -2.215831509714349e-01;
-4.292840716747678e-01 8.014909382241113e-03;
3.690140144741336e-02 -4.277701947743550e-01;
3.677634568192482e-01 -2.215831509714349e-01;

2.967182213847003e-01 3.512344474842329e-01;
3.512344474842329e-01 -2.967182213847004e-01;
-4.525370648978871e-01 8.134829374276922e-02;
4.257347829757879e-01 -1.736583846689043e-01;
2.967182213847003e-01 3.512344474842329e-01;

-9.765323855962890e-03 5.309253515683749e-01;
5.309253515683749e-01 9.765323855962793e-03;
-4.549121800434155e-01 -2.739196943196334e-01;
5.019223642483307e-01 1.733523312660674e-01;
-5.309253515683749e-01 -9.765323855962857e-03;

1.688551612703773e-02 3.001609172839288e-01;
3.001609172839288e-01 -1.688551612703779e-02;
-2.683897376546408e-01 -1.354571727199378e-01;
2.906879077620580e-01 7.669574434428067e-02;
-1.688551612703777e-02 -3.001609172839288e-01;

1.326741904127864e-01 2.530681983843314e-01;
2.530681983843314e-01 -1.326741904127864e-01;
-2.855005838971842e-01 -1.163487986815884e-02;
2.816807386929817e-01 -4.797827929965551e-02;
2.530681983843314e-01 -1.326741904127864e-01;

2.747256393149291e-01 2.046029528335650e-02;
2.046029528335645e-02 -2.747256393149291e-01;
-1.196436841731470e-01 -2.481495303593277e-01;
2.747256393149291e-01 2.046029528335650e-02;
2.747256393149291e-01 2.046029528335650e-02;

4.362489058804880e-01 9.818752343015093e-02;
9.818752343015084e-02 -4.362489058804880e-01;
-1.330915633150538e-01 -4.268963965807446e-01;
4.362489058804880e-01 9.818752343015093e-02;
-9.818752343015090e-02 4.362489058804880e-01;

2.530412831025636e-01 2.031340171682321e-01;
2.031340171682320e-01 -2.530412831025636e-01;
4.939857768919131e-02 -3.207071879571461e-01;
2.530412831025636e-01 2.031340171682321e-01;
-2.530412831025636e-01 -2.031340171682320e-01;

2.173631371256358e-01 9.663341176832371e-02;
9.663341176832367e-02 -2.173631371256358e-01;
-2.499457911708755e-02 -2.365587044812429e-01;
2.173631371256358e-01 9.663341176832371e-02;
9.663341176832367e-02 -2.173631371256358e-01;

2.426630659894694e-01 -5.392923895493971e-02;
-5.392923895493976e-02 -2.426630659894694e-01;
-1.680356239364739e-01 -1.831877602296302e-01;
1.262767654248092e-01 2.141212388426619e-01;
2.426630659894694e-01 -5.392923895493971e-02;

3.760470935894217e-01 -9.840408234739546e-02;
-9.840408234739553e-02 -3.760470935894217e-01;
-2.732439819436513e-01 -2.764642948940457e-01;
2.097927863509730e-01 3.272335050308560e-01;
9.840408234739549e-02 3.760470935894217e-01;

3.402821238903199e-01 9.879692154640474e-02;
9.879692154640467e-02 -3.402821238903199e-01;
-8.458041807027547e-02 -3.440914245159430e-01;
1.119150313750090e-02 3.541574590544110e-01;
-3.402821238903199e-01 -9.879692154640470e-02;

2.366577135223288e-01 3.225684362504478e-02;
3.225684362504474e-02 -2.366577135223288e-01;
-9.039361073597360e-02 -2.210800137243991e-01;
4.245317400360479e-02 2.350427734419565e-01;
3.225684362504474e-02 -2.366577135223288e-01;

2.688016846017445e-01 -1.389828000077371e-01;
-1.389828000077371e-01 -2.688016846017445e-01;
-2.547634777966647e-01 -1.632976874412944e-01;
-1.357730907925638e-01 2.704371131323520e-01;
2.688016846017445e-01 -1.389828000077371e-01;

3.817377805874847e-01 -3.304977176292193e-01;
-3.304977176292194e-01 -3.817377805874846e-01;
-4.770883096534225e-01 -1.653457567584420e-01;
-1.145706675514727e-01 4.917581078363545e-01;
3.304977176292193e-01 3.817377805874847e-01;

5.778828537469679e-01 4.769615553829649e-02;
4.769615553829639e-02 -5.778828537469679e-01;
-2.476353445144656e-01 -5.243093095254697e-01;
-4.955521462556479e-01 3.010840185883233e-01;
-5.778828537469679e-01 -4.769615553829643e-02;

3.165636281575707e-01 -7.981753408502507e-03;
-7.981753408502566e-03 -3.165636281575707e-01;
-1.651942152972917e-01 -2.701612671943757e-01;
-2.514137980395134e-01 1.925288061956071e-01;
-7.981753408502566e-03 -3.165636281575707e-01;

4.323595758525883e-01 -1.660495087291268e-01;
-1.660495087291269e-01 -4.323595758525883e-01;
-3.599828807716440e-01 -2.914096218932429e-01;
-4.473876969268791e-01 -1.197977079041055e-01;
4.323595758525883e-01 -1.660495087291268e-01;

9.038760734857929e-01 -8.650811466466893e-01;
-8.650811466466894e-01 -9.038760734857928e-01;
-1.201120286073901e+00 -3.502390681882814e-01;
-1.239733044294091e+00 1.685803232555610e-01;
8.650811466466893e-01 9.038760734857929e-01;

5.616543953337059e-01 6.225719504405732e-01;
6.225719504405731e-01 -5.616543953337060e-01;
2.583359270983097e-01 -7.976929497264641e-01;
-8.844933983042388e-02 -8.338034585899800e-01;
-5.616543953337060e-01 -6.225719504405731e-01;

4.108157372712888e-01 1.219513285975019e-01;
1.219513285975019e-01 -4.108157372712888e-01;
-9.979492004494425e-02 -4.167525290501207e-01;
-2.606757205620612e-01 -3.401321290997054e-01;
1.219513285975019e-01 -4.108157372712888e-01;

4.026707344915214e-01 5.458186182564469e-02;
5.458186182564461e-02 -4.026707344915214e-01;
-1.540660883189005e-01 -3.760140163430185e-01;
1.763425354561234e-01 -3.660959030707677e-01;
4.026707344915214e-01 5.458186182564469e-02;

7.662706562520013e-01 4.228011695564667e-01;
4.228011695564665e-01 -7.662706562520014e-01;
-1.697877454032915e-02 -8.750104392670396e-01;
6.388984624766015e-01 -5.981139542396778e-01;
-4.228011695564666e-01 7.662706562520013e-01;

2.240434464707782e-01 3.649127532226543e-01;
3.649127532226542e-01 -2.240434464707783e-01;
2.040019912203511e-01 -3.764836928064402e-01;
4.162858842694149e-01 -1.003137374893066e-01;
-2.240434464707783e-01 -3.649127532226543e-01;

2.606800200529915e-01 1.733303602059250e-01;
1.733303602059249e-01 -2.606800200529916e-01;
1.976848515894244e-02 -3.124206997278900e-01;
2.454015248360075e-01 -1.943594047945870e-01;
1.733303602059249e-01 -2.606800200529916e-01;

