5
0
0
52
8.148925578113119e-01 6.336947438816293e-01
1.158637681347102e-01 9.010054168427786e-02
-3.468363698403353e-02 -2.697145561681450e-02
4.987035626950232e-02 3.878128759497852e-02
-1.053741564613395e-01 -8.194337824100364e-02
4.335559509131367e-16
1.097484464072289e+04
5.335866354841789e-15
2.384185791015625e-08
3.492247069540877e-14
0.000000000000000e+00
1
1
2
52
6.664159079784047e-01 -8.397742394544564e-01
2.261516366831343e+00 3.536150199367585e-01
-8.581508942525943e-01 -2.122045452497280e+00
-4.668174639614958e-01 -9.177484499963293e-01
9.998047090941811e-01 2.461123844978278e-01
1.066738888285840e-14
2.396072957601367e+02
5.138768644407338e-15
9.765625000000001e-05
5.754034347697428e-12
0.000000000000000e+00
1
1
12
52
-5.697216249803851e-02 2.828637568107374e-01
-5.843737970761936e-02 2.901384823305918e-01
-1.151990667986999e-03 5.719572399396774e-03
7.211240691278251e-03 -3.580342651152923e-02
-1.706251762614204e-01 8.471449256548973e-01
2.355138688025662e-16
1.819325432834356e+04
1.101509508323847e-16
2.441406250000000e-05
6.623832782081332e-13
0.000000000000000e+00
1
1
21
52
4.884036066781651e-02 1.679076698496733e-01
3.633040953087056e-01 8.607513319382344e-02
-2.604540957679864e-01 2.675116038980216e-01
1.661518335483768e-01 2.449616153749083e-02
-1.270902070596078e-01 1.097933194283894e-01
1.755416734288351e-16
2.954157743695300e+02
1.747706338922802e-16
9.765625000000001e-05
1.550250648671839e-13
0.000000000000000e+00
1
1
28
52
1.144431784210157e+00 6.880409846730466e-01
-1.396160532709785e-01 8.786727658636312e-02
1.212028545407555e-02 -1.645186898385130e-01
-9.623888682074182e-02 -7.214840056059078e-02
-1.088586177617982e-01 -5.115775971382704e-02
7.066778860128639e-16
3.156412402791351e+03
1.162647667068963e-15
9.536743164062501e-08
1.295704439455311e-12
0.000000000000000e+00
1
1
42
52
5.358387741627813e-01 -1.169243149226636e-01
1.379910545875711e-02 -3.011075401984354e-03
-3.539350886533892e-01 7.723147290441909e-02
-6.735187387285800e-02 1.469671866065666e-02
-4.449050283452846e-01 9.708184281027346e-02
4.742874840267547e-16
4.371537162928627e+02
1.728965390288468e-16
2.441406250000000e-05
2.507373696801245e-12
0.000000000000000e+00
1
1
44
52
-1.539021207300662e-02 1.907865682971856e-01
3.381707040375478e-01 2.294694789019714e-01
-3.705800327770743e-01 1.722965644571466e-01
-1.727538302783883e-01 6.285469882677161e-02
1.604450203646468e-01 8.973290634235810e-02
8.355534721610419e-17
2.319812495356685e+02
1.375214909094682e-16
9.765625000000001e-05
2.317275757732708e-13
0.000000000000000e+00
1
1
48
52
4.370694443852839e-01 9.211905051463826e-01
-1.324205717075519e-02 -2.790965484091783e-02
6.583662597141136e-02 1.387607290210746e-01
-5.628236288148338e-02 -1.186236625773407e-01
3.115718333473334e-02 6.566851520684351e-02
2.371437420133774e-16
1.234411650261565e+04
7.584055402596577e-16
2.384185791015625e-08
1.881386505729534e-13
0.000000000000000e+00
1
1
56
52
-2.975106993602323e-01 -7.535422455960610e-02
7.699084164636506e-02 1.950042530551460e-02
-3.457081044926149e-01 -8.756177910251994e-02
-1.405486165237390e+00 -3.559849119329030e-01
4.806510072839870e-02 1.217404416566492e-02
1.414501230570780e-15
2.031007715250616e+05
3.844725243804692e-13
5.960464477539063e-09
7.068458335509060e-13
0.000000000000000e+00
1
1
61
52
4.297173889544863e-02 -2.649275034238533e-01
9.127939723556149e-01 -5.427713962654365e-02
-8.488386788175438e-01 -3.400172660293419e-01
-2.415526055046046e-01 -7.057028510694340e-02
2.514745968848947e-01 9.399653595644011e-03
1.415262216750919e-16
1.401186640610972e+02
3.858949896839791e-16
2.441406250000000e-05
7.860156119126815e-13
0.000000000000000e+00
1
1
64
52
-2.372670560064891e+00 -2.780267976235351e+00
-2.433691198651061e+00 -2.851771256212755e+00
-4.797596270826027e-02 -5.621767934919143e-02
-7.105879692301444e+00 -8.326587805323440e+00
3.003203273234571e-01 3.519118931736905e-01
5.747545583688184e-11
3.453136194250684e+06
7.899698418131607e-12
2.384185791015625e-08
9.698028136264359e-12
0.000000000000000e+00
1
1
68
52
-8.508994731311509e-02 -2.180565418400806e-01
6.616622079123688e-01 -4.451702843026951e-01
-7.883024765500812e-01 1.206344265565225e-01
1.930769732315498e-01 -1.043498963494264e-01
-2.127238794422615e-01 5.400157012001453e-02
8.648536046092569e-17
1.324905168189888e+02
8.511593396911129e-16
2.441406250000000e-05
1.825355378491811e-12
0.000000000000000e+00
1
1
72
52
-1.011322157574674e-01 1.239541793624378e-01
2.617134249448354e-02 -3.207728869994102e-02
-1.175158630860515e-01 1.440350363313834e-01
1.633867335770452e-02 -2.002573396376565e-02
-4.777640952496491e-01 5.855785509291080e-01
2.001483021243360e-16
1.615954516992990e+05
1.738108093594502e-16
9.765625000000001e-05
1.139083663043149e-12
0.000000000000000e+00
1
1
73
52
-7.045946708986475e-02 1.996341579293825e-01
-8.187405986936770e-02 2.319753423260308e-01
1.823374313888179e-02 -5.166201374740379e-02
1.138325912387841e-02 -3.225240614989429e-02
-3.328613270640805e-01 9.431023747446589e-01
2.482534153247273e-16
1.270733557012795e+05
4.433758121610435e-16
2.441406250000000e-05
6.611355366480423e-13
0.000000000000000e+00
1
1
85
52
-4.644754918705399e-01 -3.276928794234389e-01
1.196155723684502e-01 -1.207771655027167e+00
-1.097726779418553e+00 5.177027849910272e-01
1.004098143948912e-01 -5.366325668858465e-01
-4.718888110393563e-01 2.745498000093456e-01
5.270819618217443e-16
3.068560000857257e+01
9.299401704612922e-16
9.765625000000001e-05
1.897152864870579e-12
0.000000000000000e+00
1
1
86
52
-5.364667246407339e-01 1.938292741251368e-02
-1.084748469018264e-02 3.919273996216996e-04
-5.502636430452736e-01 1.988141996696312e-02
-1.606657101235901e+00 5.804967305448605e-02
6.790317419283444e-02 -2.453390370742707e-03
3.157447173747947e-15
3.708527638287314e+04
5.755320668184827e-14
2.384185791015625e-08
4.559867010536352e-13
0.000000000000000e+00
1
1
89
52
-1.240048150691085e-01 1.923096740974941e-01
-2.507406836628177e-03 3.888547322239570e-03
-1.271939864318139e-01 1.972555183783080e-01
1.569588601049813e-02 -2.434156062140090e-02
-3.713803812372384e-01 5.759457005127880e-01
1.665334536937735e-16
2.868355993084912e+04
9.654808609438035e-17
9.765625000000001e-05
1.024320335983321e-13
0.000000000000000e+00
1
1
100
52
1.797170886582541e-01 -3.336353220210772e-01
3.116491216866845e-01 4.406878388997140e-01
-5.394581440784156e-01 -1.777237152587141e-02
-2.574182482906842e-01 -1.653393912621854e-02
1.554373129231494e-01 2.058561814648876e-01
2.775557561562891e-16
5.695141716696766e+01
1.099917880161515e-16
3.906250000000000e-04
1.557576015973116e-12
0.000000000000000e+00
1
1
106
52
1.167077247883148e+00 7.200090711103988e-01
-1.444024884783702e-01 8.858361526679030e-02
1.438389595632286e-02 -1.687964428227036e-01
-1.111809749279263e-01 -5.381463801960036e-02
-9.797490006473873e-02 -7.522063153423601e-02
1.597453340887641e-16
3.456235378335807e+03
2.076832141016056e-15
9.536743164062501e-08
1.296464167021318e-12
0.000000000000000e+00
1
1
110
52
7.508821727251322e-01 -5.103689127490828e-01
-7.371691082933081e-02 4.430597061812216e-01
-4.390955432174380e-01 -9.450497399710181e-02
-1.850698750011480e-01 1.257905891468278e-01
-3.491059490383656e-01 2.372846634490142e-01
9.930136612989092e-16
1.696248946551761e+02
1.177456465333254e-15
6.103515625000000e-06
3.140798174851644e-15
0.000000000000000e+00
1
1
114
52
9.716613227598334e-01 -4.071188479721782e-01
-1.860660195913021e-01 4.868316563402885e-01
-4.775268123152290e-01 -2.087912085832070e-01
-4.517522995583466e-01 1.892808445257365e-01
-2.394852962003118e-01 1.003425531217178e-01
1.003109756125896e-15
2.886834174315718e+02
4.346354767462095e-15
6.103515625000000e-06
1.344103691116336e-14
0.000000000000000e+00
1
1
122
52
7.300338383421077e-01 1.034631401049258e+00
-3.107186142811755e-02 -4.403621015101271e-02
1.037983112808704e-01 1.471068690061817e-01
4.467711388198009e-02 6.331808541303129e-02
-9.440103381254072e-02 -1.337886940909133e-01
5.467214348906571e-16
7.444327375514775e+03
2.093070720502912e-16
2.384185791015625e-08
3.818085875138874e-14
0.000000000000000e+00
1
1
128
52
6.603145125178391e-01 7.101567650980950e-01
4.152554001457498e-02 -1.123684705245418e-01
-1.150880772803577e-01 3.325324208911500e-02
-5.265591834254733e-02 -6.969039455343590e-02
-6.568128674522739e-02 -5.757920979834415e-02
1.570092458683775e-16
4.960350033845804e+03
4.044817581600651e-16
9.536743164062501e-08
6.800886341031954e-13
0.000000000000000e+00
1
1
130
52
8.039765037693067e-01 9.522257728041122e-01
-5.310468537508035e-01 -6.289692526302395e-01
2.070428102036926e-02 2.452204747594828e-02
-6.675388315399589e-01 -7.906296723346616e-01
-1.010552552177976e-01 -1.196893417214775e-01
3.645939770446033e-15
4.051824773853605e+02
2.994000354939457e-14
6.103515625000000e-06
1.829140867803411e-14
0.000000000000000e+00
1
1
141
52
6.614101867097413e-01 7.305726737810777e-01
4.371570769874268e-02 -1.136265073873567e-01
-1.174003088780773e-01 3.223683849236760e-02
-6.596669608911875e-02 -5.939856376887866e-02
-5.256686848962357e-02 -7.152984487550906e-02
1.570092458683775e-16
4.329890741294383e+03
8.170472304378999e-16
9.536743164062501e-08
6.805382515835160e-13
0.000000000000000e+00
1
1
142
52
5.821218423367902e-01 4.520982257231712e-01
-3.694806883050328e-02 -3.627531471594148e-01
-3.606100852531888e-01 5.399418466882798e-02
-2.706445905985558e-01 -2.101930048183799e-01
-1.434755285316173e-01 -1.114286171146801e-01
6.280369834735101e-16
2.123332978445832e+02
1.729211151700951e-15
6.103515625000000e-06
5.122689825691452e-15
0.000000000000000e+00
1
1
148
52
5.632310783532051e-01 1.436454370012353e-01
1.450452155126019e-02 3.699206980579941e-03
-3.720283997005526e-01 -9.488145115874241e-02
-4.676487610871420e-01 -1.192682954318832e-01
-7.079493007908921e-02 -1.805541110837915e-02
2.220446049250313e-16
4.099317269154562e+02
5.259415343314578e-15
6.103515625000000e-06
1.300963963808184e-14
0.000000000000000e+00
1
1
155
52
7.088501711280170e-01 3.713045315641285e-01
-1.091429521183996e-01 -3.805273479145826e-01
-3.749638878247772e-01 1.269461670762571e-01
-1.747102505964362e-01 -9.151540113749519e-02
-3.295641056699335e-01 -1.726297754593113e-01
4.427340578947539e-15
3.236432858582205e+02
1.480870179352687e-15
2.441406250000000e-05
7.350826349959873e-12
0.000000000000000e+00
1
1
160
52
7.141880830618632e-01 1.032911399696637e+00
-2.163802468479349e-02 -3.129450475849325e-02
1.075795489751378e-01 1.555894660608867e-01
5.091202170569559e-02 7.363271503490176e-02
-9.196751997397742e-02 -1.330102000241874e-01
8.899114524108741e-16
6.632280106072128e+03
1.020202733906994e-14
2.384185791015625e-08
3.894110179958036e-14
0.000000000000000e+00
1
1
174
52
1.437186675885640e+00 -4.565333686217330e-01
-9.492982181735997e-01 3.015518586702291e-01
3.701092839997118e-02 -1.175680522354179e-02
-1.806461577500470e-01 5.738363728941522e-02
-1.193290985280809e+00 3.790580321936855e-01
1.986027322597818e-14
3.363453125281216e+02
1.172667123770212e-15
2.441406250000000e-05
4.155764434103171e-12
0.000000000000000e+00
1
1
175
52
-2.779204192622232e-02 -3.942282516997040e-01
5.204548062960392e-01 2.144125742427518e-01
-4.852256694969109e-01 2.853103696876891e-01
2.518033414157777e-01 9.465735995171715e-02
-2.360326740153089e-01 1.290484999461930e-01
1.861900614935455e-16
5.058082550722184e+01
2.380759772608738e-16
3.906250000000000e-04
3.508849506528380e-13
0.000000000000000e+00
1
1
187
52
5.225876825112486e-03 1.395338264446450e-01
4.678032205064114e-01 8.646012839116703e-02
-4.600254927501054e-01 1.212095414462499e-01
-1.292321503433373e-01 2.097153290677147e-02
1.304387830313787e-01 1.124623297445291e-02
6.938893903907228e-17
5.385800386215871e+02
9.808386078074468e-17
2.441406250000000e-05
6.702658802554494e-13
0.000000000000000e+00
1
1
192
52
4.568688951378729e-01 9.315772486915311e-01
-1.944535479722414e-02 -3.964999656271709e-02
6.495893382115381e-02 1.324543331600274e-01
-5.907794098387735e-02 -1.204627110880739e-01
2.795977745848468e-02 5.701130638570184e-02
3.855927796350634e-16
1.376365595208075e+04
3.284644441808876e-15
2.384185791015625e-08
1.901908365011538e-13
0.000000000000000e+00
1
1
197
52
3.932519126048602e-02 1.213238476437036e-01
4.326348743107191e-01 -4.046244021943188e-02
-3.741067761896645e-01 2.210300059886424e-01
1.174311899792910e-01 -2.258529691743191e-02
-1.083511709075906e-01 5.059845629814201e-02
8.441528768080324e-17
7.595661225447036e+02
1.513712571776795e-16
2.441406250000000e-05
1.302516571959147e-12
0.000000000000000e+00
1
1
198
52
-3.854898418581522e-01 -5.884027549213887e-01
-4.479400667488788e-01 -6.837253299444331e-01
9.975838662130189e-02 1.522688878946810e-01
-1.821113125463855e+00 -2.779704842236026e+00
6.227879574928928e-02 9.506090955710551e-02
5.914776152397808e-14
5.848948270475556e+05
6.747057184210546e-12
5.960464477539063e-09
1.815319811232239e-12
0.000000000000000e+00
1
1
202
52
8.059044463452228e-01 6.454912123919877e-01
1.213949643113389e-01 9.723160487197730e-02
-2.441678980253997e-02 -1.955668978355563e-02
5.745016703322985e-02 4.601485714413900e-02
-1.037780313396119e-01 -8.312127768105700e-02
2.482534153247273e-16
1.118940760652289e+04
6.558713569025568e-16
2.384185791015625e-08
3.826083698782556e-14
0.000000000000000e+00
1
1
209
52
5.914554589320644e-01 6.839203847809370e-01
8.909209355329331e-02 1.030202663340477e-01
-1.791954825885706e-02 -2.072099285790118e-02
-7.616297866502053e-02 -8.806988402591820e-02
4.216283340097853e-02 4.875434118930676e-02
4.177767360805210e-17
1.692280252132819e+04
2.688141592301510e-15
2.384185791015625e-08
1.664376508976299e-13
0.000000000000000e+00
1
1
228
52
6.103579006333182e-01 6.776818428478399e-01
8.678244217631208e-02 9.635475395641807e-02
-2.597818774141339e-02 -2.884364423591641e-02
-7.892567959080850e-02 -8.763137158971598e-02
3.735310338119092e-02 4.147324038762428e-02
3.554447978966673e-16
1.716677776856693e+04
1.293004764805010e-15
2.384185791015625e-08
1.684662016936572e-13
0.000000000000000e+00
1
1
230
52
2.565073726467240e-01 2.564024919000170e-01
1.644686296460587e-01 -4.896841651841267e-01
-4.896168625447104e-01 1.646688789103812e-01
8.586417555709085e-02 -2.314550945351135e-01
-2.314199598538461e-01 8.595882509435282e-02
1.494683490070454e-16
4.920629963929370e+01
1.113669147768749e-16
3.906250000000000e-04
1.378352871004877e-12
0.000000000000000e+00
1
1
234
52
1.564599470448589e-01 5.253564457978785e-01
5.709307908370579e-01 -5.325358873739467e-01
-7.692591070025241e-01 -1.334048933160386e-01
-3.694418156695297e-01 -5.225211301013447e-02
2.806582065741755e-01 -2.458627860449619e-01
1.226281411657844e-15
2.701461516045083e+01
2.630472846639952e-16
3.906250000000000e-04
3.069513682425752e-12
0.000000000000000e+00
1
1
-1

2 0
1 5
1371503490562018825259910380479915778089457567978814613028941296633499171277660044632629445367840353625463412555216807127337626351931545363267158104928952675145670694047169503771531135691129775384967616792786768252926009064505157837472365962761830379986621268516846813978277241629576922779313728489572034238919/2500000000000000000000000000000000000000000000000000000000000000000000000000000000000000000000000000000000000000000000000000000000000000000000000000000000000000000000000000000000000000000000000000000000000000000000000000000000000000000000000000000000000000000000000000000000000000000000000000000000000000000000 -834866239590148795439774822807260511603802521671610562913347244074480064825054008079175852777357316888648178729413434723281511895923836245859920071983826731626126874381778315637457246663511695625461625164118929248547906878195439190310910112144880690524056779593769758322675099689516351368880319956370108727529/1250000000000000000000000000000000000000000000000000000000000000000000000000000000000000000000000000000000000000000000000000000000000000000000000000000000000000000000000000000000000000000000000000000000000000000000000000000000000000000000000000000000000000000000000000000000000000000000000000000000000000000000
8590023727487582162759708427131330651518357058762609024865160873061629290347411575914461220761022827500356847034333119254243305285404391151280011711358574922818122889417216458168421743732894598957971669404194735314525676434779604856671851359159362374501226606132095186189862132811131411471821770193410123189229/10000000000000000000000000000000000000000000000000000000000000000000000000000000000000000000000000000000000000000000000000000000000000000000000000000000000000000000000000000000000000000000000000000000000000000000000000000000000000000000000000000000000000000000000000000000000000000000000000000000000000000000000 -1412922575696827833596900151957876022015805751378452533723226671953775842389717763362054154627852967015619658402995241814132428912231854135836328694609369186929454637176772799178170736291851756160174565419149346774802221807304398411023305253789793495743661944859308111709752187088732172107436332606947011936417/2500000000000000000000000000000000000000000000000000000000000000000000000000000000000000000000000000000000000000000000000000000000000000000000000000000000000000000000000000000000000000000000000000000000000000000000000000000000000000000000000000000000000000000000000000000000000000000000000000000000000000000000
-2039514211394213442467846226804315010518663669550061800936064327549168223666628422427319385081802294450453927458836108255776110293782779870503100020772361299656449165145588564327857249841717898332700105112320651984633679682950152804429121243478482272518623420513583753672177104451761686861379381075358990376067/2500000000000000000000000000000000000000000000000000000000000000000000000000000000000000000000000000000000000000000000000000000000000000000000000000000000000000000000000000000000000000000000000000000000000000000000000000000000000000000000000000000000000000000000000000000000000000000000000000000000000000000000 -1048796634949046927723898685634546849746012106823098008530998529407069312186089579322471903322341417245143512009371322402250467335507449911529544285765875196777827236238782583820145545251456896581663664688095531554774421662508772882983473571984684316985853880020715956596509906985219441734047034685986717003831/1250000000000000000000000000000000000000000000000000000000000000000000000000000000000000000000000000000000000000000000000000000000000000000000000000000000000000000000000000000000000000000000000000000000000000000000000000000000000000000000000000000000000000000000000000000000000000000000000000000000000000000000
-5617757934306804998088939159392817086170067219935613508141321192987788485927772259433617997665264950100638751609328576105114597112545400669662199629164285730843795426196373467580936131296557793715097662446082541747592322608188139800882848739374955264500861808009082728089546604546621404831104981775427456242531/10000000000000000000000000000000000000000000000000000000000000000000000000000000000000000000000000000000000000000000000000000000000000000000000000000000000000000000000000000000000000000000000000000000000000000000000000000000000000000000000000000000000000000000000000000000000000000000000000000000000000000000000 924913406875555839246695469986162982932391608543732395241047776362234881479828884464944341877931038452948914346532302172337017506673688099317882583600240214559978220088253150901735443535006173185228885304421501413671329965104798484692823210828429163960138239867852274119855576942212876784500974441646974136417/2000000000000000000000000000000000000000000000000000000000000000000000000000000000000000000000000000000000000000000000000000000000000000000000000000000000000000000000000000000000000000000000000000000000000000000000000000000000000000000000000000000000000000000000000000000000000000000000000000000000000000000000
-28285101554986296681490893799301772968598758257912853850741230717260219870247229275225541594380342218815582521220664325510847621961984259786546833248032467493081798043565356617300985748793997820727351986094024699060814909284413303056004235162802446829809539334254094719752242828058680674835380523414436279559/39062500000000000000000000000000000000000000000000000000000000000000000000000000000000000000000000000000000000000000000000000000000000000000000000000000000000000000000000000000000000000000000000000000000000000000000000000000000000000000000000000000000000000000000000000000000000000000000000000000000000000000 -3463151415711070035339533506852016504147954250507393892118340292283857222601411421441667484332748969787301904474295225717848652288782242513736579920320574977478255173537547389060179405711453260972392001953016600978395401280997466500045286682433264815214448963770044288044255214704352802424336796956675133076929/5000000000000000000000000000000000000000000000000000000000000000000000000000000000000000000000000000000000000000000000000000000000000000000000000000000000000000000000000000000000000000000000000000000000000000000000000000000000000000000000000000000000000000000000000000000000000000000000000000000000000000000000

0
7632157290704824617682068493386150301887046396571578850800843403126325025317254917355034405560476079436520016058594565755383400716098464290521620959959341776495760302619355375700331917697852481415961066350649792150336850627094643050995793204549163183070691684970657738248678886395255078532546402083533099077097/10000000000000000000000000000000000000000000000000000000000000000000000000000000000000000000000000000000000000000000000000000000000000000000000000000000000000000000000000000000000000000000000000000000000000000000000000000000000000000000000000000000000000000000000000000000000000000000000000000000000000000000000 3082992949744840729756954784365587851126753261273878379223878495604993847799270758055404036958088967594833065611806340400357468792450568720590706177027771876158551766859177972556748541552393130091306400966249415665979576204770575648641571104926968894355345516362546861959615890179482735831931599968891460211589/5000000000000000000000000000000000000000000000000000000000000000000000000000000000000000000000000000000000000000000000000000000000000000000000000000000000000000000000000000000000000000000000000000000000000000000000000000000000000000000000000000000000000000000000000000000000000000000000000000000000000000000000
5 5
1 0
0 0
0 0
0 0
0 0
0 0
1 0
0 0
0 0
0 0
0 0
0 0
1 0
0 0
0 0
0 0
0 0
0 0
1 0
0 0
0 0
0 0
0 0
0 0
1 0

5 0

4 0

