20                                               

1.421828767781416e-01 2.454558874552543e-16
-4.256222081250661e-02 2.722604166290455e-16
6.119868906822187e-02 2.531250463961733e-16
-1.293104906300284e-01 1.580160731413932e-17

1.025718125227057e+00 1.163730615886568e-16
2.022023769988920e-02 -1.886450585061871e-16
-1.265748108390044e-01 -1.686655747184376e-17
2.994886779438899e+00 6.603010710744395e-16

2.575234589978590e-02 -7.895433750066633e-16
-6.605253403066874e-01 8.228706395002567e-16
-1.256942892535009e-01 -9.968495406228196e-17
-8.302964432546421e-01 3.846336858540655e-16

-3.029737571652774e-02 2.345448929368243e-16
1.506319575005006e-01 1.320078388566065e-16
-1.287721290163436e-01 -3.031221938610947e-18
7.128657410163854e-02 1.951978478704960e-16

-2.587834380811723e-01 -1.311655474461667e-13
1.162002258191151e+00 4.892867569353133e-14
4.724153343929665e+00 1.388021564630356e-12
-1.615575534989471e-01 -1.574937142818959e-14

1.025718125226994e+00 -7.177324275739182e-15
2.022023769999525e-02 1.175619516468886e-14
2.994886779438519e+00 -4.155483700646454e-14
-1.265748108389904e-01 7.488754096235767e-16

-2.587834380811647e-01 1.150919137203728e-16
1.162002258191148e+00 -5.338100270923160e-16
-1.615575534989513e-01 3.464462967631988e-17
4.724153343929590e+00 5.799763756493957e-15

1.162002258191148e+00 -1.505915299498973e-16
-2.587834380811645e-01 3.428285186607281e-16
-1.615575534989512e-01 2.604858464216115e-17
4.724153343929583e+00 -1.976554190936055e-15

2.022023769964114e-02 -4.806023084328378e-14
1.025718125227206e+00 2.874861623593038e-14
2.994886779439785e+00 1.718424306065358e-13
-1.265748108390290e-01 -5.296859794980798e-15

2.022023769988925e-02 -3.039814519024755e-17
1.025718125227057e+00 3.331711231439981e-17
-1.265748108390044e-01 4.606830098846995e-18
2.994886779438897e+00 -1.074275579397829e-16

-4.256222081250687e-02 -1.142494025991467e-15
1.421828767781413e-01 -9.239708544472013e-16
6.119868906822163e-02 -1.039921825203433e-15
-1.293104906300284e-01 -5.959574724818751e-17

-6.605253403066912e-01 -1.635905733441246e-15
2.575234589979028e-02 2.071079617584643e-15
-8.302964432546454e-01 -1.516593806482498e-15
-1.256942892535003e-01 5.294414896075799e-16

2.575234589978354e-02 -2.549785438761577e-15
-6.605253403066857e-01 1.989504948283943e-15
-8.302964432546402e-01 1.700144655334483e-15
-1.256942892535014e-01 -4.698259873182751e-16

-3.029737571652821e-02 1.128098559205938e-15
1.506319575005004e-01 6.339525505635247e-16
7.128657410163820e-02 8.437052816115768e-16
-1.287721290163436e-01 3.512887470758213e-17

-6.605253403066877e-01 2.527709549423953e-16
2.575234589978643e-02 -1.518192878162203e-16
-1.256942892535008e-01 -5.623509570671446e-18
-8.302964432546420e-01 1.365022448386952e-16

-4.256222081250728e-02 -2.631069480125102e-16
1.421828767781409e-01 -2.666744979034901e-16
-1.293104906300284e-01 3.753482015720639e-18
6.119868906822117e-02 -2.696236063411495e-16

1.162002258190980e+00 -3.753485328337469e-14
-2.587834380807124e-01 1.005720574989222e-13
4.724153343924789e+00 -1.065726750434516e-12
-1.615575534988983e-01 1.530359299183507e-14

1.506319575005017e-01 1.051651068982095e-16
-3.029737571652573e-02 1.613147916797587e-16
7.128657410164005e-02 1.161027674763157e-16
-1.287721290163435e-01 1.735760287932882e-17

1.506319575004999e-01 1.125456531640685e-16
-3.029737571652920e-02 1.445207411635468e-16
-1.287721290163436e-01 -6.431446401476860e-18
7.128657410163748e-02 1.231281607589946e-16

1.421828767781413e-01 -3.557068348629812e-17
-4.256222081250691e-02 -7.092957359238658e-17
-1.293104906300284e-01 -6.844832191051846e-19
6.119868906822152e-02 -4.937208716420981e-17

