4 4

13
1 1 0 0 1 0
1 0 3 0 -7981777602836981/1000000000000000 0
1 0 2 0 -348626539297069/100000000000000 0
1 0 1 0 -4843362908407203/10000000000000000 0
1 0 0 0 -1222532710773229/1000000000000000 0
0 1 3 0 -7981777602836981/1000000000000000 0
0 1 2 0 -348626539297069/100000000000000 0
0 1 1 0 -4843362908407203/10000000000000000 0
0 1 0 0 -1222532710773229/1000000000000000 0
0 0 3 0 117931968037927/15625000000000 0
0 0 2 0 1509276088784611/100000000000000 0
0 0 1 0 1879374418783399/500000000000000 0
0 0 0 0 -1140949611366167/1000000000000000 0

18
1 0 2 0 -7981777602836981/1000000000000000 0
1 0 1 1 -7981777602836981/1000000000000000 0
1 0 1 0 -348626539297069/100000000000000 0
1 0 0 2 -7981777602836981/1000000000000000 0
1 0 0 1 -348626539297069/100000000000000 0
1 0 0 0 -4843362908407203/10000000000000000 0
0 1 2 0 -7981777602836981/1000000000000000 0
0 1 1 1 -7981777602836981/1000000000000000 0
0 1 1 0 -348626539297069/100000000000000 0
0 1 0 2 -7981777602836981/1000000000000000 0
0 1 0 1 -348626539297069/100000000000000 0
0 1 0 0 -4843362908407203/10000000000000000 0
0 0 2 0 117931968037927/15625000000000 0
0 0 1 1 117931968037927/15625000000000 0
0 0 1 0 1509276088784611/100000000000000 0
0 0 0 2 117931968037927/15625000000000 0
0 0 0 1 1509276088784611/100000000000000 0
0 0 0 0 1879374418783399/500000000000000 0

18
2 1 0 0 1 0
2 0 3 0 -7981777602836981/1000000000000000 0
2 0 2 0 -348626539297069/100000000000000 0
2 0 1 0 -4843362908407203/10000000000000000 0
2 0 0 0 -1222532710773229/1000000000000000 0
1 2 0 0 1 0
1 1 3 0 -7981777602836981/1000000000000000 0
1 1 2 0 -348626539297069/100000000000000 0
1 1 1 0 -4843362908407203/10000000000000000 0
1 1 0 0 -1222532710773229/1000000000000000 0
0 2 3 0 -7981777602836981/1000000000000000 0
0 2 2 0 -348626539297069/100000000000000 0
0 2 1 0 -4843362908407203/10000000000000000 0
0 2 0 0 -1222532710773229/1000000000000000 0
0 0 3 0 1053358486192507/100000000000000 0
0 0 2 0 3864097832935617/1000000000000000 0
0 0 1 0 234081160687053/500000000000000 0
0 0 0 0 1725738731751487/1000000000000000 0

24
2 0 2 0 -7981777602836981/1000000000000000 0
2 0 1 1 -7981777602836981/1000000000000000 0
2 0 1 0 -348626539297069/100000000000000 0
2 0 0 2 -7981777602836981/1000000000000000 0
2 0 0 1 -348626539297069/100000000000000 0
2 0 0 0 -4843362908407203/10000000000000000 0
1 1 2 0 -7981777602836981/1000000000000000 0
1 1 1 1 -7981777602836981/1000000000000000 0
1 1 1 0 -348626539297069/100000000000000 0
1 1 0 2 -7981777602836981/1000000000000000 0
1 1 0 1 -348626539297069/100000000000000 0
1 1 0 0 -4843362908407203/10000000000000000 0
0 2 2 0 -7981777602836981/1000000000000000 0
0 2 1 1 -7981777602836981/1000000000000000 0
0 2 1 0 -348626539297069/100000000000000 0
0 2 0 2 -7981777602836981/1000000000000000 0
0 2 0 1 -348626539297069/100000000000000 0
0 2 0 0 -4843362908407203/10000000000000000 0
0 0 2 0 1053358486192507/100000000000000 0
0 0 1 1 1053358486192507/100000000000000 0
0 0 1 0 3864097832935617/1000000000000000 0
0 0 0 2 1053358486192507/100000000000000 0
0 0 0 1 3864097832935617/1000000000000000 0
0 0 0 0 234081160687053/500000000000000 0

