3.8170274605918368e-02 -4.4956977271118919e-60
1.1233798525388365e+00 -8.3319787593696716e-60
-6.0731435579669135e-01 -4.7238178619044926e-62
6.6528718530684801e+00 1.1402052842868695e-59
1.1233798525388365e+00 -8.3319787593696716e-60
3.8170274605918368e-02 -4.4956977271118919e-60
-6.0731435579669135e-01 -4.7238178619044926e-62
6.6528718530684801e+00 1.1402052842868695e-59
3.8170274605918368e-02 -4.4956977271118919e-60
1.1233798525388365e+00 -8.3319787593696716e-60
6.6528718530684801e+00 1.1402052842868695e-59
-6.0731435579669135e-01 -4.7238178619044926e-62
1.1233798525388365e+00 -8.3319787593696716e-60
3.8170274605918368e-02 -4.4956977271118919e-60
6.6528718530684801e+00 1.1402052842868695e-59
-6.0731435579669135e-01 -4.7238178619044926e-62
1.1316500603499753e+00 -1.2222510657557378e-61
-1.2283793959639686e+00 2.8634279314173884e-61
2.7685178706752694e-01 -1.5928830770499982e-62
-7.6862281155767964e-01 -2.2420046212345356e-61
-1.2283793959639686e+00 2.8634279314173884e-61
1.1316500603499753e+00 -1.2222510657557378e-61
2.7685178706752694e-01 -1.5928830770499982e-62
-7.6862281155767964e-01 -2.2420046212345356e-61
1.1316500603499753e+00 -1.2222510657557378e-61
-1.2283793959639686e+00 2.8634279314173884e-61
-7.6862281155767964e-01 -2.2420046212345356e-61
2.7685178706752694e-01 -1.5928830770499982e-62
-1.2283793959639686e+00 2.8634279314173884e-61
1.1316500603499753e+00 -1.2222510657557378e-61
-7.6862281155767964e-01 -2.2420046212345356e-61
2.7685178706752694e-01 -1.5928830770499982e-62
1.3478520201342008e-02 8.8737586490846238e-46
1.1364518683033151e+00 -4.6389684187610136e-46
7.0438012213312859e+00 -1.4962669795675915e-44
3.6174561692379009e-01 -1.7466783942262086e-46
1.1364518683033151e+00 -4.6389684187610136e-46
1.3478520201342008e-02 8.8737586490846238e-46
7.0438012213312859e+00 -1.4962669795675915e-44
3.6174561692379009e-01 -1.7466783942262086e-46
1.3478520201342008e-02 8.8737586490846238e-46
1.1364518683033151e+00 -4.6389684187610136e-46
3.6174561692379009e-01 -1.7466783942262086e-46
7.0438012213312859e+00 -1.4962669795675915e-44
1.1364518683033151e+00 -4.6389684187610136e-46
1.3478520201342008e-02 8.8737586490846238e-46
3.6174561692379009e-01 -1.7466783942262086e-46
7.0438012213312859e+00 -1.4962669795675915e-44
1.1284943795535487e+00 -3.4243973777545687e-64
4.3406762690643801e-02 1.1550832821859944e-63
3.6321493583464209e-01 -1.3465404488184062e-65
-6.0717542490249488e-01 5.1150482495915336e-65
4.3406762690643801e-02 1.1550832821859944e-63
1.1284943795535487e+00 -3.4243973777545687e-64
3.6321493583464209e-01 -1.3465404488184062e-65
-6.0717542490249488e-01 5.1150482495915336e-65
1.1284943795535487e+00 -3.4243973777545687e-64
4.3406762690643801e-02 1.1550832821859944e-63
-6.0717542490249488e-01 5.1150482495915336e-65
3.6321493583464209e-01 -1.3465404488184062e-65
4.3406762690643801e-02 1.1550832821859944e-63
1.1284943795535487e+00 -3.4243973777545687e-64
-6.0717542490249488e-01 5.1150482495915336e-65
3.6321493583464209e-01 -1.3465404488184062e-65
3.3589112607771129e-02 -1.0943154316828109e-54
-1.2257083762520642e+00 1.1546318072862145e-55
-8.5209209689567911e-01 2.5074034501961678e-56
-1.2740460263323281e-01 7.3266859628127741e-53
-1.2257083762520642e+00 1.1546318072862145e-55
3.3589112607771129e-02 -1.0943154316828109e-54
-8.5209209689567911e-01 2.5074034501961678e-56
-1.2740460263323281e-01 7.3266859628127741e-53
3.3589112607771129e-02 -1.0943154316828109e-54
-1.2257083762520642e+00 1.1546318072862145e-55
-1.2740460263323281e-01 7.3266859628127741e-53
-8.5209209689567911e-01 2.5074034501961678e-56
-1.2257083762520642e+00 1.1546318072862145e-55
3.3589112607771129e-02 -1.0943154316828109e-54
-1.2740460263323281e-01 7.3266859628127741e-53
-8.5209209689567911e-01 2.5074034501961678e-56
1.1223638530860405e+00 -7.9021891172942387e-58
-1.2261388506912765e+00 -2.3180774247444609e-58
-1.3532134240907805e+00 1.6223758712012432e-58
-7.6688364276721532e-01 3.4268502761857122e-58
-1.2261388506912765e+00 -2.3180774247444609e-58
1.1223638530860405e+00 -7.9021891172942387e-58
-1.3532134240907805e+00 1.6223758712012432e-58
-7.6688364276721532e-01 3.4268502761857122e-58
1.1223638530860405e+00 -7.9021891172942387e-58
-1.2261388506912765e+00 -2.3180774247444609e-58
-7.6688364276721532e-01 3.4268502761857122e-58
-1.3532134240907805e+00 1.6223758712012432e-58
-1.2261388506912765e+00 -2.3180774247444609e-58
1.1223638530860405e+00 -7.9021891172942387e-58
-7.6688364276721532e-01 3.4268502761857122e-58
-1.3532134240907805e+00 1.6223758712012432e-58
-1.9365748167232952e-01 7.1421580012951739e-58
-1.0034348600280549e+00 -6.8909332581661143e-58
-1.2505442871100578e-01 1.3727593805652150e-01
-1.2505442871100578e-01 -1.3727593805652150e-01
-1.0034348600280549e+00 -6.8909332581661143e-58
-1.9365748167232952e-01 7.1421580012951739e-58
-1.2505442871100578e-01 1.3727593805652150e-01
-1.2505442871100578e-01 -1.3727593805652150e-01
-1.9365748167232952e-01 7.1421580012951739e-58
-1.0034348600280549e+00 -6.8909332581661143e-58
-1.2505442871100578e-01 -1.3727593805652150e-01
-1.2505442871100578e-01 1.3727593805652150e-01
-1.0034348600280549e+00 -6.8909332581661143e-58
-1.9365748167232952e-01 7.1421580012951739e-58
-1.2505442871100578e-01 -1.3727593805652150e-01
-1.2505442871100578e-01 1.3727593805652150e-01
3.3948184033289593e-02 1.1746001792121091e-56
-1.2257462605289098e+00 -1.1747429677473283e-57
-1.5148708795270985e-01 -7.9189988380466679e-55
-8.5210032440394823e-01 -1.1851769245985388e-57
-1.2257462605289098e+00 -1.1747429677473283e-57
3.3948184033289593e-02 1.1746001792121091e-56
-1.5148708795270985e-01 -7.9189988380466679e-55
-8.5210032440394823e-01 -1.1851769245985388e-57
3.3948184033289593e-02 1.1746001792121091e-56
-1.2257462605289098e+00 -1.1747429677473283e-57
-8.5210032440394823e-01 -1.1851769245985388e-57
-1.5148708795270985e-01 -7.9189988380466679e-55
-1.2257462605289098e+00 -1.1747429677473283e-57
3.3948184033289593e-02 1.1746001792121091e-56
-8.5210032440394823e-01 -1.1851769245985388e-57
-1.5148708795270985e-01 -7.9189988380466679e-55
-1.2171540085304413e+00 1.3968152415844119e-60
1.1344342284310964e+00 3.3536719568970075e-61
2.7796285103079171e-01 1.3230671098158978e-61
-1.3869230566581490e+00 -2.5514350435740551e-60
1.1344342284310964e+00 3.3536719568970075e-61
-1.2171540085304413e+00 1.3968152415844119e-60
2.7796285103079171e-01 1.3230671098158978e-61
-1.3869230566581490e+00 -2.5514350435740551e-60
-1.2171540085304413e+00 1.3968152415844119e-60
1.1344342284310964e+00 3.3536719568970075e-61
-1.3869230566581490e+00 -2.5514350435740551e-60
2.7796285103079171e-01 1.3230671098158978e-61
1.1344342284310964e+00 3.3536719568970075e-61
-1.2171540085304413e+00 1.3968152415844119e-60
-1.3869230566581490e+00 -2.5514350435740551e-60
2.7796285103079171e-01 1.3230671098158978e-61
2.0236449452148775e-01 -8.3714949698555910e-58
-1.3876166526694877e+00 8.1872664153286770e-58
-6.4754982785295975e-03 -5.6526117693161596e-58
-3.0059994298403903e-01 7.3520716878507658e-58
-1.3876166526694877e+00 8.1872664153286770e-58
2.0236449452148775e-01 -8.3714949698555910e-58
-6.4754982785295975e-03 -5.6526117693161596e-58
-3.0059994298403903e-01 7.3520716878507658e-58
2.0236449452148775e-01 -8.3714949698555910e-58
-1.3876166526694877e+00 8.1872664153286770e-58
-3.0059994298403903e-01 7.3520716878507658e-58
-6.4754982785295975e-03 -5.6526117693161596e-58
-1.3876166526694877e+00 8.1872664153286770e-58
2.0236449452148775e-01 -8.3714949698555910e-58
-3.0059994298403903e-01 7.3520716878507658e-58
-6.4754982785295975e-03 -5.6526117693161596e-58
