4 4

13
1 1 0 0 1 0
1 0 3 0 -964858613225443/125000000000000 0
1 0 2 0 -30690400983551/7812500000000 0
1 0 1 0 -7255879099755987/10000000000000000 0
1 0 0 0 -73526277917657/50000000000000 0
0 1 3 0 -964858613225443/125000000000000 0
0 1 2 0 -30690400983551/7812500000000 0
0 1 1 0 -7255879099755987/10000000000000000 0
0 1 0 0 -73526277917657/50000000000000 0
0 0 3 0 5182523545859/1000000000000 0
0 0 2 0 1320421842464321/100000000000000 0
0 0 1 0 4664037851649669/1000000000000000 0
0 0 0 0 -1299474609298961/1000000000000000 0

18
1 0 2 0 -964858613225443/125000000000000 0
1 0 1 1 -964858613225443/125000000000000 0
1 0 1 0 -30690400983551/7812500000000 0
1 0 0 2 -964858613225443/125000000000000 0
1 0 0 1 -30690400983551/7812500000000 0
1 0 0 0 -7255879099755987/10000000000000000 0
0 1 2 0 -964858613225443/125000000000000 0
0 1 1 1 -964858613225443/125000000000000 0
0 1 1 0 -30690400983551/7812500000000 0
0 1 0 2 -964858613225443/125000000000000 0
0 1 0 1 -30690400983551/7812500000000 0
0 1 0 0 -7255879099755987/10000000000000000 0
0 0 2 0 5182523545859/1000000000000 0
0 0 1 1 5182523545859/1000000000000 0
0 0 1 0 1320421842464321/100000000000000 0
0 0 0 2 5182523545859/1000000000000 0
0 0 0 1 1320421842464321/100000000000000 0
0 0 0 0 4664037851649669/1000000000000000 0

18
2 1 0 0 1 0
2 0 3 0 -964858613225443/125000000000000 0
2 0 2 0 -30690400983551/7812500000000 0
2 0 1 0 -7255879099755987/10000000000000000 0
2 0 0 0 -73526277917657/50000000000000 0
1 2 0 0 1 0
1 1 3 0 -964858613225443/125000000000000 0
1 1 2 0 -30690400983551/7812500000000 0
1 1 1 0 -7255879099755987/10000000000000000 0
1 1 0 0 -73526277917657/50000000000000 0
0 2 3 0 -964858613225443/125000000000000 0
0 2 2 0 -30690400983551/7812500000000 0
0 2 1 0 -7255879099755987/10000000000000000 0
0 2 0 0 -73526277917657/50000000000000 0
0 0 3 0 8660071562279763/1000000000000000 0
0 0 2 0 1430687169713511/250000000000000 0
0 0 1 0 1238178673659681/1000000000000000 0
0 0 0 0 116479316993767/100000000000000 0

24
2 0 2 0 -964858613225443/125000000000000 0
2 0 1 1 -964858613225443/125000000000000 0
2 0 1 0 -30690400983551/7812500000000 0
2 0 0 2 -964858613225443/125000000000000 0
2 0 0 1 -30690400983551/7812500000000 0
2 0 0 0 -7255879099755987/10000000000000000 0
1 1 2 0 -964858613225443/125000000000000 0
1 1 1 1 -964858613225443/125000000000000 0
1 1 1 0 -30690400983551/7812500000000 0
1 1 0 2 -964858613225443/125000000000000 0
1 1 0 1 -30690400983551/7812500000000 0
1 1 0 0 -7255879099755987/10000000000000000 0
0 2 2 0 -964858613225443/125000000000000 0
0 2 1 1 -964858613225443/125000000000000 0
0 2 1 0 -30690400983551/7812500000000 0
0 2 0 2 -964858613225443/125000000000000 0
0 2 0 1 -30690400983551/7812500000000 0
0 2 0 0 -7255879099755987/10000000000000000 0
0 0 2 0 8660071562279763/1000000000000000 0
0 0 1 1 8660071562279763/1000000000000000 0
0 0 1 0 1430687169713511/250000000000000 0
0 0 0 2 8660071562279763/1000000000000000 0
0 0 0 1 1430687169713511/250000000000000 0
0 0 0 0 1238178673659681/1000000000000000 0

