9.5256186743099291e-01 3.3245235927261055e-60
2.3368551004318225e-01 -3.5679540341062904e-60
4.2125172740923122e-01 -1.0668649364839805e-61
2.4240417475112856e+00 -4.1746780340121167e-60
2.3368551004318225e-01 -3.5679540341062904e-60
9.5256186743099291e-01 3.3245235927261055e-60
4.2125172740923122e-01 -1.0668649364839805e-61
2.4240417475112856e+00 -4.1746780340121167e-60
9.5256186743099291e-01 3.3245235927261055e-60
2.3368551004318225e-01 -3.5679540341062904e-60
2.4240417475112856e+00 -4.1746780340121167e-60
4.2125172740923122e-01 -1.0668649364839805e-61
2.3368551004318225e-01 -3.5679540341062904e-60
9.5256186743099291e-01 3.3245235927261055e-60
2.4240417475112856e+00 -4.1746780340121167e-60
4.2125172740923122e-01 -1.0668649364839805e-61
1.2422367373431968e-01 9.0046013160011316e-63
9.9986808700043961e-01 2.0669679262689020e-62
4.1149720865180300e-01 3.0125784079523875e-63
-7.0127468015562588e-01 1.9656624407587287e-63
9.9986808700043961e-01 2.0669679262689020e-62
1.2422367373431968e-01 9.0046013160011316e-63
4.1149720865180300e-01 3.0125784079523875e-63
-7.0127468015562588e-01 1.9656624407587287e-63
1.2422367373431968e-01 9.0046013160011316e-63
9.9986808700043961e-01 2.0669679262689020e-62
-7.0127468015562588e-01 1.9656624407587287e-63
4.1149720865180300e-01 3.0125784079523875e-63
9.9986808700043961e-01 2.0669679262689020e-62
1.2422367373431968e-01 9.0046013160011316e-63
-7.0127468015562588e-01 1.9656624407587287e-63
4.1149720865180300e-01 3.0125784079523875e-63
1.2813428172153965e-01 -1.1716376564280918e-52
1.0160536565328453e+00 6.6996302514981073e-53
2.6704138448258479e+00 3.1468874864261041e-52
-7.0117799123562385e-01 -1.1425610849116314e-53
1.0160536565328453e+00 6.6996302514981073e-53
1.2813428172153965e-01 -1.1716376564280918e-52
2.6704138448258479e+00 3.1468874864261041e-52
-7.0117799123562385e-01 -1.1425610849116314e-53
1.2813428172153965e-01 -1.1716376564280918e-52
1.0160536565328453e+00 6.6996302514981073e-53
-7.0117799123562385e-01 -1.1425610849116314e-53
2.6704138448258479e+00 3.1468874864261041e-52
1.0160536565328453e+00 6.6996302514981073e-53
1.2813428172153965e-01 -1.1716376564280918e-52
-7.0117799123562385e-01 -1.1425610849116314e-53
2.6704138448258479e+00 3.1468874864261041e-52
9.8530685422499242e-01 -7.9343764584633996e-62
-1.0138152671202714e+00 -6.6934979281936578e-62
2.6339319341300271e-01 -2.5065074571857710e-62
-8.3965596415645272e-01 3.6592308009640738e-62
-1.0138152671202714e+00 -6.6934979281936578e-62
9.8530685422499242e-01 -7.9343764584633996e-62
2.6339319341300271e-01 -2.5065074571857710e-62
-8.3965596415645272e-01 3.6592308009640738e-62
9.8530685422499242e-01 -7.9343764584633996e-62
-1.0138152671202714e+00 -6.6934979281936578e-62
-8.3965596415645272e-01 3.6592308009640738e-62
2.6339319341300271e-01 -2.5065074571857710e-62
-1.0138152671202714e+00 -6.6934979281936578e-62
9.8530685422499242e-01 -7.9343764584633996e-62
-8.3965596415645272e-01 3.6592308009640738e-62
2.6339319341300271e-01 -2.5065074571857710e-62
1.0214932751320562e+00 2.7039487588017505e-60
-1.0148594342589061e+00 -7.5642875248751516e-62
-8.4037692621649007e-01 7.8616345106697402e-61
-1.9998328181880252e+00 1.2591996081525028e-60
-1.0148594342589061e+00 -7.5642875248751516e-62
1.0214932751320562e+00 2.7039487588017505e-60
-8.4037692621649007e-01 7.8616345106697402e-61
-1.9998328181880252e+00 1.2591996081525028e-60
1.0214932751320562e+00 2.7039487588017505e-60
-1.0148594342589061e+00 -7.5642875248751516e-62
-1.9998328181880252e+00 1.2591996081525028e-60
-8.4037692621649007e-01 7.8616345106697402e-61
-1.0148594342589061e+00 -7.5642875248751516e-62
1.0214932751320562e+00 2.7039487588017505e-60
-1.9998328181880252e+00 1.2591996081525028e-60
-8.4037692621649007e-01 7.8616345106697402e-61
9.6585810731362387e-01 6.9208139058158999e-59
-1.0502105961597761e+00 4.6280259290565922e-58
-1.7242322037268052e+00 -4.3610137316436140e-57
2.5562362788785598e-01 -2.7307091064377237e-58
-1.0502105961597761e+00 4.6280259290565922e-58
9.6585810731362387e-01 6.9208139058158999e-59
-1.7242322037268052e+00 -4.3610137316436140e-57
2.5562362788785598e-01 -2.7307091064377237e-58
9.6585810731362387e-01 6.9208139058158999e-59
-1.0502105961597761e+00 4.6280259290565922e-58
2.5562362788785598e-01 -2.7307091064377237e-58
-1.7242322037268052e+00 -4.3610137316436140e-57
-1.0502105961597761e+00 4.6280259290565922e-58
9.6585810731362387e-01 6.9208139058158999e-59
2.5562362788785598e-01 -2.7307091064377237e-58
-1.7242322037268052e+00 -4.3610137316436140e-57
-4.6967198185643620e-02 1.6144595897216645e-57
-8.4894157676884441e-01 -1.4567616283098536e-57
-4.7065040846004785e-01 -5.3554804842106805e-58
-1.1284462355823654e-02 2.8855088710095932e-58
-8.4894157676884441e-01 -1.4567616283098536e-57
-4.6967198185643620e-02 1.6144595897216645e-57
-4.7065040846004785e-01 -5.3554804842106805e-58
-1.1284462355823654e-02 2.8855088710095932e-58
-4.6967198185643620e-02 1.6144595897216645e-57
-8.4894157676884441e-01 -1.4567616283098536e-57
-1.1284462355823654e-02 2.8855088710095932e-58
-4.7065040846004785e-01 -5.3554804842106805e-58
-8.4894157676884441e-01 -1.4567616283098536e-57
-4.6967198185643620e-02 1.6144595897216645e-57
-1.1284462355823654e-02 2.8855088710095932e-58
-4.7065040846004785e-01 -5.3554804842106805e-58
-1.0149956773051410e+00 7.7372425819301725e-62
1.3096613079472319e-01 5.4094844656689943e-62
-8.6078120818403792e-01 -6.0173200317036434e-62
-5.5148202322820306e-01 -5.0309683490642520e-62
1.3096613079472319e-01 5.4094844656689943e-62
-1.0149956773051410e+00 7.7372425819301725e-62
-8.6078120818403792e-01 -6.0173200317036434e-62
-5.5148202322820306e-01 -5.0309683490642520e-62
-1.0149956773051410e+00 7.7372425819301725e-62
1.3096613079472319e-01 5.4094844656689943e-62
-5.5148202322820306e-01 -5.0309683490642520e-62
-8.6078120818403792e-01 -6.0173200317036434e-62
1.3096613079472319e-01 5.4094844656689943e-62
-1.0149956773051410e+00 7.7372425819301725e-62
-5.5148202322820306e-01 -5.0309683490642520e-62
-8.6078120818403792e-01 -6.0173200317036434e-62
-5.9539825119556711e-01 -4.3651641815040736e-57
-3.2214867152252452e-01 4.4222338051199045e-57
-3.9362791735763947e-01 -2.3645414547617910e-58
-5.4243783912407910e-02 1.4689168827825376e-58
-3.2214867152252452e-01 4.4222338051199045e-57
-5.9539825119556711e-01 -4.3651641815040736e-57
-3.9362791735763947e-01 -2.3645414547617910e-58
-5.4243783912407910e-02 1.4689168827825376e-58
-5.9539825119556711e-01 -4.3651641815040736e-57
-3.2214867152252452e-01 4.4222338051199045e-57
-5.4243783912407910e-02 1.4689168827825376e-58
-3.9362791735763947e-01 -2.3645414547617910e-58
-3.2214867152252452e-01 4.4222338051199045e-57
-5.9539825119556711e-01 -4.3651641815040736e-57
-5.4243783912407910e-02 1.4689168827825376e-58
-3.9362791735763947e-01 -2.3645414547617910e-58
-1.0162460940031701e+00 -1.0997653144787618e-61
1.5521706811455332e-01 -1.2165136102227911e-60
-8.6144595110987621e-01 2.9905542285313313e-61
3.2693008319767694e-02 -3.1931150714480151e-61
1.5521706811455332e-01 -1.2165136102227911e-60
-1.0162460940031701e+00 -1.0997653144787618e-61
-8.6144595110987621e-01 2.9905542285313313e-61
3.2693008319767694e-02 -3.1931150714480151e-61
-1.0162460940031701e+00 -1.0997653144787618e-61
1.5521706811455332e-01 -1.2165136102227911e-60
3.2693008319767694e-02 -3.1931150714480151e-61
-8.6144595110987621e-01 2.9905542285313313e-61
1.5521706811455332e-01 -1.2165136102227911e-60
-1.0162460940031701e+00 -1.0997653144787618e-61
3.2693008319767694e-02 -3.1931150714480151e-61
-8.6144595110987621e-01 2.9905542285313313e-61
