40

3.585710213741306e-59
1.382532653700820e-62
2.593580848989664e3

1.030220461316797e-56
3.936953783124272e-60
2.616795924130049e3

2.056548728991781e-57
2.043777047260552e-60
1.006249058207375e3

1.261296357500074e-51
3.755885787730145e-58
3.358186134467986e6

2.845124923931420e-54
5.680930017886278e-58
5.008202732604714e3

2.129592261196482e-53
4.031343625880252e-57
5.282586796930470e3

2.133474286751030e-54
1.690901473714020e-58
1.261737788935101e4

1.446167861563516e-55
1.437186797610378e-58
1.006249058207375e3

6.468051309198028e-52
4.358421979541019e-56
1.484035125455927e4

7.668400629860835e-36
1.695063400150764e-42
4.523960949884697e6

1.250861506682490e-56
9.913799187533333e-61
1.261737788935101e4

3.568770163268688e-54
6.755724610795563e-58
5.282586796930470e3

2.100583553411781e-53
4.194286185214569e-57
5.008202732604714e3

2.697101453540109e-58
2.680351779255302e-61
1.006249058207375e3

6.422810175592796e-54
1.215845649583055e-57
5.282586796930470e3

1.108257805542588e-58
8.886049113898942e-62
1.247188476382747e3

5.951058794896494e-58
3.661859160436722e-61
1.625146826833929e3

2.501848157915957e-58
2.005990437926537e-61
1.247188476382747e3

5.813061784767441e-56
1.160708161217773e-59
5.008202732604714e3

2.354939072589832e-57
4.702164026345340e-61
5.008202732604714e3

2.629756774994382e-57
2.084233981145862e-61
1.261737788935101e4

1.818611876896451e-51
1.225450695675235e-55
1.484035125455927e4

2.394659898419986e-53
4.533119834039341e-57
5.282586796930470e3

1.481432158436960e-57
9.115681943169715e-61
1.625146826833929e3

9.692002124294686e-57
7.681470912014675e-61
1.261737788935101e4

1.934872254600995e-57
1.190583043115228e-60
1.625146826833929e3

2.856906893731468e-59
1.900356217698908e-62
1.503353354031079e3

1.997624393536139e-57
1.328779018039721e-60
1.503353354031079e3

1.777400234928513e-35
3.928858481799702e-42
4.523960949884697e6

5.725742045237414e-50
3.858225420020529e-54
1.484035125455927e4

1.786689367717087e-51
5.320400049832674e-58
3.358186134467986e6

4.562387495713886e-60
1.759107489358265e-63
2.593580848989664e3

3.946336067362601e-56
1.508079415353934e-59
2.616795924130049e3

6.750024156843948e-52
4.548426139691401e-56
1.484035125455927e4

1.203262994159278e-59
1.195790430157402e-62
1.006249058207375e3

1.080515357670861e-57
8.663609214901566e-61
1.247188476382747e3

3.392946524445869e-60
2.256918851012672e-63
1.503353354031079e3

4.008723413441712e-59
3.214208188539648e-62
1.247188476382747e3

2.665403329242565e-57
1.640100011415731e-60
1.625146826833929e3

7.812667951149558e-59
5.196827432619707e-62
1.503353354031079e3

