1.0987136631998891e+00 -3.4675934574833398e-64
-4.5858651099864445e-01 3.3431911467681908e-63
2.5539424327726878e-01 -3.2417219927811876e-64
-3.5096555309478877e-01 2.0094551144927637e-63
-4.5858651099864445e-01 3.3431911467681908e-63
1.0987136631998891e+00 -3.4675934574833398e-64
2.5539424327726878e-01 -3.2417219927811876e-64
-3.5096555309478877e-01 2.0094551144927637e-63
1.0987136631998891e+00 -3.4675934574833398e-64
-4.5858651099864445e-01 3.3431911467681908e-63
-3.5096555309478877e-01 2.0094551144927637e-63
2.5539424327726878e-01 -3.2417219927811876e-64
-4.5858651099864445e-01 3.3431911467681908e-63
1.0987136631998891e+00 -3.4675934574833398e-64
-3.5096555309478877e-01 2.0094551144927637e-63
2.5539424327726878e-01 -3.2417219927811876e-64
6.9361338326066757e-01 -1.3077850468203667e+00
6.9361338326066757e-01 1.3077850468203667e+00
8.7851094069511623e-02 -6.5685332733463209e-01
8.7851094069511623e-02 6.5685332733463209e-01
6.9361338326066757e-01 1.3077850468203667e+00
6.9361338326066757e-01 -1.3077850468203667e+00
8.7851094069511623e-02 -6.5685332733463209e-01
8.7851094069511623e-02 6.5685332733463209e-01
6.9361338326066757e-01 -1.3077850468203667e+00
6.9361338326066757e-01 1.3077850468203667e+00
8.7851094069511623e-02 6.5685332733463209e-01
8.7851094069511623e-02 -6.5685332733463209e-01
6.9361338326066757e-01 1.3077850468203667e+00
6.9361338326066757e-01 -1.3077850468203667e+00
8.7851094069511623e-02 6.5685332733463209e-01
8.7851094069511623e-02 -6.5685332733463209e-01
1.1644699579833597e+00 -6.0563300102817227e-60
-2.0643661613506858e-01 -1.4815467544667165e-59
2.3138988635542068e-01 1.6219197123102979e-60
-8.0841411087650918e+00 3.7273251684310959e-58
-2.0643661613506858e-01 -1.4815467544667165e-59
1.1644699579833597e+00 -6.0563300102817227e-60
2.3138988635542068e-01 1.6219197123102979e-60
-8.0841411087650918e+00 3.7273251684310959e-58
1.1644699579833597e+00 -6.0563300102817227e-60
-2.0643661613506858e-01 -1.4815467544667165e-59
-8.0841411087650918e+00 3.7273251684310959e-58
2.3138988635542068e-01 1.6219197123102979e-60
-2.0643661613506858e-01 -1.4815467544667165e-59
1.1644699579833597e+00 -6.0563300102817227e-60
-8.0841411087650918e+00 3.7273251684310959e-58
2.3138988635542068e-01 1.6219197123102979e-60
1.1175729536525476e+00 -5.3149385638467592e-03
-9.7243256627731067e-01 6.4543639971999994e-02
2.8587314796817198e-01 -2.8923286506397799e-03
-7.5878149081216750e-01 1.5599055401134421e-01
-9.7243256627731067e-01 6.4543639971999994e-02
1.1175729536525476e+00 -5.3149385638467592e-03
2.8587314796817198e-01 -2.8923286506397799e-03
-7.5878149081216750e-01 1.5599055401134421e-01
1.1175729536525476e+00 -5.3149385638467592e-03
-9.7243256627731067e-01 6.4543639971999994e-02
-7.5878149081216750e-01 1.5599055401134421e-01
2.8587314796817198e-01 -2.8923286506397799e-03
-9.7243256627731067e-01 6.4543639971999994e-02
1.1175729536525476e+00 -5.3149385638467592e-03
-7.5878149081216750e-01 1.5599055401134421e-01
2.8587314796817198e-01 -2.8923286506397799e-03
1.3605534461008391e+00 -3.4664051918213729e-02
-6.6435301911739297e-01 4.3557347008140757e-01
-3.9955677157704278e-01 2.3343602292161067e-01
-1.5973054205837962e+00 -1.4064819066252896e+00
-6.6435301911739297e-01 4.3557347008140757e-01
1.3605534461008391e+00 -3.4664051918213729e-02
-3.9955677157704278e-01 2.3343602292161067e-01
-1.5973054205837962e+00 -1.4064819066252896e+00
1.3605534461008391e+00 -3.4664051918213729e-02
-6.6435301911739297e-01 4.3557347008140757e-01
-1.5973054205837962e+00 -1.4064819066252896e+00
-3.9955677157704278e-01 2.3343602292161067e-01
-6.6435301911739297e-01 4.3557347008140757e-01
1.3605534461008391e+00 -3.4664051918213729e-02
-1.5973054205837962e+00 -1.4064819066252896e+00
-3.9955677157704278e-01 2.3343602292161067e-01
1.3605534461008391e+00 3.4664051918213729e-02
-6.6435301911739297e-01 -4.3557347008140757e-01
-1.5973054205837962e+00 1.4064819066252896e+00
-3.9955677157704278e-01 -2.3343602292161067e-01
-6.6435301911739297e-01 -4.3557347008140757e-01
1.3605534461008391e+00 3.4664051918213729e-02
-1.5973054205837962e+00 1.4064819066252896e+00
-3.9955677157704278e-01 -2.3343602292161067e-01
1.3605534461008391e+00 3.4664051918213729e-02
-6.6435301911739297e-01 -4.3557347008140757e-01
-3.9955677157704278e-01 -2.3343602292161067e-01
-1.5973054205837962e+00 1.4064819066252896e+00
-6.6435301911739297e-01 -4.3557347008140757e-01
1.3605534461008391e+00 3.4664051918213729e-02
-3.9955677157704278e-01 -2.3343602292161067e-01
-1.5973054205837962e+00 1.4064819066252896e+00
1.1175729536525476e+00 5.3149385638467592e-03
-9.7243256627731067e-01 -6.4543639971999994e-02
-7.5878149081216750e-01 -1.5599055401134421e-01
2.8587314796817198e-01 2.8923286506397799e-03
-9.7243256627731067e-01 -6.4543639971999994e-02
1.1175729536525476e+00 5.3149385638467592e-03
-7.5878149081216750e-01 -1.5599055401134421e-01
2.8587314796817198e-01 2.8923286506397799e-03
1.1175729536525476e+00 5.3149385638467592e-03
-9.7243256627731067e-01 -6.4543639971999994e-02
2.8587314796817198e-01 2.8923286506397799e-03
-7.5878149081216750e-01 -1.5599055401134421e-01
-9.7243256627731067e-01 -6.4543639971999994e-02
1.1175729536525476e+00 5.3149385638467592e-03
2.8587314796817198e-01 2.8923286506397799e-03
-7.5878149081216750e-01 -1.5599055401134421e-01
-7.3172418125263916e-01 5.0946966587810560e-01
-7.3172418125263916e-01 -5.0946966587810560e-01
-4.9006527036510461e-01 4.9164336372901368e-01
-4.9006527036510461e-01 -4.9164336372901368e-01
-7.3172418125263916e-01 -5.0946966587810560e-01
-7.3172418125263916e-01 5.0946966587810560e-01
-4.9006527036510461e-01 4.9164336372901368e-01
-4.9006527036510461e-01 -4.9164336372901368e-01
-7.3172418125263916e-01 5.0946966587810560e-01
-7.3172418125263916e-01 -5.0946966587810560e-01
-4.9006527036510461e-01 -4.9164336372901368e-01
-4.9006527036510461e-01 4.9164336372901368e-01
-7.3172418125263916e-01 -5.0946966587810560e-01
-7.3172418125263916e-01 5.0946966587810560e-01
-4.9006527036510461e-01 -4.9164336372901368e-01
-4.9006527036510461e-01 4.9164336372901368e-01
-9.3278518635139496e-01 2.4258698557060424e-01
-3.3541366865494959e-01 -8.3088140491981280e-02
-5.0633229414870684e-01 4.8622948624841400e-01
1.3302991607405687e-01 -1.6400788907431024e-03
-3.3541366865494959e-01 -8.3088140491981280e-02
-9.3278518635139496e-01 2.4258698557060424e-01
-5.0633229414870684e-01 4.8622948624841400e-01
1.3302991607405687e-01 -1.6400788907431024e-03
-9.3278518635139496e-01 2.4258698557060424e-01
-3.3541366865494959e-01 -8.3088140491981280e-02
1.3302991607405687e-01 -1.6400788907431024e-03
-5.0633229414870684e-01 4.8622948624841400e-01
-3.3541366865494959e-01 -8.3088140491981280e-02
-9.3278518635139496e-01 2.4258698557060424e-01
1.3302991607405687e-01 -1.6400788907431024e-03
-5.0633229414870684e-01 4.8622948624841400e-01
-3.3541366865494959e-01 8.3088140491981280e-02
-9.3278518635139496e-01 -2.4258698557060424e-01
-5.0633229414870684e-01 -4.8622948624841400e-01
1.3302991607405687e-01 1.6400788907431024e-03
-9.3278518635139496e-01 -2.4258698557060424e-01
-3.3541366865494959e-01 8.3088140491981280e-02
-5.0633229414870684e-01 -4.8622948624841400e-01
1.3302991607405687e-01 1.6400788907431024e-03
-3.3541366865494959e-01 8.3088140491981280e-02
-9.3278518635139496e-01 -2.4258698557060424e-01
1.3302991607405687e-01 1.6400788907431024e-03
-5.0633229414870684e-01 -4.8622948624841400e-01
-9.3278518635139496e-01 -2.4258698557060424e-01
-3.3541366865494959e-01 8.3088140491981280e-02
1.3302991607405687e-01 1.6400788907431024e-03
-5.0633229414870684e-01 -4.8622948624841400e-01
