5
0
3
52
6.079267772902532e-01 -1.979109364427865e+00
2.381673798058255e+00 -1.127229416253711e+00
-1.338181993353146e+00 -2.269864575231377e+00
1.869058075250333e+00 -1.755849642691480e+00
-5.610691277138250e-01 -2.502316424900084e+00
2.917176014772195e-13
8.746712231502495e+03
9.775834007785847e-15
2.441406250000000e-05
1.064054798503563e-13
0.000000000000000e+00
1
1
8
52
-3.567980358731790e-02 4.146320975588048e-01
-3.853032362698428e-02 4.477577592594867e-01
-7.559321954146624e-03 8.784626603393665e-02
1.189304247294968e-02 -1.382080799533282e-01
-1.824292254310623e-01 2.119995201526172e+00
5.347542221830668e-15
8.801400719867426e+03
2.140134992537518e-15
2.441406250000000e-05
7.499428413511040e-12
0.000000000000000e+00
1
1
20
52
5.767674133282338e-01 -1.099999568192898e-01
5.934909218253910e-01 -1.131894317619516e-01
-4.326786771621586e-03 8.251963391936371e-04
3.081484792590709e-01 -5.876947731292416e-02
-1.939193127433448e-01 3.698391333363157e-02
2.482534153247273e-16
7.502891896199262e+01
5.834276045834065e-16
3.906250000000000e-04
4.896062346209291e-14
0.000000000000000e+00
1
1
21
52
3.740442817570078e-01 -1.143773865653032e-01
1.471242498970881e-01 1.172073358560004e-01
-4.981705897034665e-01 1.132795877685332e-01
3.055369442872737e-02 1.435601388785512e-01
-3.489953651084430e-01 7.837375126512269e-02
3.043636481661797e-16
9.517629258354805e+01
1.174439184915097e-16
3.906250000000000e-04
2.768002810657917e-12
0.000000000000000e+00
1
1
29
52
3.176289649085474e-01 -8.875198862267836e-02
2.483375954789690e-01 -6.939057165293028e-02
-4.298115403275254e-01 1.200980803121267e-01
-2.432729461633884e-02 6.797540569486232e-03
-3.618096942338710e-01 1.010969823720730e-01
3.248706834302236e-16
1.347794584473995e+02
1.773319397739195e-16
3.906250000000000e-04
2.467401965451904e-12
0.000000000000000e+00
1
1
36
52
1.973722532238184e-01 -1.217196539067930e+00
1.313289650406211e+00 -8.591578593961841e-01
-9.745048881470844e-01 -1.230130950835617e+00
-5.349625007189016e-01 -1.430609339660085e+00
9.596200999742701e-01 -1.188258062721841e+00
1.588821858078255e-14
8.661360737270620e+02
1.803208156019153e-14
2.441406250000000e-05
6.166486910874098e-15
0.000000000000000e+00
1
1
51
52
5.078137831274869e-01 -8.695216007588667e-02
5.225379646967963e-01 -8.947335866351835e-02
-3.809511266601890e-03 6.522966576928255e-04
-1.707358937937066e-01 2.923484013454376e-02
2.713087483818683e-01 -4.645577277166211e-02
4.475452091311810e-16
7.790082744135755e+01
2.537353012771637e-16
3.906250000000000e-04
2.340583999814433e-12
0.000000000000000e+00
1
1
68
52
1.526050800643736e+00 -1.105476403107908e+00
-2.093466335282213e+00 1.294341479260439e+00
8.535749365022395e-01 3.043800912505845e-01
-1.468124052092794e+00 9.022682367223396e-01
3.634685276716302e-01 6.065491922119984e-01
5.172829197363539e-14
6.745511801858122e+02
4.637168788305569e-15
9.765625000000001e-05
8.561517085572643e-13
0.000000000000000e+00
1
1
89
52
2.338616006681965e-01 -9.028586364099125e-02
2.707028167389376e-01 -1.045089810789434e-01
-2.972973207183524e-01 1.147761978987408e-01
-1.068374308077501e-01 4.124623145527853e-02
-3.835757040260010e-01 1.480852932278693e-01
1.144391699630559e-16
6.956440094173956e+02
9.024221672821910e-17
3.906250000000000e-04
3.081518008487805e-13
0.000000000000000e+00
1
1
91
52
3.874038828398690e-01 -4.836197426089499e-02
3.895915230506415e-01 -4.863507064493204e-02
-3.713585017846044e-01 4.635893211296247e-02
-1.457020121294946e-01 1.818886509013080e-02
7.925946478730801e-02 -9.894439280982898e-03
5.928593550334434e-17
7.983179035777381e+01
4.146461810961644e-17
3.906250000000000e-04
3.420839637550098e-13
0.000000000000000e+00
1
1
92
52
3.366152939091588e-01 -1.102109606779429e-01
1.352885684372039e-01 1.034985205373492e-01
-4.490158152092885e-01 1.114259662984974e-01
-3.145773182758544e-01 7.716836654987548e-02
3.021734967821482e-02 1.294321826942614e-01
1.279468816630226e-16
1.181459572894002e+02
3.312533239962744e-16
9.765625000000001e-05
1.595130250604555e-13
0.000000000000000e+00
1
1
94
52
2.190073429014108e-01 -7.835787786815232e-02
2.535085043484226e-01 -9.070192879886178e-02
-2.784137972039855e-01 9.961270717730758e-02
-3.592120104380070e-01 1.285212197444248e-01
-1.000514055183269e-01 3.579704547929810e-02
6.973502068242161e-17
8.209381251639880e+02
2.670007257917397e-15
6.103515625000000e-06
9.050233093510802e-15
0.000000000000000e+00
1
1
100
52
4.128434636666407e-01 -5.401977192221820e-02
4.151747592521450e-01 -5.432481745859106e-02
-3.957444334706923e-01 5.178239676052231e-02
8.446418175081061e-02 -1.105197547092533e-02
-1.552697998527882e-01 2.031675420015579e-02
5.721958498152797e-17
7.422192515274298e+01
1.059317440450568e-16
3.906250000000000e-04
5.245375003421107e-14
0.000000000000000e+00
1
1
103
52
3.384127257721518e-01 -5.100984897084393e-01
1.926717004017048e-01 5.466388368638077e-01
-5.785427890955581e-01 3.499490375802128e-02
-2.827566970174364e-01 -1.171523954738087e-01
2.178614052050475e-01 2.149707924243296e-01
2.860979249076399e-16
5.242206791331240e+01
2.633358650493234e-16
3.906250000000000e-04
1.185063240636741e-12
0.000000000000000e+00
1
1
110
52
6.509318870190341e-02 -2.209815200672298e-01
6.637919868825173e-01 1.223135555130832e-01
-6.241023988217566e-01 -2.570536976910097e-01
1.845309652932591e-01 3.227160643189930e-02
-1.725591064896282e-01 -7.291425444492010e-02
7.376145397762941e-17
7.057446475010340e+01
2.229267801684633e-16
2.441406250000000e-05
4.076297040405818e-13
0.000000000000000e+00
1
1
114
52
5.329780141041861e-02 -2.029293784915364e-01
6.075914413834727e-01 9.344493124191336e-02
-5.750939124605753e-01 -2.171780529152067e-01
-1.590583287879027e-01 -6.172394647468633e-02
1.688607945412946e-01 2.440142602581171e-02
1.050045186247569e-16
9.965528553599245e+01
1.810522484922805e-16
2.441406250000000e-05
2.781266566665660e-13
0.000000000000000e+00
1
1
122
52
1.038984954551789e+00 -1.934816745373969e+00
-7.794244704856990e-03 1.451458474584783e-02
1.069110570726254e+00 -1.990917217650980e+00
5.550966062224245e-01 -1.033711031439071e+00
-3.493249508926365e-01 6.505192992477763e-01
4.826792756575916e-14
1.303028121715111e+03
1.943976142153357e-15
3.906250000000000e-04
9.349369961614833e-14
0.000000000000000e+00
1
1
132
52
4.513505733705468e-01 -5.392601400684148e-01
1.503283330591965e-01 6.486394371023743e-01
-6.649754602666680e-01 -3.375447122937251e-02
2.213425474995476e-01 2.731862920020597e-01
-3.078952239739293e-01 -1.697757477541125e-01
7.550332863779066e-16
4.472298103671877e+01
4.328468658983969e-16
3.906250000000000e-04
1.202114410303823e-12
0.000000000000000e+00
1
1
135
52
1.113728011879671e-01 -5.929228601885204e-01
-1.415830358617022e-01 7.537551150896632e-01
1.289178338963983e-01 -6.863285289390709e-01
-5.087959676486935e-02 2.708711257800732e-01
-1.826717190977985e-01 9.725016970725410e-01
1.598297055692473e-15
1.701313914770492e+02
3.072461134595854e-16
9.765625000000001e-05
6.485814680266210e-14
0.000000000000000e+00
1
1
140
52
-1.048141438879680e+00 -1.286430714880790e+00
1.004729822394698e+00 1.233149702645839e+00
-1.054060213728971e+00 -1.293695091116816e+00
-2.144406216530901e-01 -2.631925348810993e-01
3.942044037390239e-01 4.838246386415045e-01
1.750248200142706e-14
1.551207362116337e+02
7.867005465302932e-16
3.906250000000000e-04
4.805406931620123e-13
0.000000000000000e+00
1
1
142
52
4.484607714695660e-01 -8.575012316350045e-02
8.801092547077904e-02 -2.011667551766261e-01
-5.760008895533699e-01 1.545223849860300e-01
-4.668762022183002e-02 -1.648496413808223e-01
-4.029830992893524e-01 1.092678014510392e-01
1.144391699630559e-16
9.226582885149978e+01
1.875576184013454e-16
3.906250000000000e-04
3.573412494381840e-13
0.000000000000000e+00
1
1
145
52
2.765980362154115e+00 -2.606237224039106e+00
-3.851958602079340e+00 3.130920452633945e+00
1.786052731597378e+00 3.877523154855386e-01
8.840407928173876e-01 1.119034951443561e+00
-2.702742981922186e+00 2.184800916623393e+00
5.571307549391991e-13
8.936819398039575e+03
2.145996503776022e-14
9.765625000000001e-05
2.414881827718766e-14
0.000000000000000e+00
1
1
148
52
2.039182621260489e-01 -9.612440309039633e-01
-2.759396403616544e-01 1.300743393073198e+00
1.594331011506252e-01 -7.515467972888829e-01
-2.322823552624388e-01 1.094948658116342e+00
-1.561815888491287e-02 7.362195933463057e-02
2.886579864025407e-15
6.515258403349689e+01
1.658031632113521e-15
2.441406250000000e-05
1.845276169487005e-15
0.000000000000000e+00
1
1
150
52
1.724767955278266e-01 -8.629507553120298e-01
-1.422813030087796e-01 1.140593161732175e+00
-2.952748934565585e-01 -3.031827063619341e-01
-9.747120863062676e-02 7.988269761911948e-01
-3.282228662152133e-01 -3.632150902470483e-02
2.220446049250313e-15
3.649445050169970e+01
8.424454141763031e-16
9.765625000000001e-05
1.237367966683500e-13
0.000000000000000e+00
1
1
151
52
2.045729194040149e-01 -5.306419307974044e-01
-2.600639893705136e-01 6.745802809701531e-01
2.368001645115973e-01 -6.142362189269861e-01
-3.355369216701011e-01 8.703496068177345e-01
-9.345717749095223e-02 2.424186801222395e-01
1.360872600401215e-15
2.467217993198328e+02
2.618201358756037e-15
6.103515625000000e-06
3.085900795745388e-14
0.000000000000000e+00
1
1
152
52
-8.097974364154584e-01 -1.737206023375549e+00
7.762574823251347e-01 1.665254930856213e+00
-8.143703008418468e-01 -1.747015893434863e+00
3.045635862968594e-01 6.533605477411252e-01
-1.656775118667396e-01 -3.554172421522866e-01
2.009718347115232e-14
2.064282411294511e+02
8.661288692834041e-16
3.906250000000000e-04
1.889979321698177e-12
0.000000000000000e+00
1
1
154
52
-1.605364588520835e-02 -8.140410994127339e-01
9.863833393293724e-02 1.058879681877486e+00
-3.271742855725932e-01 -2.151142131043897e-01
-3.037879239413276e-01 3.256076896084115e-02
7.104944920368438e-02 7.411643977907586e-01
9.930136612989092e-16
3.415144811387393e+01
4.936568753377735e-16
3.906250000000000e-04
6.225048615947421e-13
0.000000000000000e+00
1
1
165
52
-8.389187551994777e-02 -1.008127669221223e+00
1.135214360836884e-01 1.364185745716012e+00
-6.559070156855248e-02 -7.882026797596953e-01
6.425303096267146e-03 7.721279080164942e-02
9.556084987185455e-02 1.148353595065410e+00
3.552713678800501e-15
7.054065082752895e+01
4.497686964779734e-16
9.765625000000001e-05
7.098467843689171e-14
0.000000000000000e+00
1
1
180
52
-1.483140648210519e-03 4.584300943560647e-01
4.295506614801561e-01 3.948359844263715e-01
-4.320964370068255e-01 3.920483318444146e-01
-2.830462333893462e-01 4.922586105487992e-01
2.798551721497857e-01 4.940797430742768e-01
7.805021963273615e-16
2.124642402137598e+02
1.682973883294978e-15
9.765625000000001e-05
2.234741405326487e-12
0.000000000000000e+00
1
1
183
52
4.661254975395747e-01 6.087413904789292e-01
1.944289857379140e-01 -6.994210765553148e-01
-7.259230446364547e-01 5.310940652014696e-03
-3.434068279570583e-01 1.703639184474315e-01
2.540208566848310e-01 -2.870984475147790e-01
1.755416734288351e-16
5.491747838839825e+01
4.207452026679538e-16
3.906250000000000e-04
5.668170586443584e-13
0.000000000000000e+00
1
1
188
52
-1.916935834080389e-01 3.124439474656385e-01
-4.061327047328497e-02 6.619611528233682e-02
-2.070083089962227e-01 3.374056244923537e-01
6.389665020673127e-02 -1.041460087786382e-01
-9.801206403967873e-01 1.597511802084035e+00
1.986027322597818e-15
1.229650660692996e+04
1.446465837866730e-15
2.441406250000000e-05
3.097011064170330e-12
0.000000000000000e+00
1
1
191
52
4.542743382158061e-02 2.394283299527131e-01
7.115511304313430e-01 -5.938308721138648e-02
-6.838524392012529e-01 2.053708929312371e-01
-1.892719090294890e-01 5.872139655609764e-02
1.976268665045919e-01 -1.468603407124812e-02
1.177569344012831e-16
6.129490825276988e+01
2.764112451732546e-16
2.441406250000000e-05
2.886271133456869e-13
0.000000000000000e+00
1
1
192
52
5.582783815886948e-02 2.672284432151630e-01
7.957322912371140e-01 -8.121484748384804e-02
-7.616921106431719e-01 2.441533521237051e-01
2.210447622860703e-01 -2.053270150420704e-02
-2.107769753013101e-01 6.968102645625346e-02
2.592584715281538e-16
4.835139313657940e+01
2.284531993003533e-16
2.441406250000000e-05
5.437534316155039e-13
0.000000000000000e+00
1
1
196
52
-1.917915027803326e-01 2.746944010977753e-01
-2.071140513132842e-01 2.966402028227377e-01
-4.063401621699999e-02 5.819828609253781e-02
-9.806212977279362e-01 1.404500075228102e+00
6.392928937893827e-02 -9.156306512008427e-02
3.808088622414785e-15
4.358070699493146e+04
1.360630619181672e-13
2.384185791015625e-08
1.758200629462867e-12
0.000000000000000e+00
1
1
203
52
1.213593610580301e+00 -1.091273351002692e+00
-9.104121798563399e-03 8.186501161871506e-03
1.248782046316501e+00 -1.122915081683875e+00
-4.080314412276211e-01 3.669052261819413e-01
6.483844560164552e-01 -5.830326329064970e-01
7.324106877635580e-15
1.817841907221078e+02
8.666563197318759e-16
3.906250000000000e-04
5.587806813675862e-12
0.000000000000000e+00
1
1
209
52
2.918848817252995e-01 -7.506271582489570e-02
2.282096335426911e-01 -5.868764003762331e-02
-3.949749691398264e-01 1.015739276773922e-01
-3.324847273891620e-01 8.550359463844553e-02
-2.235554781293677e-02 5.749075192498685e-03
5.321389735169618e-17
1.599720440932807e+02
4.220407607864854e-16
9.765625000000001e-05
2.055192596105296e-13
0.000000000000000e+00
1
1
211
52
4.106644702894444e-01 -5.097410146297218e-02
9.151786264750109e-02 -1.767170148369330e-01
-5.300859239846641e-01 1.056124658147422e-01
-3.709287372526335e-01 7.493837237803379e-02
-3.245418695487761e-02 -1.518549358736535e-01
1.760979311921994e-16
1.108102326464330e+02
1.492623856495636e-16
9.765625000000001e-05
6.111039069804670e-14
0.000000000000000e+00
1
1
218
52
6.536061337208618e-01 6.381083609451619e-01
1.097425650532846e-01 -8.578891050517183e-01
-8.550091912429180e-01 1.302936300862137e-01
2.504554488850869e-01 -3.819123238684691e-01
-3.757934091565358e-01 2.595462745510966e-01
2.220446049250313e-15
5.303922568233652e+01
8.208367433481996e-16
3.906250000000000e-04
2.944945924213890e-12
0.000000000000000e+00
1
1
238
52
-2.057290565438520e-01 1.670489285307178e-01
-4.358690400111200e-02 3.539191659976741e-02
-2.221650998921283e-01 1.803947508309051e-01
-1.051883381087056e+00 8.541136322786155e-01
6.857505258985322e-02 -5.568192092802936e-02
1.447363416891526e-15
4.584818344224896e+04
7.800121224371666e-14
2.384185791015625e-08
9.647560077075586e-13
0.000000000000000e+00
1
1
239
52
-5.618635604103804e-03 5.426719927754308e-01
5.051702947425190e-01 4.710220449933011e-01
-5.148145486650721e-01 4.604614794341577e-01
3.271261587984826e-01 5.872443197108708e-01
-3.392149720321435e-01 5.803452571979596e-01
1.489520491948364e-15
1.722319489973889e+02
1.379674607325537e-15
9.765625000000001e-05
4.608966765522236e-12
0.000000000000000e+00
1
1
-1

2 0
1 5
9702148711532325492846440699714826372641990758443590826143798623343593304365441412340002196347224121450032598990726783198884147263837515263706837895073284343670546683334495248125676354917897724070051711308515742886691707660670066439405603706832771443129705466872503060526530042544232503202244591019308053782433/10000000000000000000000000000000000000000000000000000000000000000000000000000000000000000000000000000000000000000000000000000000000000000000000000000000000000000000000000000000000000000000000000000000000000000000000000000000000000000000000000000000000000000000000000000000000000000000000000000000000000000000000 277630075135656690452119735526380959704873453512632042122496645672992155692660112757573448984945604108141193805982533004663443222086137463146160276841802768299221403259384769443132273696218487223271882049810538586751495464428564465709993821434459215084228186008595933661983884282581873998006335703774940906863/1000000000000000000000000000000000000000000000000000000000000000000000000000000000000000000000000000000000000000000000000000000000000000000000000000000000000000000000000000000000000000000000000000000000000000000000000000000000000000000000000000000000000000000000000000000000000000000000000000000000000000000000
9089208306603788938661199399485933729416647091314149790772959522087752327771959841857171096266855104078420968276764244348563827606038002068455632719001253379895955992379718378948421921672457563076401454789851580843053767330505090507041558807333212212976909482153800964990858733649012451886220844842133128887881/10000000000000000000000000000000000000000000000000000000000000000000000000000000000000000000000000000000000000000000000000000000000000000000000000000000000000000000000000000000000000000000000000000000000000000000000000000000000000000000000000000000000000000000000000000000000000000000000000000000000000000000000 1640461000086315343575661475633050934686556171568934023496356640219645617578170595095005197387275324808964750381369586082835196476972222056700295701507744213508358412948027799571526663371176060385507975037682597418737345155395913040628881815853535514244804404631252834045519397459035088255710726463598789718593/10000000000000000000000000000000000000000000000000000000000000000000000000000000000000000000000000000000000000000000000000000000000000000000000000000000000000000000000000000000000000000000000000000000000000000000000000000000000000000000000000000000000000000000000000000000000000000000000000000000000000000000000
-994568876413051798164789458856632931536110362000457143307439598933380743593456121879155484934878719182280079431171192744707383230376568746736094068939433682769422852868588923098397862551547929157415449390297368181710851574450231843835454460288966911540367804971599375031807485659730457777857465873755002164643/2000000000000000000000000000000000000000000000000000000000000000000000000000000000000000000000000000000000000000000000000000000000000000000000000000000000000000000000000000000000000000000000000000000000000000000000000000000000000000000000000000000000000000000000000000000000000000000000000000000000000000000000 2432574148904418607308817475603171899276438572292973017927542281994040130624075309658490068139249696041770496390929189220834926365069291749207630889969863250270884168591733041800958508486519750317524062396719100938877440561083332251926500059295860643213220210119418281005387571292638967399266435395354210185493/10000000000000000000000000000000000000000000000000000000000000000000000000000000000000000000000000000000000000000000000000000000000000000000000000000000000000000000000000000000000000000000000000000000000000000000000000000000000000000000000000000000000000000000000000000000000000000000000000000000000000000000000
-3622844205718112354294362527454981504473310720203078122795875503872251542774512200869652202667962615002031434405593623395029231297900424725833294618527111981278472712117203208879890578487227745301420431146625815095805376344423243549902655288493891510120744729280663763868768022777537473987190065460157089110183/5000000000000000000000000000000000000000000000000000000000000000000000000000000000000000000000000000000000000000000000000000000000000000000000000000000000000000000000000000000000000000000000000000000000000000000000000000000000000000000000000000000000000000000000000000000000000000000000000000000000000000000000 -6172906400636770864770083385288688315980013976971561800376089784910938389861826650398340780811678859413235918986286651876196990726504095809361555139877257539333092769021595557911799644617238153762806192513766353800774229406842136892826002671833959877206257188322650915169326631915903843409754250609512718247371/10000000000000000000000000000000000000000000000000000000000000000000000000000000000000000000000000000000000000000000000000000000000000000000000000000000000000000000000000000000000000000000000000000000000000000000000000000000000000000000000000000000000000000000000000000000000000000000000000000000000000000000000
-448649347867397783735067771446160717906329246751277048689384328093627041884685358933814048958447503136841411387377633022320867569265004464817718757343244581918125204866553588096925083092503499576034343280424346957072907570240481803842169203766455598090751020698872502041461778668956840813264980573559979776359/1000000000000000000000000000000000000000000000000000000000000000000000000000000000000000000000000000000000000000000000000000000000000000000000000000000000000000000000000000000000000000000000000000000000000000000000000000000000000000000000000000000000000000000000000000000000000000000000000000000000000000000000 -6075016561135761418073972193456365281498392645719229359609319984367679614461534090561810367162342381304320697303242610398581899662692690772623677995539399974112449103482964498672445736788649142804759035757746476897094498170912730270119538921119002993622857562781333668569330129739217344101746627945804704045823/10000000000000000000000000000000000000000000000000000000000000000000000000000000000000000000000000000000000000000000000000000000000000000000000000000000000000000000000000000000000000000000000000000000000000000000000000000000000000000000000000000000000000000000000000000000000000000000000000000000000000000000000

0
1670245594520822013804803744753895388546352548254774188290087648417216425033298277885132029577170362738666261988704345117427889914357497588736052901063394783577957375762149944951592797778447223018581393730698308254263850612842502560362639338298137125376903698746927173392460517286803659824200089510880460590361/2000000000000000000000000000000000000000000000000000000000000000000000000000000000000000000000000000000000000000000000000000000000000000000000000000000000000000000000000000000000000000000000000000000000000000000000000000000000000000000000000000000000000000000000000000000000000000000000000000000000000000000000 -8304081734598946712238413352305663638301287147333442731893398270983917060939888864093899607455777181647064832331067689869993330817892653791642789502650480306483875219545010494506439429972787076432637346828117279197631920917078671677570154781557992229664287903995651426402420324037128512671728597246982543436361/10000000000000000000000000000000000000000000000000000000000000000000000000000000000000000000000000000000000000000000000000000000000000000000000000000000000000000000000000000000000000000000000000000000000000000000000000000000000000000000000000000000000000000000000000000000000000000000000000000000000000000000000
5 5
1 0
0 0
0 0
0 0
0 0
0 0
1 0
0 0
0 0
0 0
0 0
0 0
1 0
0 0
0 0
0 0
0 0
0 0
1 0
0 0
0 0
0 0
0 0
0 0
1 0

5 0

4 0

