0
-1.854845597190914e-01 1.725620962195471e-01
-3.289956788264422e-01 1.027059461212680e-01
7.935976364060691e-02 2.100837304462362e-01
-5.008074080909799e-01 6.573312866667455e-02
-9.373795549627002e-02 7.963318578303528e-02

1
3.268585985311139e-01 4.781381815393250e-02
2.641053809073509e-01 4.265779704454466e-02
1.381521049608138e+00 7.107299408472730e-01
-1.963456436281981e-02 -1.496099610082310e-03
-9.552762358185016e-02 2.799548705441188e-01

2
-6.226551954147646e-01 -2.313282606751427e-01
-7.392851468681237e-01 2.635325123333991e-01
-2.612072772059041e-01 -6.693414718365245e-01
-1.006205545600373e+00 -2.172346855121140e-01
5.390733731103999e-03 -4.699167449718131e-02

3
-1.019250709910823e-01 2.366142919251455e-01
-6.056243539475513e-01 1.961390940312179e-01
3.912474005456967e-01 1.064361492945695e+00
-1.003787099444485e-01 4.845371208193764e-02
2.820483062193505e-01 5.373147512009131e-02

4
-1.870959755060878e-01 8.763126918594701e-02
-6.034600312257102e-01 -1.656915343488090e-01
2.728817236915552e-01 2.620152342308973e-01
-9.927885805874126e-02 -1.715277731226161e-01
7.532058398758838e-02 1.604054688674144e-01

5
-3.905899931171845e-01 1.446232908497577e-01
-2.471678853174862e-01 2.651255580436537e-01
-3.163825476950474e-01 -5.257155676187794e-02
8.386246132532376e-03 -2.021688518336548e-02
-1.057813917738641e+00 3.547121947170438e-01

6
1.315203393121961e-01 -8.309899737889152e-02
-2.086667270073979e-01 -4.892551545080996e-01
7.821250337265091e-01 1.961051562102147e-02
9.781739728132186e-02 1.802948796557899e-01
-1.656561244499316e-01 -1.091486516347607e-02

7
-3.239691661673815e-03 4.493946645059415e-03
6.018574159316123e-02 -1.181828567827932e-01
-6.321222835026329e-02 1.224498783099987e-01
-1.099472660718263e+00 -5.921067203811135e-02
2.094529952789207e-01 8.853689519753307e-01

8
-9.517186504724652e-02 1.257645843577220e-01
-1.267303336750591e-01 2.361623362935614e-01
3.802823676311529e-02 -8.364846710994224e-02
3.271496242237853e-02 -4.818472714690093e-02
-1.196035710604479e+00 2.412210331300179e-01

9
2.290892893931785e-01 -1.217184281482693e-01
8.936967792276139e-02 -9.136201329153619e-01
1.169166472952780e+00 -3.333200591325480e-01
6.084743779527103e-02 2.879348897044287e-01
6.163731180329692e-02 -9.968705202615258e-02

10
6.802453664995096e-03 -1.107047701353839e-02
-2.969958654308015e-01 -4.799082784134708e-01
5.649838516496324e-01 -1.926560995755878e-02
8.143548830115305e-02 1.155534287407451e-01
-1.551266008826415e-01 2.709311426810227e-02

11
8.066100434770952e-02 -1.130284757346750e-01
-2.576939398504979e-01 -5.938936067412259e-01
6.878554974376823e-01 -1.589997895770216e-01
1.063831023675314e-01 1.633490014490444e-01
-1.860524211468889e-01 -1.047409609222301e-02

12
-2.303681950037137e-01 2.004409141259507e-02
-6.623008408893568e-01 -3.495016961548282e-01
1.987416991292287e-01 4.033499223777112e-02
3.099097393519802e-02 2.049658400056186e-01
-2.821427659580632e-02 -2.108770520615036e-01

13
-1.948238917084480e-01 9.368417658911016e-02
-6.105808584892233e-01 -1.654471127069257e-01
2.701708661605734e-01 2.719868369555687e-01
8.175788968641706e-02 1.654197532041278e-01
-1.062005799700705e-01 -1.772126715209673e-01

14
-8.349572934325672e-02 -4.246256083993223e-01
4.563214797843328e-01 -1.364826465482281e+00
1.238074953045774e+00 -1.449850459609707e+00
-4.132751246589020e-01 1.969567514111699e-01
3.660762412227904e-01 9.981731521670403e-02

15
-1.884282892773607e-01 1.827917744523273e-01
-9.496980031790603e-01 3.153404703570181e-01
-9.722063583700230e-03 1.267108844302230e+00
2.631800843038560e-01 1.157939020144639e-01
-8.479320934718657e-02 7.849365118186379e-02

16
-3.029646395355172e-01 2.350719761624699e-01
-2.657430372282623e-01 -2.636319412301214e-01
-2.950739289138683e-01 5.131268757038246e-01
-4.981524040898434e-03 7.938089519120106e-01
-1.849446744850167e-01 1.799542260373843e-02

17
1.738951606936782e-02 2.258830345165252e-01
-5.624931935534955e-01 -6.660429395615364e-02
3.855044557529317e-01 7.555927712758931e-01
2.809456972975731e-01 1.386992871752431e-06
-2.017466755177897e-01 8.931959928974059e-02

18
4.767339547038142e-02 -2.731986923151844e-02
-2.152250927710360e-02 -1.336302454405215e-01
6.153170066974920e-02 1.093485018895135e-01
-2.176850355621456e-02 -3.962298858531590e-02
-8.096016904479859e-01 7.657851197585762e-01

19
-3.809891684803284e-01 3.165873753766967e-01
-3.451150199648281e-01 -3.993483969318148e-01
-4.048439744073201e-01 7.183733164174346e-01
1.528927807665399e-01 9.817031617855921e-01
-1.523107209011191e-02 -4.493822198232863e-02

20
-1.537127599738187e-01 1.078708401441156e-03
-9.540837271728288e-02 5.839863381581561e-02
-8.050882291672368e-02 -7.203956572044212e-02
-2.318171380265551e-02 1.322459820450018e-03
-9.930876254745815e-01 5.277909825714149e-01

21
-2.046546447987015e-03 6.855991796068904e-03
1.300978775471766e-01 1.264828879639073e-01
-1.320331656086587e-01 -1.199812793937910e-01
-4.824929476178209e-01 1.385626003582877e+00
-9.864088336191706e-01 -7.052417753439247e-01

22
-7.054827345638039e-01 -2.485479457230462e-02
-4.179771739861906e-01 -7.570327914989476e-02
4.651010823173041e-01 -6.924087743738400e-03
1.123397962198324e-01 -1.045358777370949e-01
1.261863375507582e-01 8.359113033185307e-02

23
-2.656321142203582e-03 -3.903030327896036e-03
-9.670728081431337e-02 7.457049956379543e-02
9.420604848885369e-02 -7.827391760543928e-02
-8.858825601868687e-01 -4.581899353010589e-01
-1.572028980606454e-01 8.090560919321521e-01

24
-4.272664734544170e-02 -1.067023681240196e-02
-7.107476476628133e-02 -1.233002447837640e-01
2.987299792662833e-02 1.102087254941609e-01
7.219105856981835e-03 -3.843333597880055e-02
-7.542528178314869e-01 7.233006380210540e-01

25
-2.205282913064018e-01 -1.421194134043472e-02
-1.276704934928630e-01 -6.803855104606950e-01
9.336546898850997e-01 -6.357807141171580e-01
1.377518384975178e-01 -1.000748808032385e-01
-5.098910757453996e-02 -1.404863358327212e-01

26
-6.368494837977856e-01 -3.262210415680646e-01
-4.210588363985752e-01 -2.617414003035877e-01
7.129460464503782e-01 3.698588458174321e-01
8.125585804788225e-02 2.730477269945956e-02
6.914552393655607e-01 4.006122046878062e-01

27
-2.292985884150995e-01 2.241658710219465e-02
-6.588196905103836e-01 -3.393536533911867e-01
1.939520900910316e-01 3.624393385867955e-02
-3.034620279493810e-02 -2.098441893589884e-01
3.321621889523624e-02 2.036121538108801e-01

28
-9.147426603613695e-02 -5.222847137205810e-02
-4.777430578815058e-01 -5.351052103956447e-01
6.541133359403613e-01 -6.261972412591386e-02
1.301162346639988e-01 1.217241847509204e-01
6.011424989987330e-02 -1.818930538095862e-01

29
-2.003006306201532e-01 -1.642153351015299e-01
-1.465298499720343e-01 -1.283136132129188e-01
1.232351404073745e+00 6.003905033916532e-02
1.495326459393529e-02 1.099580256539819e-02
1.821323604887294e-01 -1.430124276002644e-01

30
1.558224055577561e-01 -3.867602285495806e-01
1.701385199426507e-01 -5.125224250523399e-01
-1.038874836256981e-01 3.298208728368158e-01
-5.403239626515548e-02 1.460000372819706e-01
-5.688987426728164e-01 1.571666088367824e+00

31
-6.320863354819055e-01 -4.913215015329626e-01
-8.240199750168856e-01 -3.872870629363324e-01
7.124172840075145e-01 6.215671219065244e-01
1.347409134170091e+00 3.862325922151493e-01
-1.233687563558028e-01 7.095015717908568e-02

32
-1.299057977543213e-01 -2.208128771028630e-01
-6.210138818352646e-03 -8.382174842027631e-01
8.002241672760551e-01 -8.527598068084692e-01
-1.976640426094899e-01 1.914207810939325e-01
2.908487596521380e-02 -9.599373722904438e-02

33
-3.505506751280404e-01 -3.744507229489362e-01
-2.906213045634955e-01 -4.978708408416281e-01
4.530883618881477e-01 4.282471506476419e-01
3.081152909464139e-01 7.967375815506548e-01
1.874692650760797e-01 1.317700003557841e-01

34
-1.105492406255537e-01 6.532241617655447e-03
-3.182079788460594e-01 -3.805377344697156e-01
5.510933080469523e-01 7.557608041701605e-02
8.371870728461778e-02 1.029017915938491e-01
-6.946642552624301e-02 3.510396437453848e-02

35
-3.975099235117155e-02 -1.492464190939919e-02
-5.944350218773928e-02 -1.210168912656333e-01
2.163112518587666e-02 1.039024185555380e-01
-1.123340866900924e-02 3.591204574686641e-02
-7.599825531675486e-01 6.639997727675176e-01

36
-1.239751840958685e-03 4.707496317643246e-05
-1.140217026539200e-02 -5.630856290411994e-02
1.023275473659136e-02 5.635133131137593e-02
-3.835983388016170e-01 2.671378409889101e-01
-5.620631517201840e-01 3.915052207899969e-01

37
-7.080091389141006e-01 -1.828928098462190e-02
-4.141592668410672e-01 -9.181891268740223e-02
4.787451285902828e-01 -2.106102911632445e-02
1.320488953487644e-01 7.313917077698183e-02
1.148654368410869e-01 -1.097291196505868e-01

38
5.798024965049677e-01 8.284003761987687e-01
-4.305851585631473e-01 -5.333671432334717e-01
2.465386254377297e-01 5.542744156171538e-01
-3.414697792775880e-02 -2.103910322930164e-01
-2.189608748943512e-01 -3.881043741378447e-02

39
6.595375000663989e-02 -2.551073525214212e-01
5.175408873272183e-02 -1.989546769405759e-01
1.265672642586411e+00 -1.587173957634020e-01
-3.840785090834506e-03 1.616460698259736e-02
-2.316023720633205e-01 -8.079768437798143e-03

40
-1.766207531712627e-01 -4.635068789353614e-02
-1.308780572547241e-01 -4.248479115940338e-02
8.392795026122595e-01 3.006703433065206e-01
1.322805737217531e-02 1.592894412677908e-03
-1.138113685277144e-02 1.664975555101234e-01

41
-1.189802224419728e-01 1.279466430103115e-02
-6.982929940061103e-01 1.689501386123917e-01
3.980611972645293e-01 5.462996691456357e-01
-1.277141093703347e-01 1.075660642787569e-01
7.362846015815721e-03 -2.096334257103096e-01

42
9.045713141202390e-03 9.260951392878206e-03
-6.990773254334763e-01 8.144754621934577e-02
4.200680225167120e-01 5.635972930916622e-01
-1.507373522414573e-01 8.834839961966354e-02
1.932346887692581e-02 -1.612509511635039e-01

43
-7.169545203411224e-01 4.292149999537040e-01
-4.763911199308232e-01 9.257813164739298e-02
-1.566301516630601e-01 3.213643090842784e-01
-3.755012775384421e-02 -4.934956638330509e-02
1.772270741430380e-03 9.347431374424399e-02

44
-4.175920292095695e-02 -9.153371969812812e-02
-4.621218664309599e-01 -4.403290963209652e-01
5.321808775122789e-01 -2.028173986382520e-01
3.147538040737383e-02 -1.534416663292912e-01
-1.679964050528688e-01 9.647655934455254e-02

45
3.994331123773882e-02 3.776477315694875e-02
-2.324289224906224e-03 1.778721016834509e-01
4.069546719304289e-02 -1.462802538916833e-01
-3.083980627596452e-02 3.663025480625010e-02
-1.320165290279893e+00 3.436070428018809e-01

46
-7.692233644233432e-02 1.068908960596199e-01
-4.175248496123178e-01 -6.667487512182967e-02
6.027159945699512e-01 2.984969086616721e-01
-7.198602022306336e-02 -3.609069014822067e-02
-1.246421707702182e-02 -7.373191430962858e-02

47
-2.158703086210549e-01 1.880199486494139e-01
-4.410213044021603e-01 9.352412941129573e-02
1.397734002299249e-01 2.883591330497549e-01
-4.714330411050107e-01 -4.411464243025537e-02
7.175006908974267e-02 7.562180041560691e-02

48
-1.102088562497775e-01 8.294757058394987e-03
-6.779588463793289e-01 1.561858730364996e-01
4.052746351982430e-01 5.082406013884275e-01
-2.318201567363468e-03 -2.145882879451268e-01
-1.337856527687780e-01 1.225676798116581e-01

49
-2.800900724556854e-01 2.230181857038745e-01
-5.298069393661086e-01 4.034757564037623e-01
4.502526477309859e-01 8.028096391583260e-02
-4.424453974573675e-01 -7.280278167904510e-01
-8.324573343207541e-02 1.395130868679335e-01

50
-8.217320922820539e-01 -7.191810057104971e-01
-1.326305218260132e+00 -5.931411564291577e-01
9.057323357649230e-01 1.086009905427295e+00
1.960834355697244e+00 9.467864052022368e-02
3.553358792715712e-01 3.831447067355638e-01

51
-2.169128797458898e-02 3.534395996411192e-01
-3.883585516616478e-02 2.839085900896252e-01
1.207737628567060e+00 1.081891119320040e+00
-2.665351496830850e-03 -2.081963131614721e-02
3.106527791628579e-01 -3.624548210385421e-02

52
-2.118121787488886e-01 1.903210413737673e-01
-3.898759825619360e-01 1.072495389560841e-03
3.950105418744757e-02 3.493831786284406e-01
-2.524207298239500e-02 1.475760082257392e-01
-3.432398176338526e-01 1.076552420968991e-01

53
-1.082760744463423e-01 1.758700639726641e-01
-9.578653689453059e-02 1.296807891219226e-01
9.424100104713197e-01 3.709128210179325e-01
4.223569265495606e-03 -1.276624083974503e-02
-1.290436732598279e-01 -1.216670068707832e-01

54
4.548781790560041e-02 4.466132469828255e-02
5.780872095027543e-03 2.034876846145934e-01
3.827972811956201e-02 -1.662388847999444e-01
3.737777998546821e-02 -4.321311437696294e-02
-1.437035475537153e+00 4.050785513182994e-01

55
-1.335756977609849e-01 -4.990780070067319e-03
-2.751659343621468e-01 -2.863115511178085e-01
6.226145560522338e-01 1.231867634091036e-01
4.276236233205254e-02 1.358303079703670e-01
-4.206677796943085e-02 -7.099818770947897e-03

56
-3.866490574645348e-04 -9.492523693949564e-03
-6.762055042812645e-01 -4.689872363250458e-02
2.982630307644835e-01 6.091425718352516e-01
-1.568743512926021e-01 5.799294794695060e-02
1.089975047324117e-01 9.091788690621630e-02

57
-7.510930911931700e-02 1.279644895610831e-01
-6.886621928197705e-01 -4.520574085322951e-02
4.669701026010700e-01 6.804200908808207e-01
1.680048218516358e-01 1.167107537834828e-01
2.999172105924402e-02 -1.769352292444948e-01

58
1.782151236081605e-01 -7.094270191399747e-03
1.112221759998093e-01 2.131324297910708e-02
1.954265816608890e-02 -4.376089743894627e-02
-1.517672233747291e-03 1.539264774859305e-02
-1.323319338536736e+00 6.748022471707275e-01

59
-5.418963333668184e-02 -9.387246768008516e-02
-6.911973458569840e-01 -5.916236739535968e-02
2.950342194969283e-01 5.221888566933148e-01
-1.603819471999544e-01 6.206968603806558e-02
1.149767903918303e-01 1.109491530215896e-01

60
-1.385522431677844e-01 2.698669713266654e-02
-8.560986170428860e-02 -5.057185651707084e-02
-7.550339748418299e-02 6.783367235806188e-02
-1.707828068506394e-02 4.191502018785524e-03
-8.004189778975609e-01 6.475730904596242e-01

61
-2.426734958701972e-01 2.069176446086434e-01
-3.540301165945225e-01 -3.931973009938107e-02
-4.890672652885359e-02 3.713918236656232e-01
-3.353725244793890e-01 3.333183604677989e-01
-2.266910706286535e-02 2.573467789218476e-02

62
-1.072833918681413e-02 1.770140095800225e-02
-5.336793131746839e-01 -3.688189394279043e-01
5.235042592004350e-01 3.855438464122343e-01
-1.057335045699696e+00 5.188233924682735e+00
1.055865231485824e+00 -5.185805218267025e+00

63
-2.156718662307468e-01 1.948506887797117e-01
-3.714941811978931e-01 -2.780752464180905e-02
2.074086344830162e-03 3.661413797549291e-01
-2.676058759452624e-01 1.704942643979684e-01
-8.603167595420218e-02 1.400402673211111e-01

64
5.664004454377450e-01 8.534529796760163e-01
-4.032775560417737e-01 -5.447703566945291e-01
2.640403188842862e-01 5.581558265868831e-01
-2.146006063796031e-01 -4.801993416221510e-02
-1.475707092072429e-02 -2.123954846998111e-01

65
-2.983825601366978e-02 2.713855727009443e-02
-5.270303519767483e-02 -1.022682418263247e-01
2.260815074218320e-02 1.295750438482401e-01
-2.285362389778730e-02 -2.670533591089866e-02
-7.555650476674765e-01 6.981087825076997e-01

66
1.865065294913287e-01 1.753346766429126e-01
-4.020454543209173e-01 3.973886118282557e-01
5.973357041934533e-01 1.129407736460667e+00
-6.417719165404920e-02 1.369614337653919e-01
-1.727715931691574e-01 1.554205959333457e-02

67
-4.564517757241460e-02 2.011193232224786e-01
-4.183258788469066e-01 -2.560769510760969e-01
4.821404497008151e-01 3.130882780432825e-01
-1.547611609496964e-01 -5.563150947128331e-02
1.733115342598650e-01 2.985663079803970e-02

68
-1.668452172902704e-02 -1.912135713739454e-03
-4.968590897454337e-01 -1.666861333869946e-01
4.811469965987971e-01 1.649924059800649e-01
-3.887294024533723e-01 -4.186254830345691e+00
3.864399665109073e-01 4.185987991401328e+00

69
1.713217312546644e-01 4.350014232468950e-01
-7.643868560887808e-01 1.400006173857431e+00
1.768627270335469e-01 2.299718372787435e+00
-4.167210590865897e-01 -4.656272144686775e-02
-6.168240903953115e-02 1.628391637362652e-01

70
-1.190651352308684e-02 9.796206988902597e-03
-6.714104506572957e-01 9.617178505907847e-02
4.189662567074198e-01 5.352744609875230e-01
-4.851769556512626e-03 -1.699556679845772e-01
-1.451014427435676e-01 1.114058001081693e-01

71
-1.799663926991957e-01 -7.729013748306566e-01
1.612666883876661e+00 -1.846176253136040e+00
2.345864890370669e+00 -2.631122098137652e+00
6.021205809816361e-01 1.766658408738132e-01
-7.610063151057456e-01 3.514094951472395e-01

72
-3.544880220091816e-02 7.095570612524433e-03
-5.598274056851513e-02 -1.155222224893011e-01
2.060881375698344e-02 1.214896141286714e-01
1.544781252247771e-02 -2.785846562293796e-03
-7.832147132676387e-01 6.951679116726289e-01

73
5.645914601042293e-01 1.643054240423613e+00
-5.762406885232087e+00 -5.731789785900632e-01
-5.661313833244748e+00 3.724473328738978e+00
1.696426407981208e+00 -7.434413363644528e-01
-9.413484485419430e-01 6.852886911758749e-01

74
4.656475938954900e-02 1.223146331611199e-02
2.670684377823948e-03 1.702469884617412e-01
3.904949875888952e-02 -1.609092546742268e-01
-1.932366467878066e-02 -4.847810626634384e-03
-1.344708696398800e+00 4.116810754333256e-01

75
-4.964236110785849e-02 1.252765162466416e-01
-6.510052869953663e-01 -1.332261558099084e-01
4.462926885683560e-01 5.772182346821898e-01
4.049457345218857e-02 -1.221946386328010e-01
1.279711135392550e-01 8.690468267336697e-02

76
-3.272873192842132e-02 2.278152199370681e-02
-4.502286313872326e-02 -1.083125132812697e-01
1.196649213114600e-02 1.310139521094201e-01
1.843917419795991e-02 2.920816674968730e-02
-8.006067635164217e-01 6.673332857073169e-01

77
5.848388074300012e-02 9.836591362711489e-02
-6.650733735942269e-01 -1.531813385569439e-01
2.209970795722785e-01 5.630464162247315e-01
1.063833936133659e-01 9.607200825559299e-02
-1.916471301064351e-01 3.768220336653078e-02

78
5.507242436885341e-02 -1.438902819189512e-02
6.534554118325116e-03 1.656211500400964e-01
4.122909341477188e-02 -1.783960510855950e-01
-1.097958414254298e-02 -4.751433912726638e-02
-1.370076632814309e+00 4.745503280323000e-01

79
-2.285322588418417e-02 1.662916882260135e-01
-4.785577297711057e-01 -1.503742056880751e-01
6.290426417837436e-01 5.078497512018024e-01
1.662194334466965e-01 2.494042856488981e-02
-2.265851070645686e-02 -9.335391006737424e-02

80
-1.637217131350805e-01 -2.349172437780871e-03
-1.016783861163517e-01 4.427897555034453e-02
-8.667602284907418e-02 -6.489373470605160e-02
6.296860189052229e-04 -4.518752118572095e-03
-9.885084609615701e-01 5.482886255992535e-01

81
-4.214142498798074e-02 -9.275200746553115e-02
-4.709038406801302e-01 -4.403526760100349e-01
5.368494666454913e-01 -1.929985320333190e-01
-1.784665290455767e-01 8.453074652249218e-02
4.868359009739130e-02 -1.585005655053543e-01

82
-6.945628800053607e-01 4.285358030068118e-01
-4.759903914362747e-01 8.411210778718073e-02
-1.432903733583507e-01 3.359773748049119e-01
-3.993717879977429e-03 9.153455715129848e-02
-3.318796911391053e-02 -4.429320484193919e-02

83
6.852993941394840e-02 -9.516125755486533e-02
-2.980056564877427e-01 -5.639371890651286e-01
6.146243980622403e-01 -1.312221949195001e-01
-1.780939735910727e-01 -2.056474155302585e-02
8.358497579445764e-02 1.621376164454845e-01

84
-5.123438317777979e-02 2.443087114316564e-01
-5.299305551342687e-01 3.698909688414624e-02
4.273026994834321e-01 8.484921233182787e-01
-1.554202168022168e-01 3.327091851116996e-02
2.828274651424253e-01 3.856840048326337e-02

85
-2.881772607602098e-01 5.855809899340886e-02
9.492645794241146e-02 -9.696699817406866e-01
1.007658545629844e+00 -1.130260334133400e+00
-1.053462872175326e-01 -2.070609765959829e-01
1.561060318565135e-01 -1.282972372865523e-01

86
-6.562200917728640e-01 4.262778720838415e-01
-2.646482754868496e-01 -3.519887788481724e-01
6.868432216706087e-01 -2.308350975462745e-01
-3.261106072854378e-02 -3.361667999219800e-01
4.614589759703388e-01 -1.702692656591057e-01

87
2.251377477742150e+00 -4.205911038861940e+00
8.471800319979190e+00 8.188555032042524e+00
1.797858924494571e+01 3.555913113135978e+00
2.927545238234140e+00 8.938829723141214e-01
-4.537723894839901e+00 -1.892861079990826e+00

88
-1.294671287758010e-01 9.631357026629539e-02
-8.476506794681178e-01 1.416080828055623e-01
3.970785011572355e-01 7.764371349346205e-01
-5.576427402409878e-02 -2.525525435550313e-01
2.315610021638384e-01 8.656307478332136e-02

89
-7.011555744066883e-01 5.074796259530285e-01
-2.496368258433206e-01 -3.738043548547124e-01
7.219257707738655e-01 -2.693326864501200e-01
5.099772949733762e-01 -1.999415357304128e-01
-3.230048581465232e-02 -3.883220911859297e-01

90
2.344821730437632e-03 8.141525789739182e-03
-3.984211763620633e-01 -5.851773655216711e-01
7.050411678117212e-01 -5.229896575041557e-02
6.475008037517403e-02 -1.629885980631722e-01
1.040125674170525e-01 1.105340582223832e-01

91
-1.494017473925995e-01 1.977099556265572e-02
-1.107312266208683e-01 -5.504831930878337e-01
7.978958480241473e-01 -1.508077331540190e-01
1.097923439384643e-01 -8.796725605662922e-02
2.897951147639944e-02 1.824545655163043e-01

92
-1.468757892670838e-01 2.512495991228249e-02
-8.845634272325574e-02 -4.791100710662406e-02
-8.304120713472900e-02 6.134342661277906e-02
-4.778030152056999e-03 -3.403612626621989e-03
-8.153639522611078e-01 6.553107209559921e-01

93
-2.405809978750968e-01 -9.491426672209614e-02
-2.011642612129732e-02 -3.954854749370467e-01
1.233640097184534e+00 -3.515803251674395e-01
5.051625469272447e-02 -9.913252192023544e-02
1.136812728113509e-01 -1.152601413803861e-01

94
2.869691217168997e-01 2.123761957453230e-01
-5.641797137353272e-02 6.547020775951722e-01
1.006285019552052e+00 1.426208276526468e+00
-4.467513469724840e-02 1.020779254311942e-01
-2.296625318162575e-01 1.408859697248354e-01

95
-7.850890757965858e-03 -4.753063310854881e-01
7.131299228423132e-01 -4.089432957696046e-01
1.941732489790655e+00 -8.148772398257879e-01
1.631747094505185e-01 6.873822349969736e-03
-4.649563452256142e-01 8.913781794980873e-02

96
1.004769959436653e+00 2.419203736108281e-01
-1.307337256947168e+00 4.625624420280484e-01
1.732506803312070e+00 6.528088476920384e-01
-3.339921934111699e-01 -2.323220172361013e+00
1.462446909739114e-01 2.683474510467421e-01

97
-1.872834626283593e-01 7.221808304060331e-01
-2.351985716444168e-01 -5.131016375129576e-01
4.406952324595353e-01 -4.358261425932976e-02
3.147698528033824e-01 -8.763410193832705e-02
-2.287713556221086e-01 -3.306200359676336e-01

98
7.793041273422249e-01 1.664732009171452e-01
-1.041303121795253e+00 4.575249364221037e-01
1.406843595481995e+00 4.949814066286605e-01
-2.026713294164332e-01 -1.685997362412621e+00
-2.414294745740175e-01 1.295029077067145e-01

99
5.302090950822111e-01 1.108314530991489e-03
-6.909623435336691e-01 1.580999799775387e+00
1.334189158804974e+00 2.237308086478913e+00
-4.998778863461471e-02 -5.792983541958707e-01
-3.041279914778378e-01 2.396182600992544e-01

100
1.629566297886111e-03 6.459080880735095e-03
-2.967150215842982e-01 -4.718285641805189e-01
5.563032939842237e-01 -2.146833996855237e-02
-1.369069480841633e-01 1.352404347104420e-02
6.121254174480278e-02 1.047475508648654e-01

101
-4.088259031243171e-03 -8.543538240923605e-04
-9.283729698325983e-02 -6.748183773100881e-02
8.900699633333101e-02 6.664972964095744e-02
-1.989148660506939e-01 8.980245949800266e-01
-6.652800783383526e-01 -3.670286276578685e-01

102
-1.231159616446107e-02 -3.568769217984468e-03
-4.119434292356838e-01 -4.505057961841290e-01
5.960566866774339e-01 -1.297878314777910e-01
-1.423632136138903e-01 4.450908679432392e-02
5.807736884069967e-02 -1.445822856165347e-01

103
-1.843686465583580e-01 -1.575429149092004e-01
-2.902153204388230e-01 -3.179549866271050e-01
3.176880476951907e-01 4.610577451440342e-02
-1.779301820401013e-01 5.255339335705091e-01
-1.329028296458955e-02 -8.361317526756068e-02

104
-1.060975304153702e-01 1.822160982862482e-01
-3.195237983045969e-01 -7.075908158306239e-01
3.291605270141114e-01 -2.757446401825403e-01
-1.866573045507256e-01 -9.511426101005056e-02
1.557274268819463e-01 1.264537256553643e-01

105
5.543168108957255e-02 -1.140786396234074e-02
-1.256057522698801e-02 1.577347533537578e-01
6.054115611205643e-02 -1.677904403112951e-01
7.541314362426884e-03 4.837933224467321e-02
-1.355756314385299e+00 3.522413219749226e-01

106
-6.501411701028559e-02 1.326905861070189e-01
-2.606169918968177e-01 -1.090751761010041e-01
7.216895255583998e-01 2.081125606007551e-01
-7.844003227296893e-02 -3.884619610667684e-02
-3.282783495037968e-02 -6.332032669009781e-02

107
-2.816961884684684e-01 6.441860092886617e-01
-2.074030153210421e-01 -4.661813548092685e-01
4.612564625377120e-01 -3.959383001749048e-02
-1.795662906700108e-01 -3.150084719743713e-01
3.270813009455456e-01 -4.246415651042516e-02

108
-4.525991309343056e-03 1.122428775605364e-02
-4.000854813302073e-01 -4.457667459102305e-01
5.861267129149529e-01 -1.251105181942137e-01
3.643967067389414e-02 -1.441615079691677e-01
-1.349906154388188e-01 5.920484190381509e-02

109
2.373183594375551e-03 4.030481768604268e-03
-9.521309078259207e-02 7.773332066137437e-02
9.743868091019378e-02 -7.398760247891013e-02
-8.834925799308021e-01 -4.649494441468175e-01
-1.625379452538958e-01 8.081731693214294e-01

110
6.003605607307195e-04 1.501422254135832e-03
1.099179326678063e-03 6.479399969797837e-02
-5.280061206342725e-04 -6.338561618754210e-02
-4.739447684263012e-01 2.185573562797281e-01
-6.946625358996218e-01 3.201584399963726e-01

111
-3.585271940872349e-01 2.086785036885911e-01
-7.393426766441915e-01 3.969944946826268e-01
5.525209663361573e-01 2.382229716549224e-01
-3.729070832951847e-01 -7.821118640838348e-01
2.138578832331440e-01 3.503292315138223e-02

112
-5.600444236137694e-01 -2.446855883396854e-01
-3.687126543636414e-01 -3.373793452998633e-01
6.490738668226681e-01 3.135963732677242e-01
5.662538486787400e-01 4.654871356058147e-01
7.922452294937761e-02 -1.102076388725368e-02

113
-7.030207068659444e-02 1.000942272782218e-01
-4.612525619002670e-01 -1.113113921266491e-01
5.531415414755596e-01 2.764191236295142e-01
1.270579403244096e-03 -5.833391950008867e-02
-7.534832392123543e-02 -4.418753105668864e-02

114
-1.521666652365446e-02 -6.326374938669757e-03
-4.003809264987653e-01 -5.964976245273030e-01
7.171296386081971e-01 -4.570442044404400e-02
1.115609681849116e-01 1.401553809056266e-01
8.519476725996837e-02 -1.796725132050958e-01

115
8.154096728145585e-02 7.813142863696673e-02
-4.370648248681263e-01 -6.150624119951426e-01
6.532995825314820e-01 4.998513215546009e-03
6.009909220095146e-02 -1.839662423725389e-01
9.084154146044655e-02 1.049385761746061e-01

116
-1.696506270733706e-01 -1.708058314391694e-01
-2.737637078169712e-01 -3.643401568725890e-01
3.468052150678280e-01 5.852076142395388e-02
-2.282821067067514e-01 4.418679881516881e-01
9.385604559550252e-02 3.681409808452570e-02

117
-5.761972777811429e-02 1.825581765044065e-01
-4.551867520209164e-01 -2.573501255501762e-01
4.590030071231420e-01 2.926872589165231e-01
1.541141386271367e-01 3.750147922527403e-02
-1.444349199847589e-01 -6.506825661880652e-02

118
-1.470140231781230e-01 -4.382448698945018e-02
-2.592392778288485e-01 -3.612544488368472e-01
7.714008809612696e-01 3.848111094206395e-02
3.469816484805782e-03 1.723475147711706e-01
1.131751156600779e-01 -1.184441876366614e-01

119
-1.656943498147234e-01 6.334057885419658e-02
4.444031475672140e-02 -7.269758462990540e-01
8.800698814831865e-01 -3.404587171977702e-01
6.043492886275018e-02 1.928711698967793e-01
1.113438952637052e-01 -9.017727968673013e-02

120
2.039112337142318e-01 4.794070134819852e-02
-2.058007030361839e-01 -5.160074792190395e-02
8.296124896674687e-01 5.899118727101020e-01
-8.718868039067773e-02 -2.157976422219738e-02
-3.817520697019271e-02 1.885546327205260e-01

121
1.557174045949385e-02 1.041381688832161e-01
-1.673618652013644e-02 -9.683930162716445e-02
4.757627044416388e-02 2.034081432669422e-01
-7.236595057880230e-03 -4.124873795293185e-02
-7.633349830835203e-01 6.975372183095734e-01

122
5.517994349486320e-01 2.532681190632479e-01
-6.121573341142168e-01 -2.809344904213658e-01
3.493838693370990e-01 1.769351165524186e-01
-6.988695253539784e-02 -1.493085022600842e-02
-5.851516653743083e-01 -2.836313367522695e-01

123
1.512823746817352e-02 6.320869487232027e-03
-3.921626591188898e-01 -6.099070138252876e-01
7.247405139212139e-01 -3.189953567108230e-02
1.036907756609146e-01 1.435493726383623e-01
8.826059166834972e-02 -1.801040372839567e-01

124
1.840357005795502e-01 -6.533669386303095e-02
-6.054304077160366e-01 -3.365889216587146e-01
5.645091655724302e-01 2.820507099288632e-01
4.324161363799594e-02 1.540072697409056e-01
-8.559570899281153e-02 -1.558068923558007e-01

125
2.665881680415163e-02 1.533701490296914e-02
-2.392370370328220e-02 -1.162548024837847e-01
4.920741882294526e-02 1.290883932893441e-01
-1.286661619682492e-02 2.430655741095922e-02
-8.077145125531152e-01 6.712509746699254e-01

126
1.285999245241771e-01 -5.030292089214179e-03
-3.759873936595465e-01 -3.688518414724081e-01
6.100733176001538e-01 2.412146475183196e-01
2.428438460025650e-02 1.179945754662247e-01
-7.804312759410846e-02 1.356825395530659e-02

127
1.883680300814691e-01 4.054510092401134e-02
-1.887550695323627e-01 -5.885250749854876e-01
8.539954098968946e-01 1.029188912477787e-01
-5.334652378430513e-02 2.494573298513289e-01
1.364658023709438e-01 -1.470933321458177e-01

128
5.726755278397770e-04 9.547018480535430e-03
-6.710877573336272e-01 -5.364348576590156e-02
2.898297748691033e-01 6.080518679873071e-01
-1.573354077528359e-01 5.457939327738755e-02
1.081769886428972e-01 8.886795279553718e-02

129
5.918449074855178e-02 9.517997624276719e-02
-6.715182100785478e-01 -1.569323491626654e-01
2.087775786447948e-01 5.523612880673368e-01
-1.802133845552825e-01 3.100955101476988e-02
9.155604436080521e-02 9.096766211068223e-02

130
2.617426402629952e-01 -1.042047134580858e-02
-2.296377790858830e-01 1.629717423315748e-02
3.356652336307648e-01 -3.111517719331512e-02
-9.472472438448504e-02 8.432048254163339e-03
-9.310307675755877e-01 1.056033531303822e-01

131
2.603153698293642e-01 1.296376455744934e-01
-3.036889549823599e-01 -2.184726751368371e-01
3.807784933293916e-01 6.613305022522718e-02
-5.224913997697879e-01 1.046044215006287e-01
-1.143709385569491e-01 -8.732400128243498e-02

132
1.962238706318201e-01 -4.961011495305812e-02
-5.890657527936778e-01 -3.207032501265640e-01
5.689948588433071e-01 3.079533165922893e-01
-7.224929964324928e-02 -1.659374793859387e-01
3.220426093752082e-02 1.695544207307711e-01

133
5.618382360468135e-01 1.779917126868719e-01
-6.334785648463646e-01 -2.220233965952368e-01
3.664245625278982e-01 2.242943953244549e-01
-5.904295926173405e-01 -3.117257612963630e-01
-6.521180457345670e-02 3.863513781947959e-02

134
4.268136905261967e-01 -1.157311638984460e-02
-5.196012505352591e-01 5.167400469454807e-02
4.832615014949777e-01 9.904510071197016e-02
-6.706730948252669e-01 -2.791280228234141e-01
-2.107732514582877e-01 2.478187069161057e-02

135
1.761896201639756e-01 -1.841423692786130e-01
-1.941060664431326e-01 1.830041301170172e-01
1.201888827901474e+00 4.207842149727122e-01
-7.980704743994246e-02 7.879495671135175e-02
-1.622613446898988e-01 -1.562264854835023e-01

136
-2.441970172934488e-01 -1.349825484979871e-01
-4.206339908747045e-01 -5.763194136375339e-02
9.840534498855032e-02 -2.411374654848412e-01
-5.536403644177607e-01 2.369076669710057e-01
-1.183682022957715e-01 -1.123344709414251e-01

137
-1.996689180384418e-01 -2.146295006934677e-01
-4.610691764456475e-01 -2.144372011291132e-01
2.415015235926580e-01 -2.351230049372464e-01
-5.353359912701127e-01 1.422590214745383e-01
9.556748881998178e-02 -6.824892293766633e-03

138
1.797787525743266e-01 -2.245033599260598e-02
1.081461250028624e-01 -3.660605379070005e-03
2.135068635797539e-02 -2.915789635170425e-02
2.279980006297921e-03 -2.246263875698146e-02
-1.289235397449981e+00 7.455363930186757e-01

139
3.942555260104885e-01 1.964928574839132e-01
6.143660200612383e-01 -1.156459649395145e+00
1.972780466536618e+00 -9.318347725374693e-01
-7.614796539708574e-02 -3.067812207772954e-01
1.824375019919660e-01 -1.636675946970658e-01

140
1.109031145777893e-02 1.441148820622153e-02
-9.071308554953330e-01 -9.827345349292152e-03
4.448553211848293e-01 7.880526492864566e-01
1.795144511618278e-01 1.307092767164197e-01
5.184194811249326e-02 -2.358386004580958e-01

141
1.484413196786895e-02 -6.398068319427547e-03
-6.790080161508785e-01 -5.753353463836954e-02
2.882117704855870e-01 6.187358666537490e-01
1.249073278525092e-01 1.100059362016848e-01
-1.812572463914696e-01 6.228326411813858e-02

142
2.247344201318829e-01 -5.541010787025792e-02
-1.193073036248976e+00 5.753862549801923e-02
3.190828594016699e-01 9.895539038900479e-01
1.977486869398187e-01 1.774668970625099e-01
-6.182464522574887e-02 -3.277314267241652e-01

143
-9.862356715812735e-03 -1.430657476921508e-02
-9.059280633123871e-01 7.265501370695775e-03
4.591868249020086e-01 7.786181827371501e-01
1.822955688811266e-01 1.324681032078472e-01
5.255840339473569e-02 -2.303873152514612e-01

144
-2.780915759077913e-02 -3.151762650546727e-02
-2.071351142251872e-02 1.613743962804272e-01
-4.395669494758431e-03 -1.929310474188474e-01
2.765572365249183e-02 -2.601213133014778e-02
-1.351243001654698e+00 4.752400598306356e-01

145
1.873257213371133e-01 -3.237622633721851e-01
-1.447654394427642e+00 7.016445404564973e-01
1.044192264467213e-01 2.011317222980777e+00
3.842158203097466e-01 1.473999929690768e-01
-1.723284184905308e-01 2.535159428280803e-01

146
9.962256288123508e-01 2.232156277776437e-01
-8.508205643758662e-01 -4.208290689827481e-01
-6.088041252913440e-02 5.666460370832211e-01
-2.693944989932622e-01 3.348182893587593e-01
-5.822217642747940e-01 -2.720277067844890e-01

147
3.006208852841516e-02 -1.634705101991771e-01
-8.437645820843152e-01 -7.222346570987676e-02
5.338930497733853e-01 6.689850438630851e-01
1.575061073933112e-01 1.508054281699821e-01
4.820802668905084e-02 -1.279167724067983e-01

148
-8.604890950517840e-03 -9.063819254666303e-03
-6.971103891975460e-01 9.211901868905148e-02
4.283753564254353e-01 5.566301870947105e-01
-1.470712230844974e-01 9.112208399984816e-02
2.055770065967713e-02 -1.577310394428726e-01

149
-3.155279628084225e-01 -3.097300846154741e-01
3.556924910312798e-01 3.648475855305448e-01
2.178146253668950e+00 3.977084332613670e-01
1.431483042234705e-01 1.402715145151377e-01
2.817005180990800e-01 -2.919176860754604e-01

150
-2.314328521654896e-01 1.864755089239294e-01
-2.553726003427321e-01 2.926110872041261e-02
-8.458031170388686e-02 2.506353633878073e-01
-5.466869382248877e-03 -4.461486024196544e-03
-5.824802379898486e-01 4.178796528018122e-01

151
1.086352679925493e-01 9.567543913593169e-03
-7.852692830444523e-01 8.556018999313891e-02
3.782882615237734e-01 6.190191659988553e-01
-1.755477199373734e-01 1.056843335974337e-01
-8.216866527616742e-03 -2.107920810096520e-01

152
-2.982388741780015e-02 -1.807128347989658e-01
2.738423103422691e-02 1.668295447177610e-01
-1.650669078801176e-02 -3.390504069440607e-01
1.138695633394368e-02 7.083577031259192e-02
-1.489944457370604e+00 4.865339899253120e-01

153
1.024287122194166e+00 2.088058250971606e-01
-8.511561341330370e-01 -4.105405353775560e-01
-8.650735935787633e-02 5.309772560219560e-01
-6.051871559851786e-01 -2.857396831562661e-01
-2.972799561957571e-01 3.439816878560943e-01

154
2.891613216531833e-02 1.613015471892270e-02
-3.009682088226561e-02 -1.220308632195731e-01
5.753391254604220e-02 1.354251918545006e-01
1.384562024440280e-02 -2.669825932641912e-02
-8.157988662043731e-01 7.176072575822104e-01

155
-7.741575547884191e-02 -1.312230956906530e-01
-1.240316029218385e-01 -2.267102022759772e-01
9.692478716117418e-02 9.086464799720055e-02
3.278089900153523e-02 5.273524978706275e-02
-5.964724996649700e-01 6.886848937376242e-01

156
-2.485149726617620e-02 -3.034487212999417e-02
-2.155660102371323e-02 1.472236112643608e-01
-7.364196714180903e-04 -1.774733619754951e-01
-2.676784362784607e-02 2.297134803130635e-02
-1.272614726189428e+00 4.351103425629839e-01

157
-3.830405767297748e-01 -1.690833057554425e+00
-8.579749605082183e-01 5.771090326959001e-01
1.032406808777737e+00 7.979547146331144e-01
-5.537291690206805e-01 5.272756707868468e-01
8.231862205248942e-01 4.368692953942740e-01

158
1.568105771938501e-01 -1.602540620403874e-02
1.930222152637067e-02 -2.422542791896883e-02
9.394708560689839e-02 -1.774271518720159e-03
3.071341092944299e-03 -2.004999883962949e-02
-1.136013308814908e+00 6.218396518403256e-01

159
1.045083592063524e-01 -1.050591279322668e-01
-5.219383580194336e-01 -1.231109312437390e-01
6.853312591130384e-01 2.727635407367670e-01
-7.277851567985288e-02 -7.168924464851228e-02
-6.586305087800244e-02 5.535134355398619e-03

160
2.065930606531238e-01 8.941598829124038e-01
-3.496989864342658e-01 -7.556812084102618e-01
5.325999783654312e-01 -2.217670982497164e-02
2.884402397712940e-01 -2.176097346270255e-01
-2.031280305629563e-01 -4.590476489540077e-01

161
9.229206595487852e-02 3.729382696491200e-01
6.099509577916423e-01 -1.040438986416231e+00
1.151122378020134e+00 -7.015512443772987e-01
3.016963558986470e-01 -1.538344963846953e-02
-3.878537899782087e-01 9.215930097485035e-02

162
-4.025666995830291e-02 1.352585882373699e-01
-2.961749138974297e-01 -5.770869676381045e-01
4.562737026740795e-01 -1.250667187977501e-01
1.090416920820360e-01 9.761716409301900e-02
-1.736146682594739e-01 -4.265431692563502e-02

163
-2.525561559130567e-01 -4.559130338865021e-02
2.930933743553382e-01 4.428694336591583e-02
1.270434025221469e+00 2.908463573957758e-01
1.140955618701153e-01 1.934998313729116e-02
-4.697254121577042e-02 2.327705433958939e-01

164
7.460121104753006e-01 -1.342669704141314e-01
-2.581010484437322e+00 -9.974118529127676e-01
-1.248353992410627e+00 7.590327198232165e-01
2.073064497660259e-01 6.832697729313335e-01
-9.719110621090912e-02 -7.430810830263128e-01

165
1.495659460996296e-01 -1.005281805432249e-02
1.603367572113850e-02 -3.705243557747809e-02
9.333893230274060e-02 1.522936538745816e-02
-1.926214624353349e-03 1.313668256691010e-02
-1.098008282235473e+00 5.967894710438187e-01

166
9.432203087924464e-02 1.926451158525929e-01
2.180001261524246e-01 -7.503700706075891e-01
9.640202875548702e-01 -5.270041774814946e-01
-2.103439586950604e-01 1.018922269223144e-01
-1.176101762892540e-03 -1.541452354985781e-01

167
1.163438877466195e-01 3.249564111847599e-01
4.347088264966680e-01 -1.168567909074329e+00
9.490177652598184e-01 -7.522019789077347e-01
-3.423874714290353e-01 1.213956280154685e-01
2.737583727100085e-01 -3.493676923842138e-02

168
-4.358114711495089e-02 1.276458160923392e-01
-2.942504890278593e-01 -5.615465695080395e-01
4.536306027360121e-01 -1.181908489221972e-01
-1.664702477042688e-01 -4.691030742512190e-02
1.010103507463621e-01 1.005843907240655e-01

169
3.351729375278683e-01 1.806748951910209e-01
-3.857970813044508e-01 -2.305899546831370e-01
4.073568173408840e-01 1.155257168260978e-01
-6.473611464743800e-01 -9.109821726522405e-02
5.300298590752731e-02 -1.700918801999513e-02

170
3.070549742879583e-02 7.893135897043202e-02
-4.111919682302528e-01 -4.781477707109192e-01
5.465311229637488e-01 -1.130991267252218e-01
-1.698374695476668e-01 2.818440295789492e-02
5.649343875926197e-02 -1.549702481612099e-01

171
-1.909946407456553e-01 -2.093128953613617e-03
-7.714090078285517e-02 -2.644477988179881e-01
8.390402538712440e-01 3.686501597903782e-02
1.155360198777692e-02 -8.827199490694901e-02
2.297926296575666e-02 1.984892753033032e-01

172
1.620750733232454e-01 8.742395487918676e-01
-3.360706705161237e-01 -7.471746603079531e-01
5.415351448796402e-01 -4.136326086864705e-02
-1.846866458095258e-01 -4.755628200937108e-01
3.078625347322853e-01 -2.046879279988246e-01

173
-3.095732695786382e-02 1.848424602390496e-01
1.793859380431171e-02 -2.002802166793871e-01
9.508171558290798e-01 3.429651172135999e-02
1.147457073921626e-02 -8.274021085377131e-02
-1.640128070073034e-01 -2.258865997874292e-02

174
3.166246318676433e-02 7.818814882274892e-02
-4.067097164990821e-01 -4.763217098471784e-01
5.417061285421397e-01 -1.244391915083157e-01
4.120721753283278e-02 -1.562770838283643e-01
-1.654550335513431e-01 4.165729423896333e-02

175
7.074286471352272e-02 2.353634076787254e-01
-8.746891416995574e-02 -2.374847509907091e-01
1.110881400644453e+00 3.583454494010075e-01
-3.425193151117738e-02 -1.016747290731944e-01
2.127882384778741e-01 -5.707092510250359e-02

176
-6.576089472019987e-03 9.927083441442644e-03
-2.912912490904703e-01 -4.751899361152560e-01
5.580832957314940e-01 -1.643941573911020e-02
8.071088445590889e-02 1.099823225067096e-01
-1.491511637047666e-01 2.297977983612252e-02

177
-1.047290213018224e-01 1.853656985605237e-01
-3.374163343960047e-01 -7.243814134884150e-01
3.217982977288333e-01 -2.823424844562995e-01
1.587530490708848e-01 1.247287457546865e-01
-1.890343958600550e-01 -9.366826870766388e-02

178
8.189274315097465e-02 8.133735087951019e-02
-4.242500865329179e-01 -6.180346552136888e-01
6.665684043477318e-01 2.737941816626304e-02
8.131596566824323e-02 1.208127082713859e-01
7.780754622728898e-02 -1.863340738866051e-01

179
-1.037877515310600e-01 3.441139353193624e-03
-3.449975114869709e-01 -3.921675510883209e-01
5.271774146097478e-01 7.811667056875346e-02
-6.024056709914313e-02 4.888796696429770e-02
8.217154577469050e-02 8.302028967352060e-02

180
-4.417593129540834e-01 6.585534684138120e-01
3.636340233754558e-01 6.111379080103594e-01
-9.195268268731209e-01 5.153369704193167e-01
-1.428360295942970e+00 6.107280977504232e-01
-1.687344391227117e-01 4.162905363825906e-01

181
-9.188761894257003e-02 -4.990250768214014e-02
-4.904952559496688e-01 -5.268222879526014e-01
6.313564895854956e-01 -7.890874206889929e-02
4.192968939901417e-02 -1.739987491806847e-01
1.336955104146123e-01 1.001590498862084e-01

182
4.218730866863426e-03 -1.203933418035353e-02
-4.091028284137658e-01 -4.475419056420615e-01
5.920370181155540e-01 -1.321732050849804e-01
3.491302341248312e-02 -1.448985691215796e-01
-1.390984028207805e-01 6.536858213328882e-02

183
-7.364657362621347e-01 -3.748449493342513e-01
-9.853216382852371e-01 3.909738009181743e-01
-3.004407406871906e-01 -1.033702341672665e+00
-6.716457523056721e-01 -5.117406712136096e-01
-5.225637678477800e-01 -1.052591817730773e-01

184
-9.728925814632831e-01 -4.150591683452511e-01
-1.141480816713537e+00 6.318212175528409e-01
-5.673309488141532e-01 -1.285185699552811e+00
-5.474713474127934e-01 4.496242232495926e-02
-9.708049080826697e-01 -8.509785218729587e-01

185
2.908013470032105e-01 -4.678734585900447e-02
5.329470319909353e-02 -4.843533186620722e-01
1.178978274777513e+00 1.316611544865177e-01
-2.100366586844679e-03 -1.426839102879612e-01
7.794815916608825e-03 3.160345185640858e-01

186
7.940426326682458e-01 8.680576697998884e-01
1.073653610936525e+00 -6.130958934349698e-01
5.091027304298044e-01 1.765877835933579e+00
-2.007325101320673e-01 2.119658498211806e+00
6.707995715023836e-02 -2.686022090594357e-01

187
5.121724763565722e-03 -3.435982106203637e-01
-6.812130575333808e-01 -3.989399789160965e-01
6.144675966073446e-01 -1.211460522163854e-01
2.661398393479200e-01 -1.265947131704631e-02
-3.036656160514022e-01 -3.467784531073054e-02

188
1.259324873763403e-02 3.665158407398840e-03
-4.105770374357107e-01 -4.603959300552665e-01
6.040435229168877e-01 -1.236475205612778e-01
-1.484380106467589e-01 4.024296288364356e-02
5.903328003729873e-02 -1.453411699655673e-01

189
2.264552021231283e-01 1.896806866176164e-01
-7.693833150815931e-03 -3.726517077919900e-01
4.105570258097694e-01 3.627058833633287e-01
-5.066996865775332e-01 4.852204456150131e-01
1.468840313880568e-01 2.005369236565014e-02

190
2.388641841156643e-01 1.195024492739126e-01
-8.853209481045264e-02 -3.791306630767947e-01
4.790906086104161e-01 2.409389177627428e-01
-3.002027899052297e-01 4.605952223121071e-01
-7.756181748484033e-02 -8.612972046370633e-02

191
4.356604768786192e-03 8.172742609759031e-04
-8.891075294719857e-02 -6.754966577408617e-02
9.300768734871424e-02 6.828240873549324e-02
-2.034294485692293e-01 9.014176108695259e-01
-6.672070439615543e-01 -3.707175226888405e-01

192
-2.201527780260404e+00 5.650264849107320e-01
-6.673769562381036e-01 6.965611411375557e-01
-1.299764745295406e+00 -1.150545173429736e-01
-4.203896999370219e-02 -1.599628549776980e-01
-8.300786590935809e-02 2.383433523233296e-01

193
1.212872773844560e-01 -1.827511359355486e-02
-3.490374468985395e-01 -4.195555426345898e-01
6.198192774274843e-01 1.767227034511241e-01
-9.440062576133020e-02 2.954405452643718e-02
5.158558921286197e-02 1.134500282679140e-01

194
-1.507830357309907e-03 -6.726093303359046e-03
-3.006738440870556e-01 -4.712115649891904e-01
5.577079505705954e-01 -2.524823646617128e-02
-1.374928144234695e-01 1.704341883369776e-02
6.327686430577593e-02 1.068288227959371e-01

195
2.542507180177023e-01 4.198109437034718e-01
8.281003904446614e-01 -2.405748561949752e-01
2.359399112680046e+00 2.863532196585330e-01
1.857651503067669e-01 -1.336163635197272e-01
1.671405826501908e-01 -2.275617357405001e-01

196
-2.756461681930396e-03 -8.473187427592378e-03
-4.064041564265087e-01 -5.835783400609117e-01
7.075806299053521e-01 -6.000605792542174e-02
6.353820394590548e-02 -1.633781533302777e-01
1.073877988314489e-01 1.121374767566798e-01

197
1.872630131723869e-01 -2.238910842055398e-02
-1.544258861804793e-01 -6.770355631383810e-01
8.906879358039779e-01 -4.293496909781670e-02
1.011076532653409e-01 -1.173657774254847e-01
-1.390540083586523e-02 2.484816319032946e-01

198
-2.338356866594248e+00 3.522621948510066e-01
-7.819910450143396e-01 7.120124505092712e-01
-1.342764099661725e+00 -3.084792158599364e-01
-1.329535634258458e-01 2.347169339417275e-01
-1.676223798894058e-02 -1.621538268040404e-01

199
2.180368211170856e-01 1.498214562471978e-01
4.344256243676219e-02 -8.219122471326781e-01
1.260104509634536e+00 -4.233598547607118e-01
1.627678498119192e-01 -1.077441948124509e-01
-7.181796191969254e-02 -1.836883165450859e-01

200
-5.853195055828567e-04 -1.538347991120547e-03
7.684288386802392e-04 6.339000739319722e-02
-1.309978188226089e-03 -6.483544166653854e-02
-4.736066576557455e-01 2.196818470679081e-01
-6.940459741501454e-01 3.221170196852339e-01

201
2.977918839216657e-03 1.205410901692186e-02
-8.857023754315456e-01 1.786444876204186e-02
4.596004460403225e-01 7.572102346593590e-01
1.775687207561446e-02 -2.202298209339257e-01
1.881090513497782e-01 9.332220399704108e-02

202
1.777724784833893e-02 2.412558108218048e-03
-4.900989782815072e-01 -1.772325751919887e-01
5.067353649166187e-01 1.796118329330879e-01
-3.191000455347291e-01 -4.296881315119511e+00
3.215423525425741e-01 4.297208477275741e+00

203
1.019255409167002e-01 1.107758616791937e-02
-7.549404645963336e-01 8.111625767325149e-02
3.876143398013059e-01 5.816455531671719e-01
-2.153728636963308e-02 -2.149713388788864e-01
-1.736612774500653e-01 1.214918119371052e-01

204
-6.650479071703282e-02 1.380621399466549e-02
-4.278651448954438e-02 1.589645262072265e-01
-2.562854771659977e-02 -1.457839485475835e-01
-9.572753937441194e-03 -5.579378545982751e-02
-1.236857982579716e+00 4.857121358797930e-01

205
3.921158643730607e-02 -1.904444294467945e+00
-1.110739967325487e+00 5.914214142742470e-01
1.001818484321551e+00 9.521986008623925e-01
7.725174263597891e-01 6.088038963938369e-01
-7.700619859606851e-01 4.567775889904484e-01

206
4.930937049371185e-02 -2.723212104198803e-02
-5.608414553212661e-03 -1.379373305225827e-01
4.700505534669009e-02 1.139633344913968e-01
2.008982001013121e-02 4.225078633162237e-02
-8.665121386698810e-01 7.165080137584329e-01

207
-1.082279487694837e-01 -2.932637500687382e-01
-9.675291731922211e-01 -1.825712243920636e-01
2.280666566766904e-01 2.099162069935305e-01
2.437820919445008e-01 -7.862460534700658e-02
-2.631398805052955e-01 9.275331338104417e-02

208
9.614819602691789e-03 -1.857694783373532e-02
-5.478623492934523e-01 -3.862924212813769e-01
5.567961162876786e-01 3.689711133319905e-01
-9.775960132249720e-01 5.358887443705155e+00
9.789202442582334e-01 -5.361443238582559e+00

209
3.060457950919263e-03 -4.325379997113062e-03
6.282595934700468e-02 -1.236144570157421e-01
-5.993904733977431e-02 1.195975254050363e-01
-1.106769758303162e+00 -5.444609878351520e-02
2.140764496499450e-01 8.896690292066277e-01

210
1.192615801726729e-03 -7.746640762786315e-05
-1.022323227210148e-02 -5.651461117162875e-02
1.133750545177518e-02 5.644086907957393e-02
-3.843126652662927e-01 2.673284683053183e-01
-5.633586731712682e-01 3.917972389986500e-01

211
-5.528216459018096e-02 -9.657679742029100e-02
-6.874397444342956e-01 -5.287043710615753e-02
3.072981446130165e-01 5.342665667601244e-01
1.299351390223881e-01 1.180275028975386e-01
-1.719261576025325e-01 6.996844247043377e-02

212
-3.400536134643457e-02 -2.548714958430224e-02
-2.862919425612273e-02 1.536929747704267e-01
-3.198946515768865e-03 -1.799274681578846e-01
1.414850920559585e-02 1.124117726078153e-02
-1.310693091355343e+00 4.344286731267845e-01

213
1.863367034098381e-02 -1.547499231380792e-01
-8.208608058688192e-01 -9.224208733155938e-02
5.158866561945645e-01 6.158297999441541e-01
5.049220689468763e-02 -1.051200985526551e-01
1.394404735970997e-01 1.293676933346534e-01

214
3.250355817516491e-02 8.299659180788205e-03
-2.619470424064542e-02 -1.196589139587749e-01
5.604140094614508e-02 1.256907435169373e-01
-1.355133706998661e-02 -3.274322043804186e-03
-8.056004376495525e-01 6.978877041311375e-01

215
9.480807768468361e-02 -1.066400456966144e-01
-5.003345323885665e-01 -1.741911017410563e-01
6.779528014005586e-01 2.152614685791623e-01
-5.664090053642912e-02 2.240626473127776e-02
-8.097578611994094e-02 -7.331754855207198e-02

216
-6.342793918733294e-02 8.554751523853547e-04
-5.564810266384432e-02 1.421219626542569e-01
-9.157039357151116e-03 -1.427576644402697e-01
-1.570728252543935e-03 5.218809964705081e-02
-1.217391895607536e+00 3.742476836259363e-01

217
-9.960200288740167e-02 -2.925309001108178e-01
-9.542634367200068e-01 -1.971392212398707e-01
2.250427657963369e-01 2.137311976425755e-01
-2.621712066052267e-01 8.513685695928755e-02
2.428421628366430e-01 -7.175241944260553e-02

218
6.043533237192334e-03 -3.133171318419772e-01
-6.596541868750980e-01 -3.997149691335517e-01
5.876353922262012e-01 -9.620184112160581e-02
-2.830816397661310e-01 -3.208249650302029e-02
2.457454445500834e-01 -1.155549305975329e-02

219
7.269203822459026e-02 -1.644653007489888e-01
-2.502219873167089e-01 -1.986234853678587e-01
9.153778589601574e-01 2.610302844276890e-02
-9.397715142704464e-02 -4.687941325075488e-02
-9.423653306330593e-02 2.602535881215197e-02

220
-1.716922297171114e-01 -9.462196017761225e-02
-2.054053251720677e-01 2.064474762848632e-01
8.261736691692195e-01 5.632468090430155e-01
-3.805949043746028e-02 9.269602556257227e-02
-1.062568012488827e-02 1.105657001490587e-01

221
2.090128784007503e-01 -6.133056249697749e-02
-1.146430617415871e+00 5.425229773221524e-02
3.450494748626607e-01 9.224280376862320e-01
-8.132216889317938e-02 -3.162460525367407e-01
2.081095257837353e-01 1.531879050865090e-01

222
7.313240492235331e-01 -1.160821699649660e-01
-2.519892936477464e+00 -9.748569520956470e-01
-1.243641166165558e+00 7.101426189862332e-01
-7.945428105615647e-02 -7.273782539874203e-01
1.878296204730303e-01 6.719316098875752e-01

223
-2.574987409896363e-01 -3.579888043889949e-01
-1.309702426348840e-01 1.695606289860264e+00
1.248104415174208e+00 1.955318173085726e+00
-3.821826272390380e-01 1.654413629548223e-01
1.285959987783623e-01 2.878247881285338e-01

224
-1.241304427692113e-01 -1.492136845836129e-01
-4.713686262725229e-01 2.674246127648315e-02
7.564490894252260e-01 4.781843819657924e-01
1.889250498024668e-01 -8.497888771762568e-02
-8.362054797585863e-02 1.574272062819984e-01

225
-2.630435742634847e-03 -1.266392181892552e-02
-8.897443452616515e-01 2.906581614814709e-02
4.714254165600467e-01 7.551418026400538e-01
1.703816449729597e-02 -2.164986586997227e-01
1.892653042418725e-01 9.553808355329949e-02

226
-4.085847755432441e-01 4.154434638664598e-01
2.421588379742091e-01 1.820895555051309e+00
1.863902140931742e+00 1.950517874389297e+00
-3.603394291162490e-01 -5.093671342412883e-01
4.442726395220294e-01 7.526975809941383e-02

227
-3.309418110479397e-01 1.270783553793230e-01
-3.455757800246193e-01 1.056721420936818e+00
9.409274377098427e-01 1.225427115631324e+00
-7.776066653312556e-02 -3.760057399965136e-01
-2.399350480300006e-02 1.836818042903428e-01

228
-1.428483340623486e-02 6.008813980515006e-03
-6.653711439108115e-01 -5.351481898677831e-02
2.849522961324543e-01 6.047154371709347e-01
1.274686742130815e-01 1.078367387728997e-01
-1.762854021366754e-01 5.937269284377058e-02

229
-1.513459419869314e-01 1.041547596046191e-01
-8.543179206100500e-01 2.188181250772228e-01
3.989015991562404e-01 8.693018374879297e-01
2.187551669913285e-01 1.013504197589854e-01
-4.698167729007603e-02 -2.488829739796744e-01

230
-9.887529012745387e-02 -1.884329752529429e-01
-5.136237386403717e-01 -3.847301729193174e-02
8.679132954670309e-01 3.776864883510990e-01
2.093088061503523e-01 -4.982275300747598e-02
-4.685486772884931e-02 1.359553132733084e-04

231
2.381841868956172e-03 -6.989122977341691e-03
1.344236277889453e-01 1.204058719783234e-01
-1.322069176618962e-01 -1.269008656656351e-01
-4.772907844690713e-01 1.401023144208535e+00
-9.987383259029657e-01 -7.040882731864087e-01

232
-5.023838438065424e-01 -7.453755595899811e-01
-5.085722255613596e-01 2.777662339155241e-01
6.331271626967360e-01 5.564837475053926e-01
3.761381426424514e-01 3.664746833789718e-01
-2.184375989410336e-01 3.238232131776485e-01

233
5.202346206197897e-02 3.906992329344809e-01
1.002993586229429e+00 -2.578675154869923e-01
1.871519227046650e+00 -3.305757820291189e-01
1.349430075900002e-01 -2.013110779099145e-01
-4.108928226634652e-01 1.769412774835670e-02

234
-1.599679695458532e-01 -2.339006312796627e-01
-3.758015100377125e-01 1.760836979366970e-01
1.057128292361738e+00 5.146956331937205e-01
-1.102949674933417e-01 1.038941065062991e-01
2.682632973356269e-01 -1.250701915883186e-01

235
-1.966230537710359e-01 -1.816272789725875e-01
-1.946279697922841e-01 6.870891542794002e-01
9.588948217968507e-01 1.019500821585880e+00
7.235254297964047e-02 1.637040996976694e-01
-1.860722394126650e-01 1.248012193427835e-01

236
1.203840761550669e-02 -1.055834646074936e-02
-6.846342410641133e-01 9.757098894074161e-02
4.268173828936299e-01 5.462460525966978e-01
-9.230141496231407e-03 -1.682032124856147e-01
-1.484858508809257e-01 1.155989440677997e-01

237
-2.020088015808498e-01 3.267063118833203e-01
4.100249556043504e-01 5.325471691015810e-01
1.485235015075883e+00 6.419876724565903e-01
1.740823190100229e-01 8.580525374396433e-02
-2.944645478708015e-01 -2.436751009671533e-01

238
-1.819100840293463e-03 -3.155155386863431e-01
-7.619290073602438e-01 5.817679388767915e-01
8.563786343007476e-01 1.429943359308867e+00
-7.404383514099132e-02 2.327014095432726e-01
3.566082929302357e-01 -1.833120109851025e-02

239
-5.593603192653575e-01 -6.931112880804480e-01
-4.734271234196665e-01 2.552384163943299e-01
6.363751640471996e-01 5.149683308094014e-01
-1.709454282423457e-01 3.170784717273518e-01
3.777488119110069e-01 3.176293771863922e-01

