8                                                

6.257235960925378e-01 5.213141534087725e-17
-1.110097416972233e+00 -1.616403888566246e-16
-1.388974137244740e-01 -8.165020147816401e-18
-1.056283862482190e+00 -1.698515719874696e-16

1.365533209107915e+00 2.582304218474514e-17
-9.028536733617607e-01 3.075844320489698e-17
-3.763942125070146e-01 1.147030645999583e-17
-3.992754557505284e+00 -4.763403773474360e-16

1.365533209107896e+00 -1.566315122502278e-14
-9.028536733618016e-01 -3.470777559780779e-14
-3.992754557504793e+00 4.179135118979071e-13
-3.763942125070310e-01 -9.899258358806130e-15

6.257235960925377e-01 4.464720530736923e-16
-1.110097416972233e+00 -2.413358223633713e-16
-1.056283862482190e+00 -7.449945273675876e-16
-1.388974137244744e-01 -5.005218520373428e-18

-1.110097416972233e+00 3.223623119103841e-17
6.257235960925374e-01 2.229868633254285e-17
-1.388974137244743e-01 1.481541354907392e-17
-1.056283862482189e+00 1.085499174275775e-16

-9.028536733617604e-01 -4.066315151260191e-18
1.365533209107914e+00 8.683062836853951e-18
-3.763942125070144e-01 2.563694503192708e-17
-3.992754557505284e+00 -1.665251304231746e-16

-1.110097416972233e+00 -1.820851912929444e-16
6.257235960925392e-01 3.970381526961783e-16
-1.056283862482191e+00 -4.448006680189891e-16
-1.388974137244739e-01 3.015830522896251e-16

-9.028536733617903e-01 -1.435184969259752e-14
1.365533209107900e+00 -6.429828289335933e-15
-3.992754557504923e+00 1.725442213500519e-13
-3.763942125070178e-01 -3.535323479241788e-15

