4 4

13
1 1 0 0 1 0
1 0 3 0 -4786459567800587/500000000000000 0
1 0 2 0 -1120247770783251/500000000000000 0
1 0 1 0 -147924727949247/50000000000000 0
1 0 0 0 -3805306271640117/5000000000000000 0
0 1 3 0 -4786459567800587/500000000000000 0
0 1 2 0 -1120247770783251/500000000000000 0
0 1 1 0 -147924727949247/50000000000000 0
0 1 0 0 -3805306271640117/5000000000000000 0
0 0 3 0 71474202395341/12500000000000 0
0 0 2 0 1227946755366683/100000000000000 0
0 0 1 0 1495907505161851/500000000000000 0
0 0 0 0 -66848235189079/62500000000000 0

18
1 0 2 0 -4786459567800587/500000000000000 0
1 0 1 1 -4786459567800587/500000000000000 0
1 0 1 0 -1120247770783251/500000000000000 0
1 0 0 2 -4786459567800587/500000000000000 0
1 0 0 1 -1120247770783251/500000000000000 0
1 0 0 0 -147924727949247/50000000000000 0
0 1 2 0 -4786459567800587/500000000000000 0
0 1 1 1 -4786459567800587/500000000000000 0
0 1 1 0 -1120247770783251/500000000000000 0
0 1 0 2 -4786459567800587/500000000000000 0
0 1 0 1 -1120247770783251/500000000000000 0
0 1 0 0 -147924727949247/50000000000000 0
0 0 2 0 71474202395341/12500000000000 0
0 0 1 1 71474202395341/12500000000000 0
0 0 1 0 1227946755366683/100000000000000 0
0 0 0 2 71474202395341/12500000000000 0
0 0 0 1 1227946755366683/100000000000000 0
0 0 0 0 1495907505161851/500000000000000 0

18
2 1 0 0 1 0
2 0 3 0 -4786459567800587/500000000000000 0
2 0 2 0 -1120247770783251/500000000000000 0
2 0 1 0 -147924727949247/50000000000000 0
2 0 0 0 -3805306271640117/5000000000000000 0
1 2 0 0 1 0
1 1 3 0 -4786459567800587/500000000000000 0
1 1 2 0 -1120247770783251/500000000000000 0
1 1 1 0 -147924727949247/50000000000000 0
1 1 0 0 -3805306271640117/5000000000000000 0
0 2 3 0 -4786459567800587/500000000000000 0
0 2 2 0 -1120247770783251/500000000000000 0
0 2 1 0 -147924727949247/50000000000000 0
0 2 0 0 -3805306271640117/5000000000000000 0
0 0 3 0 264421555125847/25000000000000 0
0 0 2 0 3403779398911347/1000000000000000 0
0 0 1 0 1282878638334807/1000000000000000 0
0 0 0 0 -654728434842519/5000000000000000 0

24
2 0 2 0 -4786459567800587/500000000000000 0
2 0 1 1 -4786459567800587/500000000000000 0
2 0 1 0 -1120247770783251/500000000000000 0
2 0 0 2 -4786459567800587/500000000000000 0
2 0 0 1 -1120247770783251/500000000000000 0
2 0 0 0 -147924727949247/50000000000000 0
1 1 2 0 -4786459567800587/500000000000000 0
1 1 1 1 -4786459567800587/500000000000000 0
1 1 1 0 -1120247770783251/500000000000000 0
1 1 0 2 -4786459567800587/500000000000000 0
1 1 0 1 -1120247770783251/500000000000000 0
1 1 0 0 -147924727949247/50000000000000 0
0 2 2 0 -4786459567800587/500000000000000 0
0 2 1 1 -4786459567800587/500000000000000 0
0 2 1 0 -1120247770783251/500000000000000 0
0 2 0 2 -4786459567800587/500000000000000 0
0 2 0 1 -1120247770783251/500000000000000 0
0 2 0 0 -147924727949247/50000000000000 0
0 0 2 0 264421555125847/25000000000000 0
0 0 1 1 264421555125847/25000000000000 0
0 0 1 0 3403779398911347/1000000000000000 0
0 0 0 2 264421555125847/25000000000000 0
0 0 0 1 3403779398911347/1000000000000000 0
0 0 0 0 1282878638334807/1000000000000000 0

