5
0
3
52
8.126617800293955e-01 -8.137852925697755e-01
-2.605276897348761e-02 -1.235215456884586e+00
1.235250271361874e+00 2.434622759687357e-02
3.149625553325303e-01 -7.416309262138591e-01
7.411950807505489e-01 -3.159868577165996e-01
6.540113700905503e-15
2.699250307385554e+02
2.179299190985560e-15
9.765625000000001e-05
1.682567168742955e-14
0.000000000000000e+00
1
1
5
52
7.535558768965276e-01 -1.051264590767579e+00
-6.281574123632856e-01 1.251058273380718e+00
1.014770913188695e+00 -3.103049080721906e-01
2.844490566327119e-01 -1.117792622098743e-01
-1.960823175649429e-01 7.542823327372655e-01
1.790180836524724e-15
8.476240269447287e+01
3.619939724326882e-16
3.906250000000000e-04
5.853177519948032e-13
0.000000000000000e+00
1
1
19
52
-2.415067607264450e-01 4.070107527876716e-01
-4.950918949544587e-01 1.156469566927388e-01
1.357426809803945e-01 4.899633941450565e-01
-2.635234809677587e-01 2.012347586394380e-01
-5.034535816688997e-02 3.277276277903415e-01
1.585958545287275e-15
1.006236445221591e+02
2.915509638742851e-16
3.906250000000000e-04
6.792271584911634e-12
0.000000000000000e+00
1
1
22
52
-6.754890295594380e-01 -5.588455356101911e-02
-4.306135515554022e-02 -3.562551726665298e-03
-6.838639576271863e-01 -5.657742805000478e-02
-1.375488925817377e+00 -1.137969399703842e-01
2.618302171074705e-01 2.166173564858467e-02
6.556355420736162e-15
1.424352000203265e+03
2.130223816016571e-14
1.525878906250000e-06
9.381513917265302e-14
0.000000000000000e+00
1
1
28
52
1.900559745056499e+00 8.962459373629242e-02
9.798400387023609e-01 -4.686006150048951e-01
9.313943305373058e-01 5.587285914199970e-01
-6.914069917061806e-01 -3.260464234248863e-02
8.050673740786316e-01 3.796451888440695e-02
2.133477776571680e-14
2.189483935807940e+02
2.109432736436486e-15
9.765625000000001e-05
5.327856254128867e-13
0.000000000000000e+00
1
1
29
52
-5.001043681590752e-01 -5.394197640566443e-01
-6.280134564030923e-01 8.043181569374824e-02
8.181043700306089e-01 5.182191204372291e-01
6.102562291767760e-01 -2.958054495324058e-02
-1.527958150317505e-01 -3.993758426667928e-03
1.791054734959261e-15
3.281869862436117e+01
3.516616397946211e-16
3.906250000000000e-04
1.763992904969248e-12
0.000000000000000e+00
1
1
32
52
3.044596516801354e-01 5.479837575880676e-01
3.082344393832248e-01 5.547778346955634e-01
1.940882030324215e-02 3.493309613089883e-02
-1.180133698868015e-01 -2.124071597642815e-01
6.199669586305131e-01 1.115851712028221e+00
2.673771110915334e-15
4.693819259851562e+02
9.776751735038117e-16
9.765625000000001e-05
7.408607336813087e-15
0.000000000000000e+00
1
1
38
52
-6.837992591763351e-01 -8.855662823360426e-01
-5.831620809693271e-01 -2.604595218151000e-01
-1.044777836535990e-01 -6.300806042939733e-01
-2.896538640334301e-01 -3.751213416717187e-01
2.487601823345838e-01 3.221612584497771e-01
1.613647199610728e-15
5.002814199618559e+01
9.186167484401127e-16
3.906250000000000e-04
4.276395342786868e-12
0.000000000000000e+00
1
1
42
52
-2.936437572470194e-01 -2.199482484661020e-01
-3.009819756013222e-01 2.780828103766112e-03
2.767988455127238e-01 2.847018463600588e-01
-8.648678584849187e-02 -5.927707455996203e-03
1.174863336578409e-01 1.872575642580822e-01
8.162883202489865e-17
7.929607548968723e+01
1.100962401204474e-16
3.906250000000000e-04
9.426368933091948e-14
0.000000000000000e+00
1
1
54
52
-6.550019884166119e-02 -9.098265347153035e-02
-7.794354466695615e-02 -1.082670074318291e-01
4.935902843730267e-02 6.856185873356695e-02
3.652211350730423e-02 5.073081999820513e-02
4.685840555682219e-01 6.508838370568629e-01
1.110764993427085e-16
6.514967148182701e+05
2.998915545322278e-16
6.103515625000000e-06
1.654220384790541e-13
0.000000000000000e+00
1
1
60
52
-3.766581231142586e-01 7.037387632292426e-01
-8.255934244400199e-01 2.316677270054779e-01
2.651461720694408e-01 8.154581201088171e-01
-6.046065226308836e-02 5.559393752431900e-01
-4.290546205056830e-01 3.586589076554366e-01
5.402578411571408e-15
7.712395139198823e+01
5.044323103451039e-16
3.906250000000000e-04
6.830163881812327e-12
0.000000000000000e+00
1
1
62
52
-3.551358645855981e-01 -1.209901843512025e-01
-3.595389521118613e-01 -1.224902591806987e-01
-2.263934856701738e-02 -7.712932513623242e-03
-7.231582268873571e-01 -2.463706313871827e-01
1.376562704323150e-01 4.689770647675686e-02
5.662155512204109e-16
1.892600484877040e+03
1.050722501610854e-14
1.525878906250000e-06
6.210599067399697e-14
0.000000000000000e+00
1
1
64
52
2.606924361470603e-01 1.557514170310478e+00
-2.898713012525564e-01 8.535884164816575e-01
5.520279343502794e-01 7.126736390091031e-01
-9.483762533949507e-02 -5.666100157257103e-01
1.104279807867003e-01 6.597550255621347e-01
7.324106877635580e-15
1.069771552275427e+02
6.787530147589235e-16
9.765625000000001e-05
4.184232626105607e-13
0.000000000000000e+00
1
1
67
52
-2.180339501171640e-01 2.051450994280932e-01
-3.492548788881815e-01 -4.562978608621412e-01
4.341971466626009e-01 3.763768670954956e-01
-8.438022156555831e-02 -1.231749152870434e-01
1.178113951740118e-01 9.171999081212269e-02
8.593887331641213e-17
5.416988647101417e+01
8.619673232387777e-17
9.765625000000001e-05
2.369728697138257e-12
0.000000000000000e+00
1
1
80
52
-3.113876537353635e-01 -2.908040344953974e-01
-5.825702051597176e-02 -3.446564603521872e-01
3.819769451783992e-01 2.583291462559258e-01
-2.443026897053597e-02 -9.766353106573611e-02
2.380579190846143e-01 9.608999982812211e-02
8.777083671441753e-17
6.440940500762792e+01
1.058034864831397e-16
3.906250000000000e-04
1.108313483704491e-13
0.000000000000000e+00
1
1
100
52
-4.342013547062656e-01 -4.118014007424788e-01
7.121952813604535e-02 -5.101399218794811e-01
4.140234673719391e-01 6.702951300370797e-01
-2.968894171250929e-02 4.961633941695257e-01
-1.840356503221860e-03 -1.243343669203951e-01
6.206335383118183e-16
3.215374905761053e+01
2.266617625475501e-16
3.906250000000000e-04
1.295868811425033e-12
0.000000000000000e+00
1
1
106
52
-6.453047435755144e-01 -6.556929784528338e-01
-9.431894899749904e-02 -7.488377730205373e-01
8.005438896520396e-01 5.920569722469782e-01
5.048256438883438e-01 2.289586754433610e-01
-4.381762213018045e-02 -2.129151673291536e-01
2.094764613337708e-15
3.090142855038496e+01
2.821764019502034e-16
3.906250000000000e-04
3.262905026751123e-12
0.000000000000000e+00
1
1
107
52
-3.284121367785203e-01 -8.190097254427198e-02
-1.069292502494916e-01 -2.710023284669407e-01
3.904279803313076e-01 2.147924928406304e-01
-3.551419765610499e-02 -6.070650281498065e-02
1.234874278002066e-01 2.525607770210838e-01
8.355534721610419e-17
8.894541411263684e+01
7.257709485699780e-17
3.906250000000000e-04
1.190782456759626e-13
0.000000000000000e+00
1
1
110
52
-2.849981083812071e-01 -7.589159352341507e-01
3.966892604053678e-01 2.768034332808920e-01
-1.164289398657104e-01 4.694963385999869e-01
-1.662504523366821e-01 4.742364182199238e-01
4.373154808493247e-01 2.475773888660631e-01
1.790180836524724e-15
6.528257579159219e+01
6.133782243350822e-16
3.906250000000000e-04
2.726931275671448e-13
0.000000000000000e+00
1
1
111
52
-8.490887798724978e-01 -5.268907660137213e-02
4.352988626344027e-01 -2.611363408965927e-01
3.996747270688485e-01 3.129495181177114e-01
4.247409406698467e-01 -3.125836056279719e-01
3.828373118077062e-01 3.626968015799683e-01
6.280369834735101e-16
5.266810278248582e+01
3.011261797561123e-16
3.906250000000000e-04
1.368259683332013e-13
0.000000000000000e+00
1
1
120
52
-1.862227841182313e+00 2.466577063675500e-01
2.032470165819810e+00 5.062897803808986e-02
-1.091477923055375e+00 1.088007862611774e+00
-3.377237023974675e-01 2.880211994638578e-01
1.100517067794482e+00 2.645400648174437e-01
1.778575899402738e-14
2.708185342684628e+02
1.129857950151667e-15
3.906250000000000e-04
1.069778092460025e-12
0.000000000000000e+00
1
1
122
52
-1.021773413760076e+00 -1.137656930367541e-01
-4.830086640483890e-01 -3.333572059947896e-01
-5.445036101819308e-01 2.189525401389681e-01
-4.328179849430253e-01 -4.819056490676786e-02
3.717122200713598e-01 4.138696286002452e-02
2.360366527284141e-15
5.361572379162043e+01
1.201535317341404e-15
3.906250000000000e-04
4.203714255864827e-12
0.000000000000000e+00
1
1
125
52
-1.313743760828692e-01 -3.163368590708736e-01
-2.872945628064334e-01 -6.623569293535782e-02
2.736966352104738e-01 3.584049999418284e-01
-6.609554974626673e-02 -2.640724760540633e-02
2.713304125025787e-01 8.558098821013803e-02
6.206335383118183e-17
8.175673448401417e+01
7.545237494144944e-17
3.906250000000000e-04
1.195397431233523e-13
0.000000000000000e+00
1
1
134
52
-7.250367185803308e-02 -1.359259785843379e-01
5.463664025968250e-02 1.024298301525946e-01
-8.627749664769735e-02 -1.617484033720129e-01
4.042716480443995e-02 7.579067096344543e-02
5.186864346008015e-01 9.724053885103142e-01
1.249000902703301e-16
4.643305827759167e+05
8.682769046732163e-16
6.103515625000000e-06
3.058148770368902e-13
0.000000000000000e+00
1
1
140
52
2.317203670904934e-01 2.703888056559479e-01
1.477180618397859e-02 1.723685786285371e-02
2.345933099826688e-01 2.737411721616926e-01
-8.981847427351584e-02 -1.048069718238065e-01
4.718489640419315e-01 5.505889682432163e-01
9.930136612989092e-16
1.661996938188600e+03
2.518470176927410e-16
3.906250000000000e-04
2.608547934642003e-12
0.000000000000000e+00
1
1
142
52
1.316060350294246e-01 -4.768435940556291e-01
-9.361719237014267e-01 -1.584176297448129e-01
8.849004815145933e-01 3.441876725799966e-01
2.248996431768633e-01 1.014128934803973e-01
-2.450788134511468e-01 -2.829840388652318e-02
2.387624894196368e-16
2.325323181162246e+01
1.938093021308002e-16
9.765625000000001e-05
1.177289711362990e-12
0.000000000000000e+00
1
1
143
52
-3.775461855608848e-01 -1.983766886514758e+00
-1.872422566119857e-01 2.651995498005745e+00
1.200613874409159e+00 -1.256865989329224e+00
2.400373295117313e-01 -3.441732992286648e-01
-1.059314218880355e+00 1.300446740803110e+00
2.009718347115232e-14
4.825789662651931e+02
6.004891141645941e-16
3.906250000000000e-04
2.843067774064459e-12
0.000000000000000e+00
1
1
149
52
9.829104186117366e-02 6.371692591782774e-01
-3.395875091208886e-01 -7.778917029430035e-01
4.954644829828416e-01 2.499114490002158e-01
-4.576072222424508e-01 -2.781152012940223e-01
1.089789360662004e-01 7.791164694177030e-02
1.012436696614409e-15
4.544055817422304e+01
7.452842277351365e-16
3.906250000000000e-04
4.101236211639528e-12
0.000000000000000e+00
1
1
156
52
-4.776517550686981e-01 -4.695412228694085e-01
-5.452344492945979e-01 -6.835430633240315e-02
4.313865785540473e-01 5.825905656404176e-01
1.669067923061459e-01 3.674442984269209e-01
-1.550322965178146e-01 -3.181204692394356e-02
1.217454592664719e-15
3.106313246724745e+01
1.692181795791413e-16
3.906250000000000e-04
3.106744454579119e-12
0.000000000000000e+00
1
1
161
52
1.399065052818713e+00 -5.668937734385075e+00
1.275743563732361e-01 7.686284280541302e+00
-3.270780730676705e+00 -3.815952978333701e+00
-6.394557207464596e-01 -1.031119527177795e+00
2.856017712930741e+00 3.919776342439280e+00
2.033691978340166e-12
4.754675979561554e+04
7.529049070315042e-15
3.906250000000000e-04
6.081000422598636e-13
0.000000000000000e+00
1
1
162
52
-4.741479421828723e-01 2.964618100519445e-01
-4.737359834425670e-01 -9.631370412668041e-01
6.584558467846980e-01 8.476406314609487e-01
1.824474008785225e-01 2.109325433560940e-01
-1.097462359329321e-01 -2.563890708133870e-01
3.043636481661797e-16
2.762511617060116e+01
1.755524947159053e-16
9.765625000000001e-05
1.562416014484156e-12
0.000000000000000e+00
1
1
175
52
7.561372695356701e-01 8.436918306528709e-01
-6.659528379838274e-01 -1.029585794673610e+00
9.131071209993267e-01 1.736697376833410e-01
-2.424800282999001e-01 -6.381256918337312e-01
2.583105439405754e-01 7.027359853853643e-02
1.493419601866425e-15
6.099363668519153e+01
8.858116606593552e-16
9.765625000000001e-05
2.956196833035906e-15
0.000000000000000e+00
1
1
180
52
4.957048439259712e+00 3.787817802118075e+00
6.623321674440256e+00 -1.023481414572330e+00
7.525027327987224e-01 6.659552826295134e+00
2.229194525062387e+00 3.759541245437862e+00
4.213122180626020e+00 1.163211114902897e+00
1.028975793722999e-11
4.520987973967916e+05
2.546434543476099e-14
9.765625000000001e-05
2.463050485690777e-13
0.000000000000000e+00
1
1
195
96
0.168144721167570254356300060660e0 0.115477601841404149132779531249e-1
-0.126708929445471851923290936625e0 -0.870205332802134754676567035807e-2
0.200087874794381540035971486876e0 0.137415363255868057373706908423e-1
-0.120289612490418791686629143998e1 -0.826119064599245900263323338483e-1
-0.937554496129263017270712412912e-1 -0.643889050199421036709956254146e-2
6.08501034121217e-16
4.432410292306233e+05
2.23604935473064e-25
1.49011611938477e-9
1.11329043016063e-12
2.441406250000000e-05
1
1
197
52
1.124202366705451e-01 -2.542870068071823e-01
-5.074613241285434e-01 -1.651343172109504e-01
4.636643381940060e-01 2.642001508215616e-01
-1.339317176703901e-01 -3.590592915370329e-02
1.166943083255756e-01 7.489578860621827e-02
6.757772216618843e-17
7.007555103968389e+01
1.757757978190331e-16
9.765625000000001e-05
2.291792937369801e-12
0.000000000000000e+00
1
1
213
52
6.985647730136524e-01 9.899576463174062e-02
-7.635184561413982e-01 1.207660687824878e-02
4.062179539645422e-01 4.123549500023851e-01
-4.142301222963876e-01 9.559780476516171e-02
1.258574471417673e-01 1.093265637190603e-01
1.373270039556671e-15
3.553861185456594e+01
2.302554483495664e-16
3.906250000000000e-04
4.525789236019233e-12
0.000000000000000e+00
1
1
214
52
-5.903913599225390e-01 -7.506824952767880e-01
3.651266478026067e-02 5.686892888688426e-01
5.440640720814977e-01 1.695139151621614e-01
5.792729966153770e-01 1.222222838651471e-01
-1.774488079728073e-02 5.917606023439390e-01
9.420554752102650e-16
4.816053159861677e+01
1.145992026333539e-15
3.906250000000000e-04
1.205412162747594e-13
0.000000000000000e+00
1
1
217
52
2.535866335025003e-02 -5.236931666541362e-01
-1.895082488632822e-01 2.489209157226527e-01
1.645711460896310e-01 2.660664137883192e-01
-2.203060791357774e-01 2.389614687338781e-01
1.961871583361918e-01 2.591292167000889e-01
1.241267076623637e-16
8.711977836232900e+01
1.971746615340341e-16
3.906250000000000e-04
6.046717615207456e-14
0.000000000000000e+00
1
1
218
52
4.749747793391236e-01 -2.802792225698193e-01
-6.988878010476048e-01 1.968484634744458e-01
4.339321016644364e-01 1.924708493103104e-01
-4.320806107892176e-01 -1.521296299315880e-01
1.106291648848800e-01 2.990002126669672e-02
5.026748538604307e-16
4.532230619393192e+01
2.603416090790761e-16
3.906250000000000e-04
2.305889722855958e-12
0.000000000000000e+00
1
1
231
52
2.446546175308000e-01 -7.186400627418670e-02
2.911326751173158e-01 -8.551631112628698e-02
-1.843645429720354e-01 5.415460703997633e-02
-1.750242822517186e+00 5.141103096570244e-01
-1.364164364316842e-01 4.007049506187989e-02
4.415253283293371e-15
1.098964711388037e+06
1.805521565039326e-12
1.490116119384766e-09
6.640259978890292e-12
0.000000000000000e+00
1
1
-1

2 0
1 5
-4226409552212014026938568675483338495899684441131213083576026112000214641978246484632569500039480580694733471087902448752528701434164873123641222133784188251546726922412856877314667537005776729449959975827473999657250282929380118125441929092021354148241594714212186124322376177631134073289758378550108489530313/10000000000000000000000000000000000000000000000000000000000000000000000000000000000000000000000000000000000000000000000000000000000000000000000000000000000000000000000000000000000000000000000000000000000000000000000000000000000000000000000000000000000000000000000000000000000000000000000000000000000000000000000 1666332100212762243618796273529724775521669095295124635875982626823602295117594084969653458759947072392857063907688292190596823565862506275798914131746375282665768041669343621518116857965054580318135789794741211044053024727013093670996377528864864223175802100777032073424097057546562970941149288645800439041287/5000000000000000000000000000000000000000000000000000000000000000000000000000000000000000000000000000000000000000000000000000000000000000000000000000000000000000000000000000000000000000000000000000000000000000000000000000000000000000000000000000000000000000000000000000000000000000000000000000000000000000000000
-697715669412696696492725073945699827291156495836008392222232278497950767759831089991814636536495133014580606931748625108979561054113849040304591222380549132375981601423515037195498395668423776262805462026493987708987686880014600184589432703283916208341723020449776718349100039102858749053955288900652682108277/2000000000000000000000000000000000000000000000000000000000000000000000000000000000000000000000000000000000000000000000000000000000000000000000000000000000000000000000000000000000000000000000000000000000000000000000000000000000000000000000000000000000000000000000000000000000000000000000000000000000000000000000 1233950261424491910954050232508680831730640369613980479668544686840183436236351030825579452641875260224219667094487920225754852405036727410168883646239634032142004241715120712885497719412780383758906991679298205490756738957645343735839362631282684577586090242777905373610196823108656442692048710087987590946127/10000000000000000000000000000000000000000000000000000000000000000000000000000000000000000000000000000000000000000000000000000000000000000000000000000000000000000000000000000000000000000000000000000000000000000000000000000000000000000000000000000000000000000000000000000000000000000000000000000000000000000000000
7607628560991934246615880006816170476677648610666340634194000868005474789922465659341806887271306178340669805089446158246450806135632824243941094442215591170718162506827704277924665037357289558825969935775052626040032769720083409525289399686025389046146614365512966051684227942970805244227977434016068304003791/10000000000000000000000000000000000000000000000000000000000000000000000000000000000000000000000000000000000000000000000000000000000000000000000000000000000000000000000000000000000000000000000000000000000000000000000000000000000000000000000000000000000000000000000000000000000000000000000000000000000000000000000 -818064659410305558586973458843425212918319605939755729519050178638986111116342055820550043649971312725267348883042279465307620991008366579848927165013607682971543389421514528389677577199892535028785260908102873049911982463479528546238233967178513541641265993621053137256095301794637908561473887754150978713547/1250000000000000000000000000000000000000000000000000000000000000000000000000000000000000000000000000000000000000000000000000000000000000000000000000000000000000000000000000000000000000000000000000000000000000000000000000000000000000000000000000000000000000000000000000000000000000000000000000000000000000000000
-7692908938380080537228597612009022016734978940005535065810737325632906401964262068213640660967651975150504828346930730173517870993188733250275301409767918330400291342130227176554640558624543591135847440215432337550067108894191491885676695303694027029042555786247667095450656032558966926704626384775070789146853/10000000000000000000000000000000000000000000000000000000000000000000000000000000000000000000000000000000000000000000000000000000000000000000000000000000000000000000000000000000000000000000000000000000000000000000000000000000000000000000000000000000000000000000000000000000000000000000000000000000000000000000000 5012271116546472173325923077455142405798003003690274411423514770560031231150689713890285157411984443836484584033881978932584692874185136010515937954322172438890175894235531644705226786010731411108653242648330477210043452783165511326642212147054907662751904786682550221985698603784670527789775128108226913707011/100000000000000000000000000000000000000000000000000000000000000000000000000000000000000000000000000000000000000000000000000000000000000000000000000000000000000000000000000000000000000000000000000000000000000000000000000000000000000000000000000000000000000000000000000000000000000000000000000000000000000000000000
5912133499027141813761067123715758767502730330876655432924661802410259705445265520071451400636595966224272396451051759613764006966314642881814418367674335805626017894890915642482303010162568004263986366190043045034304821322637394662468802768518797844380266742631187470662033686033529868623671398527050310905687/10000000000000000000000000000000000000000000000000000000000000000000000000000000000000000000000000000000000000000000000000000000000000000000000000000000000000000000000000000000000000000000000000000000000000000000000000000000000000000000000000000000000000000000000000000000000000000000000000000000000000000000000 -351908844675792214905934857796921171496055557181665680479591359700120171643927788360115921812925068326333740227178362833705153797979664648751056411820098410148603414696386786448805950465684594191503493142444941196603325761434017686827881354751459945945641700011982736002597349884546203642767216821481837240409/400000000000000000000000000000000000000000000000000000000000000000000000000000000000000000000000000000000000000000000000000000000000000000000000000000000000000000000000000000000000000000000000000000000000000000000000000000000000000000000000000000000000000000000000000000000000000000000000000000000000000000000

0
-4186581613278418752973223772606481927299831403816708443949003797572300552420530249343783077378935990266225545288042415014242653273065815638196752867477667100609126669993453464511756919996590992424873901802957135548341695070845035621357899327128801744200048593983331024664303668296262731378891973773634851180909/5000000000000000000000000000000000000000000000000000000000000000000000000000000000000000000000000000000000000000000000000000000000000000000000000000000000000000000000000000000000000000000000000000000000000000000000000000000000000000000000000000000000000000000000000000000000000000000000000000000000000000000000 18708541881780799572443595091850728949779480561790274354727614368892618721345232648862930615905679531947720654591574872988140537763989429778821035574378409845285081507720702416337678432006245503469156168588338213178564767828370184391753262441659925955370833292895355110934198217245214311243611534895712724661/800000000000000000000000000000000000000000000000000000000000000000000000000000000000000000000000000000000000000000000000000000000000000000000000000000000000000000000000000000000000000000000000000000000000000000000000000000000000000000000000000000000000000000000000000000000000000000000000000000000000000000000
5 5
1 0
0 0
0 0
0 0
0 0
0 0
1 0
0 0
0 0
0 0
0 0
0 0
1 0
0 0
0 0
0 0
0 0
0 0
1 0
0 0
0 0
0 0
0 0
0 0
1 0

5 0

4 0

