4 4

13
1 1 0 0 1 0
1 0 3 0 -1712072400223333/250000000000000 0
1 0 2 0 -5329713683613299/1000000000000000 0
1 0 1 0 -79846210266621/25000000000000 0
1 0 0 0 -1972101603322597/5000000000000000 0
0 1 3 0 -1712072400223333/250000000000000 0
0 1 2 0 -5329713683613299/1000000000000000 0
0 1 1 0 -79846210266621/25000000000000 0
0 1 0 0 -1972101603322597/5000000000000000 0
0 0 3 0 2739579417126037/500000000000000 0
0 0 2 0 247666823138189/20000000000000 0
0 0 1 0 1053987726006107/500000000000000 0
0 0 0 0 -3845155779969507/10000000000000000 0

18
1 0 2 0 -1712072400223333/250000000000000 0
1 0 1 1 -1712072400223333/250000000000000 0
1 0 1 0 -5329713683613299/1000000000000000 0
1 0 0 2 -1712072400223333/250000000000000 0
1 0 0 1 -5329713683613299/1000000000000000 0
1 0 0 0 -79846210266621/25000000000000 0
0 1 2 0 -1712072400223333/250000000000000 0
0 1 1 1 -1712072400223333/250000000000000 0
0 1 1 0 -5329713683613299/1000000000000000 0
0 1 0 2 -1712072400223333/250000000000000 0
0 1 0 1 -5329713683613299/1000000000000000 0
0 1 0 0 -79846210266621/25000000000000 0
0 0 2 0 2739579417126037/500000000000000 0
0 0 1 1 2739579417126037/500000000000000 0
0 0 1 0 247666823138189/20000000000000 0
0 0 0 2 2739579417126037/500000000000000 0
0 0 0 1 247666823138189/20000000000000 0
0 0 0 0 1053987726006107/500000000000000 0

18
2 1 0 0 1 0
2 0 3 0 -1712072400223333/250000000000000 0
2 0 2 0 -5329713683613299/1000000000000000 0
2 0 1 0 -79846210266621/25000000000000 0
2 0 0 0 -1972101603322597/5000000000000000 0
1 2 0 0 1 0
1 1 3 0 -1712072400223333/250000000000000 0
1 1 2 0 -5329713683613299/1000000000000000 0
1 1 1 0 -79846210266621/25000000000000 0
1 1 0 0 -1972101603322597/5000000000000000 0
0 2 3 0 -1712072400223333/250000000000000 0
0 2 2 0 -5329713683613299/1000000000000000 0
0 2 1 0 -79846210266621/25000000000000 0
0 2 0 0 -1972101603322597/5000000000000000 0
0 0 3 0 1002337704188927/100000000000000 0
0 0 2 0 2862787898126389/1000000000000000 0
0 0 1 0 2268157843343459/1000000000000000 0
0 0 0 0 7871117211946761/10000000000000000 0

24
2 0 2 0 -1712072400223333/250000000000000 0
2 0 1 1 -1712072400223333/250000000000000 0
2 0 1 0 -5329713683613299/1000000000000000 0
2 0 0 2 -1712072400223333/250000000000000 0
2 0 0 1 -5329713683613299/1000000000000000 0
2 0 0 0 -79846210266621/25000000000000 0
1 1 2 0 -1712072400223333/250000000000000 0
1 1 1 1 -1712072400223333/250000000000000 0
1 1 1 0 -5329713683613299/1000000000000000 0
1 1 0 2 -1712072400223333/250000000000000 0
1 1 0 1 -5329713683613299/1000000000000000 0
1 1 0 0 -79846210266621/25000000000000 0
0 2 2 0 -1712072400223333/250000000000000 0
0 2 1 1 -1712072400223333/250000000000000 0
0 2 1 0 -5329713683613299/1000000000000000 0
0 2 0 2 -1712072400223333/250000000000000 0
0 2 0 1 -5329713683613299/1000000000000000 0
0 2 0 0 -79846210266621/25000000000000 0
0 0 2 0 1002337704188927/100000000000000 0
0 0 1 1 1002337704188927/100000000000000 0
0 0 1 0 2862787898126389/1000000000000000 0
0 0 0 2 1002337704188927/100000000000000 0
0 0 0 1 2862787898126389/1000000000000000 0
0 0 0 0 2268157843343459/1000000000000000 0

