5
0
8
52
2.145985982677161e-01 4.405172795039169e-01
-7.234613434162358e-02 -1.485085295992418e-01
2.248614803265870e-01 4.615844109807188e-01
-7.272048435979432e-02 -1.492769766110955e-01
7.495212688102733e-02 1.538579808684132e-01
6.206335383118183e-17
7.026032122788095e+01
7.203592380144596e-17
3.906250000000000e-04
2.710200852169782e-14
0.000000000000000e+00
1
1
12
52
6.802753241794240e-02 1.496922851198833e-01
8.827935630615980e-02 1.942557388851580e-01
-2.308092984134484e-02 -5.078880576493380e-02
-2.307674103730277e-02 -5.077958844325992e-02
4.455415886364131e-01 9.803992023285120e-01
4.475452091311810e-16
1.514399660696737e+05
1.109456038634363e-15
2.441406250000000e-05
1.709628556792661e-13
0.000000000000000e+00
1
1
16
52
-1.013460645969104e+00 1.356446272225873e-01
-1.419519024727670e+00 1.899927044137297e-01
1.287209021037392e+00 -1.722839347641443e-01
6.097891279418324e-01 -8.161601466523849e-02
2.327808285651394e+00 -3.115608764964903e-01
2.929642751054232e-14
7.081121306490029e+02
1.036520219366101e-15
3.906250000000000e-04
2.846203915861110e-13
0.000000000000000e+00
1
1
22
52
9.262119471901621e-01 -1.249539286978330e+00
-3.066750541672768e-01 4.137309280891234e-01
-8.932543487175258e-01 1.205076662391216e+00
-9.253969637688055e-02 1.248439804504249e-01
-3.207426192259356e-01 4.327092788502465e-01
2.843558383173338e-15
8.606175049069275e+01
6.498117781465909e-16
9.765625000000001e-05
1.320372144714677e-14
0.000000000000000e+00
1
1
25
52
4.862441135520979e-02 -2.007230324279921e-01
-1.649768244085083e-02 6.810292927506538e-02
6.309991826296948e-02 -2.604783602865438e-01
3.184621977554819e-01 -1.314621529920445e+00
-1.649468838648943e-02 6.809056972854521e-02
8.969681386133141e-16
3.042950816513522e+05
1.336284575866896e-12
5.960464477539063e-09
1.382701319789447e-12
0.000000000000000e+00
1
1
42
52
-7.747470128311352e+00 2.406609684083155e+00
-7.635314814333785e+00 2.371770690157454e+00
9.136110503118289e+00 -2.837965380635886e+00
-1.820883596263719e+00 5.656241358508564e-01
4.319152735813672e+00 -1.341665682976829e+00
2.397283160722336e-11
3.541021495310190e+05
5.403408712290630e-14
9.765625000000001e-05
9.746227496226252e-13
0.000000000000000e+00
1
1
59
52
2.702670529235791e-01 3.766804791636562e-01
-2.959640493220534e-02 4.011237565518924e-01
3.894702350475043e-01 1.004447672467574e-01
3.300560552286804e-01 1.955510689651906e-01
7.952982486969470e-02 3.753028472084122e-01
4.965068306494546e-16
2.274746664166219e+02
2.885083899346476e-15
3.906250000000000e-04
7.149161390815770e-13
0.000000000000000e+00
1
1
60
52
1.890212100877912e-01 3.100006216197758e-01
-3.804612305795444e-01 5.058203991946709e-01
6.238954865881724e-01 -1.065807019608389e-01
2.109686651430940e-01 -1.034884503862424e-01
-1.886121611882018e-01 1.401538072530335e-01
1.203384314578932e-16
2.383635286037833e+01
1.840949352410998e-16
9.765625000000001e-05
2.164998948399922e-14
0.000000000000000e+00
1
1
62
52
9.219892373957818e-01 -7.304541686494623e-01
-8.891818965119104e-01 7.044622612182903e-01
-3.052768863301490e-01 2.418583267219448e-01
-9.211779695802125e-02 7.298114345114308e-02
-3.192803156961778e-01 2.529526681100238e-01
2.264419546801470e-15
4.207875392938995e+01
4.043905903032905e-16
3.906250000000000e-04
3.321031576722454e-12
0.000000000000000e+00
1
1
66
52
1.847965712978022e-02 -2.122345947461697e-01
2.398105852424183e-02 -2.754169193581784e-01
-6.269927109536469e-03 7.200866497908757e-02
1.210312281270209e-01 -1.390015706078186e+00
-6.268789222305529e-03 7.199559660672986e-02
1.621884977917279e-15
3.004816725813373e+05
7.396456452573920e-13
5.960464477539063e-09
3.840824137927373e-13
0.000000000000000e+00
1
1
81
52
1.198073441754747e-01 -1.056937715155279e+00
-1.351591971375256e-02 1.192371419197222e-01
-1.623040393228161e-01 1.431842610842600e+00
-7.422960519530757e-03 6.548519195709607e-02
-9.242548643560462e-02 8.153755775796622e-01
1.986027322597818e-15
4.107132100258892e+01
9.480480343955805e-16
3.906250000000000e-04
1.058273801119191e-12
0.000000000000000e+00
1
1
84
52
-6.142303330622381e-02 3.534708950071822e-01
-6.121493869286752e-01 1.281109963565505e-01
5.330446641954483e-01 3.271126492164134e-01
-2.314387129246525e-01 -1.868275269302589e-02
2.241738970534900e-01 6.048956082052204e-02
4.632458786145298e-16
2.455270429223099e+01
1.833578072573324e-16
3.906250000000000e-04
9.352095972610845e-12
0.000000000000000e+00
1
1
86
52
1.124367965977687e+00 1.219967848385429e-01
-1.523190951433459e+00 -1.652700934150687e-01
-1.268442035958326e-01 -1.376291879735399e-02
-8.673947069212484e-01 -9.411453245944092e-02
-6.966300002989387e-02 -7.558612734456894e-03
5.152155591352069e-15
6.297245550725218e+01
5.281641517515390e-15
3.906250000000000e-04
6.113899228874673e-12
0.000000000000000e+00
1
1
89
52
6.958036289845414e-02 5.015477993853192e-01
-2.326675270808450e-01 3.726227051423816e-01
3.253171912785729e-01 2.952127768308175e-01
-1.140630609081178e-01 4.031828675137624e-01
2.195111126297085e-01 3.569056989632079e-01
1.489520491948364e-15
2.586145340409207e+02
2.343723904648205e-15
9.765625000000001e-05
4.372714544522256e-15
0.000000000000000e+00
1
1
99
52
8.420975341841536e-02 8.166951755909250e-01
8.299070111124981e-02 8.048723866901156e-01
-9.930333385340499e-02 -9.630779142079220e-01
-4.694626514663550e-02 -4.553010393791878e-01
1.979177152096057e-02 1.919474129944619e-01
2.038098551114345e-15
4.639403511058126e+01
8.987489505373825e-17
3.906250000000000e-04
8.763107012908138e-12
0.000000000000000e+00
1
1
100
52
6.045526613433435e-01 7.208043623675332e-01
-2.038086381140694e-01 -2.429997663303224e-01
6.334645587733679e-01 7.552758371032117e-01
2.111500640966012e-01 2.517529026781948e-01
-2.048632316742602e-01 -2.442571516456417e-01
1.336885555457667e-15
3.409389951513035e+01
6.198689153628724e-16
3.906250000000000e-04
7.484336125970952e-15
0.000000000000000e+00
1
1
103
52
7.946333508241719e-02 1.346966372712461e-01
-2.696096119918649e-02 -4.570096142283003e-02
1.031196020446313e-01 1.747958806127979e-01
-2.695606823412723e-02 -4.569266746009758e-02
5.204395822187701e-01 8.821862504891496e-01
2.860979249076399e-16
1.661133160295659e+05
4.941761146470223e-16
2.441406250000000e-05
2.221864738616404e-13
0.000000000000000e+00
1
1
104
52
1.022418458240813e-01 3.560091630524579e-01
-1.298586450255580e-01 -4.521716833068493e-01
1.432065920347341e-01 4.986496337478359e-01
-2.348383400936045e-01 -8.177141192580554e-01
-6.151789539357352e-02 -2.142071504606584e-01
5.102800490722269e-16
1.149341447835406e+03
7.544362072957281e-15
1.525878906250000e-06
3.097701301758283e-15
0.000000000000000e+00
1
1
113
52
2.731966713391022e+00 9.958199629323941e-01
-3.082034996515421e-01 -1.123422170900738e-01
-3.701018797557233e+00 -1.349045866382791e+00
-2.107578246966384e+00 -7.682262311190869e-01
-1.692657590712667e-01 -6.169849035783059e-02
2.154084456215678e-13
3.335137846146014e+03
1.345979425769036e-14
9.765625000000001e-05
1.965094803766098e-12
0.000000000000000e+00
1
1
119
52
-6.264728858238733e-02 3.676747859815044e-01
-8.774787491157680e-02 5.149892654335302e-01
7.956910347482977e-02 -4.669883366520118e-01
1.438939716265155e-01 -8.445087795337436e-01
3.769424656449812e-02 -2.212262390272396e-01
4.440892098500626e-16
1.101844316828611e+03
1.792361857217259e-14
1.525878906250000e-06
1.114109807841303e-14
0.000000000000000e+00
1
1
120
52
1.286259554840519e+00 -2.820118030821360e-01
-1.240490305082264e+00 2.719769165761678e-01
-4.258892576915834e-01 9.337601965554070e-02
-4.454253261097604e-01 9.765929347769722e-02
-1.285127761824957e-01 2.817636579952151e-02
4.496060575246782e-15
5.798525946028744e+01
8.971239606721879e-16
3.906250000000000e-04
4.963301865648405e-12
0.000000000000000e+00
1
1
125
52
3.911839899693895e+00 1.410640804528366e+00
-4.968476701850635e+00 -1.791672499819704e+00
5.479177885584667e+00 1.975835437764209e+00
-2.353714917860881e+00 -8.487684543586514e-01
-8.985068504501925e+00 -3.240087679693867e+00
3.749942721349417e-12
1.499856134080039e+05
3.527442687766371e-14
3.906250000000000e-04
1.384722568671801e-12
0.000000000000000e+00
1
1
139
52
7.539888154732337e-01 -6.423181581343587e-01
-1.171408890219631e+00 9.979155994719091e-01
6.753472321728249e-01 -5.753239058302521e-01
1.481700008382174e-01 -1.262250580858235e-01
-7.961894383385333e-01 6.782685937306069e-01
6.661338147750939e-15
5.184530208567887e+01
5.875406443163111e-16
3.906250000000000e-04
3.210441155836609e-13
0.000000000000000e+00
1
1
154
52
2.447314876501808e-01 -1.167443060633166e+00
-8.385223585393578e-02 4.000004731968967e-01
-3.181007625653704e-01 1.517436646198500e+00
-8.431609610648258e-02 4.022132266032484e-01
-1.851633251186779e-01 8.832849465719481e-01
1.280949133595751e-14
9.313647072454320e+01
7.878815083044466e-16
3.906250000000000e-04
4.127520167550247e-12
0.000000000000000e+00
1
1
158
52
4.891703867418150e-01 -7.069953150360548e-01
-6.626833290705159e-01 9.577726324071892e-01
-5.518516180330475e-02 7.975881597067243e-02
-3.030776195814778e-02 4.380364448542935e-02
-3.773709471289675e-01 5.454121894580589e-01
1.510066572755813e-15
2.678151051139693e+01
3.867173166453285e-16
9.765625000000001e-05
5.881333776209580e-15
0.000000000000000e+00
1
1
160
52
4.254066067057440e-01 4.559510271241248e-01
-5.016555989570982e-01 -5.376747375370945e-01
4.192482594319852e-01 4.493505072436245e-01
-2.371607865220393e-01 -2.541890570192430e-01
9.998307822601919e-02 1.071619163726768e-01
3.855927796350634e-16
6.050667979441005e+01
9.503884676217665e-17
3.906250000000000e-04
1.156774076731899e-13
0.000000000000000e+00
1
1
166
52
5.651856698935125e-01 -7.885366147387657e-01
-7.346255045085661e-01 1.024935944563289e+00
-1.936493033577993e-01 2.701759337688971e-01
-1.947205474796327e-01 2.716705137952244e-01
-4.276182805561141e-01 5.966051322809742e-01
3.662053438817790e-15
5.103256532847053e+01
5.116429689136372e-16
9.765625000000001e-05
5.792609244812926e-15
0.000000000000000e+00
1
1
170
52
2.244828464901246e+00 -1.577821818045979e+00
-7.691445334553297e-01 5.406083560910300e-01
-2.917816801466285e+00 2.050844900800546e+00
-1.698432461115573e+00 1.193776645087032e+00
-7.733993463878699e-01 5.435989350068048e-01
4.331142664677945e-13
2.438412806088017e+03
1.497779147623820e-14
9.765625000000001e-05
1.788665702363943e-12
0.000000000000000e+00
1
1
180
52
-2.724311343552215e-01 6.590883682024745e-01
8.922474144144217e-01 8.657277484190423e-01
-1.243102593441939e+00 -1.690931961525221e-02
-4.408827603734899e-01 -1.366006092417045e-01
4.086609386540146e-01 2.145543568846194e-01
4.064046192567782e-16
3.235149009298519e+01
3.296652525851554e-16
9.765625000000001e-05
1.252407542441047e-13
0.000000000000000e+00
1
1
183
52
1.147900062217389e-01 6.660122750763097e-01
4.469020813296118e-01 3.795605921311565e-01
-2.940535607603765e-01 5.072674016727647e-01
-1.344975724297966e-01 5.428388854880662e-01
3.084601964945315e-01 4.664932580070007e-01
9.930136612989092e-16
2.283740585677381e+02
7.859130244068946e-15
3.906250000000000e-04
2.129538394383130e-12
0.000000000000000e+00
1
1
200
52
8.906149491962190e-02 1.184624004708142e+00
9.332073811004825e-02 1.241277014292390e+00
-3.002468295754068e-02 -3.993640596012238e-01
3.110620722276030e-02 4.137496210316714e-01
-3.018004358203023e-02 -4.014305410287254e-01
9.930136612989092e-16
4.269133372468943e+01
5.080347091626413e-16
3.906250000000000e-04
3.118558783268492e-14
0.000000000000000e+00
1
1
201
52
7.748990392686708e-02 5.263301127878081e-01
8.119575173376915e-02 5.515011246917852e-01
-2.612363288887339e-02 -1.774380138321577e-01
-2.625880780230352e-02 -1.783561544392092e-01
2.706463675908785e-02 1.838295390250549e-01
1.755416734288351e-16
6.313232329885452e+01
8.150289250757927e-17
3.906250000000000e-04
2.952255302436426e-14
0.000000000000000e+00
1
1
211
52
3.569754844619192e-02 8.007151246692723e-01
3.197426811080695e-02 7.171999532445442e-01
-5.546027308464719e-02 -1.244003619579160e+00
-3.769553402406535e-02 -8.455310109334498e-01
7.015098466513400e-03 1.573524145964356e-01
1.350644602892852e-15
5.389442381008569e+01
5.122244683619691e-16
9.765625000000001e-05
1.934834387564223e-14
0.000000000000000e+00
1
1
216
52
4.155135820254255e-01 4.336325791062208e-01
-6.455484405111396e-01 -6.736983995380326e-01
3.721752124067799e-01 3.884043848787639e-01
-4.387698049436116e-01 -4.579029191396903e-01
8.165459027181500e-02 8.521524231008691e-02
4.443059973708341e-16
5.412114808806052e+01
2.758091183506889e-15
3.906250000000000e-04
1.831891903375712e-13
0.000000000000000e+00
1
1
223
52
-6.827283841279302e-01 -1.271229260376284e+00
-6.115193157835257e-01 -1.138639121474751e+00
1.060697562563687e+00 1.975001785905097e+00
-1.341662676853081e-01 -2.498154305608625e-01
7.209405730447310e-01 1.342379740982289e+00
7.105427357601002e-15
2.173766934056778e+02
5.182995059125580e-16
3.906250000000000e-04
5.325718903664857e-13
0.000000000000000e+00
1
1
225
52
1.967790381412630e+00 -6.492863448549837e-01
-6.515487342182438e-01 2.149831100565512e-01
-1.897770074002798e+00 6.261826495156891e-01
-6.814360826769877e-01 2.248446519268065e-01
-1.966058902411069e-01 6.487150311201775e-02
1.065814103640150e-14
2.551228975639085e+02
1.365239480277215e-15
9.765625000000001e-05
5.847461514046538e-14
0.000000000000000e+00
1
1
235
52
5.086706048744118e-01 3.332984906262024e-01
8.674693511159532e-01 -6.093870850502527e-01
-2.123690573788156e-01 1.038631348467593e+00
2.448870501636967e-01 -3.081195636415434e-01
-1.847239796578502e-01 3.475404784710669e-01
3.865904340312232e-16
2.566541443215851e+01
2.694357377891696e-16
9.765625000000001e-05
1.429948292154703e-14
0.000000000000000e+00
1
1
236
52
3.985172678950304e-01 4.040388760574115e-01
4.900744163815996e-01 4.731847303298701e-02
4.057086210531221e-02 4.906790974047819e-01
4.363346360656642e-01 1.736327644526219e-01
1.676126232820716e-01 4.386824136417137e-01
8.881784197001252e-16
1.821011826559881e+02
3.084423127035873e-15
9.765625000000001e-05
3.144230206350763e-15
0.000000000000000e+00
1
1
237
52
1.174612765734858e+00 -3.412797769321453e-03
-1.385147906141857e+00 4.024500518095229e-03
1.157608626143323e+00 -3.363392815314408e-03
2.760685851853352e-01 -8.021079620319014e-04
-6.548372380431706e-01 1.902607506452738e-03
1.554382173622201e-15
6.533152870347205e+01
1.224199449742619e-16
3.906250000000000e-04
8.063600087218582e-14
0.000000000000000e+00
1
1
238
52
1.253996008803828e+00 -3.914573878517150e-01
-1.629937734962051e+00 5.088143531635440e-01
-4.296560695958112e-01 1.341248628367215e-01
-9.487707238047188e-01 2.961758303880516e-01
-4.320328741129668e-01 1.348668250767831e-01
1.588821858078255e-14
1.327964493803031e+02
1.450194164824328e-15
3.906250000000000e-04
7.000613089479801e-12
0.000000000000000e+00
1
1
-1

2 0
1 5
2708285643505814005164154083331380652506045387744039365718964049645143665455852909684884088296263104444432354868501097285489360037878391816346667245554783525952567710639242713735297716957514223388686632146316989087621707358344976822120651144450539121760681282242991678362158728630735692515762099587736072659937/5000000000000000000000000000000000000000000000000000000000000000000000000000000000000000000000000000000000000000000000000000000000000000000000000000000000000000000000000000000000000000000000000000000000000000000000000000000000000000000000000000000000000000000000000000000000000000000000000000000000000000000000 -7152971690274085772465342477556688032022901680590514575739167082467659865373810841665170954060196868929566545017389930801980151330156797036414322489943202180049251839335421307786774862494763317996214457928895496508176981395203075100634690059923044521786126376328195027510471963229589147718204341502194718783611/10000000000000000000000000000000000000000000000000000000000000000000000000000000000000000000000000000000000000000000000000000000000000000000000000000000000000000000000000000000000000000000000000000000000000000000000000000000000000000000000000000000000000000000000000000000000000000000000000000000000000000000000
-126409580272677348357696318008023701910463937777252427528444099882657696288076619212756313697935447091572073834759851892882005572828040479302522574112762303614042103101415054023118711673237424144108994368422313441606701571948664825438639070227335327279871741622056122385072847514779738073679305266958273433071/400000000000000000000000000000000000000000000000000000000000000000000000000000000000000000000000000000000000000000000000000000000000000000000000000000000000000000000000000000000000000000000000000000000000000000000000000000000000000000000000000000000000000000000000000000000000000000000000000000000000000000000 -8865274965595456194076295813894702973159593943829694248544251039589260922996345140375120139201316720731667361364288978133395114818062006812231375174915172380149848350579758024453153840716162600460642538276045000411584746838713220072436218457711751494054918408472658412317000850704399841914257560223512576089861/10000000000000000000000000000000000000000000000000000000000000000000000000000000000000000000000000000000000000000000000000000000000000000000000000000000000000000000000000000000000000000000000000000000000000000000000000000000000000000000000000000000000000000000000000000000000000000000000000000000000000000000000
1316248810317142333410212839146200218746641427303185151598834131219566635266144038819507797452044105479338654162594587026051986548588530403593592711397199727390869613431421333367786557880724019154430422093118813654019646088150694790205625926874834774375741773655979852012791235810539613103589284214944220109517/10000000000000000000000000000000000000000000000000000000000000000000000000000000000000000000000000000000000000000000000000000000000000000000000000000000000000000000000000000000000000000000000000000000000000000000000000000000000000000000000000000000000000000000000000000000000000000000000000000000000000000000000 -8684932811897941288319141841293575074879949230865660818486731302522506481944021711129483482349358419206004108710857772046374051672306278952194051136377191539894490542076949129991776742296440927046084473039513880615122785860056218524094095623607516842838006738315672268019331872893655759385222105693206760267283/10000000000000000000000000000000000000000000000000000000000000000000000000000000000000000000000000000000000000000000000000000000000000000000000000000000000000000000000000000000000000000000000000000000000000000000000000000000000000000000000000000000000000000000000000000000000000000000000000000000000000000000000
6829725785746260110202487302441127527254096719219130826472891695831922557329910738359503479905532442158961870131152228895616946530971152389721245427650370390875411492320327393839268937813039136538206425427057914712317371155040720036100956566158172323166039531552137588173524547782119699149246475376529694947427/100000000000000000000000000000000000000000000000000000000000000000000000000000000000000000000000000000000000000000000000000000000000000000000000000000000000000000000000000000000000000000000000000000000000000000000000000000000000000000000000000000000000000000000000000000000000000000000000000000000000000000000000 1850003078766011006256710935790961447571476305183574509884518462517980151279506855573942074535503797102664849900925380481785127707371151772703489639462436229975826099753757444294659849591760032062691099432234317072789193029056501126911559503230251200980431189912756118416973044879774764612978035520240223175679/2000000000000000000000000000000000000000000000000000000000000000000000000000000000000000000000000000000000000000000000000000000000000000000000000000000000000000000000000000000000000000000000000000000000000000000000000000000000000000000000000000000000000000000000000000000000000000000000000000000000000000000000
1872301574074941917348505834429679953784443167830066204035925481220503011302521473169035409923002902614282419596520316555241464388075603954598333047582580214098555057707293283376460850194683891081147448150163299291670878339531366658769110436170226184621444325477470481168120722961069483115096466613623785028309/5000000000000000000000000000000000000000000000000000000000000000000000000000000000000000000000000000000000000000000000000000000000000000000000000000000000000000000000000000000000000000000000000000000000000000000000000000000000000000000000000000000000000000000000000000000000000000000000000000000000000000000000 -5576078279400822372836726420296490436411107712860337997737031238481562520788015935830061833339409929937678598556277913488763887314516996808469249898286513967299082762334776426033696732128942649691322300605214275093923733767416624735428733785128411568997371087056510525865532360754824350955618859949394129308263/10000000000000000000000000000000000000000000000000000000000000000000000000000000000000000000000000000000000000000000000000000000000000000000000000000000000000000000000000000000000000000000000000000000000000000000000000000000000000000000000000000000000000000000000000000000000000000000000000000000000000000000000

0
1269268509572024338055016784972773868768857501957966031549025344219392669569042190372042764830824301790433162809691127658266246916108939391893352048327029097383689261033400733325914474220408082294252527064036151444545510519766441975191172079714849843899864432498548878269241145119026980293506511166186123502969/2500000000000000000000000000000000000000000000000000000000000000000000000000000000000000000000000000000000000000000000000000000000000000000000000000000000000000000000000000000000000000000000000000000000000000000000000000000000000000000000000000000000000000000000000000000000000000000000000000000000000000000000 79789908714456359769045339879795610426539020440338779394319524044466593489481572565486169313556247955454275535135752693858093489164726588619982190000298357454566165852201126021368769690801259992199320889033424854189547948154387319456980359243299652750924206681281168150815129895710986182038197131691242544597/6250000000000000000000000000000000000000000000000000000000000000000000000000000000000000000000000000000000000000000000000000000000000000000000000000000000000000000000000000000000000000000000000000000000000000000000000000000000000000000000000000000000000000000000000000000000000000000000000000000000000000000000
5 5
1 0
0 0
0 0
0 0
0 0
0 0
1 0
0 0
0 0
0 0
0 0
0 0
1 0
0 0
0 0
0 0
0 0
0 0
1 0
0 0
0 0
0 0
0 0
0 0
1 0

5 0

4 0

