40

2.070754021163473e-52
4.810776658377343e-58
4.304406893547062e5

6.461731956276500e-58
2.525448088922759e-61
2.558647704785244e3

3.411586650712905e-46
3.104216660458198e-51
1.099016925645048e5

8.178744628192812e-41
1.496802536857233e-46
5.464144018198515e5

3.870642646428081e-55
9.253674959429906e-59
4.182816733241451e3

1.772355080014111e-56
4.418910538368551e-60
4.010841732651278e3

8.396941012689660e-53
8.593983078258444e-58
9.770720905807609e4

2.337612614742197e-55
9.136125346097230e-59
2.558647704785244e3

4.499488417475068e-35
5.621346038086674e-42
8.004290052577068e6

2.115469329996525e-50
3.357813935473618e-57
6.300138633792819e6

1.337918930007943e-53
2.641384455645022e-57
5.065218458254406e3

1.126456833284037e-57
2.376361960292956e-61
4.740257806286244e3

1.148017607737661e-39
2.101001737718021e-45
5.464144018198515e5

1.386459181974911e-56
3.655741288066554e-60
3.792552789500540e3

5.418819864025638e-51
4.164718303136555e-55
1.301125182931241e4

4.259685958019502e-52
1.018377382916913e-55
4.182816733241451e3

2.401412853004232e-55
5.987303945341246e-59
4.010841732651278e3

3.692202151191110e-53
3.778843124048816e-58
9.770720905807609e4

5.953194174347301e-37
7.437504307369028e-44
8.004290052577068e6

1.456965614566243e-45
1.325698977484904e-50
1.099016925645048e5

1.835771899452606e-50
1.410911051092629e-54
1.301125182931241e4

7.160576567860181e-55
1.646449752589466e-58
4.349101183682242e3

3.910310521350410e-55
8.249151588685306e-59
4.740257806286244e3

4.587865107131062e-51
4.819133014371171e-55
9.520104743839933e3

1.611381867357001e-54
3.181268252568758e-58
5.065218458254406e3

7.789737883943977e-57
2.053956349799378e-60
3.792552789500540e3

4.223282891309753e-53
3.056959491018392e-57
1.381530538339850e4

5.740931742892363e-56
1.513738123510316e-59
3.792552789500540e3

4.747679952988758e-56
1.091646239641877e-59
4.349101183682242e3

5.743863347620568e-56
1.514511113338255e-59
3.792552789500540e3

3.403811706312262e-54
7.826471637595622e-58
4.349101183682242e3

4.817382808170488e-53
5.060220383906614e-57
9.520104743839933e3

1.111406773278586e-51
2.582020707532895e-57
4.304406893547062e5

4.168269149176324e-51
6.616154645896953e-58
6.300138633792819e6

8.763095895363066e-58
3.836587822817382e-61
2.284085833574878e3

2.630752345617309e-52
2.621659850646932e-56
1.003468220703053e4

3.038281521656552e-52
3.027780510605370e-56
1.003468220703053e4

1.513052740857723e-57
6.624325227259991e-61
2.284085833574878e3

2.000361768283337e-54
4.599483166288846e-58
4.349101183682242e3

1.541670524042012e-50
1.115914908326672e-54
1.381530538339850e4

