4 4

13
1 1 0 0 1 0
1 0 3 0 -4232487555147843/500000000000000 0
1 0 2 0 -391467570892193/100000000000000 0
1 0 1 0 -9472765112067/6250000000000 0
1 0 0 0 -1735678483531/1562500000000 0
0 1 3 0 -4232487555147843/500000000000000 0
0 1 2 0 -391467570892193/100000000000000 0
0 1 1 0 -9472765112067/6250000000000 0
0 1 0 0 -1735678483531/1562500000000 0
0 0 3 0 7927511776792013/1000000000000000 0
0 0 2 0 1466032273030723/100000000000000 0
0 0 1 0 1534837156246191/500000000000000 0
0 0 0 0 -261599728183759/125000000000000 0

18
1 0 2 0 -4232487555147843/500000000000000 0
1 0 1 1 -4232487555147843/500000000000000 0
1 0 1 0 -391467570892193/100000000000000 0
1 0 0 2 -4232487555147843/500000000000000 0
1 0 0 1 -391467570892193/100000000000000 0
1 0 0 0 -9472765112067/6250000000000 0
0 1 2 0 -4232487555147843/500000000000000 0
0 1 1 1 -4232487555147843/500000000000000 0
0 1 1 0 -391467570892193/100000000000000 0
0 1 0 2 -4232487555147843/500000000000000 0
0 1 0 1 -391467570892193/100000000000000 0
0 1 0 0 -9472765112067/6250000000000 0
0 0 2 0 7927511776792013/1000000000000000 0
0 0 1 1 7927511776792013/1000000000000000 0
0 0 1 0 1466032273030723/100000000000000 0
0 0 0 2 7927511776792013/1000000000000000 0
0 0 0 1 1466032273030723/100000000000000 0
0 0 0 0 1534837156246191/500000000000000 0

18
2 1 0 0 1 0
2 0 3 0 -4232487555147843/500000000000000 0
2 0 2 0 -391467570892193/100000000000000 0
2 0 1 0 -9472765112067/6250000000000 0
2 0 0 0 -1735678483531/1562500000000 0
1 2 0 0 1 0
1 1 3 0 -4232487555147843/500000000000000 0
1 1 2 0 -391467570892193/100000000000000 0
1 1 1 0 -9472765112067/6250000000000 0
1 1 0 0 -1735678483531/1562500000000 0
0 2 3 0 -4232487555147843/500000000000000 0
0 2 2 0 -391467570892193/100000000000000 0
0 2 1 0 -9472765112067/6250000000000 0
0 2 0 0 -1735678483531/1562500000000 0
0 0 3 0 520674338395289/50000000000000 0
0 0 2 0 2688459642606007/1000000000000000 0
0 0 1 0 8126434687472579/10000000000000000 0
0 0 0 0 2138048240507521/1000000000000000 0

24
2 0 2 0 -4232487555147843/500000000000000 0
2 0 1 1 -4232487555147843/500000000000000 0
2 0 1 0 -391467570892193/100000000000000 0
2 0 0 2 -4232487555147843/500000000000000 0
2 0 0 1 -391467570892193/100000000000000 0
2 0 0 0 -9472765112067/6250000000000 0
1 1 2 0 -4232487555147843/500000000000000 0
1 1 1 1 -4232487555147843/500000000000000 0
1 1 1 0 -391467570892193/100000000000000 0
1 1 0 2 -4232487555147843/500000000000000 0
1 1 0 1 -391467570892193/100000000000000 0
1 1 0 0 -9472765112067/6250000000000 0
0 2 2 0 -4232487555147843/500000000000000 0
0 2 1 1 -4232487555147843/500000000000000 0
0 2 1 0 -391467570892193/100000000000000 0
0 2 0 2 -4232487555147843/500000000000000 0
0 2 0 1 -391467570892193/100000000000000 0
0 2 0 0 -9472765112067/6250000000000 0
0 0 2 0 520674338395289/50000000000000 0
0 0 1 1 520674338395289/50000000000000 0
0 0 1 0 2688459642606007/1000000000000000 0
0 0 0 2 520674338395289/50000000000000 0
0 0 0 1 2688459642606007/1000000000000000 0
0 0 0 0 8126434687472579/10000000000000000 0

