40

0
1.002730461258621e+00 1.012105852170342e-17
1.550448433415421e-01 -1.006243353104784e-16
5.262108302784072e-01 -7.599883267210923e-17
5.478095793760772e+00 1.614179765948865e-15

2
1.187834068069426e+00 -9.803575740821168e-17
-4.788560533836009e-01 -1.202387814984597e-16
4.477693109073718e-01 -4.824650189756820e-17
-6.726439717523158e-01 1.966299945124483e-17

14
1.300010776621532e+00 2.664278203773553e-15
-8.770668352507495e-01 1.737487796262819e-14
-2.661236849956572e+00 -1.061157761017115e-13
-7.544286512123812e-01 4.427943183384230e-15

23
1.002730461258704e+00 4.886790503309121e-14
1.550448433414132e-01 -7.585687184063638e-14
5.478095793762011e+00 7.285351022536299e-13
5.262108302783980e-01 -8.327778527553662e-15

26
1.151360969812399e+00 8.438316373885490e-17
-1.044669192411725e+00 8.683407260616812e-16
3.719865726071571e-01 -4.034120737577355e-17
-8.352244931204834e-01 4.584206737457662e-16

28
1.151360969812399e+00 -2.400219600475830e-16
-1.044669192411724e+00 -1.596924441548654e-16
-8.352244931204823e-01 -3.898156375676341e-17
3.719865726071571e-01 2.547557541353252e-17

30
1.300010776621534e+00 -1.103692788417635e-16
-8.770668352507395e-01 8.942604085549399e-17
-7.544286512123778e-01 -1.990742061029970e-16
-2.661236849956634e+00 7.408449913305979e-16

38
-4.788560533836012e-01 1.985303627181549e-15
1.187834068069426e+00 6.440662931972581e-18
4.477693109073719e-01 1.775660572955900e-16
-6.726439717523165e-01 3.796806336909035e-16

50
1.293251587153448e+00 5.176191844078478e-14
-5.442769429502361e-01 -3.016693522201881e-13
-7.173824734862642e+00 9.317407659459784e-12
-6.816991148481163e-01 -7.186549109464528e-14

54
1.293251587153335e+00 1.972653694131469e-16
-5.442769429495760e-01 1.013635249934115e-16
-6.816991148480038e-01 3.063713505418204e-18
-7.173824734883018e+00 3.006694763591696e-16

55
1.116861756695114e+00 1.190900921663070e-16
-1.172981012100317e+00 -1.251756918649223e-16
-1.109824138790962e+00 -8.716977466684406e-19
3.531850381501946e-01 5.134523519130416e-17

56
1.116861756695114e+00 -4.355732035975059e-17
-1.172981012100317e+00 -5.307800688145434e-17
3.531850381501948e-01 4.010223800012907e-17
-1.109824138790964e+00 1.859132954170332e-16

60
1.550448433417044e-01 -2.421383790532528e-13
1.002730461258517e+00 1.555277526546531e-13
5.478095793759216e+00 2.323539244711452e-12
5.262108302784237e-01 -2.920482533990178e-14

98
-6.263975484843026e-01 -1.270957261082140e+00
-6.263975484843013e-01 1.270957261082140e+00
-1.099166874578499e-01 2.688188456879302e-01
-1.099166874578501e-01 -2.688188456879304e-01

107
-6.701915841646912e-01 4.767224609828894e-01
-6.701915841646858e-01 -4.767224609828897e-01
-4.105690312207402e-01 1.835340033186101e-15
-1.510246618914934e-02 -7.209574228433511e-16

121
-1.044669192411725e+00 -1.915594285613909e-15
1.151360969812398e+00 -2.481932241236542e-16
3.719865726071567e-01 -3.082460178518066e-16
-8.352244931204881e-01 -2.134284131828179e-15

128
-1.044669192411724e+00 2.684026141413555e-16
1.151360969812399e+00 9.807403939232177e-17
-8.352244931204840e-01 2.934463176354138e-17
3.719865726071571e-01 9.076444784566754e-17

130
-8.770668352507399e-01 3.879345100886636e-16
1.300010776621533e+00 -1.237227492656986e-16
-7.544286512123777e-01 2.556258658311813e-16
-2.661236849956630e+00 -2.822883371521116e-15

131
-5.442769429497839e-01 1.061958559426880e-14
1.293251587153370e+00 -1.820164686108147e-15
-7.173824734876587e+00 -3.242157026940519e-13
-6.816991148480113e-01 1.532178142187011e-15

134
-8.770668352507441e-01 1.898171868694476e-14
1.300010776621533e+00 3.166277062882357e-15
-2.661236849956602e+00 -1.179741913739177e-13
-7.544286512123807e-01 4.358775737164795e-15

143
-6.701915841646852e-01 -4.767224609828887e-01
-6.701915841646923e-01 4.767224609828886e-01
-4.105690312207411e-01 2.506874669958847e-15
-1.510246618914925e-02 -6.778228496729899e-16

146
-6.013181174211838e-01 1.485424742262800e-16
-8.102044192373618e-01 -1.628689941152121e-16
-5.113137797873533e-01 8.846900617196551e-02
-5.113137797873534e-01 -8.846900617196546e-02

147
-1.172981012100317e+00 2.817792450649310e-16
1.116861756695114e+00 -3.221952259282640e-16
3.531850381501946e-01 -9.155399309382614e-17
-1.109824138790964e+00 -5.611182119527757e-16

154
-6.707067435635767e-01 -3.998274601349217e-01
-6.707067435635710e-01 3.998274601349217e-01
-4.641010600652268e-01 -1.951893544892141e-15
-1.379160354748192e-03 4.766093736385739e-16

155
-1.172981012100317e+00 -1.346747394357207e-16
1.116861756695114e+00 2.257378905791680e-16
-1.109824138790965e+00 -1.782184926028894e-15
3.531850381501947e-01 -1.035466065175407e-16

160
-6.263975484843023e-01 1.270957261082140e+00
-6.263975484843022e-01 -1.270957261082140e+00
-1.099166874578500e-01 -2.688188456879305e-01
-1.099166874578500e-01 2.688188456879304e-01

161
-6.701915841646879e-01 4.767224609828916e-01
-6.701915841646892e-01 -4.767224609828915e-01
-1.510246618914983e-02 1.977409445280203e-16
-4.105690312207387e-01 -5.793767725256974e-16

164
-6.263975484843018e-01 1.270957261082140e+00
-6.263975484843024e-01 -1.270957261082140e+00
-1.099166874578499e-01 2.688188456879306e-01
-1.099166874578500e-01 -2.688188456879305e-01

170
-8.102044192373612e-01 -3.051681916253827e-16
-6.013181174211847e-01 3.601883903383346e-16
-5.113137797873533e-01 8.846900617196578e-02
-5.113137797873535e-01 -8.846900617196600e-02

172
-6.263975484843024e-01 -1.270957261082140e+00
-6.263975484843018e-01 1.270957261082140e+00
-1.099166874578501e-01 -2.688188456879305e-01
-1.099166874578499e-01 2.688188456879305e-01

174
-8.102044192373623e-01 2.396742496196071e-16
-6.013181174211839e-01 -2.555594179956207e-16
-5.113137797873534e-01 -8.846900617196572e-02
-5.113137797873534e-01 8.846900617196586e-02

175
-6.707067435635748e-01 3.998274601349206e-01
-6.707067435635727e-01 -3.998274601349207e-01
-4.641010600652277e-01 5.680707970258791e-16
-1.379160354748023e-03 -6.132163835235888e-17

180
1.550448433415403e-01 -1.010765767040122e-15
1.002730461258622e+00 3.810022364723860e-16
5.262108302784071e-01 -1.687984405662718e-16
5.478095793760791e+00 1.053831905278081e-14

190
-5.442769429495757e-01 -4.124027383437406e-16
1.293251587153334e+00 9.211448265297799e-17
-6.816991148480038e-01 -7.766559416076151e-17
-7.173824734883015e+00 1.278928868322196e-14

192
-4.788560533836007e-01 1.630111570868933e-16
1.187834068069427e+00 2.397167804510359e-18
-6.726439717523159e-01 2.066602568174120e-17
4.477693109073720e-01 1.369316435101419e-16

220
-6.707067435635752e-01 -3.998274601349223e-01
-6.707067435635725e-01 3.998274601349225e-01
-1.379160354748301e-03 2.186782889791611e-16
-4.641010600652266e-01 -8.100955093194991e-16

223
-6.707067435635752e-01 3.998274601349197e-01
-6.707067435635725e-01 -3.998274601349197e-01
-1.379160354747869e-03 -1.984071653821450e-16
-4.641010600652282e-01 9.100118617670739e-16

228
1.187834068069427e+00 -1.386830278069952e-16
-4.788560533836007e-01 2.031728813924788e-16
-6.726439717523159e-01 -1.696169272321871e-17
4.477693109073719e-01 -1.689153143095281e-17

234
-6.013181174211834e-01 -2.084015903305075e-16
-8.102044192373619e-01 1.751646686366357e-16
-5.113137797873532e-01 -8.846900617196567e-02
-5.113137797873532e-01 8.846900617196568e-02

239
-6.701915841646893e-01 -4.767224609828964e-01
-6.701915841646876e-01 4.767224609828964e-01
-1.510246618915089e-02 1.841009580652799e-16
-4.105690312207353e-01 -6.796580520469703e-16

