0
-6.818691370709947e-01 -1.460970258413967e+00
-1.596717069925195e-01 -1.797598018705832e+00
-9.497977773205684e-01 7.040735040189486e-02
6.843792375470605e-02 -3.236786866725343e+00
-5.636277402040692e-01 -8.041035877412017e-01

1
-2.754751098280560e-01 8.424677388297994e-02
-1.774041977965995e-01 2.817131090696977e-02
-1.377012313466842e+00 1.094906591635179e-01
-8.387957114627240e-03 -1.169734099368031e-03
-6.823864966715565e-02 -2.661481691573422e-01

2
-7.413484707839454e-01 -4.250205981747317e+00
-3.395552614206137e+00 -2.813996907794658e+00
2.542774313104762e+00 -3.004370544568842e+00
-1.852809377545178e+00 -5.344842255271214e+00
9.173236321481940e-02 -2.959601504281898e-01

3
-7.639771217279115e-03 1.731902509181192e-02
5.235900410472812e-02 -4.601075004324021e-01
-5.703896240792812e-02 4.709726393782219e-01
-3.547622513126904e+00 1.493479252222213e+00
2.009833349344778e+00 2.464092935536084e+00

4
-2.360494414391662e-01 -1.106941972872690e-01
-3.617537288425617e-01 8.343658525121329e-01
-7.508493052693234e-01 -9.484404939918267e-01
1.273947146443036e-01 -3.331330117998160e-01
1.102025312494733e-01 2.077636345692139e-01

5
2.525542338810420e-01 4.991125346745308e-01
3.212129550124078e-01 2.628372250780654e-01
-9.592370032038066e-03 3.532593350816430e-01
-5.074051890027599e-03 2.178552844428130e-02
5.116366320184106e-01 1.037978417402774e+00

6
-2.543458528947521e-01 -2.119550150722563e-01
-4.853589535446178e-01 -4.084476640673128e-01
4.860779287546416e-03 4.729800922299943e-01
3.810765161509204e-01 -5.450127832003872e-01
-1.106685489723529e-02 1.258116099232920e-01

7
-1.826397669979485e-01 7.356161191865241e-04
-3.280062667132445e-01 -2.867491534335669e-01
-5.518620865350571e-01 6.117504075017440e-01
-5.314369338082903e-02 -3.247376367913125e-02
2.216281821890781e-02 1.951776126360484e-01

8
-1.324151414658082e-01 2.812779461045027e-01
-1.304673660989489e+00 1.652224175341490e+00
-5.641935401350384e-01 -1.886618452804716e+00
3.014002539080420e-01 -3.641949716805430e-01
-5.661491001641407e-01 -1.086307323246673e-01

9
-1.770124296828184e-01 -6.772668411628609e-02
-5.152515713413526e-01 4.317227263120538e-01
-7.883063166701862e-01 -4.310228142984238e-01
1.038831448313314e-01 -1.851894845218908e-01
-7.902155268901458e-02 1.553746868253798e-02

10
-2.218585991234663e-02 -1.156095857814279e-02
-6.170795330329912e-01 7.504190629307379e-01
-3.446652292461068e-01 -9.111113605681243e-01
1.523068774804863e-01 -1.865116007933336e-01
1.096850029675519e-01 2.444014462006889e-01

11
-1.830760607927719e-01 -3.368147081170501e-02
-5.148376594613360e-01 5.895977718672701e-01
-5.458101798281001e-01 -5.824409608587651e-01
9.931163996629559e-02 -2.048541719775391e-01
3.388742212620345e-02 2.111587782327126e-01

12
-6.497046647206793e-01 3.651633434585926e-01
-2.451200249271080e+00 -6.298226224179305e-02
8.255897683535963e-01 4.849968511133557e-02
3.500827612516831e-01 6.156626583760614e-01
-4.290559415475083e-01 -6.096125267444092e-01

13
-1.394087655623099e-01 -1.059107507985607e-01
-4.881660777326639e-01 -6.420151786701829e-01
-5.370069902188862e-01 6.580746739813468e-01
-4.211211883727087e-02 2.039218752565238e-01
1.872417557748035e-01 -1.384348597026113e-01

14
-1.304411633627964e-01 1.339529177051730e-01
-6.085824943032273e-01 1.890276758531509e-01
-7.147895137013438e-01 -5.864250076495265e-02
1.576644592584218e-01 1.192677488006766e-01
-9.212566945196630e-02 -1.362860889386904e-01

15
-1.116365345913867e+00 6.828421414848284e-01
-2.453126276581012e+00 -8.059473294503263e-01
3.771557561702698e-01 2.433348751333736e+00
1.825197274762464e-01 1.157061990637037e+00
-1.239068889689869e+00 -5.040016518745379e-01

16
3.569782090365656e-01 5.208720582323126e-01
-4.482566750769632e-01 2.556369676319758e-01
6.980136007873164e-01 5.382856128017185e-01
1.307348773196531e+00 1.676497369887407e-01
5.897886503136482e-03 3.523827318222630e-01

17
-1.455511565765840e-01 3.737699596847945e-01
-7.904896481808182e-01 -6.058494941409985e-01
-3.629530304234124e-02 1.434480049205566e+00
4.261231399310024e-01 2.503555328365157e-01
-4.042787861357459e-01 -4.102801898094147e-02

18
2.815689851210831e-01 1.949704617155502e+00
1.696231911171731e+00 2.900851098888584e+00
-2.315722439156751e+00 1.403546924189672e-01
3.098989315907513e+00 1.235832341559844e+00
-4.248721177218778e-01 -7.085880701761550e-02

19
-1.702856357643283e-01 -2.708174928467625e-03
-5.745327533873189e-01 -2.766589056216783e-01
-5.621983525631464e-01 6.008510420955400e-01
3.781733139937023e-02 1.760211359699914e-01
-7.164968606149828e-02 -1.814111099554420e-03

20
2.596272838512249e-02 1.212770486230200e-01
3.784194281545934e-02 4.239619274436492e-02
-3.121603772186745e-02 5.853994442352737e-02
-7.502373632273713e-04 8.542255394680596e-03
6.723265784431443e-01 6.485981814680488e-01

21
2.328975520827952e-03 -2.193583909628800e-03
-3.370406914310343e-02 -7.317384525010337e-02
3.516812452831724e-02 7.180178609298199e-02
3.791102466585884e-01 -5.400377252671146e-01
3.397892204357427e-01 4.262252496987974e-01

22
-2.705264501838539e-01 8.951360772759427e-02
-9.096064438544975e-01 -1.968125079393945e-01
2.926080737155144e-01 7.850839599289729e-02
-1.161816287099180e-01 -2.607383409800069e-01
8.661591635479077e-02 2.563600824010807e-01

23
-1.930433721852329e-02 -1.460085558482714e-02
-2.595455532986593e-01 5.687685029575089e-01
2.475595958536630e-01 -5.779879947037969e-01
-5.129667565085531e+00 5.046314529883678e-01
1.593858846880644e+00 3.948417184669460e+00

24
-1.808794374827810e-01 5.956646930306245e-02
-8.795696006946376e-01 7.940191018127066e-01
-2.819585109950473e-01 -1.034505767841075e+00
-2.816030772791435e-01 -9.900373570495111e-02
1.136000892768080e-01 3.413084003684158e-01

25
7.997410940405172e-02 2.070708442470089e-01
-3.921228637165311e-01 4.937583191247539e-01
-1.002450870027854e+00 -4.649687005401876e-01
-1.580793943303780e-01 -6.190405514267614e-04
-7.378535693557940e-02 8.024953776288810e-02

26
-8.877334308105668e-01 -5.465163949902394e-01
-4.158617306624217e-01 -4.134859085360268e-01
8.499938882013948e-01 5.733680714527061e-01
3.463159803566639e-03 -2.208760301339217e-02
1.014803942697459e+00 8.734533201813744e-01

27
-7.582999548014460e-01 1.777256076781542e+00
-6.173343752185054e-01 7.825067028516991e-01
-2.489618686261665e-01 -7.542161529469695e-01
-3.496318558388373e-01 -1.971964588149180e-01
3.044485642310259e-02 1.125021855810381e-02

28
1.766305395985270e-01 1.362686644564730e-01
2.357981709518127e-01 1.208485134450624e-01
-6.449714814909853e-02 -4.343766048193812e-04
-2.157094243761409e-02 -6.351063260609411e-03
7.607076174983530e-01 7.965350533707254e-01

29
2.496102230622630e-01 1.124448289658720e-01
1.336585248644221e-01 8.882926624210230e-02
-1.245165659960890e+00 4.124250482550656e-01
3.953150815649455e-03 5.627533814730168e-03
-1.247171245245048e-01 2.255835825703537e-01

30
-6.587842724858738e-02 -1.154371088847329e-01
-7.024555024979812e-02 -7.981626803409007e-02
3.353462726991931e-02 4.138014014083558e-02
1.207474870808756e-02 9.525191220952561e-03
7.503437741241427e-01 5.775538472437848e-01

31
-1.045934894060633e+00 2.609779835966355e-02
-8.799055963254100e-01 4.231425707371286e-01
1.182750873531848e+00 -5.049723934986820e-02
1.504807560518877e+00 -9.827210146762794e-01
-5.429218664312733e-02 2.198510907817077e-01

32
-7.060093059110417e-02 1.398527050075214e-01
-4.404556622676569e-01 2.965681008741508e-01
-7.338305165522884e-01 -9.403543472064392e-02
1.584430322236281e-01 5.684673288593016e-02
-5.056270402764786e-02 2.064650305017179e-02

33
-1.497632657304490e-02 4.700783117159306e-02
-1.186068654319216e+00 1.484239920822445e+00
-6.851792144706877e-01 -1.770443105374614e+00
2.880869758205659e-01 -3.675772897808149e-01
-5.110212619891815e-01 -1.040391835051868e-01

34
-1.765045447659142e-02 3.083002072183176e-02
-1.103724912207095e-01 4.922746329061121e-02
9.719729790087027e-02 -3.084638738801831e-02
2.987227710365035e-02 1.626795662043097e-02
6.894888877593710e-01 6.184750707507283e-01

35
-8.130276910860033e-02 1.720652836563822e-01
-1.233631979374821e-01 2.145826527226102e-01
-2.418653659706319e-03 -1.056288672594719e-01
5.474766894388017e-03 -2.402324525916779e-02
5.707589275108456e-01 6.194351490548572e-01

36
-2.241535612800686e+00 1.325241117779164e+00
-1.370781139960094e+00 1.400084489120589e-01
2.813678056418500e-01 1.079492248626201e+00
-9.126704459453376e-02 5.160024348895987e-01
-1.513522654831475e-01 -5.108454112350441e-02

37
3.147721920994334e-01 2.534344658088571e+00
-2.755963376797768e-01 1.277538128189650e+00
-7.430505714614666e-01 -8.011698041375627e-01
2.166891930964314e-02 -2.350360471675561e-02
-5.360811497685356e-01 -3.507362527867072e-02

38
2.714497795489623e-01 4.046144657979314e-01
-1.272668146001119e-01 1.716408224994116e+00
-1.082669664973397e+00 -2.109803158770421e+00
3.337738803871477e-01 -3.583941600607739e-01
1.191710319453190e-01 1.067808236323920e-01

39
5.650278439317232e-04 1.323703563729033e-03
-5.290921114673532e-02 4.500492936210644e-02
5.325782130371632e-02 -4.418024749631179e-02
5.336859097630847e-01 1.993244547300308e-01
7.821436707655433e-01 2.920958017385377e-01

40
3.828258001549573e-01 1.498333628544320e-02
2.207022735405443e-01 5.020714424544075e-02
-1.881264867608433e+00 -1.938863772180457e-01
8.039174185794891e-03 6.160195026417678e-03
-4.784167275446355e-03 -3.738447503654542e-01

41
-2.983551223524985e-02 -1.255166128104515e-01
-3.077895645028839e-01 -7.187147366209261e-01
-5.116770883403089e-01 5.515121447083587e-01
-1.333663179096889e-01 -1.298059670968630e-01
2.214483209038122e-01 -3.310922777527942e-02

42
-1.084524740144609e-02 1.144842738899639e-02
-2.968748871450838e-01 -7.182495042711482e-01
-4.725345961217796e-01 6.162157421972910e-01
-1.302790056701488e-01 -1.404059983450038e-01
1.746177841476417e-01 -1.550391930262175e-02

43
-3.970022659235252e-01 1.056270435203488e-01
-6.173397661272494e-01 -4.494422937068013e-01
-1.232051684171740e-01 7.135866701277986e-01
-3.087447532732174e-01 -2.597982805559935e-01
-5.846040255431344e-02 3.337594673951880e-01

44
-1.716317391915699e-02 3.243660146855282e-02
-1.167703905183031e-01 4.802864773874620e-02
1.037255359551776e-01 -2.841771030296310e-02
-3.205838790282249e-02 -1.357760212933450e-02
6.744858457548815e-01 6.604497335276924e-01

45
1.178371463222319e-02 -3.404035286854391e-02
1.066681677254988e-01 -6.251859953392706e-02
-1.017105199451413e-01 4.134699839494971e-02
3.273040795018765e-02 8.285465028941136e-03
7.836800950585018e-01 5.716013391216762e-01

46
-2.309475434790766e-01 -2.297993335082513e-01
1.177403052508130e-01 -1.092839789262595e+00
-8.284100819899400e-01 1.450989278153351e+00
1.433876582518890e-01 -1.602704545004481e-01
1.098315876052890e-01 -6.946795621624903e-02

47
-1.407858391319896e+00 8.485650157999491e-01
-8.637658207076583e-01 1.526208101919516e-01
2.492835039015215e-01 6.451342704180248e-01
-9.553480884709487e-02 -3.430086362418224e-02
-2.114515962301315e-02 3.368170471940418e-01

48
3.542714298182075e-01 -4.102542671752512e-01
-4.166277653788991e-01 -1.331997357776853e+00
-8.512377402963136e-01 2.153268417080886e+00
3.779415758310917e-01 4.547137050825505e-01
-4.492751553113132e-01 -2.619091319924149e-01

49
-3.217231864686116e-01 -2.913413450257996e-01
-5.908884067099118e-01 -4.706436624913117e-01
7.468096889447688e-02 5.652890995037138e-01
6.733672715967076e-01 -7.186086112390062e-01
-1.948609679339812e-01 -3.847393580929623e-02

50
-5.342440704086241e-01 -3.239494801551405e-01
-7.075183528769257e-01 -8.443990679228731e-02
6.262582970482018e-01 4.456104403579911e-01
1.138514926824419e+00 -2.789659965417798e-01
1.469980505538615e-01 1.336973050112553e-01

51
-2.412915430011966e-03 2.130653005687714e-03
-3.505352631737110e-02 -7.163157257184900e-02
3.358707437854797e-02 7.293413776536885e-02
3.779499387555835e-01 -5.382160664339332e-01
3.385591490237281e-01 4.247865934363605e-01

52
-3.045503224922494e-02 -1.481515857664917e-02
-9.727571573632589e-01 -8.044252485644453e-01
-2.143434468113818e-01 1.244663914600010e+00
5.692561525380621e-02 3.065548539924206e-01
-3.290961216801887e-01 -1.222977919035212e-01

53
-1.908613008370013e-01 -1.098116080439722e-02
-4.663409723883900e-01 -7.937008210087968e-01
-4.202037143372864e-01 9.647438847175612e-01
-4.758482501434293e-02 2.671561062503527e-01
1.932023921489694e-01 -8.373500615888345e-02

54
1.633865236396552e-02 -3.543010932409271e-02
1.164970325479383e-01 -6.384646836875293e-02
-1.090037753526018e-01 4.137018791128962e-02
-3.450418590540575e-02 -1.495742338364416e-02
7.809961781577781e-01 6.161683973941687e-01

55
4.607067583726637e-02 5.924426473247997e-01
-1.777421245548159e-01 1.013514206868862e+00
-4.487899824392981e-01 -7.393978822302110e-01
1.161064954262053e+00 -3.531815111491445e-01
-1.399557292194212e-01 -9.177221530739735e-02

56
5.790007844122779e-03 6.443247841639073e-02
-6.449286737344316e-01 2.638356681786338e+00
-1.955427167802885e+00 -1.879839121426576e+00
4.891819255891325e-01 4.526583879127633e-01
-6.758437911500941e-01 1.013441633798966e-01

57
2.400571552764090e-02 -2.285473464533707e-01
4.176757397866086e-02 -1.334677063528383e-01
-1.133511153044189e+00 1.980998727206680e-01
4.484967432555352e-03 -5.238025412287095e-03
2.075237062914857e-01 3.303246732202487e-02

58
-4.226486422031643e-02 -1.090300279364872e-01
-4.575098855233324e-03 -5.966929835907775e-02
-2.608578718587183e-02 1.708746838272853e-02
5.315117681087574e-03 -5.849585531489310e-03
7.640889172260584e-01 5.871039694170809e-01

59
9.491471361693354e-02 4.879027094517532e-01
-7.753463315402560e-02 8.014021211196136e-01
-3.740710869814147e-01 -5.908595181827950e-01
9.057696820856094e-01 -5.145098325708445e-01
-7.571964074979366e-02 1.108339847168974e-01

60
2.671514535568418e-02 1.156755275219285e-01
-4.035791772356091e-02 5.384182913551335e-02
4.932893177659896e-02 4.192465483702269e-02
3.494928964278968e-03 2.218523363938967e-02
6.581674222227881e-01 6.579342891067069e-01

61
-1.883930710543323e+00 4.730947533069870e-01
-1.493585133651705e+00 -1.027087259550012e+00
-1.089594035106682e+00 1.626199590525846e+00
-2.314280718735880e+00 8.557482349496665e-01
-1.773354566423911e-01 3.752663711800262e-02

62
2.453844163830621e-02 2.079727076582815e-01
-1.013523283032742e+00 -6.622289538822793e-01
-2.334280385098545e-03 1.093260851097656e+00
1.050180391465312e-01 2.455620949038917e-01
-3.403986604480745e-01 -5.561189120688595e-02

63
-6.849015585341798e-01 -3.183894179110941e-01
-5.628548035704676e-01 -8.293813452083102e-01
-4.825285534471232e-01 5.189890160659548e-01
-5.427333080734558e-01 -9.988899049477309e-01
-1.514148942069189e-01 5.457459045250689e-02

64
1.606854391767064e-01 5.729215989744563e-01
-1.301404134280250e-01 4.131108317122746e-01
3.348817268950828e-01 3.110233398730311e-01
-3.924070919945434e-03 3.365105270773620e-02
2.755142984532845e-01 1.088049961196304e+00

65
-1.523321059382609e-01 1.453499075078464e-01
-2.352660394638754e-01 -4.038782918188440e-01
-9.014947354687431e-01 5.391560037680637e-01
-1.235069567311225e-01 -8.683922562475904e-02
-2.704130109887476e-02 -8.969911020904392e-02

66
-1.274266425570504e-01 1.277907813719200e+00
-3.130036636634259e-01 -4.273358483430756e-01
-2.326900398735190e-01 6.224886968696488e-01
-2.604832019374514e-01 -5.879149321214860e-02
1.928764090635290e-02 6.672351735022931e-03

67
-4.459768458098349e-01 3.942919015282798e-01
-4.436726064530838e-01 -1.427915033528705e+00
7.410372376491144e-01 1.526541382851033e+00
-3.056788598677339e-01 -4.110227710283616e-01
3.592380695287524e-01 4.074193990881123e-01

68
-1.235262901946477e-01 6.106713080750101e-02
-4.521212839375978e-01 -1.170188706769691e-01
-6.543541401710911e-01 1.771003585532796e-01
-2.917018546165902e-02 -1.231773691575979e-01
-4.349648183010726e-02 -2.593295629470359e-03

69
-2.208550201729104e-02 -1.160790737036056e-02
-6.559038340933951e-01 -6.811500430810692e-01
-2.644392007235963e-01 9.095056305200117e-01
1.936935032908202e-01 -1.316696595688333e-01
-2.394448504247321e-01 -9.069977371239388e-02

70
-2.730081692444032e-01 4.642692704151053e-02
-8.029850800205015e-01 -3.228158482087148e-01
1.956360265376913e-01 3.173067576418017e-01
-7.788265130539572e-02 -2.783217508776116e-01
4.267251913465143e-02 2.501875331711776e-01

71
-9.922032320920929e-02 9.933241001439774e-02
-4.316654842964077e-01 2.339376696675400e-02
-5.306539737568745e-01 -6.970568115350519e-02
-6.725922244940882e-02 -9.806272096427292e-02
1.151792386767842e-01 9.263795223084581e-02

72
2.197860206654117e-03 3.910047707363161e-02
-1.036896778815795e-01 4.651347469488031e-02
1.032573310607880e-01 -2.013256702009823e-02
1.099987187763831e-04 -6.084236879142015e-03
6.746870567525439e-01 6.495730753880640e-01

73
2.966880754366662e-02 1.423387939627582e-01
-4.684299751741756e-01 -1.106202244920755e-01
-4.839687032347269e-01 3.149686703934396e-01
1.533791558491737e-01 -3.302203979178339e-02
-8.849361202734110e-02 3.745719316227971e-02

74
-5.934196840728506e-03 -3.937925338260560e-02
9.985876478598064e-02 -6.041746605469966e-02
-1.052106379190826e-01 3.833196113113899e-02
1.001516287221664e-03 5.486327805295376e-03
7.855415540718023e-01 5.851874496274335e-01

75
-1.484929788673078e-01 6.786519213659953e-02
-5.106766994960479e-01 -5.665712153279967e-01
-3.414677289851994e-02 8.572440370010405e-01
9.861860769250903e-02 -7.336026445286278e-02
4.003326551787711e-02 1.899498392463562e-01

76
2.125781078671373e-02 2.894467809107766e-02
-9.842627980582677e-02 3.652229616702229e-02
1.126144174030105e-01 -1.646788007190711e-02
2.753541806344711e-02 -1.721884917663056e-02
6.717925846748073e-01 6.418422226682817e-01

77
3.924661732455426e-01 1.368898757728039e+00
-4.812120195348032e-01 -3.734060453316054e-01
-3.652406072217296e-02 7.284144659142188e-01
9.825525288552352e-03 -8.452305217262236e-03
-2.981108284985104e-01 2.301246364304785e-02

78
-2.705346316118870e-02 -2.801008479882413e-02
9.999352005691746e-02 -5.303200649177631e-02
-1.151853419172937e-01 3.789798966467479e-02
-2.669202933973456e-02 2.276831719706070e-02
7.962669457134328e-01 5.932364774975057e-01

79
-4.654788823603571e-01 2.103451319228562e-01
-2.585803694097579e-01 -1.478262607713051e+00
-3.327505963691237e-01 2.355012009009266e+00
1.760020178752800e-01 4.860809721913297e-01
7.968113795946422e-02 -1.259393266876626e-01

80
3.099038074951320e-02 1.164920770400403e-01
5.147385396006650e-02 4.100533757808067e-02
-3.915119010408672e-02 5.589091307248704e-02
4.158670515838962e-03 2.270512421652145e-02
6.895263490449987e-01 6.458411964884078e-01

81
-2.570611243877807e-01 3.594472226643596e-01
-5.389429274209587e-01 2.701484187224722e+00
-1.908526381477289e+00 -1.576920863259667e+00
6.391936179427831e-01 5.353801887868621e-01
-7.046800343949742e-01 1.342874385188449e-01

82
9.743588551802288e-04 -3.373093620200115e-03
1.093425003459470e-01 2.357035707953807e-02
-1.087236352960775e-01 -2.567379068781179e-02
-2.650453816272095e-01 -8.797856052635357e-01
2.650722687318106e-01 8.796925411941886e-01

83
-7.263246742252431e-02 1.796448785887928e-01
-5.737015271677688e-02 1.012379248633627e-01
-9.546132871831821e-01 1.400525555374940e-02
-3.810345482657041e-03 3.586411942166030e-03
1.735332999151537e-01 5.550563414262764e-02

84
-1.963261899284275e-01 1.110548274492311e-01
-2.792417502019243e-01 -4.455981043582448e-01
-3.774811339164273e-01 6.953921928538642e-01
-1.359360323400096e-01 -1.194246011883582e-01
1.135584887999871e-01 2.510335325609592e-01

85
1.102630035231334e-01 1.319285457554746e-01
-4.788912701346599e-01 1.694641498189179e-01
-8.578411068046924e-01 -1.137834985982652e-01
-8.922004747650422e-02 1.062906276090894e-01
-6.752510182116055e-02 -5.567726386220499e-03

86
3.532950032727665e-01 1.857726306711215e+00
-1.289739374472599e+00 -5.370593030905476e-01
6.892521681966219e-01 -8.585317832891864e-01
-8.458305547334627e-01 -5.223720748215833e-01
9.051592699309841e-02 -4.039680865887492e-01

87
-2.410271688339822e-02 1.638811760893381e-01
-3.350114269804668e-01 -2.125841847268061e-01
-5.981247142270850e-01 1.571225648331586e-01
-1.203945888514448e-01 -5.242274294829723e-03
1.715837994892730e-01 2.424293227082947e-02

88
-3.361565442398944e-03 -7.272911106639933e-04
-1.018315866410127e-01 -2.910072849505136e-02
9.973778825229605e-02 2.866711418293035e-02
-2.011699958980930e-01 -8.371340352679506e-01
2.010776248616429e-01 8.371139916358449e-01

89
1.701575340574873e+00 4.731218978471065e-01
-1.043284469155192e+00 7.219636464133264e-01
-3.195381391525491e-01 -8.711291807686781e-01
-2.603434456009541e-01 -2.337272139788300e-01
-8.635190532191855e-01 4.458687007779810e-01

90
1.942092787948553e-02 7.370459373802176e-03
-1.495598570895475e+00 2.044452883526367e-01
5.696506170976093e-01 -1.395658013900281e+00
-2.283432362001613e-01 -2.916608928751179e-01
3.171495023107983e-01 -7.603331586494362e-02

91
2.235026266390849e-01 -2.006243872543279e-02
-1.487436598392422e+00 -9.959711897626528e-02
8.367105557872861e-01 -1.041412529294371e+00
-1.621489783425638e-01 -3.411964323038366e-01
2.887768998675132e-01 7.058230648335600e-03

92
-7.625082746518509e-03 7.865547345562489e-03
-4.709052345569033e-01 -4.548177051114540e-01
-1.573773965268821e-01 6.357288160679310e-01
1.298165682609072e-01 -9.562101316982134e-02
3.913090289349905e-02 1.514463718644245e-01

93
1.392710421196862e-01 1.718586431941750e-01
-2.672726511128080e-01 3.662259830079873e-01
-1.085661393005601e+00 -1.474203796534207e-01
-6.088557242312093e-02 4.377220040202781e-02
-1.311701584276026e-01 9.157927730417945e-02

94
9.966792901222236e-02 3.476045239140954e-01
-3.520397332782031e-01 -3.772358877980584e-01
2.367156834601896e-02 6.188474593718974e-01
6.672471548669421e-01 -3.682385111057331e-01
-1.235375994096373e-01 -2.051193663124388e-02

95
-5.684736312503680e-02 1.396991287874970e-01
-2.828006170425278e-01 1.264713611836200e-02
-7.103859972421769e-01 7.311475485796144e-03
-3.419340167387051e-02 -5.441945582425242e-03
1.470425195561307e-01 4.928850584815228e-02

96
2.325590648170858e-02 1.202038272117484e-01
-3.364079568856561e-02 5.620474455358016e-02
3.839034377490635e-02 4.349011659875002e-02
-1.120255318344096e-03 9.519934722720317e-03
6.495991079815265e-01 6.596478952521192e-01

97
6.032111313268826e-01 9.660260144710379e-01
-3.044726310564300e+00 8.634319427773115e-01
3.076235328530503e+00 -1.132370139230315e+00
8.583999675090451e-01 -5.459629899095280e-01
-8.871552612339045e-01 4.771487515699266e-01

98
-1.805319563839678e-01 9.591537204165729e-02
-3.535714136800533e-01 -1.784633277875017e-01
-9.631226883965297e-01 2.774597765999985e-01
-4.170249604486492e-02 -2.167924052400530e-02
-6.051013727128124e-02 -1.650034675323361e-01

99
7.255803708430845e-03 1.425540335878697e-01
-4.333611605933552e-01 -1.734076212201092e-01
-5.600749128859704e-01 3.525076905149269e-01
1.559371458376052e-01 -9.040267886045443e-03
-6.556801607091743e-02 -3.314174805705677e-02

100
-2.282101469240776e-02 1.835633929881682e-03
-1.357750356116182e+00 9.286697959149030e-01
-1.270035918081667e-01 -1.638507914767517e+00
3.432818192144046e-02 4.041003350726167e-01
3.123610182368600e-01 -1.754839055693179e-01

101
-2.674676362004759e-01 -3.704144164561029e-01
6.414902387143024e-01 -1.367356558331533e+00
-1.453598977504304e+00 1.806183843106153e+00
1.136775818296849e-01 -5.286767651458528e-02
2.785508509906497e-01 -2.012860510676159e-01

102
2.729547661084242e-01 2.701347667709876e-01
1.833579852699862e-01 1.213674292769385e+00
-1.680877603676820e+00 -8.479524486881082e-01
2.376877431623091e-01 -3.639306144923772e-01
-3.756742064037825e-01 1.852222085122663e-01

103
-4.821641821305236e-02 4.316978882698431e-01
-1.633820651076079e+00 1.084151794413343e+00
5.462518851275510e-01 -2.083864828717180e+00
1.012247218670135e-01 2.626530889790569e-01
4.284936075122253e-01 -1.613501547297500e-01

104
-3.550852373765082e-01 1.302897715167425e+00
-1.361462610412142e+00 -1.233151375612350e+00
1.808142498141051e+00 -4.107629823034578e-01
-7.022947895911704e-01 -5.833326005598045e-01
8.985922931401830e-01 -1.724498533265213e-01

105
-2.780395068594771e-02 -2.580082625836883e-02
9.709825150649509e-02 -4.556450289947846e-02
-1.125255154546887e-01 3.159776272316994e-02
2.420119220962509e-02 -2.487343297257693e-02
7.600695692580923e-01 5.697771839018478e-01

106
1.088055749211669e-01 -4.675740286964627e-01
9.958297742348355e-01 4.646958557080863e-01
-2.465274302914363e+00 1.398083223109623e-01
3.315293318360739e-01 7.635127731183840e-02
1.475824581618988e-01 5.920525800372341e-02

107
2.164693415233568e-01 2.473582523885599e-01
-4.469197253134400e-01 5.118503879499057e-01
-9.735350736604461e-01 -1.114944079645084e+00
-1.247084335929364e-01 9.862795453093948e-02
2.740181024791151e-01 -2.427125404055601e-01

108
2.442247717577316e-02 1.774596349286024e-02
-9.813187207564702e-01 8.426125221512318e-01
-2.422348605021674e-01 -1.272227781215204e+00
-2.995592591565194e-01 -1.030662920060651e-01
1.044650855444608e-01 3.037838719296995e-01

109
1.823360122845539e-02 1.562797986525936e-02
-2.642116687140618e-01 5.742721864521111e-01
2.754521149902183e-01 -5.648008261072379e-01
-5.166322901959412e+00 3.736155838779925e-01
1.498935692750282e+00 4.007225294110808e+00

110
1.014180748927096e-03 -1.439888831873167e-03
5.056652853447929e-02 -4.754905933235048e-02
-4.994341568634941e-02 4.665170527292733e-02
5.399612882783282e-01 1.687635992617673e-01
7.913321745321340e-01 2.473661547632884e-01

111
-1.138934321132872e-01 -4.124706087378888e-02
-4.740002338882149e-01 -3.908920555741542e-01
-2.069344492558121e-01 5.703351089362999e-01
1.082791884730089e-01 -1.505953211519903e-01
3.198592997970832e-02 1.604074881758847e-01

112
4.875330639598319e-02 9.147939626629101e-01
-3.793246433549561e-01 5.137416614205197e-01
1.134951860842130e-01 -9.887239578494744e-01
4.769222882917974e-01 -1.012098574255083e+00
-4.140114658725126e-02 -5.732861778446573e-04

113
8.192924326154584e-01 2.574929246014555e-01
-8.083671263087900e-01 7.860963004327635e-01
-1.840392775872037e-01 -1.113150277150117e+00
-8.359389736977835e-02 -5.584901684517783e-01
-3.915194318332654e-01 4.242096793996983e-01

114
-5.074856072164826e-01 7.207563962591305e-01
-5.889630828985249e-01 5.031418763078442e-01
5.432983119415895e-01 -7.905259892829307e-01
1.344147995996632e+00 -8.941096766801027e-01
6.364378012829612e-02 -3.429324188616256e-01

115
7.567359213141911e-02 2.257724314846527e-01
-6.779878473267048e-01 4.486155593481752e-01
-5.081279716489595e-01 -1.094187116521528e+00
-1.741935283532370e-01 -6.386902605919585e-02
2.740041207065990e-01 -9.115072298920787e-02

116
2.131207533802122e-02 1.130329257264504e-02
-6.228673940864918e-01 7.349290717282411e-01
-3.282335621887008e-01 -9.083641875730677e-01
1.504494886781882e-01 -1.819282900467370e-01
1.035889199196068e-01 2.403179368808930e-01

117
1.576531110654487e-01 9.890035925150781e-02
-6.227952789720659e-01 3.272596235940576e-01
-3.393885926112448e-01 -3.328988666531205e-01
1.284461088647280e-01 -1.418391340523342e-01
-7.600311582116454e-02 1.701850960111476e-01

118
2.652362817663240e-01 -2.891131340497712e-01
-2.025980854642001e+00 1.561355884436940e+00
-7.492618473556086e-02 -2.364439100132063e+00
4.422957401909396e-01 -2.898880570957687e-01
-6.129369327558882e-01 -3.123821019757194e-01

119
1.333458253858900e-01 8.719735945529060e-02
-5.104535772858545e-01 3.430933549641760e-01
-6.882378827244388e-01 -4.330465778683028e-01
1.139248524391446e-01 -1.394080880646423e-01
-8.315948141153177e-02 -6.762135209531016e-03

120
1.541009073128878e-02 -2.514465507387134e-02
-1.046272927191291e-01 3.230472548092428e-02
1.126893496302121e-01 -4.841222341697998e-02
2.477630804909708e-02 1.293534698979556e-02
7.173817383469090e-01 6.350554594710310e-01

121
-7.877927944657488e-01 -1.047063747388749e+00
-3.112791024011911e-01 5.099375657191293e+00
-2.217980941498933e+00 -6.134993984422579e+00
8.638727472416301e-01 -9.312969503449138e-01
3.482518461485338e-01 2.926055100608301e-01

122
-2.669088681796124e+00 -6.641550391275748e-01
2.543860668801432e+00 7.234930940534846e-01
-1.289756085793562e+00 -5.778576478117531e-01
-1.341994131053528e-03 -6.746484509004837e-02
3.166974907119727e+00 1.181038723816975e+00

123
1.741707934257843e-02 -4.726932782201924e-02
-1.259598428064735e+00 1.500339768471343e+00
-6.621637158449979e-01 -1.841905710970717e+00
3.084223219412465e-01 -3.652081398481410e-01
-5.223999848776423e-01 -1.230593227728988e-01

124
1.913605774385788e-01 5.768230684930670e-02
-8.829957586273079e-02 -2.779027234359021e-02
2.683094676523576e-01 5.170478407287781e-02
-2.295666053581501e-02 -4.430813695050279e-03
6.984805324406875e-01 7.660523284181648e-01

125
-3.471652240767112e-01 2.076813685108447e-01
1.994320089917705e-01 -8.103854577941633e-02
-1.859622591795193e+00 5.648705599299859e-01
4.771919760870311e-02 -2.358749594478862e-02
-2.155301054627889e-01 -3.288180614735325e-01

126
6.687506770481031e-01 8.584431190595382e-01
2.043614113021188e-01 -3.855337308120015e+00
-1.475077230141265e-01 3.424585742500667e+00
-7.778053802942899e-01 6.257020865783052e-01
7.806169096410037e-01 -7.146956290146780e-01

127
-3.466925731167252e-01 -3.257136894835724e-01
-9.229464707845866e-02 1.572358604711916e+00
-1.821715356285463e+00 -1.089637096629437e+00
3.684284000886511e-01 -4.874439492603338e-01
-4.919822166238794e-01 1.751160593412559e-01

128
-1.080831022227765e-02 7.396712182289435e-03
-4.998326928909615e-01 -6.142058500803468e-01
-2.816270680888399e-01 7.407358559263418e-01
-1.678787621009409e-01 -9.917667808296023e-02
3.072071558824447e-03 1.648793700748770e-01

129
2.622063674216934e-02 2.816759712936813e-02
-1.021280851569419e-01 4.072233596054980e-02
1.199963646530580e-01 -2.127379731016489e-02
-2.616817080690502e-02 2.376203530604582e-02
7.027878383056542e-01 6.752393749809041e-01

130
-7.242256531979216e-02 -1.266096652135335e-01
3.620494841962857e-02 5.078976950707798e-02
-7.667276544097064e-02 -9.192344349536234e-02
1.289392848523806e-02 1.037437564741097e-02
8.071234353644207e-01 6.114842773622267e-01

131
-6.144640936727556e-01 8.997688721770054e-01
6.515521398743328e-01 -1.044002399175314e+00
-1.419003930814003e-01 9.656158417543523e-01
1.112389906422645e-01 -1.777592176177319e+00
8.003609044875402e-02 1.723285177036873e-01

132
3.673517149524464e-01 8.011357856855170e-02
-8.635882950438952e-01 -9.363025677498515e-01
7.578353551540682e-01 9.048673766699400e-01
4.770624735575486e-02 -3.597427890132464e-01
-6.939633053216071e-02 3.474117810772770e-01

133
-6.802267585859895e-02 6.122192828789954e-01
6.737751755642950e-02 -6.741247223467721e-01
-2.082363701631287e-01 5.119610737930512e-01
5.600567197756536e-01 -9.754096083030724e-01
-3.174859135018126e-02 -2.335819520398363e-01

134
2.305012358160186e-01 6.464271333576178e-01
-1.471158049948610e-01 -6.954811869659103e-01
-1.011161896792830e-01 4.193043564241482e-01
4.508057435367289e-02 -8.380611481197785e-01
-5.496699379495500e-02 6.566409884351096e-03

135
-3.521353517292002e-02 1.969396680512391e-01
4.300635279972848e-02 -9.933124471184859e-02
-9.645338336148334e-01 2.404679788120700e-01
8.237244378365675e-03 -2.541993263499166e-02
1.813131884301933e-01 3.428766662446606e-02

136
-2.012250804471574e-02 -7.237290158990416e-03
-1.508706857420981e+00 2.202264217406235e-01
5.625185731161728e-01 -1.414834479919950e+00
-2.342308237171807e-01 -2.928158857968928e-01
3.217132409023649e-01 -8.066006382026512e-02

137
-5.646275178483351e-02 -3.074085019013932e-01
-9.794447660737757e-01 4.719084366378853e-01
-3.003670815731680e-01 -1.410083467004833e+00
-2.280896206566094e-01 -1.268827203702829e-01
3.955430886770306e-01 -5.393352853337588e-02

138
-1.340956019296261e+00 5.227654555942087e+00
1.979878569190316e+00 1.151936660060659e+00
-1.789147702393818e+00 2.214009821141969e+00
6.106106077085708e-01 8.860194189967522e-01
-2.910899670401734e-01 1.394650021507195e-01

139
-2.933799662978428e-02 -2.551809114369761e-01
-5.160311864215884e-01 5.488268610090652e-01
-1.107302255943133e+00 -6.004078487276368e-01
-1.980408118620265e-01 -3.728342960365071e-02
-7.801688870734327e-02 1.001683561671440e-01

140
5.513230516953200e-02 6.196158595819571e-01
-6.400063291072906e-01 -4.652849481546507e-02
3.919563415665149e-01 9.102266685754837e-01
1.040797026365042e+00 5.377035722248976e-01
-3.415461128121461e-02 4.484200454240197e-02

141
2.968220248847234e-02 1.415289513857959e-02
-9.382702434657956e-01 -8.019723101684926e-01
-2.294157047245617e-01 1.213627520924244e+00
5.112400804046724e-02 2.971698643077684e-01
-3.198346460672383e-01 -1.217771663749982e-01

142
-6.824853380060161e-01 7.461398856111935e-02
-1.932233745367261e+00 -8.937374412782151e-01
3.842420820374289e-01 7.943517075801005e-01
7.361335507518886e-02 6.258042063813576e-01
-1.486734290435469e-01 -7.027089711347512e-01

143
-1.005984142335483e-02 1.528631385363954e-02
-4.515191117364658e-01 -6.965610555591427e-01
-3.755917808758439e-01 7.385499403200652e-01
-2.250882048807066e-02 2.026168142996102e-01
2.077710979396797e-01 -6.249726222559533e-02

144
-1.389070023176534e-02 2.657815293462578e-02
1.041820000355385e-01 -3.966608497793775e-02
-1.143356970494788e-01 5.562074463843954e-02
-2.618292396671014e-02 -1.153099827569822e-02
7.486683825522286e-01 6.034293707387450e-01

145
1.481906091599350e-01 -1.487652691150771e-03
-5.171008916415208e-01 -2.994141906024231e-01
-5.953271292526731e-01 4.915635103852221e-01
3.169736507175241e-02 1.577797832965534e-01
-7.765429166667316e-02 -5.013131274810004e-03

146
1.341289455791879e+00 4.848798455304298e-01
-4.367103369003243e-01 -2.006867466228764e+00
-1.431854933944380e+00 1.478468958984344e+00
-7.042946208607269e-01 7.438410350426609e-01
-1.914626332935421e-01 -9.802946548547299e-01

147
1.979346885360649e-01 -3.338036730182031e-02
-4.227798235028179e-01 -8.577437265032076e-01
-3.916186839476470e-01 9.286722287614421e-01
-5.056014586619872e-02 2.528543293585213e-01
1.650252547584755e-01 -3.996768831581807e-02

148
1.093155422984642e-02 -1.116237873275467e-02
-2.925390821593743e-01 -7.239319444605096e-01
-4.796406183683592e-01 6.153056928109072e-01
-1.287797057525543e-01 -1.416432605668754e-01
1.740184941595990e-01 -1.258269437711730e-02

149
1.952350551402965e-01 6.368476784303283e-02
-1.043371721172856e-01 -6.878394486357811e-02
-9.165239772652852e-01 3.874063961541004e-01
-2.639062587048006e-02 -1.306012347756074e-02
-5.982362702865124e-02 1.887600661100088e-01

150
-1.546048008808493e-02 1.371506783262710e-01
-5.525123563880325e-01 -6.028943491942366e-01
-1.817826938245889e-01 6.914171123211141e-01
-1.959024859134341e-01 -8.705573260305319e-02
2.004026923260027e-02 1.577616448308151e-01

151
2.229114539383934e-02 1.053103930038033e-01
-2.986965832880513e-01 -6.809538937521712e-01
-4.632958108693989e-01 5.320631353892205e-01
-1.333081363474412e-01 -1.215791760319247e-01
1.944019521481333e-01 -4.449626682048646e-02

152
-1.397923827058158e-02 2.573734034545081e-02
9.844367580571288e-02 -4.093318614549674e-02
-1.085717466851268e-01 5.628838103668035e-02
2.463088946117401e-02 1.335950596148261e-02
7.566626095091690e-01 5.694960392956253e-01

153
5.046049720904794e-01 -2.726336618468966e-02
-3.840731082660179e-01 -5.883323377810726e-01
-2.794083098468023e-01 6.470177418984530e-01
-1.885556826377396e-01 -2.927213482203456e-01
-1.337593492225504e-01 3.317184067801530e-01

154
1.840800540705789e-02 -2.520950616549558e-02
-1.100804208691388e-01 3.033808957444389e-02
1.199343959372676e-01 -4.673941079001194e-02
-2.438020464822320e-02 -1.770602369492956e-02
7.018754861540656e-01 6.700881897657777e-01

155
1.285790124844272e-01 2.318377397113220e-01
-5.129458695912450e-01 9.243598869602797e-01
-4.371027841675005e-01 -1.202998300694760e+00
2.154939675602036e-01 -2.530357048208107e-01
1.030773731609002e-01 1.625898402646230e-01

156
-3.572400663412573e-02 1.336431578893167e-01
1.890030253098937e-02 -5.659265214072578e-02
-7.902982552680150e-02 1.493810875583304e-01
3.154313766775213e-03 -1.386669328543873e-02
6.315031326565860e-01 5.575699813483123e-01

157
1.403442323871044e-01 -7.985225660408390e-02
-5.015931504604078e-01 -6.154029490712332e-01
-8.645895820831727e-02 8.071209005464262e-01
1.061112131914621e-01 -4.839578464312990e-02
2.229287132122769e-02 1.882877295942553e-01

158
-4.187731004017056e-02 -1.100168938690547e-01
-3.449272347382762e-02 5.695716686245833e-03
4.625981466950064e-03 -4.917669635175583e-02
-1.817357643403625e-02 -2.453807129796174e-03
7.660579027451887e-01 6.284279137399158e-01

159
1.849598630450481e-01 2.425968816353551e-01
2.003008128105280e-01 -1.018583831132025e+00
-7.392597324450860e-01 1.334337795081720e+00
1.837546868442040e-01 -1.368203062400531e-01
4.972580240737663e-02 -7.992201864829593e-02

160
2.094699962384856e-01 3.461085105620970e-02
-7.244951949505063e-01 5.050382436208244e-01
-1.879827074629022e-01 -6.051684633325292e-01
1.228653923612952e-01 -1.625482137514221e-01
-3.228707444675314e-02 2.650477023210063e-01

161
7.907653910852179e-02 -2.086734478650322e-01
-6.070118781631721e-02 1.226163057773989e-01
-1.116665252017028e+00 -1.222529078387753e-01
-1.334893792346616e-02 2.935332244964457e-02
1.978530065062362e-01 6.583322470525454e-02

162
1.620044769608277e+00 9.113273613845497e-01
-1.120975115940852e+00 -2.187824965081132e-01
5.440246896894949e-01 -1.036671578334607e+00
4.814746578204993e-03 -6.664634091531242e-01
-3.164403594169756e-01 -2.161639823434283e-01

163
2.538775279149407e-01 1.792973924622027e-02
-1.568738520489922e-01 -4.421403095246530e-02
-1.265955019486139e+00 -1.444092157105480e-01
-3.654044493265345e-02 -6.779514513298273e-03
2.569482552642518e-02 -2.424031311353251e-01

164
1.094988943948627e-01 1.142581809562842e-01
-4.461555592403700e-01 -6.401265129639786e-01
-4.438498214746768e-01 5.707458339661082e-01
-3.849139427241052e-02 1.790935281491189e-01
1.835382038112387e-01 -1.314641052362224e-01

165
-4.052755246454188e-02 -1.123679139886456e-01
-2.690343824797233e-02 1.696352636228769e-02
-3.381510819911693e-03 -6.118197530361871e-02
5.473701951557876e-03 -5.430358487243199e-03
7.657420486405110e-01 6.178191486971761e-01

166
6.245835625712475e-02 -1.469888708642644e-01
-4.945525311323442e-01 2.904348178333254e-01
-7.767084003846274e-01 -1.746811613098160e-01
1.643256800680880e-01 5.582859535887442e-02
-6.110776208542225e-02 3.769457080005196e-02

167
1.334338636254092e-01 -1.690662609198543e-01
-7.352310683175378e-01 2.146837949297324e-01
-6.979682777985481e-01 -2.510662080808638e-01
1.893647264682440e-01 1.297215476182228e-01
-1.196469085932019e-01 -1.350855026688660e-01

168
2.464097943353799e-01 1.973952386477565e-01
-1.327521218306480e+00 1.926396988421566e-01
1.618877629109360e-01 -9.475044366536466e-01
-2.329098698873922e-01 3.200760969334150e-01
2.789631199130271e-01 -1.211819100838248e-01

169
-8.952243210700770e-01 4.254054824742459e-02
1.086590926005227e+00 3.358796442580986e-02
-9.086501715930927e-01 4.458093392019168e-01
1.183420376892222e+00 -1.252737860609430e+00
3.086657915372066e-01 9.157971525215244e-02

170
3.596752042094574e-01 -2.724390831966181e-01
-1.698201742722502e+00 2.790958702621471e+00
-1.440896063039927e+00 -2.587397098097990e+00
4.150364391983316e-01 7.967087270350340e-01
-8.042248177327873e-01 -1.325020237023372e-01

171
1.421415406646749e-01 2.007638845563061e-01
-8.855743486598385e-01 9.211530813457565e-02
-2.514854965296283e-01 -6.018424927557150e-01
-1.773535426183499e-01 1.705288663408405e-01
2.315153883870572e-01 -1.089777564163320e-01

172
7.973736778851552e-01 2.258611744173090e+00
-9.628723303754109e-01 -1.083590412450264e+00
1.374512168351588e+00 -6.665752805261564e-01
-1.574156210953237e-01 -4.708808327981572e-01
5.798269664167138e-01 -6.932383891084016e-01

173
1.223017067901222e-01 -1.150531304688079e-01
-5.059503601280407e-01 5.894285600643359e-02
-5.015890478707067e-01 -2.814169207670056e-01
-7.999037613708304e-02 -1.164265903853122e-01
1.294859350049721e-01 1.201127910494083e-01

174
1.659289295333415e-01 -3.825637452924144e-02
-1.013892421848312e+00 6.949266403047887e-01
-1.223642534355340e-01 -1.111920079344836e+00
-2.682692381813535e-01 -1.384645672208147e-01
4.919329064230679e-02 3.380156297154007e-01

175
-3.105141183539189e-01 -1.536759524375590e-01
1.692712794997417e-01 1.016561120633268e-01
-1.420919836468536e+00 7.625590468176424e-01
4.243746696564666e-02 2.317191985142151e-02
-1.580182004237903e-01 2.807028563631654e-01

176
4.593283835135362e-02 -1.471805506712416e-01
-5.718276314490485e-01 -6.917265744719846e-01
-2.272300158136958e-01 7.481034570326706e-01
-2.012813139234127e-01 -1.129053745084858e-01
4.799394539430414e-03 1.827365584452768e-01

177
2.119549532456562e-03 2.371775738658325e-03
3.660764180342971e-02 7.836649109496002e-02
-3.531787160310397e-02 -7.688995548565611e-02
4.096656423505676e-01 -5.706400297671133e-01
3.568467922626465e-01 4.575445826812735e-01

178
-4.411990386409070e-02 -1.078637580899045e-01
3.507733195256592e-03 -4.867433295306182e-02
-3.411580970692703e-02 6.363078009943008e-03
-1.816363842300431e-02 -1.916254792777955e-03
7.735047388467723e-01 6.036862602217790e-01

179
2.183648988389178e-02 1.138048773568160e-02
-6.377707249393931e-01 -6.796552411400049e-01
-2.722613180045237e-01 8.930396290616971e-01
1.888483043109712e-01 -1.282541232814227e-01
-2.344681289372700e-01 -9.050281599671932e-02

180
1.122647802784971e+00 -1.801570373374299e+00
-7.017371290063400e-01 -9.850051740838557e-01
1.821183909453028e+00 -1.456906637734137e+00
3.626076173050675e+00 -2.352178342948339e+00
4.275907330076769e-01 -1.356317489211121e+00

181
-2.203446964648611e-01 6.887701926783323e-02
-1.542330206552894e+00 1.286649977887533e-01
6.975973002700295e-01 -1.210392342404581e+00
-2.324670121351242e-01 -3.205306240390651e-01
3.156046498610314e-01 -5.347826987798381e-02

182
-2.576665936864923e-02 -1.782634354892574e-02
-9.846519143328809e-01 8.692600231527683e-01
-2.638322537373382e-01 -1.288353135481024e+00
-3.067698667424055e-01 -1.012763752839671e-01
1.122806526471232e-01 3.112694523114372e-01

183
-9.010305636917819e-01 1.738521411111704e-01
-4.762040541041435e-01 1.363404122731704e+00
-1.116454793558628e+00 -1.031716361250276e+00
-6.002587536583944e-01 -5.716194032982661e-01
-2.623341626219539e-01 6.102864126010408e-01

184
2.093303389962356e+00 -4.045969657402653e-01
9.695925147717247e-01 -3.474656454345450e+00
2.889147754559684e+00 2.505694231746370e+00
4.991300149628445e-01 -1.582412701478000e+00
1.463816283446343e+00 1.425970520739351e+00

185
-3.931858069794591e-01 -3.006231865178942e-01
-6.701107816750196e-01 7.832678032190827e-01
-1.355138526659962e+00 -1.502665645084564e+00
-1.778750523533599e-01 1.889015809646932e-01
3.560847193509745e-01 -4.351440480585448e-01

186
-6.351708480422257e-01 -6.609246990291282e-01
-7.785587507891094e-01 5.173988635380908e-01
-3.451520316178655e-01 -1.301066194788997e+00
3.472467200219077e-02 -1.409028903806942e+00
-1.171735235838080e-01 1.023095664497347e-01

187
-5.778031936518347e-01 7.562015014361446e-02
-6.423234231882204e-01 1.168441959390617e+00
-4.283759651437686e-01 -9.530033099230336e-01
-1.216041693149253e-01 -4.012965825042678e-01
-6.418528297519473e-02 5.821527772694798e-01

188
-6.625137143394992e-01 -5.220703252055061e-01
2.132655880615467e-01 1.066870465246111e+00
-1.192244811692432e+00 -8.378687575357578e-01
1.192702405802787e+00 -1.513039011977652e+00
-4.345430691823342e-01 5.336379008310028e-03

189
-3.598786243501015e-01 -4.144749985169191e-01
-8.104476440149341e-02 8.368976956052804e-01
-7.481635185388410e-01 -7.872701770566262e-01
7.608929496962508e-01 -7.243414963515582e-01
2.908433894111326e-02 1.522299303957516e-01

190
-2.237119258799874e-03 -2.428226817982430e-03
3.548183374004045e-02 7.676224322539292e-02
-3.688692036118187e-02 -7.825151280762391e-02
4.077271114724739e-01 -5.718989933939864e-01
3.583916260041358e-01 4.562451474797802e-01

191
-4.180741588792196e-03 -6.863483998218063e-02
-7.300720751778308e-01 2.774903155100509e+00
-2.030624902674710e+00 -2.021948515421381e+00
5.029145665629151e-01 4.949220614007728e-01
-7.139880649698048e-01 9.095280987410861e-02

192
-1.440743398178796e+00 2.067546932811588e+00
7.505131214588467e-01 7.359816344877648e-01
-1.108053870483564e+00 7.584355635360777e-01
-1.478815194490239e-01 1.006587241915261e-02
1.734261974768142e-01 4.815381115302375e-01

193
1.131282099909991e-01 -1.005150610593751e+00
-3.588362200621558e+00 1.854823525232371e+00
2.180486327265972e+00 -4.605618985837746e+00
4.119680011494188e-04 5.435415234539891e-01
1.060674875555558e+00 -1.668856367150245e-01

194
2.253234878152053e-02 -1.641655493526306e-03
-1.366884033154812e+00 9.039888561277953e-01
-1.010306652300822e-01 -1.634117648202408e+00
2.539646894633295e-02 4.012336090465528e-01
3.114907748566786e-01 -1.684617014371063e-01

195
1.115324476829852e-01 3.706892418616224e-01
8.819442779259945e-01 -8.916332566189650e-01
-1.457366181320104e+00 1.274251897677817e+00
5.739036099765693e-02 -7.638502034191068e-02
3.059406766917760e-01 -8.049765621615587e-02

196
6.208661753935335e-01 4.201625310547676e-01
9.979098299501313e-01 3.113083309670811e-01
-3.925261550200787e-01 4.539203313112619e-01
1.557934758592866e+00 -4.258006014480939e-01
2.566749578288666e-01 3.998474222332539e-01

197
-2.320410050484215e-01 -1.935296977199104e-01
-1.245796782802758e+00 6.628007077528226e-01
-3.553066926591714e-01 -1.342682677578635e+00
-1.164894237696448e-01 3.613688907346023e-01
3.422264103771495e-01 -2.125103251998277e-01

198
2.750016258376931e-01 -1.918490558918681e+00
-3.528267687339377e+00 -3.307878256675314e+00
3.672634882537535e+00 -4.998364810236883e-01
-1.852778265787731e+00 -6.681671012778940e-01
1.439824420153718e+00 -2.359518157582642e-02

199
-1.119602945111787e-01 -1.650857853669113e-01
-5.096155777934158e-01 1.761389861454067e-01
-9.693240285243336e-01 -5.044754592899323e-02
-1.079839319958602e-01 1.015539944293705e-01
-6.518252216144328e-02 1.978444914618702e-02

200
-1.041822298922302e-03 1.434865787179234e-03
4.985798179886722e-02 -4.656571691146120e-02
-5.050596436741357e-02 4.744535381512049e-02
5.388993096120985e-01 1.687407789016917e-01
7.898178559969794e-01 2.472739452237553e-01

201
1.002441336453083e-01 6.033332365303453e-02
-4.476083646977583e-01 -4.022632018313936e-01
-1.996290074656250e-01 5.065995429979584e-01
1.073666560808538e-01 -1.414393382755162e-01
1.990598728389929e-02 1.408593057346925e-01

202
3.452406805727459e-03 7.762116428646089e-04
-9.986984202787520e-02 -2.897532274735659e-02
1.019876937962890e-01 2.947233991844056e-02
-1.990330521291073e-01 -8.394517472514769e-01
1.991279527414412e-01 8.394730770713954e-01

203
6.310192320162805e-02 9.976074518934554e-02
-6.231817071586736e-01 -6.020636443326832e-01
-2.316284414660077e-01 7.881913243658573e-01
1.925605634137070e-01 -1.538994874552778e-01
-2.231497405496771e-01 -6.545188597420555e-02

204
2.924557877220003e-02 3.488997148578443e-02
1.187069832760843e-01 -2.773179827067779e-02
-9.888561784721160e-02 5.239248475897264e-02
-3.159347656969753e-02 2.564404343891042e-02
7.724703018035235e-01 6.316978027597090e-01

205
5.060197366082712e-01 -1.219336543509999e-01
3.355961118060192e-01 -1.345640824213720e+00
-1.253051536202623e+00 2.024651048629224e+00
6.013927969150780e-02 5.306735608584910e-01
5.416405147740162e-02 -8.963981201444679e-02

206
-2.480066661189692e-02 -3.320141948073320e-02
-1.099118931238886e-01 1.980883208451363e-02
9.593877216144081e-02 -3.736207082173337e-02
3.033190243478016e-02 -2.131859846611454e-02
6.971372253317750e-01 6.136768433944162e-01

207
-2.040923176658352e-01 -4.259058856083365e-01
-1.497980873145962e+00 -7.284430682353370e-02
4.964318010691567e-01 2.755741914939590e-01
3.648122803376379e-01 -1.761410411972945e-01
-4.179883324839910e-01 1.621623060798427e-01

208
-8.613799289879577e-04 3.368230543352995e-03
1.084137599184003e-01 2.581008694257286e-02
-1.089308159970362e-01 -2.374669397939934e-02
-2.625671773559794e-01 -8.775529870896119e-01
2.625433711270144e-01 8.776459651263675e-01

209
7.243723343029466e-03 -1.715986535868252e-02
5.354286389494202e-02 -4.799665760913672e-01
-4.902168736691365e-02 4.695075324426206e-01
-3.599036611602982e+00 1.553579861001737e+00
2.068802217916319e+00 2.490722025466111e+00

210
-5.855685390548723e-04 -1.278967267192426e-03
-5.323413686893193e-02 4.429224366370259e-02
5.287174625865549e-02 -4.507669149949391e-02
5.341732592398283e-01 1.986201097903240e-01
7.828814056507856e-01 2.911169544969787e-01

211
2.203820166721866e-02 -2.595114609316381e-01
-1.157447479422165e+00 -8.879318874905584e-01
-9.197384925208996e-02 1.306772039027090e+00
8.859648697191566e-02 3.225038345167226e-01
-3.907574566795989e-01 -1.127048949189208e-01

212
-7.223344276630367e-03 3.371117066803202e-02
1.007104094837558e-01 -3.587401617587036e-02
-1.072764291112084e-01 5.723978759645287e-02
1.440468147446930e-03 -4.890334638899019e-03
7.439995615719950e-01 5.909111461790012e-01

213
1.204006751965746e+00 -1.747898411891674e-01
-4.264991350957828e-01 -4.513083756965079e-01
-4.655031299578796e-01 7.291011890091140e-01
-2.205232807091885e-01 -6.891011290900048e-02
-4.296173582386149e-01 5.158091600514670e-01

214
9.992715427706958e-03 -3.484374383978010e-02
-1.068071529549727e-01 3.111328712166834e-02
1.106517080577371e-01 -5.222975014576816e-02
-1.222866346355974e-03 4.967351233945731e-03
7.187951491610217e-01 6.491297261305226e-01

215
1.977858187234318e-01 -1.008493588543541e-01
-1.324976394489057e-01 -4.493253611760005e-01
-1.050965643054024e+00 4.522325066540621e-01
-8.504527714032287e-02 -1.244834401317731e-01
-3.773120409819577e-02 -8.814986693209750e-02

216
2.197005035629863e-02 3.552248353534369e-02
1.092897116519787e-01 -2.279477061810067e-02
-9.501311442666578e-02 4.782816795940203e-02
3.237035529004441e-02 -1.718788887966349e-02
7.354766464108033e-01 5.953513007918575e-01

217
1.435784780832124e-01 -3.380424454932499e-01
-7.352496486933190e-01 -9.025387196731122e-01
9.796056616965372e-02 4.368841316210763e-01
-3.091533862202837e-01 -1.600632712673908e-01
2.900450302766674e-01 1.224144309199713e-01

218
-2.283242186996853e-02 -3.645969449356493e-02
-1.140388121848210e-01 2.550064600256187e-02
1.008298171030713e-01 -4.481725288244179e-02
-3.317836467345674e-02 1.836999446958336e-02
7.291251781961251e-01 6.518754628395798e-01

219
-1.182265820723683e-01 3.580291351944045e-01
7.557858425865350e-01 4.279671131886273e-01
-1.931311240892769e+00 1.891150657705159e-01
2.485140249944610e-01 9.342218322533301e-02
1.416041781714093e-01 -4.406682339499711e-03

220
1.903583179473660e-01 -3.997729209655140e-02
-3.055420295555746e-01 -2.770309831609973e-01
-9.822538572126908e-01 1.629932832102955e-01
-5.955644846915761e-02 -2.408180512622396e-02
-1.094994274124690e-02 -1.716154146490139e-01

221
1.010224299641348e-01 3.040171196536982e-01
-2.908884197358461e-01 -3.504570804268516e-01
1.376798969171002e-02 5.208646334094794e-01
5.356040801114570e-01 -4.058426551404101e-01
-3.406178863519570e-02 7.851247143348973e-02

222
1.515361891694106e-01 -1.366665018507307e-02
-5.063918972011903e-01 -2.108663615301380e-01
-3.011538423998714e-01 1.577021453159420e-01
2.181167767131696e-03 -1.557875989535271e-01
3.513731422652078e-02 1.465178393825587e-01

223
3.096270813840289e+00 4.885120972469548e-01
6.826424382050010e-02 -1.997195460022500e+00
-1.828714934003645e+00 4.426501817395823e-01
-6.246224991474069e-01 -1.008770160139271e-01
-4.494728510955207e-01 -1.111802811529076e+00

224
-8.409168315348862e-02 -1.186199878586002e-01
-6.933026082149429e-01 -6.316184713767791e-01
-2.405182379584036e-01 8.601203726951283e-01
2.305644836018211e-01 -1.656130382742952e-01
-2.409402783008217e-01 -7.162476152486495e-02

225
7.913158516240266e-03 -7.693559823599047e-03
-4.704240421698523e-01 -4.604660280398887e-01
-1.625136788522034e-01 6.381777459683554e-01
1.302498565507208e-01 -9.384164750247664e-02
3.705262445616499e-02 1.522879094331670e-01

226
-3.281513215091988e-02 -1.552056802469834e-01
-4.759375546673391e-01 -1.900967045030273e-01
-6.137767543260897e-01 3.603638676003123e-01
1.701749349025250e-01 -2.682909935983227e-02
-7.224282734630924e-02 -1.298936294802323e-02

227
-5.699348003481669e-02 -1.432706491265446e-01
-4.915451707654557e-01 -1.004028300154687e-01
-5.674448688279836e-01 3.143926922478890e-01
1.573901834374926e-01 -5.240557241508963e-02
-8.786378976069113e-02 6.254409165636370e-02

228
2.314575768381344e-01 -7.903146760448341e-03
-7.395517356360941e-01 -3.882968120159358e-01
-4.663387281599354e-01 2.175989882101912e-01
4.146894545915675e-02 2.256004818870793e-01
1.645055532642571e-02 -2.367781721905131e-01

229
1.052370174771449e-02 -1.472668302073322e-02
-4.484592401977884e-01 -7.062493385306378e-01
-3.855057283829812e-01 7.408149444998441e-01
-2.650899367500206e-02 2.035435319989362e-01
2.084202025872811e-01 -5.834543667900380e-02

230
1.618220866422941e+00 1.044107217814461e+00
-1.207750243045620e-01 -1.079188073597512e+00
-1.309140822447052e+00 5.313145064539013e-01
-9.973766987064757e-01 2.361513854036396e-01
-2.221271374657987e-01 -3.276051483570946e-01

231
-2.320854585367802e-01 -8.164771875633951e-02
-1.334979521460393e-01 -7.718748275172209e-02
-9.479279712089598e-01 6.235614522161360e-01
-5.035818127257636e-03 -5.824653967992633e-03
-6.939239076762814e-02 2.213996768951964e-01

232
1.566126251920383e+00 -2.243419675739684e-01
-1.780634415119315e-01 -9.811950022094199e-01
-8.628811116609908e-01 4.353964564310250e-01
-3.493085898614529e-01 -4.571143841335140e-01
-3.171984499312437e-01 2.098615755717055e-02

233
5.422265819027015e-02 -1.541504677482142e-01
-3.264666460903143e-01 8.324893064156442e-03
-7.864363117415301e-01 -8.934193833739112e-02
-4.563381998042666e-02 1.289550362858468e-02
1.601664647806381e-01 5.282957395696925e-02

234
2.068502970718293e-01 -5.962751240954826e-02
-1.018963742643753e-01 -4.456943108507190e-01
-6.402693201954184e-01 6.417943418831731e-01
-6.712665376442403e-02 -1.350073331509455e-01
5.046490312897911e-02 2.387989812366877e-01

235
-1.373083681340767e-01 -2.063446679581263e-01
-3.647587098485727e-01 3.689503824715554e-01
-1.197986603798063e+00 -5.285808991039015e-02
-5.035131945903334e-02 6.498881637743809e-02
-1.573250302381585e-01 9.191278493492534e-02

236
1.262981109219878e-01 -3.090670182355327e-02
-4.410642665025557e-01 -1.703710907447585e-01
-6.535036686484618e-01 1.391405275687325e-01
-5.127427061169084e-03 -1.251480880219544e-01
-5.476844699428703e-02 -1.846212154934816e-03

237
1.958135069139502e-02 -1.759520344536695e-01
-3.896598234509188e-01 -1.861831697612218e-01
-6.959271612863572e-01 3.717304235055253e-02
-1.276197498552615e-01 -4.021101868341309e-03
1.827133140880762e-01 2.702862786305705e-02

238
1.572519152558822e-01 3.159318543539928e-03
-2.690750816099781e-01 -2.829753579529794e-01
-6.312347178000950e-01 4.657234688409252e-01
-5.921507688721200e-02 -2.916090506688627e-02
1.059667155171119e-02 1.710738069436262e-01

239
1.082204381726608e-02 -7.109289267138079e-03
-4.959198421052732e-01 -6.203614564851558e-01
-2.889302633613108e-01 7.404313575619250e-01
-1.667826408412312e-01 -1.003920118876820e-01
6.301304803832020e-04 1.649862719828668e-01

