40

6.828203557559804e-50
5.285888313179430e-54
1.291779763967938e4

2.045656129120868e-52
3.165342794553414e-57
6.462668538272746e4

1.667475093986861e-60
1.426078919723649e-63
1.169272661508797e3

2.634659089116246e-55
1.221208593718732e-58
2.157419381641741e3

2.350335500126697e-57
2.172100248487035e-61
1.082056641613946e4

1.159744067211073e-56
2.420933754710836e-60
4.790482453121052e3

4.517401380476740e-58
4.266894551623543e-61
1.058709402311777e3

3.022928580727948e-56
2.826650638343808e-60
1.069438345058144e4

1.508020208434252e-57
3.459386216406487e-61
4.359213207482630e3

1.000269645527819e-57
9.430800930241861e-61
1.060641246620149e3

5.058552865034334e-50
3.915956114296190e-54
1.291779763967938e4

2.197920995584750e-59
1.879733502661915e-62
1.169272661508797e3

1.133577871975616e-52
2.289465468173264e-56
4.951277438921513e3

1.092336302735352e-50
8.937864958366892e-55
1.222144558933839e4

1.172682398180922e-44
1.345354366036397e-49
8.716531701872787e4

1.145550886651454e-56
2.391305881738726e-60
4.790482453121052e3

1.433580245589999e-52
2.895374503397372e-56
4.951277438921513e3

1.528261517466151e-53
3.086600450729413e-57
4.951277438921513e3

3.424548236610938e-51
2.802081154457218e-55
1.222144558933839e4

7.928330983943792e-60
7.113237817243010e-63
1.114588206895731e3

2.540909040864146e-58
1.177753876916865e-61
2.157419381641741e3

8.009214187254096e-58
3.712404855267078e-61
2.157419381641741e3

3.404415346327574e-59
3.054415366379392e-62
1.114588206895731e3

8.300511474042861e-58
4.596584742187808e-61
1.805799727319314e3

8.535653107971336e-58
7.888360719490572e-62
1.082056641613946e4

1.114335576728367e-57
2.556276841003324e-61
4.359213207482630e3

8.278970160685780e-53
1.519803225269548e-56
5.447396099068973e3

2.289884451940382e-60
2.162901781112206e-63
1.058709402311777e3

1.990937276611417e-57
4.567194082624714e-61
4.359213207482630e3

1.672912009936305e-58
9.264106005928580e-62
1.805799727319314e3

1.655324224659777e-52
2.561363335991528e-57
6.462668538272746e4

6.453196173940558e-58
6.084240259846939e-61
1.060641246620149e3

3.525629543476405e-45
4.044761912262542e-50
8.716531701872787e4

8.338221765506033e-57
1.912781359533734e-60
4.359213207482630e3

1.218419584841909e-57
5.647578747135955e-61
2.157419381641741e3

1.026497853669066e-52
1.884382620614842e-56
5.447396099068973e3

2.267422823763670e-53
4.579470352316916e-57
4.951277438921513e3

9.649254483297683e-57
5.343479865079987e-60
1.805799727319314e3

3.718176918596849e-58
2.059019537075927e-61
1.805799727319314e3

6.546233587187237e-57
6.121188395233134e-61
1.069438345058144e4

