40

0
7.239864119351499e-01 -4.574307991682820e-01
7.239864119351537e-01 4.574307991682812e-01
2.629377561303876e+00 5.035653103474986e-15
3.516139735261238e-01 -4.476343671211940e-15

8
9.652050870994877e-01 3.263651733272878e-16
3.317919623670920e-01 2.889351948931692e-16
-3.003925260467852e-01 -1.593537438962045e-17
3.851069872214768e+00 -1.892354273944005e-14

20
1.206487804567382e-01 2.160019703122347e-17
9.173181056148548e-01 -7.880268190553572e-18
2.840851087889943e-01 8.227112723351673e-20
-3.023991078236229e-01 -1.145800799160073e-18

22
-2.077405978740775e-01 -1.792305971363561e+00
-2.077405978740845e-01 1.792305971363563e+00
-3.942436579401570e-02 -5.077190183727999e-01
-3.942436579401595e-02 5.077190183728001e-01

25
1.008313948467749e+00 1.694234743381454e-16
-1.207993248471907e+00 -2.011547276765279e-17
-3.788365101944974e-01 -1.329051441917296e-17
-2.008756410116586e+00 1.741211723043544e-17

29
6.435724121861982e-01 -2.631178720033346e-16
-1.261081716222477e+00 -1.047419668535053e-16
-7.576642464234634e-02 -4.760062646620542e-17
-1.514491561119234e+00 1.953206323479019e-16

31
9.055495702994107e-01 -3.345006859833432e-16
-8.744849805020783e-01 -3.504798162040889e-17
-3.300694266630250e-01 -3.292452544394921e-17
1.345080507283817e-01 -1.751228145372699e-17

36
7.239864119351505e-01 4.574307991682758e-01
7.239864119351503e-01 -4.574307991682760e-01
3.516139735261138e-01 8.984753198167232e-18
2.629377561303889e+00 -2.113625105695889e-16

38
4.797736820264420e-01 2.630504996833833e-01
-1.263242327357728e+00 -4.851412893026031e-02
-1.911912888278325e-02 1.924445817870633e-01
-1.373470846821852e+00 -1.295021100550479e-01

51
9.173181056148538e-01 4.375241265891420e-16
1.206487804567389e-01 -3.478642689221225e-16
-3.023991078236229e-01 9.850610190520101e-18
2.840851087889943e-01 -3.099738352289252e-17

59
7.239864119351432e-01 4.574307991682754e-01
7.239864119351569e-01 -4.574307991682723e-01
2.629377561303897e+00 -1.696075376071079e-14
3.516139735261118e-01 6.733029328310383e-16

62
9.173181056148547e-01 -1.725783573392271e-16
1.206487804567379e-01 9.692414437041869e-17
2.840851087889943e-01 -1.301345572402394e-17
-3.023991078236229e-01 1.497606369974059e-17

68
-1.263242327357729e+00 -4.851412893026105e-02
4.797736820264435e-01 2.630504996833883e-01
-1.373470846821852e+00 -1.295021100550501e-01
-1.911912888278169e-02 1.924445817870651e-01

71
-1.207993248471904e+00 3.443407734601554e-16
1.008313948467754e+00 1.469002387209592e-15
-2.008756410116598e+00 -1.436478587139656e-15
-3.788365101944979e-01 -8.780451412343956e-16

80
3.317919623671804e-01 -2.960796841202209e-14
9.652050870994237e-01 2.115976420542057e-14
3.851069872214494e+00 8.959410883342214e-14
-3.003925260467736e-01 2.676066859258874e-15

82
-1.261081716222477e+00 -1.489486549291555e-16
6.435724121861980e-01 -1.730828237652565e-16
-7.576642464234645e-02 -3.004176940266120e-16
-1.514491561119233e+00 -1.149178246773892e-16

88
-1.263242327357730e+00 4.851412893026043e-02
4.797736820264459e-01 -2.630504996833881e-01
-1.373470846821853e+00 1.295021100550510e-01
-1.911912888278156e-02 -1.924445817870644e-01

92
4.797736820264439e-01 2.630504996833843e-01
-1.263242327357728e+00 -4.851412893026026e-02
-1.373470846821853e+00 -1.295021100550490e-01
-1.911912888278218e-02 1.924445817870623e-01

94
1.008313948467746e+00 2.602695078025635e-15
-1.207993248471908e+00 1.054815003403557e-15
-2.008756410116579e+00 -4.649885607334831e-15
-3.788365101944949e-01 -1.366962230362660e-15

100
9.055495702994115e-01 5.414353381751055e-17
-8.744849805020787e-01 1.074042793810486e-16
1.345080507283819e-01 4.952552669306911e-17
-3.300694266630252e-01 8.855440882031380e-18

110
-2.077405978740807e-01 1.792305971363564e+00
-2.077405978740805e-01 -1.792305971363564e+00
-3.942436579401588e-02 5.077190183727999e-01
-3.942436579401590e-02 -5.077190183727999e-01

114
-2.077405978740816e-01 1.792305971363564e+00
-2.077405978740801e-01 -1.792305971363565e+00
-3.942436579401583e-02 -5.077190183727999e-01
-3.942436579401585e-02 5.077190183727999e-01

123
-8.744849805020788e-01 2.992638206950268e-17
9.055495702994116e-01 6.697942508843943e-17
1.345080507283820e-01 8.301772892619304e-20
-3.300694266630255e-01 1.793346770573850e-17

132
-4.011878152482378e-01 4.668672493570080e-01
-4.011878152482368e-01 -4.668672493570081e-01
-9.922133659238475e-02 3.096210509880770e-01
-9.922133659238461e-02 -3.096210509880770e-01

135
-1.207993248471907e+00 3.751078377008275e-17
1.008313948467749e+00 8.894377734372532e-17
-3.788365101944972e-01 -2.013116009582433e-17
-2.008756410116586e+00 -1.025247234769108e-16

145
-1.263242327357728e+00 -4.851412893026051e-02
4.797736820264420e-01 2.630504996833836e-01
-1.911912888278329e-02 1.924445817870634e-01
-1.373470846821853e+00 -1.295021100550483e-01

150
-1.261081716222477e+00 -4.932564267464892e-17
6.435724121862005e-01 1.146171183925984e-15
-1.514491561119236e+00 -1.043187850684983e-15
-7.576642464234627e-02 -8.954975053733238e-16

152
-8.744849805020787e-01 -6.876759705813881e-17
9.055495702994114e-01 4.924968079610265e-17
-3.300694266630252e-01 -3.341522348173157e-17
1.345080507283819e-01 1.862175867436741e-17

154
-1.263242327357728e+00 4.851412893026059e-02
4.797736820264422e-01 -2.630504996833837e-01
-1.911912888278320e-02 -1.924445817870633e-01
-1.373470846821853e+00 1.295021100550485e-01

183
-4.011878152482373e-01 -4.668672493570086e-01
-4.011878152482379e-01 4.668672493570085e-01
-9.922133659238491e-02 3.096210509880771e-01
-9.922133659238463e-02 -3.096210509880771e-01

188
3.317919623670920e-01 3.890661518646817e-16
9.652050870994872e-01 3.316925666304811e-16
-3.003925260467851e-01 3.139791834914980e-17
3.851069872214765e+00 -1.820555189701010e-14

191
1.206487804567390e-01 -8.533465085611268e-17
9.173181056148538e-01 1.073828423082546e-16
-3.023991078236229e-01 -1.925545196138105e-17
2.840851087889944e-01 3.888159909865250e-17

196
9.652050870994410e-01 -2.091831461611579e-14
3.317919623671569e-01 2.906893998261626e-14
3.851069872214568e+00 -8.877347109958570e-14
-3.003925260467715e-01 6.964689955208041e-16

201
4.797736820264420e-01 -2.630504996833832e-01
-1.263242327357728e+00 4.851412893026032e-02
-1.911912888278332e-02 -1.924445817870633e-01
-1.373470846821853e+00 1.295021100550480e-01

207
-2.077405978740799e-01 -1.792305971363565e+00
-2.077405978740820e-01 1.792305971363564e+00
-3.942436579401584e-02 5.077190183727999e-01
-3.942436579401584e-02 -5.077190183727999e-01

209
6.435724121862005e-01 -1.209761216731667e-17
-1.261081716222477e+00 -3.033894236674025e-17
-1.514491561119235e+00 1.098754917411759e-17
-7.576642464234300e-02 -2.826015456941662e-16

211
4.797736820264394e-01 -2.630504996833838e-01
-1.263242327357728e+00 4.851412893026092e-02
-1.373470846821851e+00 1.295021100550472e-01
-1.911912888278268e-02 -1.924445817870643e-01

218
-4.011878152482388e-01 -4.668672493570073e-01
-4.011878152482364e-01 4.668672493570075e-01
-9.922133659238484e-02 -3.096210509880770e-01
-9.922133659238469e-02 3.096210509880770e-01

238
-4.011878152482370e-01 4.668672493570082e-01
-4.011878152482382e-01 -4.668672493570082e-01
-9.922133659238477e-02 -3.096210509880770e-01
-9.922133659238473e-02 3.096210509880771e-01

239
7.239864119351501e-01 -4.574307991682752e-01
7.239864119351503e-01 4.574307991682754e-01
3.516139735261136e-01 6.708969153382546e-18
2.629377561303893e+00 -2.389958892303376e-16

