40

0
3.191354373137004e-01 -7.429997940697243e-17
-3.026738453236923e-01 -9.453769713480530e-17
1.031313590019491e-01 -6.458097322668727e-17
-1.947786569816727e-01 -1.711697071922972e-17

2
9.959768329471310e-01 1.616941441874500e+00
9.959768329471311e-01 -1.616941441874500e+00
4.753371099143317e-01 -8.198559845979962e-01
4.753371099143318e-01 8.198559845979961e-01

8
-3.898296262113836e-01 -3.942668231988507e-01
-3.898296262113838e-01 3.942668231988508e-01
-3.937795224820583e-01 -3.198193791051959e-02
-3.937795224820613e-01 3.198193791051985e-02

12
1.061978570835951e+00 7.990227539287824e-17
-8.949000025619612e-02 -3.139426040312250e-16
-1.692763558459993e-01 -6.229620327004872e-17
3.093450833753670e+00 2.947146026799211e-15

21
9.959768329471312e-01 -1.616941441874500e+00
9.959768329471308e-01 1.616941441874501e+00
4.753371099143319e-01 -8.198559845979960e-01
4.753371099143313e-01 8.198559845979962e-01

22
5.339220693345056e-02 6.518633613546220e-18
-2.981294247415568e-01 8.667118603147258e-18
-3.358465833589014e-02 1.218435017198231e-17
-1.921268886639854e-01 -1.272488211039009e-17

28
5.339220693345109e-02 -3.600177060060268e-17
-2.981294247415570e-01 1.092223963759169e-16
-1.921268886639856e-01 5.608800747744318e-17
-3.358465833588989e-02 -2.442220093776589e-17

44
9.959768329471317e-01 -1.616941441874501e+00
9.959768329471309e-01 1.616941441874501e+00
4.753371099143317e-01 8.198559845979960e-01
4.753371099143319e-01 -8.198559845979965e-01

48
-4.126956183672838e-02 -6.323372735912084e-17
4.411849242950195e-01 7.459085941056354e-17
-1.657274247402010e-01 -1.763914750768216e-17
2.642823063125362e-01 1.002767468947961e-16

56
-3.217921878585507e-01 -2.227055848590805e-14
1.156776064468776e+00 6.687136284580780e-15
4.778769487302930e+00 2.646899744727098e-13
-1.985491312854513e-01 -3.302206820615297e-15

61
3.753181935400880e-01 3.443269686536403e+00
3.753181935400865e-01 -3.443269686536402e+00
8.357368038330051e-02 -8.911083030107022e-01
8.357368038330043e-02 8.911083030107021e-01

64
1.061978570835814e+00 -5.185816319914874e-14
-8.949000025592689e-02 1.020921516471326e-13
3.093450833752475e+00 -4.513964253940843e-13
-1.692763558459655e-01 1.361329039582727e-14

68
3.753181935400888e-01 3.443269686536408e+00
3.753181935400853e-01 -3.443269686536406e+00
8.357368038330051e-02 8.911083030107021e-01
8.357368038330019e-02 -8.911083030107019e-01

72
-8.949000025619616e-02 -2.683638988558993e-16
1.061978570835951e+00 -1.092777893710047e-16
-1.692763558459993e-01 -3.639178518796228e-17
3.093450833753673e+00 4.302612356982332e-15

77
1.156776064468961e+00 -1.244002272141734e-16
-3.217921878591619e-01 8.562514671327231e-16
-1.985491312855360e-01 9.090681057101258e-17
4.778769487310193e+00 -6.634548662289003e-15

85
9.959768329471308e-01 1.616941441874501e+00
9.959768329471315e-01 -1.616941441874501e+00
4.753371099143316e-01 8.198559845979962e-01
4.753371099143319e-01 -8.198559845979961e-01

86
-8.949000025618271e-02 2.177384748961637e-14
1.061978570835944e+00 -1.107455941158018e-14
3.093450833753607e+00 -9.600350737589336e-14
-1.692763558459955e-01 9.221421248099410e-16

89
-3.217921878591614e-01 1.382027233469481e-15
1.156776064468961e+00 -2.092513642959200e-16
-1.985491312855358e-01 2.165910410270124e-16
4.778769487310166e+00 -2.810825448114997e-14

100
-5.686870468601860e-01 1.034926658557284e+00
-5.686870468602006e-01 -1.034926658557282e+00
-3.042130325223327e-01 -5.244299351804079e-01
-3.042130325223243e-01 5.244299351804022e-01

110
-3.898296262113839e-01 3.942668231988516e-01
-3.898296262113837e-01 -3.942668231988516e-01
-3.937795224820602e-01 3.198193791052316e-02
-3.937795224820589e-01 -3.198193791052309e-02

114
-3.898296262113838e-01 3.942668231988534e-01
-3.898296262113843e-01 -3.942668231988533e-01
-3.937795224820604e-01 -3.198193791053214e-02
-3.937795224820578e-01 3.198193791053197e-02

122
-3.026738453236922e-01 9.547109124089051e-17
3.191354373137001e-01 2.299116028000058e-17
1.031313590019490e-01 4.933491980222362e-17
-1.947786569816726e-01 3.542085229396678e-17

128
-2.981294247415568e-01 9.343588987600521e-17
5.339220693345063e-02 -2.091236434928359e-16
-1.921268886639855e-01 3.929669778226985e-17
-3.358465833589016e-02 -1.071469784248897e-16

130
-5.336312399854322e-01 1.016774208188182e-14
-1.858235811992824e-01 -1.160799139857806e-14
-7.517035134244265e-01 4.948820497427632e-15
-1.851251447339409e-01 -1.880284464150254e-15

141
-2.981294247415568e-01 -2.534484062640487e-17
5.339220693345053e-02 -1.148184824323575e-17
-3.358465833589016e-02 -1.977750614499131e-17
-1.921268886639855e-01 -6.344031185147602e-18

148
-1.858235811992833e-01 -6.724202540007929e-15
-5.336312399854312e-01 5.718184316133660e-15
-7.517035134244258e-01 2.582744081125321e-15
-1.851251447339413e-01 -7.463039017686995e-16

149
-5.686870468601920e-01 -1.034926658557280e+00
-5.686870468601921e-01 1.034926658557280e+00
-3.042130325223281e-01 5.244299351804030e-01
-3.042130325223282e-01 -5.244299351804032e-01

159
-3.898296262113842e-01 -3.942668231988519e-01
-3.898296262113835e-01 3.942668231988519e-01
-3.937795224820575e-01 3.198193791052484e-02
-3.937795224820614e-01 -3.198193791052523e-02

160
-4.126956183672768e-02 -1.419292869934134e-16
4.411849242950192e-01 -6.161646657041163e-17
2.642823063125364e-01 -1.005796432157478e-16
-1.657274247402008e-01 5.988066599522098e-17

168
-3.026738453236924e-01 -5.502311033446685e-17
3.191354373137001e-01 4.795605288968037e-17
-1.947786569816727e-01 -8.394066212211229e-17
1.031313590019489e-01 5.502920517884159e-18

174
-5.336312399854336e-01 2.250326915075107e-16
-1.858235811992802e-01 -2.459606695107436e-16
-1.851251447339406e-01 -2.267362223045543e-17
-7.517035134244269e-01 3.681310489460871e-17

175
-5.686870468601926e-01 1.034926658557275e+00
-5.686870468601889e-01 -1.034926658557275e+00
-3.042130325223298e-01 5.244299351804023e-01
-3.042130325223279e-01 -5.244299351803995e-01

198
1.156776064468579e+00 2.536973614942195e-14
-3.217921878579003e-01 -8.405352065928831e-14
4.778769487295207e+00 1.002716244319594e-12
-1.985491312853594e-01 -9.513120943068718e-15

202
4.411849242950194e-01 -1.910745720782566e-17
-4.126956183672840e-02 -5.120148453345794e-17
2.642823063125360e-01 -3.875102866448499e-17
-1.657274247402009e-01 3.529012673503988e-18

209
4.411849242950194e-01 -1.032154240244079e-17
-4.126956183672830e-02 1.239992946589364e-16
-1.657274247402009e-01 -4.236441567286398e-17
2.642823063125361e-01 8.372381630320333e-17

210
3.753181935400888e-01 -3.443269686536400e+00
3.753181935400861e-01 3.443269686536402e+00
8.357368038330029e-02 8.911083030107024e-01
8.357368038330043e-02 -8.911083030107021e-01

214
3.753181935400933e-01 -3.443269686536401e+00
3.753181935400843e-01 3.443269686536402e+00
8.357368038330022e-02 -8.911083030107021e-01
8.357368038330108e-02 8.911083030107021e-01

228
3.191354373137001e-01 6.265904223734789e-17
-3.026738453236925e-01 6.231330102104045e-17
-1.947786569816727e-01 -3.792495007976948e-17
1.031313590019490e-01 3.786311307544839e-17

230
-5.686870468601920e-01 -1.034926658557279e+00
-5.686870468601922e-01 1.034926658557279e+00
-3.042130325223284e-01 -5.244299351804027e-01
-3.042130325223285e-01 5.244299351804028e-01

239
-1.858235811992801e-01 -2.125746675568053e-16
-5.336312399854337e-01 1.891749882122779e-16
-1.851251447339405e-01 1.446402766606607e-18
-7.517035134244268e-01 6.901022434957650e-17

