3.1913543731370042e-01 -2.2929162820219864e-61
-3.0267384532369235e-01 -2.6237387974794915e-61
1.0313135900194911e-01 -2.0036424707240256e-61
-1.9477865698167268e-01 -3.8448148711608145e-62
-3.0267384532369235e-01 -2.6237387974794915e-61
3.1913543731370042e-01 -2.2929162820219864e-61
1.0313135900194911e-01 -2.0036424707240256e-61
-1.9477865698167268e-01 -3.8448148711608145e-62
3.1913543731370042e-01 -2.2929162820219864e-61
-3.0267384532369235e-01 -2.6237387974794915e-61
-1.9477865698167268e-01 -3.8448148711608145e-62
1.0313135900194911e-01 -2.0036424707240256e-61
-3.0267384532369235e-01 -2.6237387974794915e-61
3.1913543731370042e-01 -2.2929162820219864e-61
-1.9477865698167268e-01 -3.8448148711608145e-62
1.0313135900194911e-01 -2.0036424707240256e-61
9.9597683294713135e-01 1.6169414418745007e+00
9.9597683294713135e-01 -1.6169414418745007e+00
4.7533710991433176e-01 -8.1985598459799625e-01
4.7533710991433176e-01 8.1985598459799625e-01
9.9597683294713135e-01 -1.6169414418745007e+00
9.9597683294713135e-01 1.6169414418745007e+00
4.7533710991433176e-01 -8.1985598459799625e-01
4.7533710991433176e-01 8.1985598459799625e-01
9.9597683294713135e-01 1.6169414418745007e+00
9.9597683294713135e-01 -1.6169414418745007e+00
4.7533710991433176e-01 8.1985598459799625e-01
4.7533710991433176e-01 -8.1985598459799625e-01
9.9597683294713135e-01 -1.6169414418745007e+00
9.9597683294713135e-01 1.6169414418745007e+00
4.7533710991433176e-01 8.1985598459799625e-01
4.7533710991433176e-01 -8.1985598459799625e-01
-3.8982962621138373e-01 -3.9426682319885098e-01
-3.8982962621138373e-01 3.9426682319885098e-01
-3.9377952248205966e-01 -3.1981937910520460e-02
-3.9377952248205966e-01 3.1981937910520460e-02
-3.8982962621138373e-01 3.9426682319885098e-01
-3.8982962621138373e-01 -3.9426682319885098e-01
-3.9377952248205966e-01 -3.1981937910520460e-02
-3.9377952248205966e-01 3.1981937910520460e-02
-3.8982962621138373e-01 -3.9426682319885098e-01
-3.8982962621138373e-01 3.9426682319885098e-01
-3.9377952248205966e-01 3.1981937910520460e-02
-3.9377952248205966e-01 -3.1981937910520460e-02
-3.8982962621138373e-01 3.9426682319885098e-01
-3.8982962621138373e-01 -3.9426682319885098e-01
-3.9377952248205966e-01 3.1981937910520460e-02
-3.9377952248205966e-01 -3.1981937910520460e-02
1.0619785708359508e+00 -1.0093891870042920e-61
-8.9490000256195731e-02 2.6049720935349728e-61
-1.6927635584599918e-01 3.5933090314143665e-62
3.0934508337536641e+00 9.0015722826345681e-60
-8.9490000256195731e-02 2.6049720935349728e-61
1.0619785708359508e+00 -1.0093891870042920e-61
-1.6927635584599918e-01 3.5933090314143665e-62
3.0934508337536641e+00 9.0015722826345681e-60
1.0619785708359508e+00 -1.0093891870042920e-61
-8.9490000256195731e-02 2.6049720935349728e-61
3.0934508337536641e+00 9.0015722826345681e-60
-1.6927635584599918e-01 3.5933090314143665e-62
-8.9490000256195731e-02 2.6049720935349728e-61
1.0619785708359508e+00 -1.0093891870042920e-61
3.0934508337536641e+00 9.0015722826345681e-60
-1.6927635584599918e-01 3.5933090314143665e-62
5.3392206933450398e-02 4.3125306071205965e-62
-2.9812942474155674e-01 2.9044342121980287e-62
-3.3584658335890208e-02 2.9573999137030320e-62
-1.9212688866398547e-01 7.6215026466849097e-63
-2.9812942474155674e-01 2.9044342121980287e-62
5.3392206933450398e-02 4.3125306071205965e-62
-3.3584658335890208e-02 2.9573999137030320e-62
-1.9212688866398547e-01 7.6215026466849097e-63
5.3392206933450398e-02 4.3125306071205965e-62
-2.9812942474155674e-01 2.9044342121980287e-62
-1.9212688866398547e-01 7.6215026466849097e-63
-3.3584658335890208e-02 2.9573999137030320e-62
-2.9812942474155674e-01 2.9044342121980287e-62
5.3392206933450398e-02 4.3125306071205965e-62
-1.9212688866398547e-01 7.6215026466849097e-63
-3.3584658335890208e-02 2.9573999137030320e-62
-4.1269561836728370e-02 -3.7377348372338026e-62
4.4118492429501954e-01 -1.4561980149594143e-62
-1.6572742474020094e-01 -4.4789317784820582e-63
2.6428230631253619e-01 -2.1249129482735716e-62
4.4118492429501954e-01 -1.4561980149594143e-62
-4.1269561836728370e-02 -3.7377348372338026e-62
-1.6572742474020094e-01 -4.4789317784820582e-63
2.6428230631253619e-01 -2.1249129482735716e-62
-4.1269561836728370e-02 -3.7377348372338026e-62
4.4118492429501954e-01 -1.4561980149594143e-62
2.6428230631253619e-01 -2.1249129482735716e-62
-1.6572742474020094e-01 -4.4789317784820582e-63
4.4118492429501954e-01 -1.4561980149594143e-62
-4.1269561836728370e-02 -3.7377348372338026e-62
2.6428230631253619e-01 -2.1249129482735716e-62
-1.6572742474020094e-01 -4.4789317784820582e-63
-3.2179218785916314e-01 -3.8295417604703041e-45
1.1567760644689609e+00 1.1559721154386710e-45
4.7787694873102033e+00 4.5597933883892053e-44
-1.9854913128553608e-01 -4.7503708142466701e-46
1.1567760644689609e+00 1.1559721154386710e-45
-3.2179218785916314e-01 -3.8295417604703041e-45
4.7787694873102033e+00 4.5597933883892053e-44
-1.9854913128553608e-01 -4.7503708142466701e-46
-3.2179218785916314e-01 -3.8295417604703041e-45
1.1567760644689609e+00 1.1559721154386710e-45
-1.9854913128553608e-01 -4.7503708142466701e-46
4.7787694873102033e+00 4.5597933883892053e-44
1.1567760644689609e+00 1.1559721154386710e-45
-3.2179218785916314e-01 -3.8295417604703041e-45
-1.9854913128553608e-01 -4.7503708142466701e-46
4.7787694873102033e+00 4.5597933883892053e-44
3.7531819354008694e-01 3.4432696865364014e+00
3.7531819354008694e-01 -3.4432696865364014e+00
8.3573680383300403e-02 -8.9110830301070221e-01
8.3573680383300403e-02 8.9110830301070221e-01
3.7531819354008694e-01 -3.4432696865364014e+00
3.7531819354008694e-01 3.4432696865364014e+00
8.3573680383300403e-02 -8.9110830301070221e-01
8.3573680383300403e-02 8.9110830301070221e-01
3.7531819354008694e-01 3.4432696865364014e+00
3.7531819354008694e-01 -3.4432696865364014e+00
8.3573680383300403e-02 8.9110830301070221e-01
8.3573680383300403e-02 -8.9110830301070221e-01
3.7531819354008694e-01 -3.4432696865364014e+00
3.7531819354008694e-01 3.4432696865364014e+00
8.3573680383300403e-02 8.9110830301070221e-01
8.3573680383300403e-02 -8.9110830301070221e-01
-5.6868704686019211e-01 1.0349266585572796e+00
-5.6868704686019211e-01 -1.0349266585572796e+00
-3.0421303252232829e-01 -5.2442993518040293e-01
-3.0421303252232829e-01 5.2442993518040293e-01
-5.6868704686019211e-01 -1.0349266585572796e+00
-5.6868704686019211e-01 1.0349266585572796e+00
-3.0421303252232829e-01 -5.2442993518040293e-01
-3.0421303252232829e-01 5.2442993518040293e-01
-5.6868704686019211e-01 1.0349266585572796e+00
-5.6868704686019211e-01 -1.0349266585572796e+00
-3.0421303252232829e-01 5.2442993518040293e-01
-3.0421303252232829e-01 -5.2442993518040293e-01
-5.6868704686019211e-01 -1.0349266585572796e+00
-5.6868704686019211e-01 1.0349266585572796e+00
-3.0421303252232829e-01 5.2442993518040293e-01
-3.0421303252232829e-01 -5.2442993518040293e-01
-5.3363123998543394e-01 -2.6879645614300112e-55
-1.8582358119928005e-01 2.9051581440586588e-55
-7.5170351342442698e-01 -9.5645260322285386e-56
-1.8512514473394062e-01 3.7008152069600407e-56
-1.8582358119928005e-01 2.9051581440586588e-55
-5.3363123998543394e-01 -2.6879645614300112e-55
-7.5170351342442698e-01 -9.5645260322285386e-56
-1.8512514473394062e-01 3.7008152069600407e-56
-5.3363123998543394e-01 -2.6879645614300112e-55
-1.8582358119928005e-01 2.9051581440586588e-55
-1.8512514473394062e-01 3.7008152069600407e-56
-7.5170351342442698e-01 -9.5645260322285386e-56
-1.8582358119928005e-01 2.9051581440586588e-55
-5.3363123998543394e-01 -2.6879645614300112e-55
-1.8512514473394062e-01 3.7008152069600407e-56
-7.5170351342442698e-01 -9.5645260322285386e-56
