0
-5.985651929058643e-02 -4.413111270299915e-01
-2.002791596719883e-01 -2.232397159743972e-01
1.043361976506485e-01 -3.737164559236831e-01
-2.037411650202203e-03 -8.595243713767091e-01
-3.202149328521206e-02 -2.269994567270205e-01

1
-4.744916636793279e-03 -4.850719009984496e-03
-2.108306433790975e-02 -1.657090180825719e-01
1.665305064124877e-02 1.612259385742646e-01
2.330185117827825e-01 -1.455215684409502e+00
1.099849082109494e+00 5.229447217255566e-01

2
-2.037751184827305e-01 -4.043377612241972e-01
-3.690991892587023e-01 -9.864402179988727e-03
2.262916129552957e-02 -5.413428985046514e-01
3.743377806567499e-02 -6.980114761011195e-01
7.270426242098012e-03 1.384267212995500e-01

3
2.917535518938424e-01 1.514476918524801e-01
2.201748376830309e-01 -1.181303594744844e-02
4.200106725969432e-02 1.967999466764165e-01
6.129393079648425e-02 4.580541964193153e-02
1.856578880654369e+00 -2.105292979354790e+00

4
8.512054307937353e-03 -6.550009803036365e-02
7.579978834956567e-02 -2.249165143935891e-01
-6.897693443210758e-02 1.617118653319878e-01
4.985061344065013e-02 5.636316349270369e-03
1.104782389625373e+00 -1.440659768171999e+00

5
-8.764582627057922e-02 -9.694629010132229e-02
-1.798875518016612e-01 -3.719762367189334e-01
-4.799505681162881e-01 -2.748076247444720e-01
1.095485816469954e-01 -2.037760515421739e-02
-1.691991428793321e-02 -2.361001555691229e-02

6
-1.195662202829690e-01 -6.214566595902402e-02
-2.777236764343482e-01 -3.056872057785087e-01
-4.094221839014711e-01 -3.612726209284776e-01
9.563942343557615e-02 -5.003747917946706e-02
-4.006624587618663e-03 1.153249636417380e-01

7
-2.397685563815251e-01 -1.827519215063139e-01
-5.854714646488831e-01 -5.769415616993865e-01
-2.543896917926204e-02 -1.146669085179066e-02
1.520197948453403e-01 -1.522728831135196e-01
-9.881360363087405e-02 1.895233187177245e-01

8
-2.675614707398222e-01 -4.728536675166387e-01
-4.000403172322205e-03 -4.331042696725014e-01
-3.652038244284523e-01 -2.112363414290030e-01
9.109782930698375e-02 1.477437435965657e-01
-4.583850848933642e-01 -8.852662098857754e-01

9
-1.328271117270297e-01 -1.508767119280641e-01
-5.701456505690525e-02 -7.485970337921559e-02
-6.675297983472299e-01 -5.174388288640673e-01
4.689215987512280e-02 5.039931731360331e-02
1.184005648565060e-01 -6.155809603134289e-02

10
5.282670201800929e-03 9.662768464361114e-02
-1.271729142428505e-01 2.440430713972833e-01
1.273973512575975e-01 -1.574247996060356e-01
-5.002980873952815e-03 -6.184684676325137e-02
1.654602290427083e+00 -1.293393177685920e+00

11
-1.641538268450544e-01 -4.682584238781336e-02
-2.958613593045339e-01 -1.815127297965972e-01
-4.017585459919401e-01 -5.459340829777366e-01
-5.988949853036299e-03 -2.704623517428962e-02
1.886472010972406e-02 1.363533233497866e-01

12
-2.550850385691856e-01 -4.895990186136051e-01
-3.578037956885462e-01 -2.223939733784078e-01
4.527836265741659e-03 -4.438497316700108e-01
8.383696956337251e-02 1.587051010281413e-01
-4.237060895796093e-01 -9.303382120064236e-01

13
-9.429893539685685e-02 -1.205134351814494e-01
-1.660076321402093e-01 -2.808686947721361e-01
-5.178105546050427e-01 -3.691665343623824e-01
-7.261423123868948e-03 -1.266553702041147e-02
1.181934183954206e-01 -1.869623704973076e-02

14
-1.074894882446665e-01 2.388491602445302e-01
-6.877037994333403e-01 3.401986834019235e-01
6.272332533417881e-02 -1.120910832162600e+00
2.859659439517764e-01 3.839453379269061e-03
-9.982225727413419e-02 1.028235699808474e-01

15
-2.106100817886127e-01 -5.056570231869918e-02
-9.517555585124278e-02 -2.007941920748597e-02
-6.473569584267257e-01 -6.407154287513208e-01
7.265000064897918e-02 1.715785757455372e-02
2.449774852605638e-03 1.429888314410472e-01

16
-3.777915177937479e-01 3.539555519155494e-01
-6.374754823269840e-01 4.758261251477869e-01
2.456537655393997e-01 -5.672272177332676e-01
9.552326382093379e-01 1.152152141911250e-01
1.749402953831742e-01 -2.637341568786564e-01

17
-2.586850111838910e-01 -1.873315795352911e-01
-6.338735699863962e-01 -5.989659157573151e-01
-2.835525915314309e-02 -1.580360948476200e-02
-9.949104614833199e-02 2.029874272253451e-01
1.567937491708228e-01 -1.652829067765788e-01

18
-1.419155927603843e-01 -5.570119029806113e-02
-4.231994869989822e-01 -2.003291807861703e-01
-2.981114750244309e-01 -5.479829071331506e-01
1.122285119948602e-02 1.324997804868271e-01
-2.386455544818673e-02 -2.809144263511617e-02

19
-1.951780858581363e-02 7.023972843220631e-02
-1.263438263812821e-01 2.332496063549648e-01
1.073017298265756e-01 -1.713446167522114e-01
5.287671622854898e-02 1.314086447653732e-02
1.496881661623320e+00 -1.346627414871860e+00

20
-6.153119950322368e-01 -4.449360570849736e-01
-4.984529158286469e-01 5.363675615163900e-02
-1.251249545078904e-01 -4.981415637909886e-01
-1.570211635984002e-01 -1.021034492980124e-01
1.913083353364262e-01 1.387306995204937e-01

21
-2.937889270801982e-01 2.103564630059096e-01
-1.411438128687050e+00 7.452146509564009e-01
7.691946450913404e-01 -1.472962596614327e+00
1.093176561284840e-02 2.482660420287132e-01
3.473538119394453e-01 -4.378626838170253e-02

22
-1.692295834178958e-01 8.660683378242419e-02
-3.497901806479172e-01 -3.048439827123508e-02
-1.511815755000082e-01 -7.692281154074315e-01
-4.520310972820461e-02 -3.393187445646426e-02
3.782310817253889e-02 -1.287738572827519e-01

23
5.465723150046272e-03 -3.539370328506774e-03
1.495050440911763e-01 -6.804424894895958e-02
-1.444298041392184e-01 6.473726534395222e-02
1.428025290562394e+00 -2.165027713244501e-01
-5.046239471299474e-01 -1.082006467992612e+00

24
-2.306718853763930e-01 -4.255010008317555e-01
-6.009966280896873e-01 -8.815581976717063e-02
2.076898012870861e-01 -6.010489427144347e-01
4.204790246261153e-02 -3.960215247960998e-01
-2.690431759008436e-01 -1.050961086381458e-01

25
5.128938158371194e-03 -1.043037507876493e-02
-9.458444453552067e-01 9.068091520873085e-02
3.937809500079580e-01 -8.655929581063559e-01
-2.321534405602717e-02 -2.174470110480440e-01
1.993854132700065e-01 6.357228570561307e-02

26
-1.659636888015826e-01 -2.490326360577233e-02
-1.003304273316658e+00 8.124181489436787e-02
5.216490884062055e-01 -7.557421765769421e-01
-8.140918297801478e-03 -2.321214835663257e-01
2.409575566156429e-01 7.122004953969543e-02

27
-1.045766623084992e-01 -1.744390768935978e-01
-1.093716537117654e+00 -7.185187404642404e-02
5.089771748104813e-01 -8.053266333134274e-01
3.791885132247150e-02 -2.445220693454196e-01
-2.529949245895226e-01 1.906873571041651e-01

28
-1.364477957976424e-01 5.037539523562997e-02
-4.507940881747620e-01 -1.414668674140447e-01
-6.010007027934010e-02 -6.333223330319433e-01
6.445562660187451e-02 -1.067417416229259e-01
-6.108575543469146e-02 -3.533041486488745e-02

29
-3.003489162548742e-02 7.055539148729212e-02
-1.562167052417942e-01 2.302087748443451e-01
1.280287505077075e-01 -1.683859625726501e-01
-5.351282911397158e-02 -2.237370362907615e-02
1.634175105732659e+00 -1.276863310907161e+00

30
-1.045925406791727e-01 1.093891390970469e-01
-5.831410638927694e-01 -1.673801479685435e-02
4.345647963896399e-02 -7.284881773257346e-01
3.059940123102492e-02 -1.529352314472801e-01
1.389382974815439e-01 8.476363666196277e-02

31
-4.945220115129949e-01 4.507994431321862e-01
-5.870241516256128e-01 -5.673204220426418e-02
5.733091639400905e-01 -6.187142914194789e-01
2.824925609344752e-01 -3.251980192706743e-01
-1.110965486633579e-01 -1.268188380838719e-01

32
1.290617586973568e+00 1.180721490309032e+00
1.557832317258810e+00 -3.114286129522214e-01
-1.586496138660802e+00 -1.626425536981423e+00
-7.859547579040463e-01 -8.889089309174368e-01
3.802992932796991e-01 -3.745120888242702e-01

33
-1.475558895476705e-01 1.264188312594626e-01
-5.859275867245359e-01 2.102315949953976e-01
4.942621325085862e-02 -9.208903495066330e-01
1.909447877159302e-01 7.924637396256265e-02
-3.249723177380506e-03 -2.043851695445621e-01

34
-5.933711374642965e-01 4.265929218474075e-01
-6.313756325671399e-01 4.371229898613019e-01
7.527002816557624e-01 -5.483910299565361e-01
5.967774968259251e-01 -3.181830838586722e-01
4.729569643989009e-01 -4.343914887793132e-01

35
-3.081820909901771e-01 2.554296328793595e-01
-1.290723348250684e+00 9.761562325561831e-01
7.118785639992256e-01 -1.661558956017594e+00
3.398091805752407e-01 -4.803656015083214e-02
4.182394080154101e-02 2.290337534144836e-01

36
-1.823603495010344e-01 -7.052702818471650e-02
2.446984111140295e-01 -9.118006343706646e-01
-7.885709871802147e-01 2.326345484782094e-01
-1.972543257828965e-01 5.187298438775010e-02
1.421900237184706e-01 -2.305953658787402e-01

37
-1.213255026324657e-01 -1.950033700561420e-01
-1.205335015925155e+00 -5.015895065975347e-02
5.552601900666683e-01 -8.646299758265839e-01
-2.735495119273863e-01 1.918885981564145e-01
6.072363405531610e-02 -2.548499148609458e-01

38
-7.129635741045967e-01 1.068955913774944e+00
-6.969885498332138e-01 -2.762070710624151e-01
1.035168712535504e+00 -4.917532521249100e-01
-2.055016290887383e-01 -3.731116995214482e-01
6.257196520727957e-01 -1.152923572673490e-01

39
-1.430938941543666e+00 9.939510946214604e-03
-2.212526736426316e+00 5.950003586775877e-01
3.541372824945459e-01 -1.308165153148312e+00
-7.096575435275213e-01 2.663992958944167e+00
5.562747886948087e-01 -1.555614673745891e-01

40
8.860903530028601e-03 -1.073818166297043e-02
3.541909589522129e-01 -8.629937202674058e-01
-9.252508732896486e-01 1.243306854233485e-01
1.131147948696277e-01 -1.812006739149518e-01
-1.952017970770767e-01 1.602802322150089e-02

41
-1.530856506434823e-01 -9.259689336167880e-02
-6.014538217611502e-02 -9.717884175792790e-02
-8.917465039114163e-02 3.563760994142080e-02
-3.570684088682886e-02 -1.024703585288026e-02
1.148596074948928e+00 -1.037332252664793e+00

42
1.451144492084364e-01 -1.107567852753034e-01
4.119763548073898e-02 -8.198171737914071e-01
-7.945298940756959e-01 1.324560538565484e-01
3.270168308461691e-03 -1.660762344226368e-01
1.185718483282587e-01 1.821739370407386e-01

43
-2.509412282011882e-01 -3.816871255036881e-01
1.645828399810801e-01 -5.968585006808115e-01
-5.963116057486086e-01 -3.096416600222687e-02
4.417088839366052e-02 -3.674255643010064e-01
-2.995885074744337e-01 -6.371791254666372e-02

44
-2.196141200764168e-01 -2.825099080200977e-01
-2.663543341237266e-01 -5.294818378662164e-01
-1.670676246307066e-01 3.174237357872474e-01
5.028644693575073e-01 -4.841169733391826e-01
2.479891458473860e-02 1.443901467139333e-01

45
-1.750538438302713e-01 -2.822497545170295e-01
-1.853252412795282e-01 -4.895889347985442e-01
-1.640636334852474e-01 2.492308042161915e-01
5.563674819745305e-01 -4.702740754154657e-01
-8.371399645798318e-02 -6.827661567075041e-02

46
-6.074647837551167e-03 -3.821713842058525e-01
4.228887168608368e-01 -1.473400532294297e+00
-1.303158467384934e+00 1.188539185727080e+00
2.149333630491555e-01 -1.201650805120563e-01
1.574748402606515e-01 2.943209497605069e-01

47
-4.033663470579086e-01 -3.524263965634279e-01
-1.178262786738091e+00 -1.466698246912597e+00
7.277457786077656e-01 1.018948011624516e+00
2.678373359352688e-01 -3.198764747019631e-01
-2.677671448503337e-01 3.083518877271910e-01

48
-1.106847550719472e-01 -4.872249381090999e-01
4.397398791996153e-01 -1.924553376122661e+00
-1.344762507901449e+00 1.825465457854715e+00
2.285017523777093e-01 2.998199826680541e-01
2.575124936969633e-01 -1.568327311177580e-01

49
-2.488997603818360e-02 -7.540769548185818e-02
5.387126149590968e-02 -2.280818888795975e-01
-8.086695359729441e-02 1.571486362659303e-01
1.812692270787425e-02 4.850506255387570e-02
1.107783395714079e+00 -1.413471898389483e+00

50
-1.431392216206867e-01 -2.330140666823257e-01
1.857070005342991e-01 -1.395174991428418e+00
-1.101903571592187e+00 8.384083830709550e-01
2.159446305444921e-01 2.491829839169033e-01
-2.832178805967329e-01 1.308172534591607e-01

51
3.965965780648014e-02 -2.147204911163201e-01
1.074116359848580e-01 -8.773113462813160e-01
-1.059818528106582e+00 2.233692728504234e-01
2.054619530283517e-01 1.711480030325571e-01
-2.345561934834425e-01 1.246111440444779e-01

52
9.386713462396071e-02 -1.059503005805955e-01
1.433347862709125e-01 -2.913144671059782e-01
-4.825027981232088e-02 1.862216931948827e-01
-6.673348478355468e-02 7.004085159746636e-02
1.172868013917119e+00 -1.773458840334913e+00

53
-1.098208796701334e-01 6.807665416246857e-02
-2.002395111329459e-01 1.939637412523693e-01
1.090782679631571e-01 -1.362333217077658e-01
7.650474504589282e-02 -4.262774833127329e-02
1.416016775399172e+00 -1.061644677620839e+00

54
7.697177058455693e-02 -1.806864293308210e-01
2.773409060413192e-02 -8.091059130933677e-01
-9.445226374023210e-01 5.418235879219965e-02
-1.912068911170761e-01 9.413543214072648e-02
1.628039238320005e-01 1.479930243991082e-01

55
2.390569002612872e-02 -1.739389872726627e-01
-4.666572971596603e-02 -5.965292189051150e-01
-7.299264079872418e-01 -2.162212628241579e-01
-1.283802170626356e-01 8.958495956716375e-02
-3.276097728760066e-02 -6.478289985681393e-02

56
1.108357741419984e-02 -6.807528357858272e-02
9.575832656490500e-02 -2.305761734848538e-01
-8.657474950504226e-02 1.648562262320383e-01
-5.152824358649419e-02 -7.086223098140401e-03
1.228036372789102e+00 -1.438101385831226e+00

57
-4.879701951799109e-01 -3.599834578323512e-01
-1.400803765873090e+00 -1.612425985867267e+00
8.897275903088750e-01 1.118613713833186e+00
-2.714862182368577e-01 3.687129393961997e-01
2.739830076335698e-01 -3.867585792391519e-01

58
-1.063706030214594e-01 -2.305510898955976e-01
2.426394541964174e-01 -1.367868690233788e+00
-1.157983815627505e+00 6.783859126291384e-01
-3.158077507331081e-01 8.543307379443085e-02
1.926122445553947e-01 2.960226696386483e-01

59
-3.153790208698894e-01 -5.701429515222868e-01
2.303425717392669e-01 -5.036139618906770e-01
-6.353927101002040e-01 -3.413274564387281e-01
-7.117676707131632e-01 -6.199291816577073e-01
1.135845129925318e-01 1.146397655987660e-01

60
-1.863670799084594e-01 2.204680563306142e-02
-1.085089020221589e-01 -3.319775353724333e-01
-5.260227074423498e-01 -3.865486488970938e-01
-3.076943787073139e-02 -8.004865652149264e-02
5.665101131434553e-02 1.455857309863934e-01

61
-2.843938933285840e-01 -4.079911621086196e-01
1.988926668619145e-01 -6.403735850275905e-01
-6.723223849165775e-01 -4.892880064465436e-02
-3.669139135978836e-01 -8.216830587629376e-02
6.186379450153504e-02 -3.586526477064852e-01

62
-3.904350393281495e-01 -3.995318653410831e-01
7.298641252861694e-01 -7.634186084379908e-01
-1.506111040479503e+00 2.642157389219100e-01
-3.329763839128123e-01 2.985372248606359e-01
2.358866050925777e-01 -2.876537876443943e-01

63
2.947271384110096e-01 1.589019313828433e-01
3.911681507283673e-02 2.013110098268199e-01
2.249875027177459e-01 -8.713016400768357e-03
6.186026883493334e-02 4.678976642756130e-02
1.926575964442870e+00 -2.114239457392303e+00

64
-8.751801192023531e-03 1.011295123964363e-02
3.594730353270034e-01 -8.467740531438115e-01
-9.137047632136801e-01 1.116237514993946e-01
1.156311314765808e-01 -1.824093946900606e-01
-1.882806821806311e-01 1.048710809889155e-02

65
-1.442703355075850e-01 -1.056102889152993e-01
1.007677918680014e-01 -2.801733735134344e-01
-7.445602976819227e-01 -3.081118451011822e-01
2.765753256958144e-02 -8.027471418598460e-02
1.278320160974302e-01 4.717913007179773e-03

66
-1.996912530594276e-01 -3.769418496216230e-01
1.101711683703138e-02 -5.018577809635272e-01
-3.440285297978583e-01 -1.161042639245924e-02
2.702433915831234e-03 -6.665978088696904e-01
3.078732340370194e-02 9.954418242456080e-02

67
-2.095665048817765e-01 -3.930612600472935e-01
5.283694272386897e-01 -5.547390371916034e-01
-1.297302735321381e+00 2.153515504330761e-02
1.937247545796582e-01 -1.677158126986446e-01
-3.149361189723598e-01 1.959669199255903e-01

68
-1.796241353170200e-01 -5.629903018571886e-02
2.193601599745992e-01 -8.844389181680455e-01
-7.247748824106597e-01 2.446713641939300e-01
1.176565067408635e-01 -2.135237367473554e-01
-1.670884975652805e-01 5.920537974598689e-02

69
-1.977833297410877e-01 -1.854408726142523e-01
2.412983485453899e-01 2.177746752500267e-01
-1.002008009091431e+00 -6.971539532063677e-01
1.356666017136191e-01 1.264503217527988e-01
1.385197990862427e-01 -1.518160084123079e-01

70
-2.635119411378749e-01 9.719064529404730e-03
3.148186703343581e-01 -2.491557831514557e-02
-1.057165142798699e+00 -5.339442263774902e-01
1.799329583480340e-01 -9.003960067205824e-03
6.992480745398720e-03 1.976419243116027e-01

71
-1.146014544159480e-01 6.102391408273408e-02
1.241090722824355e-01 -7.407694956952872e-01
-6.835374004450451e-01 1.472085425723229e-01
6.772428017583211e-02 -1.848566388689024e-01
1.457653771234132e-01 1.304602815177071e-01

72
-1.587403565469528e-01 5.130931003941298e-02
-1.204644736618022e-01 -4.318651099975551e-01
-5.372985867379050e-01 -2.842792779535676e-01
7.687490993081172e-02 1.260215700822699e-01
-5.606704197197044e-02 -6.185802176705037e-02

73
-1.801310056869021e-02 -5.181461869532614e-03
1.638722560841933e-01 -8.686976398677548e-01
-8.322344218190457e-01 2.916980787775016e-01
1.358118248288997e-01 1.594843853131890e-01
7.567714439004110e-02 -2.191022735063989e-01

74
-1.614359269634138e-01 1.197200142391041e-02
-2.808044392156629e-03 -4.097809948214580e-01
-6.874235879737316e-01 -2.169071509451176e-01
4.476652836924153e-02 1.438496100915811e-01
1.066182456111511e-01 -7.855319233853093e-02

75
2.360235074091185e-01 2.084727747900367e-01
1.099323384146386e-02 2.366156360350441e-01
1.873972848834928e-01 -7.105421557871797e-03
-7.482437759549362e-02 -6.532933618563862e-02
2.191308662175463e+00 -1.786598450840031e+00

76
5.218541919729760e-03 4.952253575993722e-03
-1.667757275144821e-02 -1.645465535263382e-01
2.146278729843604e-02 1.691369150939618e-01
2.427874007655380e-01 -1.481685436733167e+00
1.117001718541451e+00 5.378831024516937e-01

77
-1.141024040111272e+00 5.472950254503263e-02
2.055695522624035e-01 -1.059002562451540e+00
-1.732060456781761e+00 5.703245014745234e-01
-5.029522220292066e-01 2.101918190702069e+00
3.802284044246212e-01 -3.156037744911044e-01

78
-3.203450583639533e-01 3.468530029886190e-01
1.893359578722512e-01 -5.318752939263792e-01
-5.481784471795755e-01 4.728888493405926e-01
8.768904517951732e-01 4.902011961274073e-02
1.337954422228678e-01 -2.621169132323353e-01

79
-3.330037096771266e+00 -1.515538616574637e+00
1.880386278932234e+00 -2.328866488813041e+00
-5.399467446175602e+00 -9.738854034305667e-01
-5.496491612143882e+00 5.751058755717260e+00
-1.127853186426003e+00 -7.058186323348484e-01

80
5.531212238154266e-01 5.562530131559795e-02
2.124736183295519e-01 7.835484672541861e-01
-1.452272270807522e+00 -2.021695682618912e+00
-5.714109136413136e-04 2.437313952837415e-01
-2.771066990448244e-01 1.676813625820912e-01

81
2.839058166791315e-03 1.675800945000162e-02
-9.317521191464793e-01 1.354482108741293e-01
3.464245652855844e-01 -8.742294914800433e-01
2.024932143918009e-01 7.452056067893126e-02
-1.390798381419254e-02 -2.363940478059650e-01

82
-1.139766677444524e-01 -8.336061133428704e-02
-3.450629667763503e-01 -2.637478489439529e-01
-3.832811068048992e-01 -4.206353283835120e-01
-1.573861243160121e-02 1.176216400125470e-01
1.072890772722609e-01 -4.483033960010770e-02

83
3.002632316210110e-03 6.083983991694903e-03
-1.502746302997270e-01 6.471704541524109e-02
1.530260236681015e-01 -5.906377846754640e-02
1.458425539904218e+00 -1.639389080055166e-01
-4.687210504979867e-01 -1.118269458660665e+00

84
-3.902122260822710e-01 4.729958143942561e-01
4.778126946934652e-01 -6.356737248398693e-01
-5.491525444702715e-01 -1.534271666875937e-02
2.474042020761316e-01 -3.405519290500513e-01
-1.411132432466103e-01 -1.257313346864239e-01

85
1.160548020527397e-04 1.941534185446011e-02
-1.178620046108834e+00 -1.865182252316543e-02
6.037728629858834e-01 -1.011636555742482e+00
-2.367100455744988e-01 1.306909270947185e-01
3.605529838717884e-02 -2.590022148696145e-01

86
-1.211140686142786e-01 9.240054816401917e-02
-2.985076994879675e-01 -1.949449718434167e-01
-2.197784993159405e-01 -6.220756623950700e-01
-6.469473707692841e-02 -4.240383180211652e-02
4.221759025819986e-02 -1.024743460608659e-01

87
-6.952694010315028e-02 1.880485264859764e-01
-8.305208176859974e-01 -1.750239553803168e-01
2.220850512296392e-01 -7.436236139277157e-01
-1.810163594199522e-01 6.480312286969003e-03
1.938561121694506e-01 8.876566017499199e-02

88
-4.751192287604745e-01 7.549819818688365e-01
5.767462786341437e-01 -9.597736782667727e-01
-2.157385593049260e-01 4.818395757086908e-01
1.506014765276744e-01 -5.359139934392879e-01
3.598861699818068e-01 -4.085566187464227e-01

89
-5.963047828518654e-01 4.012001682958584e-01
-6.571400661388829e-01 4.115285393420670e-01
7.496832575157193e-01 -5.172755040815067e-01
4.544195491786432e-01 -3.560862483909570e-01
6.515985403901470e-01 -3.478499009396032e-01

90
-4.521085499531879e-03 5.133051794786776e-03
1.625339081944048e-02 1.727074220104640e-01
-2.040441554749532e-02 -1.679692179649689e-01
2.525878488615733e-01 -1.510548332452294e+00
1.137847480136569e+00 5.510919900525704e-01

91
-5.380587067930086e-01 -1.453471762589344e-01
-7.749344819423475e-01 -1.378059652568893e-01
5.173038441291123e-01 2.818139344064757e-01
1.131150431331558e+00 -3.783841131490390e-01
-1.533726477859294e-01 1.224291791265059e-02

92
-2.132212620996324e-02 -1.910211863505677e-03
-1.117329346990136e+00 -3.411985072350649e-02
5.905897283916760e-01 -9.501243405732545e-01
8.948349754614017e-03 -2.595972606752248e-01
-2.256496032974841e-01 1.615047098094670e-01

93
-8.369671873833558e-02 1.780335576151625e-01
7.279377434921895e-02 -2.093139141333046e-01
-5.646265092171887e-01 -6.394514365994358e-01
5.336534742688993e-02 -1.200878941586746e-01
-1.298941659442313e-01 -5.794998679948279e-02

94
-4.579829142823679e-01 8.132586895322655e-01
-2.139777637013899e-01 4.001132564717617e-01
5.569925175336680e-01 -1.006647761845298e+00
4.220725921756028e-01 -4.021931050150173e-01
9.615263044972652e-02 -5.782651731248907e-01

95
1.418382728646813e-03 2.455805326998213e-01
-3.366082093537977e-03 8.713906003677512e-02
-5.553942968526714e-01 -9.008405016477949e-01
-3.534464864120634e-04 -9.213415886689134e-02
1.607749806284296e-01 -3.019925318388984e-02

96
-4.804916398387285e-02 1.843803884613633e-01
-7.370686309352851e-01 -1.657404968235560e-01
1.198162795050987e-01 -6.877039237979747e-01
1.829546247464177e-01 5.849084864355376e-02
-1.603497478092871e-01 1.524769222910187e-02

97
2.470116977244968e-02 -1.367909431928759e-03
-1.166379781967472e+00 2.998262515818924e-01
3.266975792700164e-01 -1.158702036904119e+00
2.624000901581391e-01 7.422793860098000e-02
-2.271797734114523e-01 2.211504120904472e-01

98
-5.572488478279027e-02 1.285233866572817e-01
-4.213992272003789e-01 -1.261219690086138e-01
-1.552125072640668e-01 -6.312365737572944e-01
1.258096321220744e-01 3.763879277004320e-02
3.384568501585914e-04 -1.190079268832526e-01

99
-2.296042087007442e-02 3.542889627723326e-03
-1.125432938587936e+00 2.959861872384296e-01
3.093276430842025e-01 -1.121803501295781e+00
2.667262492494539e-01 6.733945236752892e-02
-2.077843315743177e-01 2.179881782037751e-01

100
2.139876182232724e-01 -2.582432643445121e-01
1.108289522035855e-01 -8.639544321458038e-02
-1.020042562581868e+00 -8.352631340868449e-01
-6.787669969414216e-02 9.591366852594975e-02
-1.936807739079239e-01 -9.911170973657989e-02

101
-1.481200350858836e-01 -7.213358528478235e-02
-3.981547011206536e-02 -9.689594723022088e-02
-1.009467215969456e-01 5.149978326164329e-02
4.649790253301087e-02 2.088556981898318e-02
1.084950966197511e+00 -1.084541171587274e+00

102
-5.231100306888224e-01 5.026306958307275e-01
-6.100525293320214e-01 -7.060685470225493e-02
6.267939925773562e-01 -6.613966296301816e-01
-1.263595079873903e-01 -1.573339269646947e-01
3.259902499114798e-01 -3.520987195100729e-01

103
1.082210761680787e-01 3.271758021278304e-02
-6.085988207096327e-02 2.096635251939134e-01
1.623769241456323e-01 -1.726722001302670e-01
2.711836018831829e-02 -7.070893806747791e-02
1.515736753479614e+00 -1.579390473869278e+00

104
-5.272958796217544e-03 1.423833249496383e-02
-1.220480976113319e+00 2.461309438689667e-01
3.969323574302776e-01 -1.181213391811045e+00
-2.129249003628250e-01 1.900184934656231e-01
2.355212310400235e-01 7.555646683074886e-02

105
-1.643871797133285e-02 5.262400568946365e-02
1.079181722702350e-01 -1.636074914308407e-01
-1.235602680114646e-01 2.104781245274589e-01
1.048287441856639e-02 -3.402163273449972e-02
1.435811808720878e+00 -1.282073706801089e+00

106
4.799954798312709e-02 1.955379093467275e-01
-1.201756331902997e+00 -3.950261010427174e-01
7.991503466637213e-01 -7.132871998774297e-01
-3.051339811008235e-01 2.463202126466846e-02
8.705644715238951e-02 -2.997465560475379e-01

107
-4.459017691285363e-04 -1.895897874690534e-02
-1.184788349612681e+00 1.103487440414739e-02
5.813414992996534e-01 -1.031832244742019e+00
-2.370541058609169e-01 1.456116494115316e-01
3.170279056084904e-02 -2.547008034932894e-01

108
3.507246285316062e-01 -6.583968675655615e-02
1.373868959877319e-01 1.300610580123146e-03
-1.176489178253813e+00 -9.986598632789543e-01
-1.253522835170853e-01 3.382357740185822e-02
5.415475337401036e-04 2.274840459415824e-01

109
-7.487015801792689e-02 -3.842701248734339e-02
5.163669027550588e-02 -1.581352939113708e-01
-1.218229789812838e-01 1.276724644609321e-01
2.485586992114388e-02 -4.937961526560879e-02
1.187022230309882e+00 -1.161104056577387e+00

110
-1.236963972755981e+00 1.719660406426002e+00
-2.058949046909760e+00 -1.711406700928101e+00
3.090999637479955e+00 8.515386320229978e-01
-6.831355512353001e-01 -8.053149636809602e-01
1.172754203638117e+00 3.365307536980067e-01

111
1.174396308411118e-01 4.726978447216866e-02
-5.862792980207204e-02 2.508713148487134e-01
1.672749525664712e-01 -1.993485003178208e-01
-3.183113176608390e-02 7.898135478542605e-02
1.632074671539359e+00 -1.793734685194997e+00

112
6.498195610489027e-01 -5.103392484782379e-01
1.133086031856274e+00 1.078669439734324e+00
-2.384230896220557e+00 -2.402777865799160e+00
-4.943366543506282e-01 -4.236932194306439e-01
-2.104703727530542e-01 4.565165991411332e-01

113
-8.895410205543117e-02 -2.996259730821769e-02
5.542985944179866e-02 -1.703752549513907e-01
-1.371020485471496e-01 1.486341639801509e-01
-2.281037200354159e-02 5.916621838368149e-02
1.256299495831593e+00 -1.266844732924382e+00

114
-8.529326072930066e-01 1.669331296591093e+00
-2.252810131612110e+00 -1.191366900779804e+00
2.960328468688814e+00 3.785682121895649e-01
1.084195958150998e+00 1.625506413417689e-01
-7.385350803342972e-01 -6.166619641329204e-01

115
-5.899399955381165e-01 -3.704970420124768e-01
-1.542644659901889e-01 -4.705795357459430e-01
-4.654165602373539e-01 1.010954252276435e-01
1.885872297884031e-01 1.119367153976956e-01
-1.671973197537057e-01 -8.359703077437831e-02

116
4.838309618889869e-03 -5.177078658817350e-03
2.404242499342147e-02 1.675838211650688e-01
-1.953071175696211e-02 -1.723820573937066e-01
2.249052823004120e-01 -1.519248314118391e+00
1.152276172129745e+00 5.326816869912502e-01

117
-8.318822897038655e-03 2.333464143241144e-02
-5.256296083364279e-01 6.010169075833830e-01
5.178916283892838e-01 -5.795380153202775e-01
5.922567668297932e+00 -3.810658504344853e+00
-5.924338844833709e+00 3.815655021353809e+00

118
-1.816222648802187e-01 -9.510546490248956e-03
-1.010831824091768e+00 1.998464361814531e-01
4.933736675521578e-01 -8.371660438908933e-01
2.430949354987062e-01 6.867339596948568e-02
-9.037217711274522e-03 -2.389774686083917e-01

119
2.965425255640512e-04 -1.354229776794875e-03
-3.923060025771893e-02 6.870474096270160e-02
3.950283490530108e-02 -6.996159061304100e-02
5.072861001763109e-01 -5.022620445977958e-01
7.434169301796884e-01 -7.358853508404253e-01

120
-7.471959257301158e-02 -4.422470564132829e-01
1.002065813786828e-01 -3.735760190636506e-01
-2.149633100150694e-01 -2.263245707840600e-01
-4.061139747945824e-02 -8.526618378053280e-01
-5.333855908507704e-02 -2.096721478050894e-01

121
-1.668040084108110e-02 -1.056941994162333e-02
3.792065077731300e-01 -8.826897810458475e-01
-9.519625567024959e-01 1.135922759662652e-01
-2.204613406343787e-01 -8.132254977579346e-03
1.516002376402145e-01 -1.975879050418167e-01

122
-5.564332252392601e-01 1.073101900845437e+00
8.591943654290310e-01 -6.125927905268733e-01
-6.587867301048212e-01 -1.286981078437898e-01
-2.131548063834288e-01 -3.281480555102002e-01
5.560297756667962e-01 -1.885073571310097e-01

123
-1.607708410555041e-03 1.561397810414952e-02
3.261949679834931e-01 -1.113910078000120e+00
-1.129050664050493e+00 2.755625432303222e-01
-2.673980024878062e-01 1.692206240346189e-02
1.213974153835743e-01 2.349913645483710e-01

124
1.105694402123289e-02 -4.565760482327761e-02
-8.296208737638130e-02 1.765483382572928e-01
9.286527154621348e-02 -2.201421283854607e-01
3.399253795901363e-02 7.943886919086417e-03
1.246680517938753e+00 -1.474808158735571e+00

125
-4.721993481565902e-01 -9.762969104580711e-01
1.476486635240318e+00 4.155583802202754e+00
-2.820345173123658e+00 -3.926741199828863e+00
5.622281337554994e-01 -3.763133747882210e-01
5.142659565615583e-01 5.272052535003667e-01

126
-4.405066017035248e-01 7.545360053388207e-01
5.384356753824543e-01 -9.593176268579360e-01
-2.058872999711439e-01 4.879183787832917e-01
3.482120155359303e-01 -3.958206444003100e-01
1.398161417762825e-01 -5.515651511417756e-01

127
-3.585761508398015e-01 1.530153710600579e+00
2.516341658742201e+00 -5.020721150940340e+00
-2.037536228063343e+00 4.264435659830690e+00
-9.119459640749714e-01 -4.510115704862976e-01
1.118112864642238e+00 -4.841564940965699e-02

128
-5.648087204434075e-01 -7.569545204836241e-02
5.629722236802908e-01 2.135812405980218e-01
-8.026721283329009e-01 -3.710646711627349e-02
1.092994895161308e+00 -5.198806252541126e-01
-1.377224315611610e-01 1.192195429669913e-02

129
-2.949893161513363e-01 -6.897961106497956e-01
5.715369473784239e-01 2.763779793708287e+00
-1.848786349627639e+00 -2.858430227392321e+00
3.541578896805334e-01 4.535373484643374e-01
4.272879158267869e-01 -2.960083609715989e-01

130
-6.162689065185660e-01 -4.247172797657671e-02
6.908233446999402e-01 2.589082326551476e-01
-8.869650356536820e-01 5.801590396629562e-02
8.689623611172744e-01 -6.458399257268608e-01
3.880881619977838e-01 1.068679785157200e-01

131
-4.172840038577091e-01 3.589424577727237e-01
1.829670746825189e+00 -7.155910965338212e-01
-2.390836037985039e+00 4.407829560806302e-01
3.183218049275914e-01 -1.611835778168417e-01
2.098263781892988e-01 2.807087676517507e-01

132
6.513892926350051e-01 1.305127832654887e+00
-7.978961744511457e-01 -1.672176532561349e+00
1.247090970015485e+00 1.432558353695927e-01
-4.043515642348584e-01 -8.832215583189038e-01
3.998483861681572e-01 -2.541554126565777e-01

133
-5.809665909196980e-03 3.660153284470401e-03
1.445645658869026e-01 -6.244420837853497e-02
-1.499186189306989e-01 6.579517084325799e-02
1.421156794623278e+00 -1.939124989511876e-01
-4.838719646290851e-01 -1.080546262473789e+00

134
-4.758123271256521e-01 4.769136718848208e-01
6.041155476913130e-01 -6.171866096274055e-01
-5.097256374841389e-01 4.608765525463981e-01
4.827087215055442e-01 -3.470230675922231e-01
3.652959922406306e-01 -4.174426049049473e-01

135
-3.649316160086418e-01 4.325633734699004e-01
2.101158867717873e-01 -5.697474602553899e-01
-5.926857919624368e-01 5.991813024239180e-01
1.227953740670312e+00 -1.019453327003845e-01
-1.215212347057501e-01 7.184821609863266e-02

136
-8.064218187309366e-03 1.493973011972656e-02
2.283539779022862e-01 -1.086431337039173e+00
-1.056775736941202e+00 3.447535981159791e-01
1.635024042438885e-01 1.970558954301150e-01
-2.544473779560581e-01 6.925641939560485e-02

137
-2.067404024030003e-01 1.155736483744081e+00
1.403107072714828e+00 -3.915408043294602e+00
-1.212608829837351e+00 3.311559438031434e+00
8.130572881567734e-01 -7.381558695144229e-02
-7.236417288127491e-01 -3.132903195369574e-01

138
-3.059629891061313e-01 4.926809955444246e-01
1.763948764745791e+00 -1.462814994172764e+00
-2.239804863665825e+00 1.158039176968303e+00
2.760243315966345e-01 1.835399713150565e-01
2.724894999473246e-01 -2.109746277279516e-01

139
-1.434113350735445e-02 4.572420146968800e-02
1.002601794756474e-01 -1.722685882494242e-01
-1.137836769780102e-01 2.132000742232886e-01
3.385643486252171e-02 1.020418934474810e-02
1.388626149851747e+00 -1.345200421989848e+00

140
-5.972242305128577e-01 -4.055990194495134e-01
-1.330711651171501e-01 -4.694019528519793e-01
-4.723206535197461e-01 6.575072908286198e-02
-1.524822579521282e-01 -9.043403902541926e-02
1.860005040989573e-01 1.211665346450505e-01

141
-8.910074329820385e-02 1.554435980259622e-01
1.473710907614166e-01 -8.236066971096758e-01
-8.234208653279259e-01 1.073720057899246e-01
2.068268691396193e-01 1.072073974074586e-01
-1.817618422440184e-01 3.385457892226707e-02

142
-2.942723946346316e-01 1.584049643423021e+00
1.231384344863575e+00 2.061524642112437e-01
-9.132230101034884e-01 -1.307779354856020e+00
6.091446256259571e-01 -1.253639516280108e-01
-5.822999288282610e-01 -6.084149708359848e-01

143
-6.894688567258826e-02 2.740550655114640e-01
-3.753543864758576e-01 1.827239407624960e-01
-2.058007564675525e-01 -1.044489037396989e+00
-9.921939216721103e-02 -9.308152926876113e-04
2.372428923022934e-01 -2.497572984621697e-03

144
9.978236580526451e-02 2.469184375680957e-01
6.494708001709253e-01 -1.366961767461686e+00
-1.327846068679261e+00 3.568533777312186e-01
-3.477271384057903e-01 -8.572301300168138e-02
6.871987879306250e-02 2.234260852603169e-01

145
-4.162195525054778e-01 5.191441122286582e-01
5.193355540787619e-01 -6.811085242328737e-01
-5.723614886893119e-01 -2.415543820393211e-02
-1.555407133209044e-01 -1.470601155259723e-01
2.778644310034573e-01 -3.714666427706062e-01

146
-1.625776912154566e-02 1.461350882446472e-01
4.245561940294244e-02 -5.640181802014235e-01
-6.017797512626994e-01 -3.294758315802910e-01
-1.221142601524805e-01 1.769026332712622e-02
-2.712506348517074e-03 -1.373260282699281e-01

147
1.348116761637659e-01 2.065152390214889e-01
-3.638463902384220e-01 -6.997765847705084e-01
-2.827581801443714e-01 -2.218292139371220e-01
-1.491519960054066e-01 1.112537309010628e-01
1.653122542816346e-01 -1.059051885673804e-01

148
-1.044414505747746e-01 1.480105398336498e-01
1.428647516458374e-01 -8.062534966066229e-01
-7.965111673274161e-01 3.590492574417240e-02
-1.633505956535204e-01 1.327275013947075e-02
1.880075430913220e-01 1.093613387316225e-01

149
-3.383055844202459e-01 2.631802498492922e-01
-4.496124484691088e-01 -9.718191435183400e-01
1.425196522746501e-01 2.220900759021299e-01
-1.308342217092971e-01 -2.636014486072802e-01
1.498081615083053e-01 1.815333709798700e-01

150
2.728700209135370e-01 -9.629148115039694e-02
-3.239141529695883e-01 1.028114216904691e-01
-4.520835872019623e-01 -1.160273652484460e+00
-1.847697139187642e-01 6.356918266687435e-02
-6.402689060839269e-02 -2.007733721523493e-01

151
-4.808650855146726e-01 4.492605718201187e-01
6.031627696949258e-01 -5.825101797200863e-01
-5.408304979686118e-01 4.431928205522188e-01
3.658103190528212e-01 -3.654037443813184e-01
5.323579536854328e-01 -3.611910415440720e-01

152
-3.071769917905584e-01 1.032719314473457e+00
8.240277923924018e-01 -6.910540082807264e-01
-7.490439228635982e-01 -6.406684607693852e-02
5.139719945411376e-01 -2.428128511672443e-01
-2.755203580341674e-01 -2.348901133834102e-01

153
-4.036434363575659e-02 1.592871025266677e-01
7.781562555602048e-02 -4.128637344586323e-01
-5.939140661485867e-01 -4.523684729981559e-01
2.442119078298428e-02 -1.352213581543816e-01
-1.307939532072740e-01 -1.217864588726348e-02

154
-4.034247473240665e-01 1.339500806729425e+00
-5.504723911184515e-01 -1.423001993475484e+00
1.005714394022100e+00 4.477175828580987e-01
4.903403437139887e-01 -2.363312392499613e-02
-4.397082039480728e-01 -6.510960047411493e-01

155
3.804059123712606e-02 1.445680355178436e-01
-5.093665354138528e-02 -3.365653324493196e-01
-5.155690830071763e-01 -4.677550533136221e-01
-3.033513118873965e-02 -1.149209575589137e-01
1.203266969597277e-01 -1.949270867552987e-02

156
2.265688305670421e-02 3.221423464320302e-03
-1.148468421090491e+00 -4.550064429592365e-02
6.162293834820647e-01 -9.710839642754634e-01
4.691619204229410e-03 -2.660689462712079e-01
-2.433339404647165e-01 1.590483143326370e-01

157
1.283908483902144e-01 1.937467747910898e-01
-3.478683181492194e-01 -6.665904817617849e-01
-2.650502385537862e-01 -2.030614320202239e-01
1.548549371117658e-01 -1.009254960289431e-01
-1.397788287018666e-01 1.056470079107398e-01

158
-1.110103327592618e-01 6.973428545250225e-02
1.166969265445966e-01 -7.597430634018351e-01
-7.166647294585728e-01 1.967655942170044e-01
1.666954596443384e-01 1.416001718796376e-01
7.050658200180061e-02 -2.112569101853409e-01

159
4.413862224861842e-02 1.141860500314305e-01
-1.117796816444653e-01 -4.484872205750377e-01
-4.721666461790680e-01 -3.350066971946896e-01
1.046482391676530e-01 -2.717124486761987e-02
-4.312880227822317e-02 -9.945988833673471e-02

160
-6.138866283329226e-01 -4.094598120726489e-01
-4.958814884333076e-01 9.459889519517005e-02
-1.490558828971221e-01 -5.019090708802638e-01
1.960400040872115e-01 1.252808365686504e-01
-1.736095398167940e-01 -8.917216457365713e-02

161
-4.504171039468615e-01 4.505783859654465e-01
-7.215311669383845e-01 6.188816963285049e-01
2.836655199475383e-01 -6.166933038673277e-01
1.400942329285304e+00 4.303191035753326e-03
-1.663288030747436e-01 7.968354776379721e-02

162
-3.107344524348811e-01 2.990736348385352e-01
-5.446140331182682e-01 -9.374254426245540e-01
1.806029027129496e-01 2.046674886298503e-01
1.687415124056507e-01 1.666217952134917e-01
-1.587418081696263e-01 -2.509228820129837e-01

163
7.323601849343735e-01 1.239337546679084e+00
-8.876632155921014e-01 -1.553559163212215e+00
1.182080237078272e+00 7.372207423776170e-02
3.555677709785082e-01 -2.939447186218038e-01
-4.743607970925277e-01 -8.140331792468851e-01

164
1.540251367268626e-01 4.070382298587748e-02
-5.167752523456355e-01 -2.748540456800091e-01
-2.590417746956840e-01 -7.092520455174207e-01
-2.982844059188169e-02 1.411685667773534e-01
-1.284665847887586e-01 -5.404349996274166e-02

165
-1.845247565636518e-02 4.593959041794744e-02
1.133542172198832e-01 -1.708745498466434e-01
-1.305298798698974e-01 2.119215112886659e-01
-3.409337234033709e-02 -1.364099577699973e-02
1.474266000528748e+00 -1.309440780418487e+00

166
1.604247023474324e-01 1.147805154237012e-01
-4.725143330790795e-01 -4.807587824864034e-01
-2.401085803784514e-01 -4.308143265926609e-01
-9.035833839697915e-02 1.376561103521114e-01
1.024955159483700e-01 -1.117850875716543e-01

167
2.032639172285847e-01 1.009654002156975e-01
-1.321102849938784e+00 9.243587717111408e-03
7.518399621003113e-01 -8.966302354101169e-01
1.765720716595006e-01 9.726741122779180e-02
-2.663693636931927e-02 -3.112751168546463e-01

168
2.537376853829888e-01 3.121524695527255e-02
-2.857233470235367e-01 -4.969416389253632e-02
-5.832668334039673e-01 -1.013208085129173e+00
-1.701305821337067e-01 -2.226260518126111e-02
-1.762071644810589e-02 1.905151676853067e-01

169
-9.368902105205282e-02 1.137663489919636e-01
1.128216142218820e-01 -1.429763359654026e-01
-1.934394164712986e-01 2.343476683269108e-01
6.538649646601759e-02 -7.968375765824305e-02
1.454172471140746e+00 -1.014670000650978e+00

170
-5.945591950225985e-01 1.223033335987668e+00
-5.440869726824805e-01 -1.626264145558803e+00
1.087691264028674e+00 6.479237556565725e-01
-4.095180776532730e-01 -6.931795053118696e-01
5.043628805964468e-01 1.093739112889684e-01

171
1.266071497553459e-01 -1.689058890929692e-01
-8.291546941575367e-01 2.330253065285975e-01
2.821237007284411e-02 -9.754792752190048e-01
1.970397891056117e-01 1.654087456214673e-01
-5.419848139143802e-02 -1.992273419414281e-01

172
-4.841237066236661e-01 1.122480698125004e+00
-8.571518831334697e-01 -2.922946670112030e-01
1.109167210519724e+00 -5.194147384111969e-01
6.212735089006833e-01 -1.520278631664371e-01
-3.182924741063502e-01 -3.181775600123100e-01

173
4.386382730705222e-02 1.802018622903551e-01
-1.092134577375589e+00 -3.645786442285934e-01
7.181530463566144e-01 -6.759699751948691e-01
6.654053059978821e-02 -2.887662454532356e-01
-2.847228286884727e-01 3.866351273514883e-02

174
-4.293007179445096e-03 1.044458745617822e-02
-9.388895235756618e-01 7.695074435445408e-02
4.021042939531856e-01 -8.526555414630649e-01
-1.932798270250450e-02 -2.193554512051908e-01
1.982877197280224e-01 5.990392909411616e-02

175
4.681005753200976e-02 -1.412909746502229e-01
-5.405369887626052e-02 1.751465006767169e-01
9.840629354720751e-02 -3.183032800126790e-01
-3.245315164124214e-02 9.848443151782404e-02
1.090834400648708e+00 -1.736195643749663e+00

176
1.766346644017795e-01 1.075095098438405e-01
-1.242319233678636e+00 -1.099076394069830e-01
7.443691507865506e-01 -7.897149315939720e-01
-1.808935178470326e-02 -2.982067900662136e-01
1.757131224175621e-01 9.369611634385266e-02

177
1.579559907932652e-01 1.070164377195387e-01
-4.351468181414932e-01 -4.612649152536543e-01
-2.400029002365053e-01 -4.186890086531712e-01
9.605295672087545e-02 -1.100163023092413e-01
-8.436702358743316e-02 1.352408759158422e-01

178
1.641005894576640e-01 -1.756595084983503e-02
-5.608428171595697e-01 -1.892015906108786e-01
-7.435225518877282e-02 -7.501241054789033e-01
2.766979820060714e-02 -1.230000443893911e-01
-1.476911497048283e-01 -2.018492689343527e-02

179
-5.192584366969923e-01 7.963462807485818e-01
-2.650771769499838e-01 3.888860272777643e-01
6.356992987140812e-01 -9.856858022106298e-01
1.272761791501158e-01 -5.445639830353493e-01
4.520354044368343e-01 -4.158422440352174e-01

180
1.310011509125135e-02 -4.650896562615564e-02
-9.611209083637229e-02 1.773208887844089e-01
1.079449028347799e-01 -2.217601647807542e-01
-3.462019319266940e-02 -9.460906854311437e-03
1.336928239631110e+00 -1.459415437540185e+00

181
-7.360972205564502e-02 -5.398989644112213e-02
-1.158996540362980e-01 1.248252086321826e-01
4.489940589239796e-02 -1.695745042447545e-01
3.263988692018822e-02 -4.975857718321026e-02
1.196799042129247e+00 -1.184447883508844e+00

182
1.135995875224449e-01 -1.606392073350535e-01
-8.148337582187518e-01 9.272654862447420e-02
6.157950316211445e-02 -8.719486319472699e-01
-3.088613564056300e-02 -1.606830224466882e-01
1.621849447543835e-01 1.617297945777208e-01

183
-5.515602619001776e-01 1.659411480361698e+00
1.544913095239658e+00 2.986582383297042e-01
-1.067420132458692e+00 -1.452678335086892e+00
-5.883483403799423e-01 -6.758989179510523e-01
7.414137760451019e-01 -4.305768043389317e-02

184
-1.808424700817639e-01 -2.969710103264014e-01
-1.700754804247934e-01 2.581993057840000e-01
-1.907413783737026e-01 -5.108108492740441e-01
6.056776256235983e-01 -4.950214560423982e-01
-9.254339821853608e-02 -1.165625518513085e-01

185
-3.434446832328689e-04 1.261783215672718e-03
-3.979787758996766e-02 6.994679470453960e-02
3.947828837755616e-02 -6.878308088027452e-02
5.094912386557685e-01 -5.010502579645999e-01
7.467503295174261e-01 -7.345250301046059e-01

186
-7.658416431675484e-02 -1.790357208880015e-01
-4.652358642523495e-01 1.640015467021622e-01
-3.437490528088884e-01 -8.008442103524509e-01
1.866809865656095e-01 -3.014659308021470e-02
-3.206363050973585e-02 1.658516701226103e-01

187
6.462532991482885e-03 -2.465429252447821e-02
-4.713658307515232e-01 5.926908756143706e-01
4.772907114859076e-01 -6.156137313912885e-01
5.552533284130552e+00 -4.060293561078620e+00
-5.551148795362383e+00 4.055040843937056e+00

188
2.343855399667719e-01 1.998180807596368e-01
1.835797122242702e-01 -9.625332959674158e-03
1.440598564072630e-02 2.306697567774660e-01
-7.321579310510007e-02 -6.236732888604397e-02
2.113593762177297e+00 -1.781706971426379e+00

189
-1.497027685748197e-01 -7.398798340542545e-02
-1.025054098299048e-01 5.172612850524321e-02
-3.989954037408485e-02 -9.857276405577561e-02
4.709068504626104e-02 2.118514998734775e-02
1.105706785608324e+00 -1.093534896687675e+00

190
-2.681527127047746e-03 -1.571927681003052e-02
-9.278968652500722e-01 1.579500119091860e-01
3.252576130429564e-01 -8.821544205777976e-01
2.069488491176877e-01 7.830033954317207e-02
-1.700914805214452e-02 -2.313413057639313e-01

191
-8.426386309015084e-03 -1.955778270183220e-01
-9.685629772004792e-01 3.325613003828000e-01
3.259315627324008e-02 -1.052538938476618e+00
2.886439458830946e-01 8.637925304041420e-02
-1.872909160289888e-01 2.375887060014908e-01

192
3.484409149326620e-01 -4.958978438360359e-01
-1.164164792699520e+00 -9.855526074914863e-01
2.749092085509131e-01 1.133208613143158e-01
-3.648212403103732e-01 -1.797895754335236e-01
2.539380976978927e-01 2.234652909725445e-01

193
2.259733452383993e-03 -2.018077829453312e-01
-1.090971006191742e+00 2.163912337494760e-01
1.412311802577264e-01 -1.050679001359326e+00
-2.196542258554789e-01 1.949389926882358e-01
2.636657567366576e-01 1.307199610302424e-01

194
5.504676954856438e-03 -1.413683943129035e-02
-1.231322135464258e+00 2.704016183378984e-01
3.814346286273010e-01 -1.202769545864669e+00
-2.165601945085890e-01 2.014591787366604e-01
2.376907172199904e-01 8.003068228442688e-02

195
1.024731550986264e-01 5.213050460454668e-02
1.472408255398355e-01 -1.575094366287295e-01
-5.348497967792812e-02 2.130235444263739e-01
3.630008154176555e-02 -6.513677170803338e-02
1.476935570521212e+00 -1.535081432913990e+00

196
-2.706440438426830e-01 -6.184506408214758e-01
-6.112808922998638e-01 -4.161348909405251e-01
2.751363779841722e-01 -4.889491773190794e-01
-6.890321526427118e-01 -7.316295371525282e-01
8.500362884878571e-02 1.697245457821787e-01

197
-4.194371389885070e-02 -2.136810319559322e-01
-3.561699529086365e-01 -4.507600181817021e-02
-4.115408930431722e-01 -6.458504492206918e-01
-9.313551995876874e-02 -2.634441922049020e-03
1.817511204966882e-01 1.522241192421559e-02

198
-2.194148177408782e-01 -1.158227136607588e-01
-2.885175261280167e-01 2.543945142270320e-01
-5.329965067208378e-01 -9.830034209582584e-01
-7.768769817993189e-02 8.694074260520074e-02
8.460840687652497e-02 1.499837215940862e-01

199
2.256112404652105e-03 1.037321165802366e-04
3.951926854953359e-02 -6.887160736995469e-02
-3.742741780531539e-02 6.897324957279864e-02
4.992050593530745e-01 -5.007240846913572e-01
7.312616993498282e-01 -7.338640437049969e-01

200
2.863354520623981e-01 -5.186600463480268e-01
-1.231163395083604e+00 -8.215055451850051e-01
2.946806200468542e-01 7.785584730343213e-02
2.700645626912436e-01 1.894558151035771e-01
-3.732446521252005e-01 -1.359342163231088e-01

201
-3.927013510271187e-01 1.007163796678752e+00
1.209401105828943e+00 7.042096343549195e-01
-1.353499327435406e+00 -1.652758856350082e+00
4.937526764723905e-01 1.285592856898674e-01
-5.437988306229842e-01 -4.776664919300149e-01

202
1.329311671448762e-01 2.522696724000109e-01
5.943036806434882e-01 -1.443485654140189e+00
-1.322577396946168e+00 5.033993127306434e-01
8.625517278903760e-02 1.974930429487798e-01
-3.498348194266753e-01 -4.573384247381466e-02

203
1.074475550477252e-01 7.114816692453955e-02
1.539310434381101e-01 -1.819314629770444e-01
-5.761286427157324e-02 2.555263431055828e-01
-4.514416748639968e-02 7.379433249415716e-02
1.621904047789348e+00 -1.714633262191678e+00

204
-3.283641145230475e-03 -5.734725864911873e-03
-1.508635260811728e-01 5.922347013749103e-02
1.478031986545201e-01 -6.450346669581546e-02
1.436327437830455e+00 -1.731865255840505e-01
-4.722759554076867e-01 -1.097460093581855e+00

205
-5.911906375933371e-01 -1.288020532839125e-01
-8.690665686770613e-01 -6.622383842730531e-02
6.375311835445038e-01 3.529088721426772e-01
9.345554365998870e-01 -5.054464656993480e-01
3.618196713210896e-01 1.555996099983779e-01

206
-2.116774362841493e-01 3.706883316137103e-01
5.175220203664844e-01 5.605124344907708e-01
-8.682812207575032e-01 -1.468111537336704e+00
-2.377636592580161e-01 -2.403229835921102e-01
2.279992331217772e-01 -1.010583978872508e-01

207
-6.118009990295797e-01 9.550157782112280e-01
1.184928003675099e+00 1.198635146364828e+00
-1.179223911328239e+00 -2.212895695390364e+00
-4.808769019241444e-01 -6.061498665522406e-01
4.989365943999063e-01 2.341462805359165e-01

208
-8.841778600868980e-01 -3.044766142242400e-01
-7.169840824815714e-01 1.527110116590818e+00
2.915800614606829e-01 -1.973031646704454e+00
2.367555240566640e-01 -5.776474246129398e-01
-1.789275384814982e-01 5.379650978604056e-01

209
2.464710704334839e-03 -1.671880439112383e-02
3.064115566570023e-01 -1.129586142197039e+00
-1.132894617942855e+00 3.005788428759455e-01
-2.716615492194235e-01 2.769669383199098e-02
1.251499775687203e-01 2.434373895747445e-01

210
1.615043822864778e-01 9.282653089278713e-02
4.386575460382688e-01 -1.048827334657412e+00
-9.828713653268887e-01 1.307908183973729e-01
-2.907322097458083e-01 -3.919105016979637e-02
1.332815989457704e-01 -2.482022969224546e-01

211
1.727749026993758e-02 1.009330351540727e-02
4.020756424867015e-01 -8.936822587582164e-01
-9.728578534083621e-01 9.906301571451216e-02
-2.292671479138911e-01 -1.756759662954857e-02
1.496761748486100e-01 -2.000513399522767e-01

212
-8.084484531856659e-01 -9.211604116273349e-02
-5.105547346280522e-01 1.268404077332447e+00
-6.781217773024486e-03 -1.838480668318554e+00
-7.753441729109367e-02 4.646642136833786e-01
1.147669518331429e-01 -5.566658934674564e-01

213
-1.662901095925935e-01 1.798153566996873e-01
-5.852572111434351e-02 6.867296489023536e-02
-4.118519975577130e-01 -8.855161193937708e-01
6.207274974610315e-02 -6.370556343998478e-02
-8.839765942219605e-02 -1.303510693320230e-01

214
1.599812042614957e-01 8.482155638037715e-02
3.990707648597442e-01 -1.031727152879726e+00
-9.235897593725595e-01 1.719671575798973e-01
1.058117269235232e-01 -2.367357217262050e-01
-2.670326712010335e-01 -1.850904404517706e-02

215
2.279289041976398e-02 1.771834550394231e-01
-3.830252899448329e-02 -1.846154181901907e-01
-5.228758439085734e-01 -6.198871879152215e-01
-1.646898664379101e-02 -1.172336166361418e-01
1.332697973358855e-01 -1.479091039407717e-02

216
-1.007514522203750e+00 -2.245619039461619e+00
-2.309307975770321e+00 -2.858411188724477e+00
1.972015573593389e+00 -3.841749237841310e-01
-5.332739950334171e+00 2.951301714067990e-01
4.434198703319390e-02 -1.038750835749339e+00

217
4.498469265130562e-04 -1.207126189773583e-02
2.106223124310823e-01 -8.588637940180663e-01
-8.494906333018146e-01 2.476942141958588e-01
8.188305991362983e-02 -1.860474375657513e-01
9.747887127948535e-02 1.507726570012904e-01

218
1.305306137165204e+00 1.106068385199018e+00
1.420532133413415e+00 -3.324697952213258e-01
-1.574982112782219e+00 -1.457721150132240e+00
3.114286953568111e-01 -4.085548456816499e-01
-8.098253588445795e-01 -7.741336187477172e-01

219
1.026244619138949e-01 2.657957410298940e-01
3.886478507523358e-01 2.083355985791030e-02
-9.710102159766479e-01 -8.218199430131717e-01
1.164748672872109e-01 -3.381899583098245e-02
5.281088097896044e-02 -1.614558015033829e-01

220
1.888808045405331e-01 1.126763962448999e-02
-3.502065291427180e-01 -2.497457310537344e-01
-4.593127222266073e-01 -7.450008776629369e-01
-1.414981776843304e-01 -3.264395162222022e-02
-1.000584903770650e-02 1.594630335675009e-01

221
-1.546918754676608e-01 -9.424798192453704e-02
-9.007081531300380e-02 3.590896902937799e-02
-6.092013195476109e-02 -9.869274331019808e-02
-3.617612708147945e-02 -1.093215334412620e-02
1.165101965313018e+00 -1.046897765703083e+00

222
1.235498523296453e-01 -1.521910397997176e-01
-1.488450335089290e-01 -3.197718989010151e-01
-6.109645873385161e-01 -5.619249736603269e-01
-5.450462501547365e-02 -6.848513092483068e-02
-1.212403785352194e-01 3.615556500674073e-02

223
1.761515185030572e-02 4.228083278717884e-03
1.781989782404401e-01 -8.880088394861846e-01
-8.562228719397040e-01 2.887448100489576e-01
1.272203001685647e-01 1.618280321947937e-01
7.294445889593613e-02 -2.223655072117762e-01

224
1.299261876658103e-01 -1.487696476885890e-01
8.225549346292568e-02 -8.468717450177733e-01
-9.170269813344757e-01 2.456716740653590e-01
1.490823297660206e-01 2.178597392813220e-01
3.134578922009254e-02 -1.847329239081343e-01

225
-2.242432095764206e-03 -1.345349189431284e-04
3.757642831613806e-02 -6.855331638884396e-02
-3.964690622172128e-02 6.843476576429221e-02
4.979252300864389e-01 -4.967758425205905e-01
7.301005126603506e-01 -7.280396013592134e-01

226
7.743949152408637e-03 -1.659052666578651e-02
2.123209027836139e-01 -1.108489988737580e+00
-1.068074545438366e+00 3.697868603998030e-01
1.650023666654159e-01 2.061667023596918e-01
-2.623821479191679e-01 7.966657435615677e-02

227
-2.395443977217587e-02 -5.430324895605757e-03
3.895249748110205e-01 -5.509541083945063e-01
-4.116438573546999e-01 5.460285285674121e-01
4.773234327917885e+00 -3.759307509595603e+00
-4.778353191443268e+00 3.758133084070508e+00

228
1.882658599419427e-01 -9.972555519277701e-02
-3.608235364113518e-02 -6.622781282445291e-01
-8.136440385106903e-01 -7.305718719377551e-02
7.164582083600542e-02 1.948992629131459e-01
3.280648549333539e-03 -1.377730275632470e-01

229
-2.521885915633704e-01 -3.044304045672915e-01
-1.826322794804115e-01 3.641350634581557e-01
-3.140329641603862e-01 -5.838619058071988e-01
5.351046057000746e-01 -5.402087931067601e-01
4.050062312264145e-02 2.172600443799151e-01

230
1.507555855575137e-01 -1.037864554025592e-01
-1.336571442769388e-01 -4.903684610241666e-01
-7.545104789946695e-01 -3.368690633214342e-01
6.733176766880151e-02 1.510725431648315e-01
-1.440065376771477e-01 1.444336404001670e-02

231
-1.671208152529406e-03 -1.780907027189056e-01
-4.756344339095551e-01 -7.088207439375682e-02
-2.831346981419934e-01 -6.156258097804957e-01
1.551980492323803e-01 4.455907641516006e-02
-6.991688484283758e-02 -4.084140729270786e-02

232
1.755434422913598e-01 -6.002229347985644e-02
-4.437162071392349e-01 -1.824706558075656e-01
-2.576544540226310e-01 -7.845969804885179e-01
-1.472865043547800e-01 9.738340720736130e-03
-8.933090781818493e-03 -1.274052060328066e-01

233
-9.035778506719466e-02 -4.814861492793533e-02
-1.348507171797964e-01 1.434315281471010e-01
4.969845048788384e-02 -1.812118558108933e-01
-3.264791608263480e-02 5.904914220923144e-02
1.289087513554720e+00 -1.287218438830315e+00

234
2.691291212105653e-01 -1.116381752320173e-01
1.159734585870034e-01 -4.387846720849125e-01
-1.013100425132547e+00 -3.793453208190923e-01
-1.666457357803499e-02 -1.147854972827251e-01
3.721078889768858e-02 2.384012897854650e-01

235
9.523971109799675e-03 -5.523351133664883e-02
-8.685900189141055e-02 1.800210767419968e-01
9.499275386329141e-02 -2.329212852622747e-01
-5.867017542469553e-03 3.618020624799627e-02
1.273059776419415e+00 -1.513731491392650e+00

236
-3.415359923612355e-04 1.163579421141800e-02
2.241259507298978e-01 -8.523624570358078e-01
-8.505319160723269e-01 2.327078160921434e-01
8.328013307873545e-02 -1.885738298498943e-01
9.525135323292117e-02 1.456806077427418e-01

237
2.533421780545204e-02 4.015993333343610e-03
4.165821296879801e-01 -5.906733340332189e-01
-3.930861586763369e-01 5.944827156559428e-01
4.932135327329947e+00 -4.125880301444717e+00
-4.926736610079266e+00 4.126726417714308e+00

238
4.359700509068261e-02 -2.074826587090456e-01
3.695508780648472e-02 -4.953155871422577e-01
-8.178720887168615e-01 -3.047789815016794e-01
-1.843008809559706e-02 -5.238332704731297e-02
-1.562882311088065e-01 7.066798256451476e-02

239
-2.555307653236313e-01 -4.509383707183405e-01
-6.788827678302685e-01 -9.110142570322224e-02
2.427059173799150e-01 -6.593992161122821e-01
-3.377494268397054e-01 -1.003942422194890e-01
7.768365134498244e-02 -4.074204097606485e-01

