4 4

13
1 1 0 0 1 0
1 0 3 0 -1203651368276647/200000000000000 0
1 0 2 0 -2604204687563/488281250000 0
1 0 1 0 -184141978681163/62500000000000 0
1 0 0 0 -8420616425907923/10000000000000000 0
0 1 3 0 -1203651368276647/200000000000000 0
0 1 2 0 -2604204687563/488281250000 0
0 1 1 0 -184141978681163/62500000000000 0
0 1 0 0 -8420616425907923/10000000000000000 0
0 0 3 0 1561060259329203/250000000000000 0
0 0 2 0 1350727273091273/100000000000000 0
0 0 1 0 2547847693699253/1000000000000000 0
0 0 0 0 -4643734612736307/10000000000000000 0

18
1 0 2 0 -1203651368276647/200000000000000 0
1 0 1 1 -1203651368276647/200000000000000 0
1 0 1 0 -2604204687563/488281250000 0
1 0 0 2 -1203651368276647/200000000000000 0
1 0 0 1 -2604204687563/488281250000 0
1 0 0 0 -184141978681163/62500000000000 0
0 1 2 0 -1203651368276647/200000000000000 0
0 1 1 1 -1203651368276647/200000000000000 0
0 1 1 0 -2604204687563/488281250000 0
0 1 0 2 -1203651368276647/200000000000000 0
0 1 0 1 -2604204687563/488281250000 0
0 1 0 0 -184141978681163/62500000000000 0
0 0 2 0 1561060259329203/250000000000000 0
0 0 1 1 1561060259329203/250000000000000 0
0 0 1 0 1350727273091273/100000000000000 0
0 0 0 2 1561060259329203/250000000000000 0
0 0 0 1 1350727273091273/100000000000000 0
0 0 0 0 2547847693699253/1000000000000000 0

18
2 1 0 0 1 0
2 0 3 0 -1203651368276647/200000000000000 0
2 0 2 0 -2604204687563/488281250000 0
2 0 1 0 -184141978681163/62500000000000 0
2 0 0 0 -8420616425907923/10000000000000000 0
1 2 0 0 1 0
1 1 3 0 -1203651368276647/200000000000000 0
1 1 2 0 -2604204687563/488281250000 0
1 1 1 0 -184141978681163/62500000000000 0
1 1 0 0 -8420616425907923/10000000000000000 0
0 2 3 0 -1203651368276647/200000000000000 0
0 2 2 0 -2604204687563/488281250000 0
0 2 1 0 -184141978681163/62500000000000 0
0 2 0 0 -8420616425907923/10000000000000000 0
0 0 3 0 232146903161693/25000000000000 0
0 0 2 0 3013693503754379/1000000000000000 0
0 0 1 0 181998796290787/125000000000000 0
0 0 0 0 1078313326293329/1000000000000000 0

24
2 0 2 0 -1203651368276647/200000000000000 0
2 0 1 1 -1203651368276647/200000000000000 0
2 0 1 0 -2604204687563/488281250000 0
2 0 0 2 -1203651368276647/200000000000000 0
2 0 0 1 -2604204687563/488281250000 0
2 0 0 0 -184141978681163/62500000000000 0
1 1 2 0 -1203651368276647/200000000000000 0
1 1 1 1 -1203651368276647/200000000000000 0
1 1 1 0 -2604204687563/488281250000 0
1 1 0 2 -1203651368276647/200000000000000 0
1 1 0 1 -2604204687563/488281250000 0
1 1 0 0 -184141978681163/62500000000000 0
0 2 2 0 -1203651368276647/200000000000000 0
0 2 1 1 -1203651368276647/200000000000000 0
0 2 1 0 -2604204687563/488281250000 0
0 2 0 2 -1203651368276647/200000000000000 0
0 2 0 1 -2604204687563/488281250000 0
0 2 0 0 -184141978681163/62500000000000 0
0 0 2 0 232146903161693/25000000000000 0
0 0 1 1 232146903161693/25000000000000 0
0 0 1 0 3013693503754379/1000000000000000 0
0 0 0 2 232146903161693/25000000000000 0
0 0 0 1 3013693503754379/1000000000000000 0
0 0 0 0 181998796290787/125000000000000 0

