-1.2689507108346607e-01 -3.0129949715477264e-59
1.2706243737191067e+00 -6.6539125790508043e-59
-4.0477621784443529e-01 -2.6220480907112763e-60
1.1460570193862749e+01 2.1827362099987070e-57
1.2706243737191067e+00 -6.6539125790508043e-59
-1.2689507108346607e-01 -3.0129949715477264e-59
-4.0477621784443529e-01 -2.6220480907112763e-60
1.1460570193862749e+01 2.1827362099987070e-57
-1.2689507108346607e-01 -3.0129949715477264e-59
1.2706243737191067e+00 -6.6539125790508043e-59
1.1460570193862749e+01 2.1827362099987070e-57
-4.0477621784443529e-01 -2.6220480907112763e-60
1.2706243737191067e+00 -6.6539125790508043e-59
-1.2689507108346607e-01 -3.0129949715477264e-59
1.1460570193862749e+01 2.1827362099987070e-57
-4.0477621784443529e-01 -2.6220480907112763e-60
1.3879883097759218e+00 1.7990618793491386e-61
-1.4965580397053684e+00 -8.4348973384563159e-62
-6.8826273510029112e-01 -5.2859010902019175e-62
-1.6640764879197172e+00 1.4116153868619025e-61
-1.4965580397053684e+00 -8.4348973384563159e-62
1.3879883097759218e+00 1.7990618793491386e-61
-6.8826273510029112e-01 -5.2859010902019175e-62
-1.6640764879197172e+00 1.4116153868619025e-61
1.3879883097759218e+00 1.7990618793491386e-61
-1.4965580397053684e+00 -8.4348973384563159e-62
-1.6640764879197172e+00 1.4116153868619025e-61
-6.8826273510029112e-01 -5.2859010902019175e-62
-1.4965580397053684e+00 -8.4348973384563159e-62
1.3879883097759218e+00 1.7990618793491386e-61
-1.6640764879197172e+00 1.4116153868619025e-61
-6.8826273510029112e-01 -5.2859010902019175e-62
-5.5083135850334930e-01 6.3211543340492782e-01
-5.5083135850334930e-01 -6.3211543340492782e-01
-1.5691663148083629e-01 2.2670120673520747e-01
-1.5691663148083629e-01 -2.2670120673520747e-01
-5.5083135850334930e-01 -6.3211543340492782e-01
-5.5083135850334930e-01 6.3211543340492782e-01
-1.5691663148083629e-01 2.2670120673520747e-01
-1.5691663148083629e-01 -2.2670120673520747e-01
-5.5083135850334930e-01 6.3211543340492782e-01
-5.5083135850334930e-01 -6.3211543340492782e-01
-1.5691663148083629e-01 -2.2670120673520747e-01
-1.5691663148083629e-01 2.2670120673520747e-01
-5.5083135850334930e-01 -6.3211543340492782e-01
-5.5083135850334930e-01 6.3211543340492782e-01
-1.5691663148083629e-01 -2.2670120673520747e-01
-1.5691663148083629e-01 2.2670120673520747e-01
9.3699899484332838e-01 -6.4031063055038834e-61
-9.9468600708621902e-01 -3.8952932150643002e-60
2.2113265583843686e-01 -6.7489361269365764e-61
-5.1240287407659502e-01 -4.9627858151491126e-61
-9.9468600708621902e-01 -3.8952932150643002e-60
9.3699899484332838e-01 -6.4031063055038834e-61
2.2113265583843686e-01 -6.7489361269365764e-61
-5.1240287407659502e-01 -4.9627858151491126e-61
9.3699899484332838e-01 -6.4031063055038834e-61
-9.9468600708621902e-01 -3.8952932150643002e-60
-5.1240287407659502e-01 -4.9627858151491126e-61
2.2113265583843686e-01 -6.7489361269365764e-61
-9.9468600708621902e-01 -3.8952932150643002e-60
9.3699899484332838e-01 -6.4031063055038834e-61
-5.1240287407659502e-01 -4.9627858151491126e-61
2.2113265583843686e-01 -6.7489361269365764e-61
3.1263053746221237e-01 2.7797106662447983e-57
-1.6007221605936812e+00 -1.7616054103662327e-58
-1.0197055257359717e+00 -4.9740200783725866e-58
-2.0184994111324826e-02 -1.9219317600187485e-60
-1.6007221605936812e+00 -1.7616054103662327e-58
3.1263053746221237e-01 2.7797106662447983e-57
-1.0197055257359717e+00 -4.9740200783725866e-58
-2.0184994111324826e-02 -1.9219317600187485e-60
3.1263053746221237e-01 2.7797106662447983e-57
-1.6007221605936812e+00 -1.7616054103662327e-58
-2.0184994111324826e-02 -1.9219317600187485e-60
-1.0197055257359717e+00 -4.9740200783725866e-58
-1.6007221605936812e+00 -1.7616054103662327e-58
3.1263053746221237e-01 2.7797106662447983e-57
-2.0184994111324826e-02 -1.9219317600187485e-60
-1.0197055257359717e+00 -4.9740200783725866e-58
4.8902852993743706e-01 -1.8938912227130631e-55
-1.6251317890017312e+00 2.6453895084541682e-56
-1.0419293099186480e+00 2.3714776969723716e-56
4.4526977428578723e-02 -6.7797274103186439e-56
-1.6251317890017312e+00 2.6453895084541682e-56
4.8902852993743706e-01 -1.8938912227130631e-55
-1.0419293099186480e+00 2.3714776969723716e-56
4.4526977428578723e-02 -6.7797274103186439e-56
4.8902852993743706e-01 -1.8938912227130631e-55
-1.6251317890017312e+00 2.6453895084541682e-56
4.4526977428578723e-02 -6.7797274103186439e-56
-1.0419293099186480e+00 2.3714776969723716e-56
-1.6251317890017312e+00 2.6453895084541682e-56
4.8902852993743706e-01 -1.8938912227130631e-55
4.4526977428578723e-02 -6.7797274103186439e-56
-1.0419293099186480e+00 2.3714776969723716e-56
7.7496749404667897e-01 8.4659411617143621e-01
7.7496749404667897e-01 -8.4659411617143621e-01
9.2752222416961816e-01 -2.8774287117597658e-01
9.2752222416961816e-01 2.8774287117597658e-01
7.7496749404667897e-01 -8.4659411617143621e-01
7.7496749404667897e-01 8.4659411617143621e-01
9.2752222416961816e-01 -2.8774287117597658e-01
9.2752222416961816e-01 2.8774287117597658e-01
7.7496749404667897e-01 8.4659411617143621e-01
7.7496749404667897e-01 -8.4659411617143621e-01
9.2752222416961816e-01 2.8774287117597658e-01
9.2752222416961816e-01 -2.8774287117597658e-01
7.7496749404667897e-01 -8.4659411617143621e-01
7.7496749404667897e-01 8.4659411617143621e-01
9.2752222416961816e-01 2.8774287117597658e-01
9.2752222416961816e-01 -2.8774287117597658e-01
6.2796713360786849e-01 2.0189881605613302e+00
6.2796713360786849e-01 -2.0189881605613302e+00
4.2839172410890823e-02 -6.6220604601699440e-01
4.2839172410890823e-02 6.6220604601699440e-01
6.2796713360786849e-01 -2.0189881605613302e+00
6.2796713360786849e-01 2.0189881605613302e+00
4.2839172410890823e-02 -6.6220604601699440e-01
4.2839172410890823e-02 6.6220604601699440e-01
6.2796713360786849e-01 2.0189881605613302e+00
6.2796713360786849e-01 -2.0189881605613302e+00
4.2839172410890823e-02 6.6220604601699440e-01
4.2839172410890823e-02 -6.6220604601699440e-01
6.2796713360786849e-01 -2.0189881605613302e+00
6.2796713360786849e-01 2.0189881605613302e+00
4.2839172410890823e-02 6.6220604601699440e-01
4.2839172410890823e-02 -6.6220604601699440e-01
-3.4870024847058645e-01 4.7531893256335913e-64
9.9490334593194318e-01 6.8106189603307831e-64
-4.2389618464577777e-01 4.4234026650225369e-65
3.2533148684202329e-01 3.8213025900579338e-64
9.9490334593194318e-01 6.8106189603307831e-64
-3.4870024847058645e-01 4.7531893256335913e-64
-4.2389618464577777e-01 4.4234026650225369e-65
3.2533148684202329e-01 3.8213025900579338e-64
-3.4870024847058645e-01 4.7531893256335913e-64
9.9490334593194318e-01 6.8106189603307831e-64
3.2533148684202329e-01 3.8213025900579338e-64
-4.2389618464577777e-01 4.4234026650225369e-65
9.9490334593194318e-01 6.8106189603307831e-64
-3.4870024847058645e-01 4.7531893256335913e-64
3.2533148684202329e-01 3.8213025900579338e-64
-4.2389618464577777e-01 4.4234026650225369e-65
9.9745509504345464e-02 -9.5640332490322243e-57
-1.5646859790268315e+00 1.6927074341570904e-57
-1.0009482324512100e+00 7.6700620648544281e-58
-1.5917881913870624e-01 -6.7392736528264424e-57
-1.5646859790268315e+00 1.6927074341570904e-57
9.9745509504345464e-02 -9.5640332490322243e-57
-1.0009482324512100e+00 7.6700620648544281e-58
-1.5917881913870624e-01 -6.7392736528264424e-57
9.9745509504345464e-02 -9.5640332490322243e-57
-1.5646859790268315e+00 1.6927074341570904e-57
-1.5917881913870624e-01 -6.7392736528264424e-57
-1.0009482324512100e+00 7.6700620648544281e-58
-1.5646859790268315e+00 1.6927074341570904e-57
9.9745509504345464e-02 -9.5640332490322243e-57
-1.5917881913870624e-01 -6.7392736528264424e-57
-1.0009482324512100e+00 7.6700620648544281e-58
