240

-6.399937217452668e-02 4.351728246652862e-01;
-6.399937217452668e-02 4.351728246652862e-01;
-6.399937217452668e-02 4.351728246652862e-01;
-6.399937217452668e-02 4.351728246652862e-01;
-6.399937217452668e-02 4.351728246652862e-01;

7.048332189969898e-02 9.870199666040951e-01;
7.048332189969898e-02 9.870199666040951e-01;
7.048332189969898e-02 9.870199666040951e-01;
7.048332189969898e-02 9.870199666040951e-01;
-9.870199666040951e-01 7.048332189969904e-02;

-6.745055812741257e-01 3.491272277344053e-01;
-6.745055812741257e-01 3.491272277344053e-01;
-6.745055812741257e-01 3.491272277344053e-01;
-6.745055812741257e-01 3.491272277344053e-01;
6.745055812741257e-01 -3.491272277344054e-01;

-2.673131108003980e-01 3.139781351607613e-01;
-2.673131108003980e-01 3.139781351607613e-01;
-2.673131108003980e-01 3.139781351607613e-01;
-2.673131108003980e-01 3.139781351607613e-01;
3.139781351607613e-01 2.673131108003980e-01;

1.585786729375757e-01 3.890734838079418e-01;
1.585786729375757e-01 3.890734838079418e-01;
1.585786729375757e-01 3.890734838079418e-01;
-3.210273672100624e-01 2.710475988000393e-01;
1.585786729375757e-01 3.890734838079418e-01;

4.966358390138921e-01 3.674972072930949e-01;
4.966358390138921e-01 3.674972072930949e-01;
4.966358390138921e-01 3.674972072930949e-01;
-1.960416994454155e-01 5.858916333587721e-01;
-3.674972072930948e-01 4.966358390138921e-01;

1.886332910057619e-01 1.765528822246051e+00;
1.886332910057619e-01 1.765528822246051e+00;
1.886332910057619e-01 1.765528822246051e+00;
-1.620826798478360e+00 7.249793307340456e-01;
-1.886332910057621e-01 -1.765528822246051e+00;

-1.019985584247168e-01 5.357389206840908e-01;
-1.019985584247168e-01 5.357389206840908e-01;
-1.019985584247168e-01 5.357389206840908e-01;
-5.410372795045204e-01 6.854603739693731e-02;
5.357389206840908e-01 1.019985584247167e-01;

4.809250650044309e-01 3.975905236111589e-01;
4.809250650044309e-01 3.975905236111589e-01;
4.809250650044309e-01 3.975905236111589e-01;
-6.227743968393424e-01 -3.897682973645780e-02;
4.809250650044309e-01 3.975905236111589e-01;

5.996947277714855e-01 -8.060685749587275e-02;
5.996947277714855e-01 -8.060685749587275e-02;
5.996947277714855e-01 -8.060685749587275e-02;
-4.377837041344744e-01 4.177040344389493e-01;
8.060685749587279e-02 5.996947277714855e-01;

7.272866143988400e-01 -1.142213461588610e+00;
7.272866143988400e-01 -1.142213461588610e+00;
7.272866143988400e-01 -1.142213461588610e+00;
8.298899686163960e-02 1.351558447762383e+00;
-7.272866143988399e-01 1.142213461588610e+00;

-1.603819001785818e-02 1.617067775694194e+00;
-1.603819001785818e-02 1.617067775694194e+00;
-1.603819001785818e-02 1.617067775694194e+00;
-9.375134222269784e-01 -1.317662323158660e+00;
1.617067775694194e+00 1.603819001785788e-02;

1.353332253553258e+00 2.118306296956575e+00;
1.353332253553258e+00 2.118306296956575e+00;
1.353332253553258e+00 2.118306296956575e+00;
1.502404090290239e-01 -2.509214533619676e+00;
1.353332253553258e+00 2.118306296956575e+00;

5.134727170422130e-01 -7.540654214370249e-01;
5.134727170422130e-01 -7.540654214370249e-01;
5.134727170422130e-01 -7.540654214370249e-01;
-8.586366882194207e-01 3.082400502811012e-01;
7.540654214370249e-01 5.134727170422130e-01;

-2.969048303616458e-01 -6.224230380825954e-01;
-2.969048303616458e-01 -6.224230380825954e-01;
-2.969048303616458e-01 -6.224230380825954e-01;
-1.256500289974435e-01 6.780670961202786e-01;
2.969048303616458e-01 6.224230380825954e-01;

-9.694234395154036e-01 -6.374255945043074e-02;
-9.694234395154036e-01 -6.374255945043074e-02;
-9.694234395154036e-01 -6.374255945043074e-02;
7.468131009250361e-01 6.213816148341523e-01;
-6.374255945043056e-02 9.694234395154036e-01;

-4.268801232425539e-01 6.198450224145078e-01;
-4.268801232425539e-01 6.198450224145078e-01;
-4.268801232425539e-01 6.198450224145078e-01;
4.575944350176122e-01 5.975297686915121e-01;
-4.268801232425539e-01 6.198450224145078e-01;

-2.424666678581072e+00 -1.015796457875537e+00;
-2.424666678581072e+00 -1.015796457875537e+00;
-2.424666678581072e+00 -1.015796457875537e+00;
-1.715343049868274e+00 1.992096676198840e+00;
1.015796457875537e+00 -2.424666678581072e+00;

-5.611794444772036e-01 -1.937758030555224e-01;
-5.611794444772036e-01 -1.937758030555224e-01;
-5.611794444772036e-01 -1.937758030555224e-01;
-3.577057254336290e-01 4.738333512381295e-01;
5.611794444772036e-01 1.937758030555224e-01;

-4.475049584487745e-01 1.551234025100136e-01;
-4.475049584487745e-01 1.551234025100136e-01;
-4.475049584487745e-01 1.551234025100136e-01;
9.244485559298467e-03 4.735382744079585e-01;
1.551234025100136e-01 4.475049584487744e-01;

3.125122764059541e-01 6.460974117130688e-01;
3.125122764059541e-01 6.460974117130688e-01;
-7.157929100658681e-01 -5.240513549447375e-02;
3.125122764059541e-01 6.460974117130688e-01;
3.125122764059541e-01 6.460974117130688e-01;

9.904513207240675e-01 1.277681367797620e-02;
9.904513207240675e-01 1.277681367797620e-02;
-5.062907055865814e-01 8.513675981199030e-01;
9.904513207240675e-01 1.277681367797620e-02;
-1.277681367797614e-02 9.904513207240675e-01;

-1.127223275639722e+00 -1.895300949117675e+00;
-1.127223275639722e+00 -1.895300949117675e+00;
2.204990407572526e+00 -2.855351788227043e-02;
-1.127223275639722e+00 -1.895300949117675e+00;
1.127223275639722e+00 1.895300949117675e+00;

-5.626797985097699e-01 7.550389222527469e-01;
-5.626797985097699e-01 7.550389222527469e-01;
-3.725429882620178e-01 -8.648144608321434e-01;
-5.626797985097699e-01 7.550389222527469e-01;
7.550389222527470e-01 5.626797985097698e-01;

3.799212135854657e-01 2.502168350138845e-01;
3.799212135854657e-01 2.502168350138845e-01;
-4.066547423692963e-01 2.039130048946847e-01;
-1.205682399052411e-01 4.386478001572227e-01;
3.799212135854657e-01 2.502168350138845e-01;

4.466150517617375e-01 -6.424300323328451e-03;
4.466150517617375e-01 -6.424300323328451e-03;
-2.177439185993257e-01 3.899921306998310e-01;
1.441215136231623e-01 4.227709372766209e-01;
6.424300323328479e-03 4.466150517617375e-01;

8.424335062762657e-01 -3.674238823154891e-01;
8.424335062762657e-01 -3.674238823154891e-01;
-1.030183370958151e-01 9.132807585921879e-01;
6.097671475888496e-01 6.876616519147097e-01;
-8.424335062762657e-01 3.674238823154892e-01;

5.924106973097272e-01 8.034042095525384e-01;
5.924106973097272e-01 8.034042095525384e-01;
-9.919738036347184e-01 1.113406085676084e-01;
-5.810178355956800e-01 8.116816081034777e-01;
8.034042095525383e-01 -5.924106973097273e-01;

4.602038134269761e-01 5.535146650046180e-03;
4.602038134269761e-01 5.535146650046180e-03;
-2.348954843261003e-01 3.957806200212124e-01;
-3.755661835087545e-01 2.660229868748886e-01;
4.602038134269761e-01 5.535146650046180e-03;

3.175862425065530e-01 -1.498454033064411e-01;
3.175862425065530e-01 -1.498454033064411e-01;
-2.902319534957369e-02 3.499604555563408e-01;
-1.688557491801408e-01 3.078999874802117e-01;
1.498454033064412e-01 3.175862425065530e-01;

3.033783659681195e-01 -3.679111223115006e-01;
3.033783659681195e-01 -3.679111223115006e-01;
1.669311952725437e-01 4.466889330427541e-01;
-2.918552194483841e-02 4.759676797502133e-01;
-3.033783659681194e-01 3.679111223115007e-01;

9.227856983068805e-01 -3.731792534072527e-01;
9.227856983068805e-01 -3.731792534072527e-01;
-1.382101355374486e-01 9.857454836863477e-01;
-5.272000504821206e-01 8.443081824458183e-01;
-3.731792534072529e-01 -9.227856983068804e-01;

6.537609811420941e-01 -3.745141349094384e-01;
6.537609811420941e-01 -3.745141349094384e-01;
-2.541735663120791e-03 7.534306851268120e-01;
-7.490376292780352e-01 -8.128276346421309e-02;
6.537609811420941e-01 -3.745141349094384e-01;

2.577770666789704e-01 -3.152508820451724e-01;
2.577770666789704e-01 -3.152508820451724e-01;
1.441267390770858e-01 3.808669292796096e-01;
-3.938458469417573e-01 1.035257628931242e-01;
3.152508820451724e-01 2.577770666789704e-01;

5.793417929591886e-02 -4.261898833776894e-01;
5.793417929591886e-02 -4.261898833776894e-01;
3.401241761930469e-01 2.632674127065128e-01;
-2.973778637312184e-01 3.107420022894186e-01;
-5.793417929591881e-02 4.261898833776894e-01;

-7.881353126123454e-02 -9.345089802176992e-01;
-7.881353126123454e-02 -9.345089802176992e-01;
8.487152825638343e-01 3.989999698746613e-01;
-4.855291105298021e-01 8.023590777485657e-01;
-9.345089802176992e-01 7.881353126123471e-02;

4.210566497052120e+00 2.274112662050105e+00;
4.210566497052120e+00 2.274112662050105e+00;
-4.074722584929306e+00 2.509401219745740e+00;
3.463946269566967e+00 -3.301747244618745e+00;
4.210566497052120e+00 2.274112662050105e+00;

3.559170917407005e-01 -6.928391944562675e-01;
3.559170917407005e-01 -6.928391944562675e-01;
4.220577972663241e-01 6.546528403166568e-01;
-5.489448006959348e-01 -5.525963548168485e-01;
6.928391944562675e-01 3.559170917407004e-01;

-2.325690838639521e-01 -5.487948867574028e-01;
-2.325690838639521e-01 -5.487948867574028e-01;
5.915548553308911e-01 7.298670861764524e-02;
-5.938027524402624e-01 5.159939626349355e-02;
2.325690838639521e-01 5.487948867574028e-01;

-8.737364901174429e-01 -2.507584463565234e-01;
-8.737364901174429e-01 -2.507584463565234e-01;
6.540314298169880e-01 -6.312987734768951e-01;
-5.084848784752283e-01 7.534841610438259e-01;
-2.507584463565233e-01 8.737364901174429e-01;

-5.143042316836418e-01 6.679192981310731e-01;
-5.143042316836418e-01 6.679192981310731e-01;
8.355871957012024e-01 1.114408808463344e-01;
-5.143042316836418e-01 6.679192981310731e-01;
-5.143042316836418e-01 6.679192981310731e-01;

-1.655784303543880e+00 -1.554755951795621e+00;
-1.655784303543880e+00 -1.554755951795621e+00;
-5.185659991681206e-01 2.211329245954335e+00;
-1.655784303543880e+00 -1.554755951795621e+00;
1.554755951795621e+00 -1.655784303543880e+00;

-5.320223048939388e-01 -2.398001530777276e-01;
-5.320223048939388e-01 -2.398001530777276e-01;
5.833812805026044e-02 5.806449079569648e-01;
-5.320223048939388e-01 -2.398001530777276e-01;
5.320223048939388e-01 2.398001530777275e-01;

-4.735220356053192e-01 1.294348835274119e-01;
-4.735220356053192e-01 1.294348835274119e-01;
3.488549150732785e-01 3.453646703222198e-01;
-4.735220356053192e-01 1.294348835274119e-01;
1.294348835274120e-01 4.735220356053192e-01;

4.786485001573370e-01 8.473346569971660e-01;
4.786485001573370e-01 8.473346569971660e-01;
4.944890883878506e-01 -8.381890891181569e-01;
-6.579526261391767e-01 7.170625840245285e-01;
4.786485001573370e-01 8.473346569971660e-01;

9.611246769600568e-01 -3.668067989644235e-01;
9.611246769600568e-01 -3.668067989644235e-01;
-7.982263446640711e-01 -6.489549869693091e-01;
6.458578552702704e-01 8.007343524626546e-01;
3.668067989644236e-01 9.611246769600568e-01;

-4.953095792856294e-01 -1.114273927667158e+00;
-4.953095792856294e-01 -1.114273927667158e+00;
-7.173347384916076e-01 9.860876422327168e-01;
9.066784023696800e-01 -8.153969830010815e-01;
4.953095792856295e-01 1.114273927667158e+00;

-9.392332543385660e-01 6.278322311245852e-01;
-9.392332543385660e-01 6.278322311245852e-01;
1.013335288637837e+00 4.994837427740358e-01;
-8.873429718238659e-01 -6.992530778259597e-01;
6.278322311245854e-01 9.392332543385659e-01;

1.062844857981413e+00 -3.637838737132287e-01;
1.062844857981413e+00 -3.637838737132287e-01;
-8.464685051134729e-01 -7.385587104369526e-01;
-6.460327565005271e-01 9.190318691099144e-01;
1.062844857981413e+00 -3.637838737132287e-01;

3.200894428444799e-01 -3.932508215519713e-01;
3.200894428444799e-01 -3.932508215519713e-01;
-5.006099229453481e-01 -8.058017821054077e-02;
-2.781076562104480e-02 5.062904516059543e-01;
3.932508215519713e-01 3.200894428444799e-01;

9.922082127690869e-04 -5.175105878140224e-01;
9.922082127690869e-04 -5.175105878140224e-01;
-4.486734198807453e-01 2.578960163889099e-01;
3.033823781162027e-01 4.192580656651818e-01;
-9.922082127690236e-04 5.175105878140224e-01;

-6.266859997298895e-01 -1.085182189317266e+00;
-6.266859997298895e-01 -1.085182189317266e+00;
-6.264523438182212e-01 1.085317090620766e+00;
1.144853710849482e+00 5.095740446912859e-01;
-1.085182189317266e+00 6.266859997298897e-01;

-1.822411329918042e-01 -9.931015465598703e-01;
-1.822411329918042e-01 -9.931015465598703e-01;
-7.689306013625598e-01 6.543762240652964e-01;
-4.362942694322239e-01 9.105546786406320e-01;
-1.822411329918042e-01 -9.931015465598703e-01;

4.518015277283957e-02 -4.468131149789391e-01;
4.518015277283957e-02 -4.468131149789391e-01;
-4.095415847022382e-01 1.842793974413287e-01;
-2.991816709171651e-01 3.349231758313731e-01;
4.468131149789391e-01 4.518015277283954e-02;

-1.289341741058029e-01 -3.318465900293424e-01;
-1.289341741058029e-01 -3.318465900293424e-01;
-2.229204900717487e-01 2.775835652062624e-01;
-9.074459363550105e-02 3.442551369150150e-01;
1.289341741058029e-01 3.318465900293424e-01;

-3.629568025548718e-01 -3.519353674159733e-01;
-3.629568025548718e-01 -3.519353674159733e-01;
-1.233065673950069e-01 4.902974951968783e-01;
8.677580276364155e-02 4.980623489220982e-01;
-3.519353674159733e-01 3.629568025548718e-01;

-8.425188082262633e-01 -1.580538293978631e-01;
-8.425188082262633e-01 -1.580538293978631e-01;
2.843807726891709e-01 8.086696057890651e-01;
-4.106707541966826e-01 7.524416833548363e-01;
-8.425188082262633e-01 -1.580538293978631e-01;

-2.781313211815722e-01 -5.445928671303405e-01;
-2.781313211815722e-01 -5.445928671303405e-01;
-3.325655970638919e-01 5.131652232965409e-01;
-6.038858999252337e-01 9.623015443686180e-02;
5.445928671303405e-01 -2.781313211815723e-01;

-2.683639273832555e-01 -2.513407044287562e-01;
-2.683639273832555e-01 -2.513407044287562e-01;
-8.348547134875088e-02 3.580803307876398e-01;
-3.219682289958130e-01 1.775607128297484e-01;
2.683639273832556e-01 2.513407044287562e-01;

-3.925074492229815e-01 -1.015637342788473e-01;
-3.925074492229815e-01 -1.015637342788473e-01;
1.082969506227968e-01 3.907032893411562e-01;
-2.178843235338301e-01 3.419118473735605e-01;
-1.015637342788472e-01 3.925074492229815e-01;

-5.415411304205797e-03 3.669273101111152e-01;
-3.669273101111152e-01 -5.415411304205774e-03;
-5.415411304205797e-03 3.669273101111152e-01;
-5.415411304205797e-03 3.669273101111152e-01;
-5.415411304205797e-03 3.669273101111152e-01;

1.554653992725816e-01 6.361018044434632e-01;
-6.361018044434632e-01 1.554653992725816e-01;
1.554653992725816e-01 6.361018044434632e-01;
1.554653992725816e-01 6.361018044434632e-01;
-6.361018044434632e-01 1.554653992725816e-01;

-4.529405167460477e-01 5.570483266547681e-01;
-5.570483266547681e-01 -4.529405167460476e-01;
-4.529405167460477e-01 5.570483266547681e-01;
-4.529405167460477e-01 5.570483266547681e-01;
4.529405167460476e-01 -5.570483266547681e-01;

-1.821921109280510e-01 3.301179799850503e-01;
-3.301179799850503e-01 -1.821921109280510e-01;
-1.821921109280510e-01 3.301179799850503e-01;
-1.821921109280510e-01 3.301179799850503e-01;
3.301179799850504e-01 1.821921109280510e-01;

1.383530657288431e-01 3.118134531185631e-01;
-3.118134531185631e-01 1.383530657288431e-01;
1.383530657288431e-01 3.118134531185631e-01;
-2.537987679228162e-01 2.279372407991999e-01;
1.383530657288431e-01 3.118134531185631e-01;

3.458681768770784e-01 3.125237471656788e-01;
-3.125237471656788e-01 3.458681768770784e-01;
3.458681768770784e-01 3.125237471656788e-01;
-1.903486017704003e-01 4.255153324180043e-01;
-3.125237471656788e-01 3.458681768770784e-01;

2.932399036571448e-01 8.665153318060029e-01;
-8.665153318060029e-01 2.932399036571449e-01;
2.932399036571448e-01 8.665153318060029e-01;
-7.334889391248262e-01 5.466556846253920e-01;
-2.932399036571449e-01 -8.665153318060029e-01;

-1.009650439148245e-02 4.389920379020691e-01;
-4.389920379020691e-01 -1.009650439148243e-02;
-1.009650439148245e-02 4.389920379020691e-01;
-4.206262296892012e-01 1.260536538137084e-01;
4.389920379020691e-01 1.009650439148237e-02;

3.340344447882876e-01 3.276517122420788e-01;
-3.276517122420788e-01 3.340344447882876e-01;
3.340344447882876e-01 3.276517122420788e-01;
-4.628283868845959e-01 -6.873528303563185e-02;
3.340344447882876e-01 3.276517122420788e-01;

5.096060836928100e-01 6.746151436785511e-02;
-6.746151436785508e-02 5.096060836928100e-01;
5.096060836928100e-01 6.746151436785511e-02;
-4.519328653870870e-01 2.449614288832931e-01;
-6.746151436785508e-02 5.096060836928100e-01;

1.391059599100011e+00 -2.985292880882532e-01;
2.985292880882534e-01 1.391059599100011e+00;
1.391059599100011e+00 -2.985292880882532e-01;
-9.499197429446637e-01 1.059159584792918e+00;
-1.391059599100011e+00 2.985292880882534e-01;

2.226951147843967e-01 8.563342759000211e-01;
-8.563342759000211e-01 2.226951147843967e-01;
2.226951147843967e-01 8.563342759000211e-01;
-6.835047908314428e-01 -5.618920778410341e-01;
8.563342759000211e-01 -2.226951147843968e-01;

5.534583528162232e-01 8.889117116085454e-01;
-8.889117116085454e-01 5.534583528162232e-01;
5.534583528162232e-01 8.889117116085454e-01;
7.473198156647276e-02 -1.044459338733696e+00;
5.534583528162232e-01 8.889117116085454e-01;

8.994202380589048e-01 -4.267318016975430e-01;
4.267318016975431e-01 8.994202380589048e-01;
8.994202380589048e-01 -4.267318016975430e-01;
-9.784729173964268e-01 -1.834326719308572e-01;
4.267318016975431e-01 8.994202380589048e-01;

-4.141371524810576e-01 -1.034109084111733e+00;
1.034109084111733e+00 -4.141371524810576e-01;
-4.141371524810576e-01 -1.034109084111733e+00;
-2.727900745433285e-01 1.080035533738669e+00;
4.141371524810577e-01 1.034109084111733e+00;

-1.039022521000979e+00 5.754585425753624e-01;
-5.754585425753626e-01 -1.039022521000979e+00;
-1.039022521000979e+00 5.754585425753624e-01;
1.178832921659611e+00 1.451663741424142e-01;
5.754585425753627e-01 1.039022521000979e+00;

-1.728740828801089e-01 5.860512467671135e-01;
-5.860512467671135e-01 -1.728740828801089e-01;
-1.728740828801089e-01 5.860512467671135e-01;
5.039468276238257e-01 3.455128178473399e-01;
-1.728740828801089e-01 5.860512467671135e-01;

-5.404082191800244e-01 2.945285860011967e+00;
-2.945285860011967e+00 -5.404082191800241e-01;
-5.404082191800244e-01 2.945285860011967e+00;
2.634137985889828e+00 1.424102142346551e+00;
-2.945285860011967e+00 -5.404082191800241e-01;

-7.658205852316265e-01 -4.372343217260045e-02;
4.372343217260041e-02 -7.658205852316265e-01;
-7.658205852316265e-01 -4.372343217260045e-02;
-2.782350305612811e-01 7.148273743037726e-01;
7.658205852316265e-01 4.372343217260036e-02;

-3.994632597358435e-01 2.735166884454872e-01;
-2.735166884454872e-01 -3.994632597358435e-01;
-3.994632597358435e-01 2.735166884454872e-01;
1.366888929747627e-01 4.644334411670907e-01;
2.735166884454872e-01 3.994632597358434e-01;

2.363024519361784e-01 4.555396387617066e-01;
-4.555396387617066e-01 2.363024519361785e-01;
-5.126601255665135e-01 -2.312589302757135e-02;
2.363024519361784e-01 4.555396387617066e-01;
2.363024519361784e-01 4.555396387617066e-01;

6.740401581818570e-01 2.532602922127820e-01;
-2.532602922127820e-01 6.740401581818570e-01;
-5.563499259170679e-01 4.571057540499787e-01;
6.740401581818570e-01 2.532602922127820e-01;
-2.532602922127820e-01 6.740401581818570e-01;

5.442835468990359e+00 7.935931932402109e+00;
-7.935931932402109e+00 5.442835468990360e+00;
-9.594136390659536e+00 7.456678185635877e-01;
5.442835468990359e+00 7.935931932402109e+00;
-5.442835468990360e+00 -7.935931932402108e+00;

-1.830572243803970e-01 7.061377431291710e-01;
-7.061377431291710e-01 -1.830572243803969e-01;
-5.200046119306740e-01 -5.116010782242773e-01;
-1.830572243803970e-01 7.061377431291710e-01;
7.061377431291710e-01 1.830572243803968e-01;

2.889435057696823e-01 2.288999839598749e-01;
-2.288999839598749e-01 2.889435057696823e-01;
-3.427049539199433e-01 1.357824242751430e-01;
-1.284083676277876e-01 3.455355890591769e-01;
2.889435057696823e-01 2.288999839598749e-01;

3.836025345127898e-01 6.722830949268355e-02;
-6.722830949268352e-02 3.836025345127898e-01;
-2.500226911305413e-01 2.985953850978311e-01;
5.460178042723034e-02 3.856023802520631e-01;
-6.722830949268352e-02 3.836025345127898e-01;

7.756889901364724e-01 2.437747936781414e-02;
-2.437747936781409e-02 7.756889901364724e-01;
-4.089560114809941e-01 6.595776312101749e-01;
2.165167196981007e-01 7.452571240923783e-01;
-7.756889901364724e-01 -2.437747936781405e-02;

3.647991504655623e-01 5.282658774172103e-01;
-5.282658774172103e-01 3.647991504655624e-01;
-6.398912450285614e-01 5.179239287355381e-02;
-3.896815680266124e-01 5.101877428595200e-01;
5.282658774172102e-01 -3.647991504655624e-01;

3.898096170806686e-01 7.937691694909715e-02;
-7.937691694909713e-02 3.898096170806686e-01;
-2.636472350923399e-01 2.978965725567949e-01;
-3.620191859441754e-01 1.649070693488848e-01;
3.898096170806686e-01 7.937691694909715e-02;

3.271283238920488e-01 -8.442956257477502e-02;
8.442956257477503e-02 3.271283238920488e-01;
-9.044601592586124e-02 3.255162200753257e-01;
-2.150259216311023e-01 2.605861553415378e-01;
8.442956257477503e-02 3.271283238920488e-01;

4.118478803352385e-01 -2.896039015089915e-01;
2.896039015089915e-01 4.118478803352385e-01;
4.488039557425406e-02 5.014726776195858e-01;
-1.629670319751605e-01 4.763725882070311e-01;
-4.118478803352384e-01 2.896039015089916e-01;

8.130553167332001e-01 6.574459427281995e-02;
-6.574459427281990e-02 8.130553167332001e-01;
-4.634641471683629e-01 6.712542618365444e-01;
-6.964192715355801e-01 4.247134304187636e-01;
6.574459427281980e-02 -8.130553167332001e-01;

6.822218906523791e-01 -8.717524392131223e-02;
8.717524392131228e-02 6.822218906523791e-01;
-2.656149695092281e-01 6.344091102834660e-01;
-6.031694262143282e-01 -3.304737122954337e-01;
6.822218906523791e-01 -8.717524392131223e-02;

3.393854081284021e-01 -2.622281108056259e-01;
2.622281108056259e-01 3.393854081284021e-01;
5.740350147987171e-02 4.250304405157588e-01;
-4.287023790868181e-01 1.266126030345138e-02;
2.622281108056259e-01 3.393854081284021e-01;

1.628509623088820e-01 -4.931658486281094e-01;
4.931658486281094e-01 1.628509623088820e-01;
3.456686720364128e-01 3.876159947042885e-01;
-4.216248088161044e-01 3.032581586186851e-01;
-1.628509623088820e-01 4.931658486281094e-01;

5.219483196630683e-01 -1.524695994750984e+00;
1.524695994750984e+00 5.219483196630682e-01;
1.059451304671203e+00 1.214368501666309e+00;
-1.318458880736900e+00 9.267114462521725e-01;
-1.524695994750984e+00 -5.219483196630680e-01;

8.541722285713677e-01 1.034770743262563e+00;
-1.034770743262563e+00 8.541722285713678e-01;
-1.323223865043968e+00 2.223494775186913e-01;
1.248079193003115e+00 -4.926043190710253e-01;
8.541722285713677e-01 1.034770743262563e+00;

7.227259217653106e-01 -5.491330365782461e-01;
5.491330365782461e-01 7.227259217653106e-01;
1.142001988513954e-01 9.004655265114067e-01;
-2.989219606499064e-01 -8.570446378657176e-01;
5.491330365782461e-01 7.227259217653106e-01;

-2.853246432897169e-01 -8.380505301564221e-01;
8.380505301564221e-01 -2.853246432897170e-01;
8.684353704153367e-01 1.719268756635828e-01;
-8.852035813803656e-01 1.238800529700699e-02;
2.853246432897170e-01 8.380505301564221e-01;

-1.241613400197644e+00 2.784604700610516e-01;
-2.784604700610517e-01 -1.241613400197644e+00;
3.796528590761947e-01 -1.214498981280860e+00;
-1.188479965225596e-01 1.266893532487852e+00;
2.784604700610518e-01 1.241613400197644e+00;

-1.977096535192519e-01 6.460286507274344e-01;
-6.460286507274344e-01 -1.977096535192519e-01;
6.583320498621684e-01 -1.517927428426259e-01;
-1.977096535192519e-01 6.460286507274344e-01;
-1.977096535192519e-01 6.460286507274344e-01;

-9.727855508384758e-01 5.574770371906796e+00;
-5.574770371906796e+00 -9.727855508384755e-01;
5.314285537755345e+00 -1.944928186492842e+00;
-9.727855508384758e-01 5.574770371906796e+00;
-5.574770371906796e+00 -9.727855508384755e-01;

-7.617396387650631e-01 -1.369937005687026e-01;
1.369937005687026e-01 -7.617396387650631e-01;
2.622297945315968e-01 7.281827285244774e-01;
-7.617396387650631e-01 -1.369937005687026e-01;
7.617396387650631e-01 1.369937005687025e-01;

-4.372980735721957e-01 2.644473903227239e-01;
-2.644473903227239e-01 -4.372980735721957e-01;
4.476671947700759e-01 2.464875455781558e-01;
-4.372980735721957e-01 2.644473903227239e-01;
2.644473903227239e-01 4.372980735721957e-01;

3.170149739835680e-01 5.456867819409400e-01;
-5.456867819409400e-01 3.170149739835681e-01;
3.140711286784492e-01 -5.473864118203030e-01;
-4.210159553888091e-01 4.701256459957376e-01;
3.170149739835680e-01 5.456867819409400e-01;

8.246720314197898e-01 8.864529881823924e-02;
-8.864529881823918e-02 8.246720314197898e-01;
-3.355669350072374e-01 -7.585095784091762e-01;
1.705309834144082e-01 8.117026130944340e-01;
-8.864529881823918e-02 8.246720314197898e-01;

-5.534233015278859e-01 -3.564761078749843e+00;
3.564761078749843e+00 -5.534233015278861e-01;
-2.810462001855440e+00 2.261659177544328e+00;
3.219272047725172e+00 -1.627908591407746e+00;
5.534233015278863e-01 3.564761078749843e+00;

-3.926581238099884e-01 8.529926159295047e-01;
-8.529926159295047e-01 -3.926581238099883e-01;
9.350423365404880e-01 -8.644439774296757e-02;
-9.325822189680733e-01 -1.098508529271591e-01;
8.529926159295048e-01 3.926581238099882e-01;

8.593140345274752e-01 1.419981165864929e-01;
-1.419981165864929e-01 8.593140345274752e-01;
-3.066830410102907e-01 -8.151868420225380e-01;
-7.786640562204755e-01 3.902132270954872e-01;
8.593140345274752e-01 1.419981165864929e-01;

4.426452471073790e-01 -3.038543501069569e-01;
3.038543501069569e-01 4.426452471073790e-01;
-4.844682097967252e-01 -2.314148538059518e-01;
-1.795064215513845e-01 5.060036812983582e-01;
3.038543501069569e-01 4.426452471073790e-01;

1.332173494061251e-01 -6.594945249084569e-01;
6.594945249084569e-01 1.332173494061250e-01;
-6.377476869305354e-01 2.143776536436967e-01;
2.798660560936816e-01 6.118454716785875e-01;
-1.332173494061250e-01 6.594945249084569e-01;

-1.862544884091787e+00 -3.701161288398566e+00;
3.701161288398566e+00 -1.862544884091788e+00;
-2.274027257210806e+00 3.463591829511515e+00;
3.682318485692859e+00 1.899525966635169e+00;
-3.701161288398566e+00 1.862544884091788e+00;

4.281074266047556e-01 -1.909264549707271e+00;
1.909264549707271e+00 4.281074266047555e-01;
-1.867525315893931e+00 5.838803678651360e-01;
-1.468583728584136e+00 1.292992235715656e+00;
4.281074266047556e-01 -1.909264549707271e+00;

1.563032786287103e-01 -5.284966291237738e-01;
5.284966291237738e-01 1.563032786287103e-01;
-5.358431459499861e-01 1.288857045746267e-01;
-4.370945331723881e-01 3.356899923680896e-01;
5.284966291237738e-01 1.563032786287103e-01;

-1.419460475625335e-01 -4.185521539640916e-01;
4.185521539640916e-01 -1.419460475625335e-01;
-2.915037743603321e-01 3.322049601379942e-01;
-1.311820186528974e-01 4.220495989676528e-01;
1.419460475625336e-01 4.185521539640916e-01;

-5.408458909542061e-01 -4.316707741059344e-01;
4.316707741059343e-01 -5.408458909542061e-01;
-1.034149109699296e-01 6.842216681517380e-01;
1.838238022546687e-01 6.671302306925553e-01;
-4.316707741059342e-01 5.408458909542062e-01;

-1.069315041045749e+00 3.252485180089429e-01;
-3.252485180089429e-01 -1.069315041045749e+00;
8.163309996618598e-01 7.634297311899463e-01;
-2.110679755613381e-02 1.117486357219009e+00;
-1.069315041045749e+00 3.252485180089429e-01;

-3.881547163014191e-01 -8.401169866717206e-01;
8.401169866717206e-01 -3.881547163014191e-01;
-5.334852944578328e-01 7.562103382516312e-01;
-9.189451384083135e-01 1.095466461245286e-01;
8.401169866717206e-01 -3.881547163014191e-01;

-3.540584253463566e-01 -2.891193603629623e-01;
2.891193603629623e-01 -3.540584253463566e-01;
-7.335549812705451e-02 4.511832709553421e-01;
-3.843789220939398e-01 2.473867768198837e-01;
3.540584253463566e-01 2.891193603629622e-01;

-4.746232137653170e-01 -3.222967850826208e-02;
3.222967850826206e-02 -4.746232137653170e-01;
2.093998865386984e-01 4.271505996007074e-01;
-1.773188847417168e-01 4.414339818541584e-01;
-3.222967850826199e-02 4.746232137653170e-01;

7.118066410715841e-02 3.980917828835516e-01;
-7.118066410715847e-02 -3.980917828835516e-01;
7.118066410715841e-02 3.980917828835516e-01;
7.118066410715841e-02 3.980917828835516e-01;
7.118066410715841e-02 3.980917828835516e-01;

3.943161531622196e-01 5.612929153170710e-01;
-3.943161531622196e-01 -5.612929153170710e-01;
3.943161531622196e-01 5.612929153170710e-01;
3.943161531622196e-01 5.612929153170710e-01;
-5.612929153170710e-01 3.943161531622196e-01;

-5.124778077993744e-01 1.004091032317820e+00;
5.124778077993742e-01 -1.004091032317820e+00;
-5.124778077993744e-01 1.004091032317820e+00;
-5.124778077993744e-01 1.004091032317820e+00;
5.124778077993742e-01 -1.004091032317820e+00;

-1.687609636410316e-01 4.253121935114774e-01;
1.687609636410315e-01 -4.253121935114774e-01;
-1.687609636410316e-01 4.253121935114774e-01;
-1.687609636410316e-01 4.253121935114774e-01;
4.253121935114774e-01 1.687609636410315e-01;

1.963359515050803e-01 2.818092599651059e-01;
-1.963359515050803e-01 -2.818092599651059e-01;
1.963359515050803e-01 2.818092599651059e-01;
-2.073453874202836e-01 2.738104365633611e-01;
1.963359515050803e-01 2.818092599651059e-01;

3.697794264610986e-01 2.052979847075710e-01;
-3.697794264610986e-01 -2.052979847075709e-01;
3.697794264610986e-01 2.052979847075710e-01;
-8.098185919169751e-02 4.151216993132799e-01;
-2.052979847075709e-01 3.697794264610986e-01;

6.676881180928771e-01 6.022139753877537e-01;
-6.676881180928772e-01 -6.022139753877536e-01;
6.676881180928771e-01 6.022139753877537e-01;
-3.664125500636064e-01 8.211034882099910e-01;
-6.676881180928772e-01 -6.022139753877536e-01;

1.025961491837904e-01 4.816291543307440e-01;
-1.025961491837905e-01 -4.816291543307440e-01;
1.025961491837904e-01 4.816291543307440e-01;
-4.263525920087596e-01 2.464063299026678e-01;
4.816291543307440e-01 -1.025961491837905e-01;

3.665743774920074e-01 2.209125333478889e-01;
-3.665743774920074e-01 -2.209125333478889e-01;
3.665743774920074e-01 2.209125333478889e-01;
-4.264140302419095e-01 3.674501920923146e-02;
3.665743774920074e-01 2.209125333478889e-01;

4.158911553679531e-01 -6.104636150773168e-03;
-4.158911553679531e-01 6.104636150773220e-03;
4.158911553679531e-01 -6.104636150773168e-03;
-3.328747974028697e-01 2.493934420746116e-01;
6.104636150773193e-03 4.158911553679531e-01;

7.531658460534275e-01 -2.837710598119845e-01;
-7.531658460534275e-01 2.837710598119846e-01;
7.531658460534275e-01 -2.837710598119845e-01;
-4.425275250551184e-01 6.722753867402731e-01;
-7.531658460534275e-01 2.837710598119846e-01;

6.215435725677174e-01 6.569702472913529e-01;
-6.215435725677175e-01 -6.569702472913528e-01;
6.215435725677174e-01 6.569702472913529e-01;
-8.889967355045981e-01 -1.661659492449352e-01;
6.569702472913528e-01 -6.215435725677175e-01;

7.960564230355708e-01 4.223987312638248e-01;
-7.960564230355708e-01 -4.223987312638247e-01;
7.960564230355708e-01 4.223987312638248e-01;
-3.957434298931814e-01 -8.096379774478573e-01;
7.960564230355708e-01 4.223987312638248e-01;

5.684910689247114e-01 -2.964412271645728e-01;
-5.684910689247114e-01 2.964412271645728e-01;
5.684910689247114e-01 -2.964412271645728e-01;
-6.341627174092898e-01 -9.432467576442546e-02;
2.964412271645728e-01 5.684910689247114e-01;

1.104251808179541e-01 -8.758033495188593e-01;
-1.104251808179540e-01 8.758033495188593e-01;
1.104251808179541e-01 -8.758033495188593e-01;
-6.041201406441870e-01 6.436335007247360e-01;
-1.104251808179540e-01 8.758033495188593e-01;

-3.186707958833733e+00 1.432277486259057e+00;
3.186707958833733e+00 -1.432277486259057e+00;
-3.186707958833733e+00 1.432277486259057e+00;
3.419972478419999e+00 7.143631145213101e-01;
1.432277486259057e+00 3.186707958833732e+00;

7.582295543149587e-03 7.816867167316026e-01;
-7.582295543149683e-03 -7.816867167316026e-01;
7.582295543149587e-03 7.816867167316026e-01;
7.457713038281613e-01 2.343432881624325e-01;
7.582295543149587e-03 7.816867167316026e-01;

2.388673542073894e+00 2.179701339111202e-01;
-2.388673542073894e+00 -2.179701339111199e-01;
2.388673542073894e+00 2.179701339111202e-01;
9.454426347285320e-01 -2.204407061846484e+00;
-2.179701339111201e-01 2.388673542073894e+00;

-1.012896170456300e+00 -4.474033967522550e-01;
1.012896170456300e+00 4.474033967522549e-01;
-1.012896170456300e+00 -4.474033967522550e-01;
-7.385080461021183e-01 8.250662503053474e-01;
1.012896170456300e+00 4.474033967522549e-01;

-5.394095706105342e-01 3.846879008986353e-01;
5.394095706105342e-01 -3.846879008986354e-01;
-5.394095706105342e-01 3.846879008986353e-01;
1.991732106424033e-01 6.318840859892231e-01;
3.846879008986354e-01 5.394095706105341e-01;

3.470341437718782e-01 3.638312450475377e-01;
-3.470341437718783e-01 -3.638312450475377e-01;
-4.886041727876280e-01 1.186247619632590e-01;
3.470341437718782e-01 3.638312450475377e-01;
3.470341437718782e-01 3.638312450475377e-01;

5.563084135070262e-01 6.200493776842538e-02;
-5.563084135070262e-01 -6.200493776842531e-02;
-3.318520580210426e-01 4.507747495518902e-01;
5.563084135070262e-01 6.200493776842538e-02;
-6.200493776842535e-02 5.563084135070262e-01;

1.631842838087239e+00 -6.258313210741824e-01;
-1.631842838087239e+00 6.258313210741826e-01;
-2.739355965094014e-01 1.726133013304336e+00;
1.631842838087239e+00 -6.258313210741824e-01;
-1.631842838087239e+00 6.258313210741826e-01;

1.204436725197893e-01 9.496065400368680e-01;
-1.204436725197894e-01 -9.496065400368680e-01;
-8.826052235316669e-01 -3.704959898912025e-01;
1.204436725197893e-01 9.496065400368680e-01;
9.496065400368680e-01 -1.204436725197895e-01;

2.986261332439969e-01 1.599893592845670e-01;
-2.986261332439969e-01 -1.599893592845670e-01;
-2.878679160976292e-01 1.786231379809345e-01;
-5.987837254860147e-02 3.334497608958185e-01;
2.986261332439969e-01 1.599893592845670e-01;

3.319619501995112e-01 1.686759112006780e-02;
-3.319619501995112e-01 -1.686759112006776e-02;
-1.805887375103830e-01 2.790536864025676e-01;
8.653985164855621e-02 3.209269482095612e-01;
-1.686759112006778e-02 3.319619501995112e-01;

5.559163997681618e-01 -7.884857785555693e-02;
-5.559163997681618e-01 7.884857785555700e-02;
-2.096733284088933e-01 5.208620135073923e-01;
2.467770687502323e-01 5.043423639751885e-01;
-5.559163997681618e-01 7.884857785555700e-02;

4.801595580279220e-01 3.497923935436942e-01;
-4.801595580279221e-01 -3.497923935436942e-01;
-5.430088778733640e-01 2.409341783502418e-01;
-1.842948717880175e-01 5.647506706319474e-01;
3.497923935436941e-01 -4.801595580279221e-01;

3.385445535680032e-01 2.430831401358088e-02;
-3.385445535680032e-01 -2.430831401358084e-02;
-1.903238942429318e-01 2.810340266959620e-01;
-2.881763656748716e-01 1.793256566896219e-01;
3.385445535680032e-01 2.430831401358088e-02;

2.732901820633244e-01 -8.426405459265031e-02;
-2.732901820633244e-01 8.426405459265034e-02;
-6.367027912854817e-02 2.788082675680384e-01;
-1.715672330971252e-01 2.288069907935395e-01;
8.426405459265032e-02 2.732901820633244e-01;

3.248848589155798e-01 -2.216853905121156e-01;
-3.248848589155798e-01 2.216853905121156e-01;
2.954275037357606e-02 3.922012363818731e-01;
-1.325339688860918e-01 3.703097770926468e-01;
-3.248848589155798e-01 2.216853905121156e-01;

5.817135870120229e-01 -6.572283845443910e-02;
-5.817135870120229e-01 6.572283845443917e-02;
-2.339391457956463e-01 5.366401633062009e-01;
-4.319852625692162e-01 3.950935607320220e-01;
-6.572283845443921e-02 -5.817135870120229e-01;

4.913294814566291e-01 -1.216661461417217e-01;
-4.913294814566291e-01 1.216661461417217e-01;
-1.402987673890334e-01 4.863368856405369e-01;
-4.690074667412084e-01 -1.903662433479560e-01;
4.913294814566291e-01 -1.216661461417217e-01;

2.785755288660475e-01 -2.060254433478537e-01;
-2.785755288660475e-01 2.060254433478538e-01;
3.913550333216937e-02 3.442662065446092e-01;
-3.464710542665080e-01 2.935497425007827e-03;
2.060254433478538e-01 2.785755288660475e-01;

1.908558725760420e-01 -3.747307147701585e-01;
-1.908558725760419e-01 3.747307147701585e-01;
2.290983822812369e-01 3.526513914973773e-01;
-3.746668321131938e-01 1.909812493497204e-01;
-1.908558725760419e-01 3.747307147701585e-01;

5.509142384866973e-01 -7.148033694845797e-01;
-5.509142384866972e-01 7.148033694845798e-01;
3.435807574410120e-01 8.345074105783283e-01;
-8.658498602508743e-01 2.544688088890806e-01;
-7.148033694845798e-01 -5.509142384866972e-01;

9.662640017438832e-01 2.890723077678025e-01;
-9.662640017438832e-01 -2.890723077678024e-01;
-7.334759629294521e-01 6.922730183887128e-01;
5.735160995746502e-01 -8.296434196165158e-01;
9.662640017438832e-01 2.890723077678025e-01;

4.926388101637587e-01 -3.485725233292811e-01;
-4.926388101637586e-01 3.485725233292812e-01;
5.555325518252213e-02 6.009239861565950e-01;
-1.792784052845024e-01 -5.762421840670394e-01;
3.485725233292812e-01 4.926388101637587e-01;

5.983701641375520e-02 -7.304576475402957e-01;
-5.983701641375511e-02 7.304576475402957e-01;
6.026763709516383e-01 4.170492000711262e-01;
-6.762158506062839e-01 -2.826322111370587e-01;
-5.983701641375511e-02 7.304576475402957e-01;

-2.944168208572327e+00 -1.198372630341221e+00;
2.944168208572327e+00 1.198372630341220e+00;
2.509905245361638e+00 -1.950538146467547e+00;
-2.049518109783075e+00 2.429752851462497e+00;
-1.198372630341220e+00 2.944168208572327e+00;

3.338783783851954e-02 8.878102966211504e-01;
-3.338783783851965e-02 -8.878102966211504e-01;
7.521723516960540e-01 -4.728198640561688e-01;
3.338783783851954e-02 8.878102966211504e-01;
3.338783783851954e-02 8.878102966211504e-01;

2.102730314508802e+00 -5.504056435238426e-01;
-2.102730314508802e+00 5.504056435238428e-01;
-1.528030426932371e+00 -1.545815047910343e+00;
2.102730314508802e+00 -5.504056435238426e-01;
5.504056435238427e-01 2.102730314508802e+00;

-8.811553059470537e-01 -5.746862686929333e-01;
8.811553059470538e-01 5.746862686929332e-01;
-5.711525492064251e-02 1.050446013976065e+00;
-8.811553059470537e-01 -5.746862686929333e-01;
8.811553059470538e-01 5.746862686929332e-01;

-6.120885860117767e-01 3.685862288604712e-01;
6.120885860117767e-01 -3.685862288604712e-01;
6.252493306841616e-01 3.457911504224592e-01;
-6.120885860117767e-01 3.685862288604712e-01;
3.685862288604713e-01 6.120885860117766e-01;

4.570254066018424e-01 3.880542216943675e-01;
-4.570254066018425e-01 -3.880542216943674e-01;
1.075521107321991e-01 -5.898227231392916e-01;
-2.278328787171827e-01 5.545723403036273e-01;
4.570254066018424e-01 3.880542216943675e-01;

5.917762110567990e-01 -5.716457955484769e-02;
-5.917762110567990e-01 5.716457955484776e-02;
-3.453940836195544e-01 -4.839109423530655e-01;
2.372356519702772e-01 5.451477951552782e-01;
5.716457955484772e-02 5.917762110567990e-01;

8.554362524190905e-01 -1.115420884351855e+00;
-8.554362524190904e-01 1.115420884351855e+00;
-1.393700947969956e+00 -1.831190837371615e-01;
1.325172640076451e+00 4.688842129928256e-01;
-8.554362524190904e-01 1.115420884351855e+00;

6.569555329330301e-02 1.474668386991701e+00;
-6.569555329330319e-02 -1.474668386991701e+00;
1.244252508645983e+00 -7.942282115635261e-01;
-1.382191936400425e+00 5.181777766991388e-01;
1.474668386991701e+00 -6.569555329330329e-02;

6.192383356463824e-01 -3.981048016815372e-02;
-6.192383356463824e-01 3.981048016815380e-02;
-3.440960549856692e-01 -5.163708895828850e-01;
-4.775743239768584e-01 3.961865163573433e-01;
6.192383356463824e-01 -3.981048016815372e-02;

3.436267158324633e-01 -2.297667309082458e-01;
-3.436267158324633e-01 2.297667309082459e-01;
-3.707971838272758e-01 -1.827060998758065e-01;
-1.429463569343935e-01 3.878639059067648e-01;
2.297667309082459e-01 3.436267158324633e-01;

2.111144932429495e-01 -4.792684296102556e-01;
-2.111144932429494e-01 4.792684296102556e-01;
-5.206158818958301e-01 5.680370054965558e-02;
1.109117020218804e-01 5.118262900954946e-01;
-2.111144932429494e-01 4.792684296102556e-01;

9.388350712372601e-01 -1.294986007964712e+00;
-9.388350712372600e-01 1.294986007964712e+00;
-1.590908316061468e+00 -1.655620176728837e-01;
1.640149860603184e-03 1.599499097129438e+00;
-1.294986007964712e+00 -9.388350712372598e-01;

6.067889091468784e-01 -8.154995948935285e-01;
-6.067889091468783e-01 8.154995948935286e-01;
-1.009637820527153e+00 -1.177448126090797e-01;
-9.702411746269629e-01 3.030914591235773e-01;
6.067889091468784e-01 -8.154995948935285e-01;

1.940009064403743e-01 -3.978872811360558e-01;
-1.940009064403743e-01 3.978872811360558e-01;
-4.415809465267323e-01 3.093392723345582e-02;
-3.908223061609297e-01 2.078667005476877e-01;
3.978872811360558e-01 1.940009064403743e-01;

-4.198201157765508e-02 -4.066257276028377e-01;
4.198201157765513e-02 4.066257276028377e-01;
-3.311572041475610e-01 2.396703523296408e-01;
-2.050444450632756e-01 3.536435312476914e-01;
4.198201157765513e-02 4.066257276028377e-01;

-3.537649899155719e-01 -6.448027662832241e-01;
3.537649899155719e-01 6.448027662832241e-01;
-3.815330810739659e-01 6.287708513780432e-01;
-9.280366780208982e-02 7.295942397928743e-01;
-6.448027662832240e-01 3.537649899155720e-01;

-2.611429436589199e+00 -2.073882665814636e-01;
2.611429436589199e+00 2.073882665814632e-01;
1.126111210988234e+00 2.365258365567461e+00;
-1.004214037852514e+00 2.419530483705506e+00;
-2.611429436589199e+00 -2.073882665814636e-01;

1.375543634273527e-02 -7.862329858340891e-01;
-1.375543634273518e-02 7.862329858340891e-01;
-6.877754571969792e-01 3.812039356040964e-01;
-7.435013409087576e-01 -2.560415515291322e-01;
7.862329858340891e-01 1.375543634273522e-02;

-2.842071479864779e-01 -3.903431657749050e-01;
2.842071479864780e-01 3.903431657749050e-01;
-1.959435237614690e-01 4.413021929808659e-01;
-4.590632500521600e-01 1.496743882076380e-01;
2.842071479864780e-01 3.903431657749050e-01;

-5.755681194603735e-01 -1.536675496918242e-01;
5.755681194603735e-01 1.536675496918241e-01;
1.547040579597597e-01 5.752903879070319e-01;
-3.240068548112038e-01 4.999119262458053e-01;
-1.536675496918241e-01 5.755681194603735e-01;

3.750084886229074e-02 5.077711719814448e-01;
5.077711719814448e-01 -3.750084886229083e-02;
3.750084886229074e-02 5.077711719814448e-01;
3.750084886229074e-02 5.077711719814448e-01;
3.750084886229074e-02 5.077711719814448e-01;

6.722028168287866e-01 8.809402791798513e-01;
8.809402791798512e-01 -6.722028168287867e-01;
6.722028168287866e-01 8.809402791798513e-01;
6.722028168287866e-01 8.809402791798513e-01;
-8.809402791798513e-01 6.722028168287866e-01;

-1.195407659215423e+00 5.421072844025249e-01;
5.421072844025251e-01 1.195407659215423e+00;
-1.195407659215423e+00 5.421072844025249e-01;
-1.195407659215423e+00 5.421072844025249e-01;
1.195407659215423e+00 -5.421072844025250e-01;

-3.026416252922073e-01 4.294004581280018e-01;
4.294004581280018e-01 3.026416252922072e-01;
-3.026416252922073e-01 4.294004581280018e-01;
-3.026416252922073e-01 4.294004581280018e-01;
4.294004581280018e-01 3.026416252922072e-01;

2.475865957379601e-01 3.448519502457057e-01;
3.448519502457056e-01 -2.475865957379601e-01;
2.475865957379601e-01 3.448519502457057e-01;
-2.514652287758009e-01 3.420339583931877e-01;
2.475865957379601e-01 3.448519502457057e-01;

4.923901888017896e-01 1.863077424991918e-01;
1.863077424991917e-01 -4.923901888017897e-01;
4.923901888017896e-01 1.863077424991918e-01;
-2.503225633685388e-02 5.258631562356249e-01;
-1.863077424991917e-01 4.923901888017896e-01;

1.490537073105907e+00 7.502407857551753e-01;
7.502407857551751e-01 -1.490537073105907e+00;
1.490537073105907e+00 7.502407857551753e-01;
-2.529201017472368e-01 1.649422148828442e+00;
-1.490537073105907e+00 -7.502407857551751e-01;

5.761759370615273e-02 6.568879639445681e-01;
6.568879639445681e-01 -5.761759370615285e-02;
5.761759370615273e-02 6.568879639445681e-01;
-6.069327629551451e-01 2.577871322067125e-01;
6.568879639445681e-01 -5.761759370615285e-02;

4.944163166530933e-01 2.111484312877526e-01;
2.111484312877525e-01 -4.944163166530934e-01;
4.944163166530933e-01 2.111484312877526e-01;
-5.241011364242494e-01 1.197879501740511e-01;
4.944163166530933e-01 2.111484312877526e-01;

4.470659301230448e-01 -1.080424182511008e-01;
-1.080424182511008e-01 -4.470659301230448e-01;
4.470659301230448e-01 -1.080424182511008e-01;
-2.981781950055737e-01 3.501869130072496e-01;
1.080424182511008e-01 4.470659301230448e-01;

5.467465126158393e-01 -5.727135070959429e-01;
-5.727135070959430e-01 -5.467465126158392e-01;
5.467465126158393e-01 -5.727135070959429e-01;
-1.056946670617545e-01 7.847044970066258e-01;
-5.467465126158392e-01 5.727135070959430e-01;

1.432212504050832e+00 1.000220070216180e+00;
1.000220070216179e+00 -1.432212504050832e+00;
1.432212504050832e+00 1.000220070216180e+00;
-1.746598861653434e+00 3.263835311016067e-02;
1.000220070216179e+00 -1.432212504050832e+00;

1.443994471158271e+00 9.351456602200001e-02;
9.351456602199974e-02 -1.443994471158271e+00;
1.443994471158271e+00 9.351456602200001e-02;
-1.113249584168244e+00 -9.244135276720967e-01;
1.443994471158271e+00 9.351456602200001e-02;

4.161162086184225e-01 -4.558109162500763e-01;
-4.558109162500764e-01 -4.161162086184224e-01;
4.161162086184225e-01 -4.558109162500763e-01;
-6.045640188128892e-01 1.241718068021608e-01;
4.558109162500763e-01 4.161162086184225e-01;

-5.769640789586799e-02 -6.198663250161706e-01;
-6.198663250161706e-01 5.769640789586810e-02;
-5.769640789586799e-02 -6.198663250161706e-01;
-3.176709097350918e-01 5.353954888502688e-01;
5.769640789586807e-02 6.198663250161706e-01;

-1.275302569969715e+00 -8.278961186352253e-01;
-8.278961186352251e-01 1.275302569969715e+00;
-1.275302569969715e+00 -8.278961186352253e-01;
5.451163231115800e-01 1.419386072391843e+00;
-8.278961186352251e-01 1.275302569969715e+00;

-3.845720881909154e-01 1.111123187995485e+00;
1.111123187995485e+00 3.845720881909152e-01;
-3.845720881909154e-01 1.111123187995485e+00;
9.379016375364974e-01 7.091057383938788e-01;
-3.845720881909154e-01 1.111123187995485e+00;

6.019779292945524e-01 -2.113942047005873e+00;
-2.113942047005873e+00 -6.019779292945521e-01;
6.019779292945524e-01 -2.113942047005873e+00;
-1.824456948484594e+00 -1.225759049970025e+00;
2.113942047005873e+00 6.019779292945523e-01;

-5.717328227658039e-01 -4.302530073230192e-01;
-4.302530073230191e-01 5.717328227658041e-01;
-5.717328227658039e-01 -4.302530073230192e-01;
-5.858700847467370e-01 4.107947355274986e-01;
5.717328227658039e-01 4.302530073230191e-01;

-6.152918203994735e-01 1.623555046513916e-01;
1.623555046513918e-01 6.152918203994735e-01;
-6.152918203994735e-01 1.623555046513916e-01;
-3.572636834824094e-02 6.353479052816274e-01;
1.623555046513918e-01 6.152918203994735e-01;

5.153578594589492e-01 4.589575750991826e-01;
4.589575750991825e-01 -5.153578594589493e-01;
-6.551478490246709e-01 2.168342107818293e-01;
5.153578594589492e-01 4.589575750991826e-01;
5.153578594589492e-01 4.589575750991826e-01;

6.506999311863793e-01 -1.216273648055565e-01;
-1.216273648055566e-01 -6.506999311863793e-01;
-2.200175778762202e-01 6.243363530509688e-01;
6.506999311863793e-01 -1.216273648055565e-01;
1.216273648055565e-01 6.506999311863793e-01;

4.665597910150251e-01 -1.302772743369339e+00;
-1.302772743369339e+00 -4.665597910150249e-01;
8.949543956082805e-01 1.055439003088040e+00;
4.665597910150251e-01 -1.302772743369339e+00;
-4.665597910150249e-01 1.302772743369339e+00;

-4.680588237892926e-01 1.649935767353465e+00;
1.649935767353465e+00 4.680588237892923e-01;
-1.194856877246026e+00 -1.230318715543724e+00;
-4.680588237892926e-01 1.649935767353465e+00;
1.649935767353465e+00 4.680588237892923e-01;

3.736522225483310e-01 1.484884933223483e-01;
1.484884933223482e-01 -3.736522225483310e-01;
-3.154209186609950e-01 2.493480702461972e-01;
-2.575606241566449e-02 4.012498489884936e-01;
3.736522225483310e-01 1.484884933223483e-01;

3.633135845776899e-01 -4.320884046791153e-02;
-4.320884046791160e-02 -3.633135845776899e-01;
-1.442368387755644e-01 3.362432140182215e-01;
1.533641212103510e-01 3.321794860593418e-01;
4.320884046791156e-02 3.633135845776899e-01;

5.463819214143035e-01 -2.691736726612217e-01;
-2.691736726612218e-01 -5.463819214143035e-01;
-4.007972215257682e-02 6.077674604439505e-01;
4.248406745358103e-01 4.364608474563031e-01;
-5.463819214143035e-01 2.691736726612217e-01;

7.584000215990017e-01 3.655339718643913e-01;
3.655339718643911e-01 -7.584000215990018e-01;
-6.957617163802897e-01 4.740266990032069e-01;
-1.132849706604599e-01 8.342374918275866e-01;
3.655339718643911e-01 -7.584000215990018e-01;

3.739019055655155e-01 -3.733945774101886e-02;
-3.733945774101893e-02 -3.739019055655155e-01;
-1.546140338154998e-01 3.424782776136561e-01;
-2.805454132429098e-01 2.499822817686925e-01;
3.739019055655155e-01 -3.733945774101886e-02;

2.635737108147206e-01 -1.300844410721005e-01;
-1.300844410721006e-01 -2.635737108147206e-01;
-1.913042480182136e-02 2.933037498713315e-01;
-1.367738953046868e-01 2.601652636399897e-01;
1.300844410721005e-01 2.635737108147206e-01;

2.616145338347923e-01 -2.759150784173550e-01;
-2.759150784173551e-01 -2.616145338347922e-01;
1.081422002792089e-01 3.645223715088311e-01;
-4.947178986898405e-02 3.769931522173976e-01;
-2.616145338347922e-01 2.759150784173551e-01;

5.802935891705823e-01 -2.752235964297491e-01;
-2.752235964297493e-01 -5.802935891705823e-01;
-5.179616835621210e-02 6.401607880898491e-01;
-3.076950043015330e-01 5.637485804789947e-01;
-2.752235964297493e-01 -5.802935891705823e-01;

4.582606940556708e-01 -2.676490377660329e-01;
-2.676490377660330e-01 -4.582606940556708e-01;
2.660518976009848e-03 5.306899214911158e-01;
-5.280608465342415e-01 -5.282625759041352e-02;
4.582606940556708e-01 -2.676490377660329e-01;

2.274747423967881e-01 -2.455958849325370e-01;
-2.455958849325371e-01 -2.274747423967881e-01;
9.895490421810293e-02 3.197968481012081e-01;
-3.283885715771294e-01 6.498494580911515e-02;
2.455958849325371e-01 2.274747423967881e-01;

1.072552979975424e-01 -3.528454913742123e-01;
-3.528454913742123e-01 -1.072552979975423e-01;
2.519455101420998e-01 2.693085584434480e-01;
-2.941687349844141e-01 2.224149165171269e-01;
-1.072552979975423e-01 3.528454913742123e-01;

1.948933427659395e-01 -6.834665881573810e-01;
-6.834665881573810e-01 -1.948933427659393e-01;
4.944527565991989e-01 5.105158799424622e-01;
-5.594036073417488e-01 4.383806522589833e-01;
-6.834665881573810e-01 -1.948933427659393e-01;

1.398974805074417e+00 -4.058618626918222e-01;
-4.058618626918225e-01 -1.398974805074417e+00;
-3.480007190188183e-01 1.414478651794739e+00;
4.630942024162749e-02 -1.455922317439211e+00;
1.398974805074417e+00 -4.058618626918222e-01;

3.339647651104802e-01 -4.504523524013499e-01;
-4.504523524013500e-01 -3.339647651104802e-01;
2.231207978187893e-01 5.144481467552537e-01;
-3.252048570902089e-01 -4.568167981194923e-01;
4.504523524013499e-01 3.339647651104802e-01;

-5.269253714311925e-02 -5.397159841787600e-01;
-5.397159841787600e-01 5.269253714311935e-02;
4.937540216988860e-01 2.242249163335835e-01;
-5.295832931558186e-01 -1.166678304369490e-01;
5.269253714311932e-02 5.397159841787600e-01;

-8.414957950708289e-01 -8.589821720689823e-01;
-8.589821720689822e-01 8.414957950708291e-01;
1.164648279945089e+00 -2.992656496746309e-01;
-1.076977093499515e+00 5.348699703026625e-01;
-8.589821720689822e-01 8.414957950708291e-01;

-5.137602817140733e-01 1.343619378953906e+00;
1.343619378953906e+00 5.137602817140731e-01;
1.420488656048190e+00 -2.268802340571163e-01;
-5.137602817140733e-01 1.343619378953906e+00;
-5.137602817140733e-01 1.343619378953906e+00;

4.127806475800880e-01 -1.581583855598346e+00;
-1.581583855598346e+00 -4.127806475800877e-01;
-1.576082120953551e+00 4.333134008042263e-01;
4.127806475800880e-01 -1.581583855598346e+00;
1.581583855598346e+00 4.127806475800879e-01;

-5.006853594669947e-01 -4.582776498185335e-01;
-4.582776498185334e-01 5.006853594669948e-01;
-1.465374069959813e-01 6.627450655106276e-01;
-5.006853594669947e-01 -4.582776498185335e-01;
5.006853594669948e-01 4.582776498185334e-01;

-6.534379705479466e-01 1.081541481826323e-01;
1.081541481826324e-01 6.534379705479466e-01;
4.203832251247997e-01 5.118168082005533e-01;
-6.534379705479466e-01 1.081541481826323e-01;
1.081541481826324e-01 6.534379705479466e-01;

7.391477939990759e-01 4.552380780777078e-01;
4.552380780777077e-01 -7.391477939990760e-01;
2.467384338576029e-02 -8.677398057932807e-01;
-2.045479109210186e-01 8.436476286006098e-01;
7.391477939990759e-01 4.552380780777078e-01;

5.962836588542465e-01 -2.745970814029867e-01;
-2.745970814029868e-01 -5.962836588542465e-01;
-5.359498777271733e-01 -3.790982557278177e-01;
4.454191276779770e-01 4.822442945543637e-01;
2.745970814029867e-01 5.962836588542465e-01;

1.291975625748491e-01 -9.438949003395184e-01;
-9.438949003395184e-01 -1.291975625748489e-01;
-8.820357434840282e-01 3.600590788729107e-01;
9.376216381331126e-01 -1.688053813324975e-01;
-1.291975625748490e-01 9.438949003395184e-01;

-2.403498787767161e+00 1.857985687829769e+00;
1.857985687829770e+00 2.403498787767160e+00;
2.810812199412065e+00 1.152498164256578e+00;
-2.509771366973273e+00 -1.711714031168636e+00;
1.857985687829770e+00 2.403498787767160e+00;

6.361544683768333e-01 -2.794619516733790e-01;
-2.794619516733791e-01 -6.361544683768333e-01;
-5.600983837287422e-01 -4.111949545086321e-01;
-3.503961621939342e-01 6.000116828768151e-01;
6.361544683768333e-01 -2.794619516733790e-01;

2.742713051296941e-01 -2.901635375006446e-01;
-2.901635375006447e-01 -2.742713051296940e-01;
-3.884246472923639e-01 -9.244414902110577e-02;
-5.133629882342625e-02 3.959598612682170e-01;
2.901635375006446e-01 2.742713051296941e-01;

9.266461299032280e-02 -4.298881056191798e-01;
-4.298881056191798e-01 -9.266461299032272e-02;
-4.186263267461389e-01 1.346941439281171e-01;
1.777146419325543e-01 4.022536760506700e-01;
-9.266461299032275e-02 4.298881056191798e-01;

7.879009447339681e-02 -1.012589845127619e+00;
-1.012589845127619e+00 -7.879009447339663e-02;
-9.163235767313661e-01 4.380606991832722e-01;
5.314428521697480e-01 8.655140485979327e-01;
-1.012589845127619e+00 -7.879009447339663e-02;

1.758116992138750e-01 -7.494430285258559e-01;
-7.494430285258559e-01 -1.758116992138748e-01;
-7.369425509994743e-01 2.224641164612040e-01;
-5.827462120748667e-01 5.029726224148501e-01;
1.758116992138750e-01 -7.494430285258559e-01;

1.033295245935743e-01 -3.702009546347744e-01;
-3.702009546347744e-01 -1.033295245935743e-01;
-3.722681935157523e-01 9.561448405838312e-02;
-3.011940029358010e-01 2.387632929508661e-01;
3.702009546347744e-01 1.033295245935743e-01;

-6.188888506990756e-02 -3.322589848998257e-01;
-3.322589848998257e-01 6.188888506990762e-02;
-2.568002790239253e-01 2.197268391323484e-01;
-1.452277714813119e-01 3.051805392426435e-01;
6.188888506990760e-02 3.322589848998257e-01;

-2.571841624527672e-01 -4.540130552750135e-01;
-4.540130552750135e-01 2.571841624527673e-01;
-2.645947582915664e-01 4.497345457726273e-01;
-5.879582013052435e-02 5.184733351985065e-01;
-4.540130552750135e-01 2.571841624527673e-01;

-9.504525923142402e-01 -7.161512239471742e-01;
-7.161512239471740e-01 9.504525923142403e-01;
-1.449788567324508e-01 1.181191702010493e+00;
-9.748062915605334e-01 6.826312326079836e-01;
-9.504525923142402e-01 -7.161512239471742e-01;

-8.589924907705582e-02 -5.592313612417799e-01;
-5.592313612417799e-01 8.589924907705591e-02;
-4.413589408898055e-01 3.540066124876275e-01;
-5.584049579944604e-01 -9.111695383155075e-02;
5.592313612417799e-01 -8.589924907705584e-02;

-2.187760980548831e-01 -3.115427540009373e-01;
-3.115427540009372e-01 2.187760980548832e-01;
-1.604158903023360e-01 3.452370356568328e-01;
-3.639002985591282e-01 1.117964282040609e-01;
2.187760980548831e-01 3.115427540009373e-01;

-4.266327211274188e-01 -2.026650105902137e-01;
-2.026650105902137e-01 4.266327211274188e-01;
3.780331293434224e-02 4.708072798771335e-01;
-3.245826401316491e-01 3.431248970554100e-01;
-2.026650105902137e-01 4.266327211274188e-01;

