40                                               

5.857308850672810e-01 1.231448201341023e-01
5.857308850672803e-01 -1.231448201341021e-01
-6.102433771249382e-02 9.356726402615860e-18
2.161647576034293e+00 -3.917498897105082e-16

1.621105936225949e-01 -1.380120532318250e-01
1.621105936225977e-01 1.380120532318237e-01
-3.361593990674421e-02 8.427451528663510e-16
7.599589221874424e-02 -1.464002342056849e-15

6.313832639972171e-01 3.312482093874555e+00
6.313832639972145e-01 -3.312482093874555e+00
9.874752916425232e-02 -9.072794020315195e-01
9.874752916425245e-02 9.072794020315198e-01

1.212218147911929e+00 9.038538650649230e-14
-4.952941689456878e-01 -8.474509351099911e-13
1.157053971875851e+01 6.240506182268394e-11
-1.739565217320783e-01 -2.036618706345387e-13

3.596693883868279e-01 -1.222650217744717e-17
-8.871067475111437e-01 1.292442366659908e-16
-7.822113681767218e-02 6.184324998518270e-18
-1.200396038448235e+00 2.162303609893066e-17

3.596693883868302e-01 1.316993899522052e-15
-8.871067475111450e-01 -6.748313039731837e-16
-1.200396038448237e+00 -1.660932746450986e-15
-7.822113681767194e-02 4.432533469115153e-16

1.621105936225957e-01 -1.380120532318252e-01
1.621105936225975e-01 1.380120532318243e-01
7.599589221874468e-02 -9.150443354777164e-16
-3.361593990674439e-02 5.117877159826054e-16

5.857308850672729e-01 1.231448201340445e-01
5.857308850672824e-01 -1.231448201340439e-01
2.161647576034331e+00 -3.132673876786224e-15
-6.102433771249749e-02 6.123462338573341e-17

1.521558136077807e-01 -2.118061083477462e-17
1.687736641263072e-02 -7.615543022157428e-17
-1.586504860083162e-02 5.895047861947793e-02
-1.586504860083155e-02 -5.895047861947796e-02

6.313832639972139e-01 -3.312482093874553e+00
6.313832639972166e-01 3.312482093874554e+00
9.874752916425232e-02 9.072794020315196e-01
9.874752916425221e-02 -9.072794020315194e-01

1.521558136077807e-01 4.306258918137905e-18
1.687736641263064e-02 9.598803604396932e-17
-1.586504860083163e-02 -5.895047861947796e-02
-1.586504860083157e-02 5.895047861947799e-02

9.961936700899804e-01 1.635987553745291e+00
9.961936700899601e-01 -1.635987553745291e+00
4.574353943439796e-01 -8.080533784148551e-01
4.574353943439798e-01 8.080533784148610e-01

9.961936700899749e-01 1.635987553745301e+00
9.961936700899628e-01 -1.635987553745300e+00
4.574353943439754e-01 8.080533784148638e-01
4.574353943439741e-01 -8.080533784148561e-01

1.621105936225967e-01 1.380120532318246e-01
1.621105936225964e-01 -1.380120532318249e-01
7.599589221874473e-02 -1.426345050138813e-16
-3.361593990674449e-02 5.023956804738297e-17

6.313832639972172e-01 3.312482093874557e+00
6.313832639972140e-01 -3.312482093874557e+00
9.874752916425224e-02 9.072794020315195e-01
9.874752916425232e-02 -9.072794020315198e-01

-4.952941689466681e-01 1.419657903190031e-12
1.212218147912034e+00 -1.514815528485201e-13
1.157053971883058e+01 -1.045683337727225e-10
-1.739565217322505e-01 1.928280289647625e-13

-5.750700359007085e-01 -1.101468762404795e+00
-5.750700359007180e-01 1.101468762404793e+00
-3.017264224646966e-01 5.468492296103026e-01
-3.017264224646915e-01 -5.468492296103008e-01

-2.047423220213750e-01 3.662935006954274e-01
-2.047423220213749e-01 -3.662935006954274e-01
-1.647897136957236e-01 1.781718615472555e-01
-1.647897136957236e-01 -1.781718615472555e-01

-3.661185202465966e-01 -5.584244212627342e-01
-3.661185202465966e-01 5.584244212627339e-01
-2.970957522629757e-01 2.355790575424050e-01
-2.970957522629760e-01 -2.355790575424054e-01

-5.750700359007132e-01 1.101468762404794e+00
-5.750700359007128e-01 -1.101468762404793e+00
-3.017264224646937e-01 5.468492296103015e-01
-3.017264224646938e-01 -5.468492296103015e-01

-3.661185202465963e-01 5.584244212627342e-01
-3.661185202465968e-01 -5.584244212627338e-01
-2.970957522629756e-01 2.355790575424053e-01
-2.970957522629759e-01 -2.355790575424051e-01

1.621105936225967e-01 1.380120532318249e-01
1.621105936225966e-01 -1.380120532318251e-01
-3.361593990674454e-02 2.902365917364070e-17
7.599589221874484e-02 -1.083189334243616e-16

-8.871067475111437e-01 1.374207735298871e-16
3.596693883868279e-01 -1.162156988033377e-17
-7.822113681767218e-02 4.457983058037026e-18
-1.200396038448234e+00 -2.291465787971347e-17

-2.047423220213749e-01 -3.662935006954273e-01
-2.047423220213747e-01 3.662935006954274e-01
-1.647897136957235e-01 1.781718615472555e-01
-1.647897136957235e-01 -1.781718615472554e-01

-8.871067475111438e-01 -2.232710312874592e-16
3.596693883868280e-01 6.421142891763297e-16
-1.200396038448234e+00 -5.621135002103998e-16
-7.822113681767245e-02 -2.535593605488269e-16

-2.047423220213753e-01 -3.662935006954274e-01
-2.047423220213749e-01 3.662935006954277e-01
-1.647897136957238e-01 -1.781718615472555e-01
-1.647897136957237e-01 1.781718615472556e-01

6.313832639972152e-01 -3.312482093874551e+00
6.313832639972156e-01 3.312482093874552e+00
9.874752916425225e-02 -9.072794020315195e-01
9.874752916425228e-02 9.072794020315197e-01

1.212218147911858e+00 3.728647017134128e-17
-4.952941689450281e-01 -3.150493447054561e-17
-1.739565217319524e-01 4.952537392007663e-18
1.157053971870988e+01 3.017947008475181e-14

-2.047423220213749e-01 3.662935006954277e-01
-2.047423220213751e-01 -3.662935006954275e-01
-1.647897136957237e-01 -1.781718615472555e-01
-1.647897136957237e-01 1.781718615472556e-01

-4.952941689450283e-01 3.150889550380296e-17
1.212218147911859e+00 -3.045592264983925e-16
-1.739565217319525e-01 2.287139977034840e-17
1.157053971870988e+01 5.054255744322903e-14

-5.750700359007124e-01 1.101468762404793e+00
-5.750700359007130e-01 -1.101468762404793e+00
-3.017264224646937e-01 -5.468492296103011e-01
-3.017264224646934e-01 5.468492296103015e-01

-3.661185202465965e-01 5.584244212627343e-01
-3.661185202465971e-01 -5.584244212627344e-01
-2.970957522629762e-01 -2.355790575424052e-01
-2.970957522629759e-01 2.355790575424052e-01

9.961936700899680e-01 -1.635987553745293e+00
9.961936700899677e-01 1.635987553745292e+00
4.574353943439762e-01 -8.080533784148601e-01
4.574353943439763e-01 8.080533784148601e-01

5.857308850672536e-01 -1.231448201341258e-01
5.857308850673104e-01 1.231448201341231e-01
2.161647576034280e+00 1.850454825341250e-14
-6.102433771249336e-02 -2.919430141548355e-15

1.687736641263068e-02 4.546385950656386e-17
1.521558136077808e-01 -3.354386842276093e-17
-1.586504860083159e-02 5.895047861947796e-02
-1.586504860083161e-02 -5.895047861947795e-02

1.687736641263074e-02 -1.069808039998701e-16
1.521558136077807e-01 2.951780090418392e-17
-1.586504860083155e-02 -5.895047861947794e-02
-1.586504860083160e-02 5.895047861947791e-02

9.961936700899681e-01 -1.635987553745293e+00
9.961936700899675e-01 1.635987553745293e+00
4.574353943439758e-01 8.080533784148598e-01
4.574353943439761e-01 -8.080533784148599e-01

-5.750700359007128e-01 -1.101468762404792e+00
-5.750700359007126e-01 1.101468762404792e+00
-3.017264224646938e-01 -5.468492296103012e-01
-3.017264224646938e-01 5.468492296103007e-01

5.857308850672803e-01 -1.231448201341027e-01
5.857308850672813e-01 1.231448201341025e-01
-6.102433771249383e-02 -5.815193849788915e-18
2.161647576034293e+00 1.098453099404498e-16

-3.661185202465966e-01 -5.584244212627338e-01
-3.661185202465964e-01 5.584244212627339e-01
-2.970957522629760e-01 -2.355790575424050e-01
-2.970957522629757e-01 2.355790575424051e-01

