0
-1.228657152458366e-01 -6.229663725781948e-01
5.413663372814101e-01 -8.252750562056019e-01
-8.474901583381713e-01 -3.260077574914332e-01
4.071908209238591e-01 -1.140929115171404e+00
-2.944141688464992e-01 -5.212425741415859e-01

1
-3.218606643114016e-01 -4.968896990016328e-02
-5.550361805596510e-01 -9.767410470051768e-01
-1.460098817287474e+00 -7.501214697575465e-01
2.127521789172895e-01 -1.471801879744121e-01
-6.834287478683894e-02 -1.267869253302562e-01

2
1.491948069504611e-01 -6.756255045351666e-01
1.966987895725039e-01 3.206965383897351e-02
-2.109371517666649e-01 2.266216267649686e-01
9.697409861819035e-02 7.406319656556344e-02
-1.346004164736156e-01 8.164080115264449e-02

3
3.161090979094851e-04 3.902437004840826e-03
-4.188007294680793e-02 -9.158652110629673e-02
4.231392907123058e-02 9.674013199430474e-02
-5.208240026858858e-01 7.454527190229907e-01
7.124951794106933e-01 2.391198330756600e-01

4
-3.988117248980014e-02 -4.468605345402294e-01
3.972934938469729e-01 -6.329092124731739e-01
-5.913565293340136e-01 -1.875976879037584e-01
6.469196453556911e-01 -6.908995360433571e-01
-4.476996831007290e-02 1.305821611796281e-01

5
2.040077949191284e-01 -2.154592324025985e-01
2.806503502758092e-01 -6.515340793077098e-02
2.104511654894288e-02 -2.980826441809561e-01
-7.874473260806886e-02 8.664391081599021e-02
1.338781833799006e+00 -4.978352903872763e-01

6
4.009765141301636e-02 1.207545638418960e-01
6.994966462387967e-01 -2.865507963056803e-02
-2.228577555194187e-01 7.506017433646440e-01
-2.025047146029996e-01 -7.434238658327396e-04
8.290066078666619e-02 -1.830530566409674e-01

7
-9.842271244069307e-02 -1.250559488877200e-01
-7.341420811403652e-02 -4.942601743804217e-01
-7.299022697220968e-01 2.976172428929287e-02
-2.569589638574133e-02 -5.812745744309733e-02
-6.983214162690607e-02 1.382173338937757e-01

8
2.572735327549512e-01 -4.470984358369169e-02
1.736535604969454e-01 -1.979187767881511e-01
2.296784691064763e-01 1.005644677379599e-01
-1.025677979160976e-01 2.161559835611740e-02
1.221195886256049e+00 3.532107474549503e-01

9
-2.422246179752844e-01 2.606797542022093e-01
-2.061993701085564e-01 2.354747041066312e-01
-1.606642721835753e+00 7.026748481063992e-01
1.033673789850448e-01 -1.105525466370235e-01
-1.666029773894563e-01 -1.851932841918152e-01

10
2.499817319610098e-02 1.771363026657161e-01
5.870252272041909e-01 1.338309865390780e-01
-4.025629457673673e-01 8.999341043493783e-01
-2.011416623245092e-01 -1.234245716594701e-02
8.523859378763790e-02 -1.662574029175425e-01

11
3.374637093269771e-03 1.171742064366782e-02
6.305363721694991e-01 -7.832363196555682e-02
-2.467742804384188e-01 5.871029350312748e-01
-1.500754822209923e-01 1.433107184739578e-02
5.795871622816560e-02 -1.585264273382743e-01

12
1.697763801510317e-03 -9.800821608210296e-03
1.826945624809286e-01 -4.926137896294485e-01
-5.183785133214326e-01 8.681295951077751e-02
-1.089775311375771e-01 6.126576563477737e-02
5.322732618993808e-03 -1.376257154397834e-01

13
4.206018490284731e-02 -2.003889807090155e-01
4.501357952044850e-01 -5.150254306434122e-01
-4.323560635428741e-02 7.606188914148863e-02
-1.575349700974685e-01 -3.894809190998916e-02
1.656516319256877e-01 1.532936578619126e-02

14
-9.203265804006202e-01 7.431837261863740e-01
-3.815476399936667e+00 9.267229966471351e-01
-5.914647027124515e+00 -6.805594625511282e-01
8.869563859591078e-01 5.838895656346504e-01
5.271309374724126e-02 -8.979671131251834e-01

15
-4.108047331673683e-03 1.052147121215117e-01
-2.585358386760044e-01 2.665668930229519e-01
2.472142772669396e-01 -1.261429212180568e-01
8.634994791869413e-02 1.275164616341058e-02
2.684177727760788e+00 1.078343092183925e+00

16
-2.667168239606463e-01 -1.573236373212167e-01
8.225509961040038e-02 -4.140506610229804e-01
-5.167477090265290e-01 3.783462683683794e-02
-6.356585572681749e-01 3.024849320591074e-01
-1.521417498165032e-01 -2.299372103457910e-01

17
-1.410798889153173e-01 -6.356428874689389e-02
1.962236493827721e-01 -3.626854498456500e-01
-5.843964512085627e-01 3.838607001369695e-02
-9.002306052899155e-02 1.635523453882659e-01
-4.010839753036443e-03 -1.516701662602192e-01

18
6.769491802522117e-02 1.440812000357266e-01
9.955641914668801e-01 -1.006265636700472e-01
-2.191437328021306e-01 9.735559972214588e-01
1.253088917491281e-01 -2.326888607351580e-01
-2.647730123598152e-01 -1.773086792565874e-02

19
-5.746581438038607e-02 -1.266831195047516e-01
-6.349132508166101e-02 -5.371276718574857e-01
-6.625910819498145e-01 -1.165802541498803e-01
-7.282558330236770e-02 1.126150344433247e-01
-3.275384533856015e-02 -4.898355024236339e-02

20
1.316876362255764e-01 1.419986825196970e-01
2.257213071349255e-01 1.535892538555301e-02
-4.294012762489984e-02 2.144176467143972e-01
8.160430056380942e-02 1.023049130007536e-01
1.233542568581426e+00 2.732042820252339e-01

21
7.570292139778883e-03 2.073925439293935e-02
6.053582362486994e-01 -2.270267193844333e-02
-5.953824354040944e-01 5.013879003267961e-02
2.995543588399871e+00 4.378045364383182e+00
-4.169725692455332e+00 1.355362389624692e+00

22
2.734587858839264e-01 4.893784151072409e-01
7.923271198101798e-01 1.848719802807679e-01
-3.155702627899464e-01 7.148320911785644e-01
7.017767654979471e-01 8.491150760737661e-01
-9.981523195428919e-02 -1.691035134064249e-01

23
-3.203012467715671e-03 2.081065081363346e-03
7.580287919473533e-02 7.298749958809624e-02
-8.004116197608217e-02 -7.025423298040717e-02
-1.894386244599398e-01 9.137078333812996e-01
7.685751655465386e-01 -6.223661525589198e-02

24
6.256970705733268e-03 1.074981187179708e-01
-2.312106613853155e-01 3.025150255641303e-01
2.334157501308641e-01 -1.584497967910384e-01
-9.021402623398224e-02 2.106714648706288e-02
2.766333163853637e+00 7.734657427142710e-01

25
1.558621880934656e-01 -6.967556133504947e-02
3.322899170587753e-01 1.270483013805036e-01
-4.029430482805940e-01 7.625548724729376e-01
6.173690847929920e-02 5.060476600186069e-02
-6.029716998558691e-02 1.126222191344991e-01

26
1.114857617485158e-01 -3.307932138564423e-01
3.728078912286665e-01 -1.051966170571039e-01
-1.851966970366313e-01 4.620698233520989e-01
1.250995195246313e-01 -6.617981200335164e-03
-1.282502656726336e-01 2.894702535313681e-01

27
1.002901061562073e-01 -2.326902674087123e-01
6.709180903772693e-01 -5.123661865730184e-01
-6.796634776675611e-02 8.252493365918678e-02
1.970652639233112e-01 5.928986297508810e-02
-1.814973000381108e-01 -8.592108099508124e-02

28
8.964907876827256e-03 -5.535787414407264e-03
5.513815085082350e-01 -1.545461334589178e-01
-1.432568975221776e-01 5.538569287329932e-01
-1.311870319513974e-01 3.688725769263795e-02
9.864694980445503e-02 1.116461852674523e-01

29
1.488529531579701e-01 -4.526794841414113e-02
1.197796640068577e-01 -3.547129590097753e-02
-4.963613837158613e-01 6.042942052535439e-01
-6.655009258417544e-02 1.925068828923306e-02
1.955591859807949e-02 1.070953991350850e-01

30
-2.050537453154190e-01 5.351642266441110e-02
-4.730977614152188e-01 1.860058649204892e-01
2.135843491311249e-01 -1.374279244368795e-01
1.654820608504801e-01 -4.316369582521185e-02
2.634939841107174e+00 1.769073745999852e+00

31
1.293030666187570e-01 -8.211544316885296e-02
1.054656764050845e-01 -6.467741096778187e-02
-6.083104707559821e-01 4.965942684770981e-01
-5.789092073675357e-02 3.711808228112909e-02
-6.580339694309409e-02 -8.713380441149579e-02

32
7.761544134814656e-01 8.353509985137773e-02
2.176323630201266e+00 1.325242522323601e+00
1.130077564897060e+00 3.090992177824470e+00
-1.214479489560723e-01 -6.997373965568082e-01
1.539056434771485e-01 2.951034013481016e-01

33
5.661074221919226e-02 -4.846143366779251e-02
4.931494852730802e-01 -1.999481990035253e-01
-1.324468247580669e-01 4.755419610091475e-01
-1.211494462976956e-01 5.775308417195278e-02
9.651185545349132e-02 8.750614167864500e-02

34
1.426608971313023e-01 -2.872756924319638e-01
2.477622661381354e-01 -5.117373830052219e-01
1.445838020938615e-01 3.685864553375320e-01
-7.048210823089861e-01 5.362448430405330e-02
-5.890356913535370e-02 1.767377998933249e-01

35
1.723433907020820e-01 -2.641708831635169e-01
2.714375532380191e-01 -4.684253604931992e-01
1.056808297608323e-01 3.282028639793483e-01
-7.949572639012337e-01 -4.807747015127609e-02
1.491747040938077e-01 -1.002092861094583e-01

36
-3.287741346375810e-03 -1.118807360878377e-03
2.380683489542707e-02 -1.169524168219302e-01
-2.814349616655566e-02 1.154660592586122e-01
-9.967421364065774e-01 3.294499441499766e-01
9.961227138468060e-01 -3.296598375435489e-01

37
7.495035731527856e-02 -5.221051302025347e-01
2.062236796062348e-01 -8.651464058585846e-03
-1.784128714404974e-01 2.210378252514588e-01
-1.098354422350765e-01 8.516978509723740e-02
8.933279971005316e-02 3.670662653140947e-02

38
4.403929971944159e-02 -9.646356933248632e-02
5.322183458167327e-01 -2.382728584897969e-01
-2.470838262932082e-01 5.171997742941066e-01
-2.963868736092173e-02 -8.626261320614212e-02
-1.044052364496497e-01 6.975023775410891e-02

39
-7.357575861941929e-04 2.213199442474598e-03
-1.217603170742732e-01 1.819877759816761e-03
1.207860320228628e-01 1.096036852304689e-03
5.514931217476604e-01 9.154487425468741e-01
8.083563911744565e-01 1.341344397244032e+00

40
1.234650070735539e-01 -1.356621341857494e-01
3.503613323263041e-01 4.350828710173815e-02
-4.891597589482602e-01 6.007017152921702e-01
8.147179421746577e-02 2.679180971521616e-02
-1.471998536901612e-01 -8.652243789230407e-02

41
1.860243423247936e-03 -4.294918909528309e-02
1.054805772798760e-01 -1.091601088271295e-01
-1.055399998724999e-01 5.331871083562519e-02
3.631521080176513e-02 -5.099119569050042e-03
1.100855074682794e+00 4.253162615703342e-01

42
-8.111323898260704e-03 7.473287886581379e-04
1.625000742017932e-01 -5.236186499800953e-01
-5.341823437670569e-01 1.214506830312847e-01
-3.938574095878301e-03 -1.290540917114781e-01
9.843977367012156e-02 6.754847703243504e-02

43
2.974606609370010e-02 -1.688905625821446e-01
4.497731028467590e-01 -4.044253963584575e-01
-3.389023503435055e-01 1.556096789979231e-01
1.509914476857291e-01 4.653159603740678e-03
-1.335504693619239e-01 -4.223775967216693e-02

44
9.699208872494888e-02 4.544903537092285e-02
6.772534003014318e-01 -3.388491205916033e-02
-2.282898483530265e-01 5.572773248646199e-01
8.171162990072647e-02 1.382366621155353e-01
5.739501869398769e-02 -1.879814353022510e-01

45
-8.333198779589127e-02 -1.254018773810178e-01
1.096426685058468e-02 -1.169876753160887e-01
-1.176221858323815e-01 -1.451215468700745e-02
3.358180246158816e-02 4.815390228258224e-02
1.044829634562518e+00 5.973370605279517e-01

46
-2.510917334491825e-02 -9.998316953724727e-02
2.145253090362970e-01 -2.962002515155794e-01
-5.109132700222195e-01 2.194987988720915e-01
5.400499222800747e-02 -4.827905330320528e-02
5.499750129346393e-02 7.108951719879561e-02

47
-3.688085843130913e-02 -5.195669045475527e-01
2.519950381373165e-01 -3.313258147019409e-01
-3.086774497595774e-01 -2.574888659718312e-01
1.821484866592568e-02 2.024869765476381e-01
-3.311454787715486e-02 -2.585677137937484e-01

48
1.404325509641922e-01 -1.782693004082933e-01
1.774683525879174e-01 -2.518110114371612e-01
-1.549309200992113e-01 1.358664259763907e-01
-2.045853476813195e-01 4.722850583745762e-01
4.116591371376962e-02 -8.035608236736110e-02

49
1.486616906103677e-01 -1.872812004757231e-01
3.405123733985397e-01 -2.692280398229223e-01
-2.714019129253660e-01 -1.080210160729894e-01
4.100820222364340e-01 4.498598835168422e-01
5.774139038816224e-02 -1.344081665882398e-01

50
1.315360798355499e-01 -2.004358636963735e-01
1.439629265520778e-01 -2.828017206126486e-01
-1.823222949230597e-01 1.917669713594060e-01
-1.167003051538417e-01 4.116895210470469e-01
-7.444698182273299e-02 1.175249334711760e-01

51
-5.730864197335018e-03 -2.078160848733899e-02
5.733722730093332e-01 -3.814134521523273e-02
-5.809104678781637e-01 1.096984030948109e-02
2.797005956558515e+00 4.244608976009304e+00
-4.012646103604563e+00 1.228541598075738e+00

52
5.642390245330155e-03 -1.454698783226398e-01
3.375687090951560e-01 -3.780575066248075e-01
-2.682892114520155e-01 1.638886586281731e-01
-1.163384814835333e-01 -1.958511936701791e-02
1.267250468792372e-01 -1.320523806718258e-02

53
-2.593964668990005e-02 -1.411746425236965e-01
-1.412184437336301e-02 -1.168269227527231e-01
-6.957949558529365e-01 2.107767287468580e-01
1.327657152939183e-02 6.039072384119140e-02
9.522229270598218e-02 -8.697634491556883e-03

54
-9.966769577445097e-04 -4.306779489416555e-02
1.004835010470998e-01 -1.149781767320082e-01
-1.042860173665639e-01 5.923673201885886e-02
-3.588988793829917e-02 -2.712568642561513e-03
1.094862821551603e+00 3.769703836432100e-01

55
-1.102414414612022e-01 -2.778428496162431e-01
2.507683595886739e-01 -4.600126315361905e-01
-4.961155598867675e-01 -1.019363095426201e-01
-2.810721678892662e-01 -1.550875090701206e-01
1.205091966746238e-01 -4.057891186020371e-01

56
1.000451624409800e-02 -4.873879541250891e-03
6.430938503176884e-01 -1.248917056453510e-01
-2.142048747017440e-01 6.182552138982149e-01
4.850545702233996e-02 -1.444963286095708e-01
8.332214354944380e-02 1.324603160882949e-01

57
2.969598327030839e-03 -1.185607337867598e-02
1.750173161951183e-01 -3.244109762558208e-01
-1.710523291484879e-01 3.088570674817723e-01
-3.174919211389634e+00 1.222104380896068e-01
6.435179666808312e-01 -2.544103483332737e+00

58
-2.613062247093005e-01 -4.972252179463413e-01
1.263906526718484e-01 -4.329025603059901e-01
-4.261821776127397e-01 -1.394625028563957e-01
-1.371053017072164e-01 -2.505388949570561e-01
1.022039878692940e-01 1.948227876662747e-01

59
7.611688292382446e-02 -1.104648472877063e-01
3.528483814761640e-01 -9.157609215915746e-02
-3.413445302581881e-01 5.221506385484664e-01
-1.218489976380861e-01 -2.367941050180822e-02
3.261945282568294e-02 -2.111002183941915e-02

60
-2.106749660465226e-01 -4.808666394336998e-01
3.854774378633663e-01 -7.740110070717221e-01
-8.244048106100502e-01 -1.658151408449982e-01
9.765120629584273e-02 -7.448426682666391e-01
-4.586131500593706e-01 -3.377191025573484e-01

61
-3.117479144430456e-01 -2.366274064999315e-01
3.692083372028360e-04 -5.444776845516841e-01
-5.566247809844895e-01 1.036413051626156e-01
-6.814195998864681e-01 -3.488864698190083e-01
9.959513874766197e-02 8.439657845600482e-02

62
-3.533060409166298e-01 4.902915492036000e-01
5.321136135015938e-01 -6.819197967737040e-01
-6.817045155671919e-01 -6.381626870851948e-03
-2.264600246853889e-01 -4.244069056138463e-02
3.473154843825100e-01 -4.246996968352122e-01

63
3.351115382505386e-01 4.420549894046206e-01
-1.825285333033854e-01 5.984176965439328e-01
6.385732670209431e-01 1.083506143538614e-01
2.054887220523307e-01 3.192560722605318e-01
3.428704951440555e+00 1.126672149004459e+00

64
-6.799010008672771e-03 -2.896698610773194e-03
1.573358050218573e-01 -5.899750528519806e-01
-5.898495362056835e-01 1.592138148558426e-01
-1.015726261703740e-02 -1.428248107985504e-01
-9.802953296857111e-02 7.280253703063728e-02

65
8.043056107098329e-02 3.682375795798231e-02
-1.510647497395239e-01 2.333639411248152e-01
2.608086951659089e-01 -1.821561903322077e-01
-2.156912430997910e-02 6.990146130601001e-02
2.517840813003325e+00 6.564901236824319e-01

66
-1.720327691851858e-01 6.026851899193935e-02
-1.178288127415110e-01 -4.637417245205995e-01
-9.599106362758826e-01 -4.685767222623453e-03
-9.348234968246753e-02 -8.427945681264908e-02
1.109943757738685e-01 -1.131442026648035e-01

67
-1.660631645302723e-01 -1.528383944033441e-01
4.761223035796364e-01 -2.687759739012682e-01
-4.500599330381766e-01 2.920849439948023e-01
1.077906391799741e-01 -1.115348719646699e-01
-1.117940514667906e-01 1.074540670522826e-01

68
-3.600511920061178e-01 4.646093680846820e-02
-8.489276906444879e-01 -4.698514455748899e-01
-1.762822819018285e+00 -3.704708656716028e-01
-6.590516276501333e-02 -1.105359474421524e-01
1.443838770830748e-01 -2.052491666408792e-01

69
2.422840357129412e-03 -9.779257332146463e-03
2.484957308942961e-01 -4.780543398344009e-01
-5.389548584382722e-01 2.282463385005436e-02
9.938239252738622e-02 8.070034035743488e-02
8.149625855145863e-03 -1.375128845969518e-01

70
2.442241313633685e-01 5.380937032123504e-01
-2.773803888419376e-01 1.460872765475284e+00
-1.437130184945815e+00 1.899074978499083e+00
-1.873363172004788e-01 1.851687288870147e-01
4.030037739283069e-01 -3.155403989493108e-01

71
-1.976303304007714e-02 -8.985829676738312e-02
1.335752604735289e-01 -5.012790152071229e-01
-5.621824255598373e-01 3.812284614699987e-02
1.353707472264375e-01 5.022246953555722e-02
-1.010865317600082e-01 1.014666142283771e-01

72
4.756385159038849e-02 7.085259645902828e-02
-2.091205544198741e-01 2.736957180114952e-01
2.712586986455470e-01 -1.764274367726940e-01
-3.790212732947890e-02 -5.726747691113689e-02
2.792376280271373e+00 7.876664175965300e-01

73
-3.475172576085443e-01 2.039215734843824e-01
-2.460279587032564e-01 -1.351744414579367e+00
-1.132597605076290e+00 -9.609120224155671e-01
2.186687141085500e-01 3.158792048704195e-01
-2.280331143151683e-01 -1.610739905178407e-01

74
-1.567236216867719e-02 -3.024079571345590e-02
9.391226937553367e-02 -1.001815038130453e-01
-1.149243363059071e-01 6.199048799058585e-02
1.258964481642759e-02 2.398077646205043e-02
1.092142538122762e+00 4.334845008136407e-01

75
-3.158551176709043e-01 3.290965548250001e-01
-1.500941742267641e+00 -2.900556831028587e-01
-2.375145408657931e+00 -6.768487748073426e-02
4.528690463010985e-02 -3.544238189661960e-01
3.637876644620731e-01 2.215956056822901e-01

76
8.629230177840971e-02 4.383662991668462e-02
-1.787763602085735e-01 2.402766001769692e-01
2.964783765345707e-01 -1.793936945387351e-01
4.893302670045706e-02 -6.508803305916139e-02
2.713909615032868e+00 8.211095354620044e-01

77
-9.990477033713641e-02 2.077628627555440e-02
2.905092188737349e-01 -5.185450593644940e-01
-5.071743058221900e-01 4.106267260772178e-02
-1.024149120522363e-01 5.309696393954130e-02
3.229776708150671e-02 -1.535923561144911e-01

78
-6.961769318199358e-01 1.109897679708379e+00
1.053546613771185e+00 -1.530522968319379e+00
-1.457787353954772e+00 1.034581400030188e-01
7.144221134769234e-01 -9.416106194108917e-01
-4.759826591067058e-01 -6.740737772619911e-02

79
-7.879323913168433e-02 -6.756867187247742e-02
2.252342026902451e-01 -2.212389785591487e-01
-4.874862005996093e-01 2.594092497172159e-01
-6.327598837384558e-02 7.083824514797239e-02
7.576735190239428e-02 3.850095952833773e-02

80
-8.026157108576753e-03 5.731027455831423e-01
-3.947806832665899e-01 4.136394035861564e-01
2.678611127060129e-01 4.181180506450947e-01
-1.050434644842509e-03 -2.263254391787938e-01
3.220445463633872e+00 1.762363623508570e+00

81
6.128838646513372e-01 2.730981693002621e-01
1.097332119647354e+00 -1.971642562933640e-01
-7.791536387398554e-02 8.983496277404013e-01
1.302899420582710e+00 -8.372901979601606e-01
4.399503164718784e-01 4.074647129169512e-01

82
-9.163700976820936e-02 -1.377908630303950e-01
3.040634631980111e-03 -1.352535097649320e-01
-1.222141144700329e-01 -6.604226910470030e-03
-5.225168032983469e-02 -6.260784980696381e-02
1.107856356719843e+00 5.632441532933349e-01

83
2.613592962233885e-02 2.555715781902232e-01
3.250553841792687e-02 2.147852498866633e-01
-9.750133217079384e-01 8.412997375784969e-01
-9.951335909210530e-03 -1.093635101988468e-01
1.708552758810108e-01 -3.846776541532025e-02

84
-1.680810190473462e-01 -7.435319743919321e-02
9.649894467447351e-02 -4.555594451255949e-01
-6.831302821818898e-01 1.643026889793133e-01
-2.269116116440065e-02 -1.481069678819178e-01
-7.675711109540648e-02 1.961957079478771e-01

85
-8.872042066721872e-02 -2.850123636645149e-02
7.071220902107229e-01 -9.102435909906022e-02
-2.286007811132927e-01 5.760006170173301e-01
8.938051169326913e-02 -1.523499341864599e-01
1.039066958845869e-01 1.445953681126397e-01

86
2.469746319107888e-01 -1.705963672805673e-01
3.898122907019791e-01 1.036820718206785e+00
-5.025885567403693e-01 1.546601500776814e+00
2.057590065825783e-01 1.315037021068053e-01
-1.777059756340849e-01 2.162105657080357e-01

87
-1.766424062135288e-01 3.247359559090617e-01
-7.670956190882608e-01 -7.368557797522718e-01
-1.323283917657891e+00 -1.973603350314957e-01
-2.498542733730079e-01 -2.745530656092756e-02
3.132550316908417e-01 1.411123862074619e-01

88
1.214513645234800e-03 5.017524529841181e-03
3.650666097848991e-02 1.717141055985607e-01
-3.488440235950122e-02 -1.651052001306326e-01
-1.110624590027326e+00 1.033436246537088e+00
1.110851795036386e+00 -1.032489945403036e+00

89
-7.488485673094840e-02 -4.087789764323075e-02
6.455169820958546e-01 5.435755939454145e-02
-3.022153381162214e-01 4.756272038280210e-01
7.668141743356244e-02 1.426800193992463e-01
9.928629206774404e-02 -1.264801355788301e-01

90
-5.905643701032959e-03 -2.818588086858958e-03
6.508541913418704e-01 -6.718163707754278e-02
-2.668010147698262e-01 5.966474817590207e-01
8.914437792413349e-02 1.255094383296121e-01
-1.327088546580575e-01 2.487865757833009e-02

91
-1.051452717372270e-01 1.668375576888605e-02
7.150349104598708e-01 -9.089362907972343e-02
-2.901613876508106e-01 5.342575828327953e-01
1.148618352271371e-01 1.267959328810219e-01
-1.208962384667206e-01 2.087589828357699e-02

92
9.676960963072002e-02 2.471196029007657e-01
1.863174819075343e-01 1.314982785975610e-01
-9.553711125879988e-02 2.469725366213987e-01
-4.006627766131272e-02 -9.863632501312468e-02
1.696560543647105e+00 1.863409014294669e-01

93
1.323183044896133e-01 -1.069162997710378e-01
4.912980524846810e-01 3.644987021340819e-01
-1.966822374955572e-01 8.880619454302870e-01
-7.547361369547342e-02 1.426312881094703e-01
1.197207416174118e-01 4.689576125144793e-02

94
-2.872134027341487e-01 -1.027791611484793e-01
2.867587165211130e-01 -1.772457512897044e-01
-5.040597539076375e-01 -1.501731688533707e-01
1.316863325327934e-01 7.545814634925823e-01
-1.130702594799941e-01 -1.197350076194940e-01

95
4.731248362823157e-02 -8.896979054958652e-02
4.760059086527604e-01 -1.578581220348002e-01
-2.651908178884121e-01 4.607377492891335e-01
-1.100416958207980e-01 4.858447643941725e-02
-9.898028925117161e-03 -8.056580089855146e-02

96
-2.547603362737484e-01 -6.812263584732607e-02
2.711465347862405e-01 -1.791869201599360e-01
-4.539248298425810e-01 -1.140360386712550e-01
1.616940798484988e-01 5.653519727079199e-01
1.341330886864487e-01 1.461751447184304e-02

97
-1.168785254322019e-01 -1.330060933043640e-01
3.969907709068630e-01 -2.029777850321947e-01
-3.657116786587749e-01 2.172891274244309e-01
-9.437892871371059e-02 7.379884243060880e-02
9.437720348667071e-02 -7.834975644634769e-02

98
-3.548180174332673e-02 -2.143697208940567e-02
8.360431051394825e-02 -9.569280969624855e-02
-1.283988175941826e-01 6.909213341530533e-02
-2.243303201690928e-02 2.606996342688108e-02
1.095871307003156e+00 4.307612345666107e-01

99
3.261368553840590e-02 -1.898638415102434e-01
7.296368828623021e-01 3.952713193377957e-01
-2.064014776960123e-02 1.099960285176659e+00
-2.009975852653699e-01 -4.897952284976228e-02
1.152281868091844e-02 1.981680340468901e-01

100
7.384325893128123e-03 3.370532557566882e-03
7.677294625715606e-01 -1.246051261921153e-01
-2.750533666338638e-01 7.269004758607081e-01
6.513519900807541e-02 -1.713278992163410e-01
-1.634437119270592e-01 9.789667059310968e-03

101
-1.777482519824334e-01 -3.981923906466514e-01
3.657011988721586e-01 4.886106112973931e-02
-2.828603188959115e-01 2.184380320462532e-01
-1.213213488349069e-01 8.052896693739157e-02
1.641124762994070e-01 -9.890571984350772e-04

102
8.854221558172101e-02 -9.330122619094881e-02
3.572130977428658e-01 -7.115178771171306e-02
-2.999549435523698e-01 6.214667985793390e-01
-1.146821140392098e-01 -4.559706368417245e-02
1.783359545592600e-02 1.153388545485851e-01

103
1.121662173067516e-01 -2.951428227859546e-01
2.484194457554264e-01 -2.134752192247328e-01
-1.487237449921534e-01 4.163858760161734e-01
-1.266987947677709e-01 1.423522697067595e-01
-1.760278070644178e-01 2.659423241203651e-01

104
-1.513335249874382e-01 -5.014047448349126e-01
4.543987433048730e-01 5.932533391795503e-02
-3.670814824461116e-01 2.787673290280437e-01
1.943895959820703e-01 3.218778611267704e-03
-1.625167934263948e-01 9.549269010109099e-02

105
-3.517321435170229e-02 -2.396850528095220e-02
8.997833522310233e-02 -9.617426533127693e-02
-1.345184352643149e-01 6.645577564433677e-02
1.592403880280491e-02 -3.087005530490499e-02
1.136011770534528e+00 4.548618178761650e-01

106
-4.746963503761970e-02 -1.079967504217745e-01
2.616747431633110e-01 -1.508287594947106e-01
-5.243815804047165e-01 3.332912186846095e-01
5.576965630512368e-02 -4.957870737561958e-02
6.126984848844092e-02 5.967339211479333e-02

107
-1.959252421683328e-01 -2.427303397036194e-01
1.250734966415052e+00 -9.005323910127469e-02
6.442940015674638e-02 6.373934636245090e-01
2.164500953617481e-01 -2.076553065679015e-01
-2.572252184625447e-01 1.041798894472424e-01

108
-1.435009280641866e-03 -9.905211587226423e-03
6.043460300182868e-01 1.290051588609985e-02
-3.128454163646444e-01 5.180356911764796e-01
6.694715229455725e-02 1.258881745027238e-01
5.858912963774313e-02 -1.292616617266267e-01

109
3.232551016739060e-03 -1.808602004180483e-03
8.015670829579018e-02 6.994162593951896e-02
-7.592862575175399e-02 -7.232669147651918e-02
-1.834273061528767e-01 9.112994477814806e-01
7.646626905234650e-01 -6.709081527698205e-02

110
1.880191581961507e-03 -7.527573475524584e-04
8.565677573789145e-02 -1.941194539520062e-02
-8.318292226880906e-02 1.841445506930212e-02
5.255718321106921e-01 5.520948589470582e-01
7.699989920678327e-01 8.092408113921487e-01

111
1.116141153075860e-01 -2.099642584468120e-01
2.852790617151651e-01 -3.517518058658480e-01
-3.163079479753927e-01 -4.306206679598548e-02
4.155405593706648e-01 3.494413478234477e-01
-1.035286081392419e-01 7.730315289493350e-02

112
1.172032931669211e-01 -2.635574073717966e-01
2.468258265334242e-01 -1.847164096283893e-01
-1.568304623194855e-01 3.767283714108593e-01
-1.818945586440178e-01 2.278226664584954e-01
-1.181673323540089e-01 1.255018805999642e-01

113
-2.632278957444521e-02 -8.752630605883321e-02
2.997526877598676e-01 -2.639021174155090e-01
-4.480028016477506e-01 1.997167116759836e-01
3.617209597397270e-02 6.446646275523765e-02
5.805858970026715e-02 -3.815654358531145e-02

114
1.069165027677986e-01 -2.510692368372563e-01
2.913234766383757e-01 -6.285825060176317e-02
-1.737304314444168e-01 3.429332823538884e-01
-1.247345124259750e-01 2.101852308805056e-01
9.075300428269531e-02 5.041219777470151e-03

115
-5.769037437947499e-02 -6.997729468139741e-02
2.638537394649286e-01 -3.939457406783795e-01
-5.006361122853759e-01 1.499016254164007e-01
7.289521981540346e-02 7.549973553506030e-02
-9.029377951272567e-02 4.644041176228405e-02

116
-2.681660331669560e-03 -1.049994801698929e-02
6.186179207972102e-01 -7.021145513063848e-02
-2.480443545522219e-01 5.725106748024733e-01
-1.437912814843909e-01 1.724322006240322e-02
5.768371808682704e-02 -1.484227650573251e-01

117
-1.316157571988060e-01 -1.721419235024760e-01
8.798691486984572e-01 -3.658154568784336e-02
4.459442308975076e-02 4.461929548500727e-01
-1.808095067475883e-01 6.912186202032843e-02
1.528437540326839e-01 -1.409229692967009e-01

118
-9.057503929484914e-02 2.831056511158981e-02
6.028371653312974e-01 -1.725745009048021e-01
-1.919176485983003e-01 5.058540128279314e-01
-1.077266775225893e-01 2.566885191980968e-02
1.135231700918953e-01 1.043206043633486e-01

119
-1.581643461291202e-01 1.063105670233487e-01
-1.797185231881818e-01 -6.046040091654100e-01
-1.001800140750426e+00 -2.888489052971346e-01
1.200143256551491e-01 1.490019060268018e-01
9.190952386522235e-02 -1.454499734049504e-01

120
5.943030431217109e-04 -2.148495105434702e-03
-1.204530312555426e-01 -1.061098037279704e-03
1.212287051742113e-01 -1.758854197553132e-03
5.498156296330722e-01 9.110064877210414e-01
8.057111506199864e-01 1.335446171345744e+00

121
-4.020138061009541e-02 1.107278858733195e-01
4.630656467147033e-01 -2.510748712309038e-01
-4.433510815904035e-01 4.619890721975949e-01
-1.018389496561302e-01 -1.232253961545021e-02
2.688805685492067e-02 -9.801054730733856e-02

122
-1.054423855682658e-02 1.612741339814839e-01
4.269748724044105e-01 -4.121745284845730e-01
-3.519806015980663e-01 3.509265128143247e-01
-1.099316384878602e-01 2.421165645684565e-03
1.240377352760770e-01 -4.541426700118143e-03

123
-8.888487882468732e-03 5.781751609006520e-03
5.632623155875215e-01 -1.494594348647764e-01
-1.537053920752401e-01 5.616943590722500e-01
-1.306559141905562e-01 3.134403931998617e-02
9.978745769360178e-02 1.140390272511752e-01

124
2.700806628523488e-01 3.420628571374063e-01
3.038012208532125e-01 -4.332417550442286e-01
3.334375227370445e-01 7.153070007715673e-01
-9.707608441337465e-01 5.550429915495432e-01
2.521993998282406e-01 1.673782875477391e-01

125
1.503637990547262e-02 -5.636388623808197e-02
-2.164958829142475e-01 1.332257711016206e-01
2.340773726920269e-01 -2.076546203664570e-01
4.961267489159501e-02 5.293567193864947e-03
2.328247470529694e+00 9.224827909371058e-01

126
2.481102317359527e+00 -1.026395827562393e+00
-1.184700293423657e+00 -1.633340978116383e-01
3.333960280512783e-01 6.893005021922046e-01
-2.204370767095451e-02 4.725958798268627e-01
-5.571272283405079e-01 -2.457209527007167e-01

127
-6.537939117340652e-02 1.753864084764115e-01
6.673933290299728e-01 -7.943785974797406e-02
-2.054735930269132e-01 8.439523981013429e-01
-2.225124670724296e-01 -9.693671777767734e-02
9.965876141606993e-02 1.695397034471488e-01

128
-1.287963135555979e-01 1.410779055611302e-01
1.969889863642469e-01 -2.321140475449376e-01
-9.399222289178243e-01 4.113537564631328e-01
1.065679514277245e-01 -1.166839941336992e-01
-1.402810691393270e-01 -9.182094853417433e-02

129
8.808088113743406e-02 -8.068019472527388e-02
-1.297744270154070e-01 1.301320000210713e-01
2.445543089201737e-01 -2.459953190672120e-01
-7.030516518968706e-02 6.495547836871771e-02
2.256238677262707e+00 5.340642914566328e-01

130
-5.123081516131086e-01 1.511960112325041e-01
7.040073333858186e-01 -2.284842248087990e-01
-5.438887993157564e-01 -9.287615401252743e-02
3.576136912564415e-01 2.034897890678591e-02
5.307500568529754e-01 -3.800941651708543e-02

131
-4.962054144251168e-02 6.715967435613916e-02
1.858476364347895e-01 -5.951110349866756e-01
-5.587326042271483e-01 7.664128205682912e-02
-1.514515627302604e-03 -1.573239332619814e-01
1.420732201931439e-01 6.170563898669879e-02

132
-4.497072739682402e-02 1.903903463099088e-01
5.501187415918319e-01 -4.282922615753009e-01
-4.770205137423698e-01 3.682889543600165e-01
1.470216865601411e-01 2.071205157930864e-02
-1.348406097288239e-01 -2.169627416945607e-02

133
1.145210303827290e-02 -5.873210027023513e-02
-2.140124115099904e-01 1.510061425212332e-01
2.267704536548985e-01 -2.283845243013153e-01
-4.838423945656706e-02 -1.559935891336114e-02
2.401708644236027e+00 7.876955804030068e-01

134
-5.794783322682248e-01 1.557656757506176e-01
8.001433339896573e-01 -2.448634363915533e-01
-6.266226762019994e-01 -1.233424696670258e-01
5.949341493172872e-01 -1.090909213983608e-02
4.113116519587247e-01 2.562357771770309e-02

135
-3.113200736721564e-02 1.639932105813909e-01
4.536280630173518e-02 -2.673693243020909e-01
-8.216424028986712e-01 3.766188874084644e-01
2.641809482101854e-02 -1.372625723933547e-01
1.356489043762419e-01 4.757294385625763e-02

136
6.357818063853321e-03 2.847377232740245e-03
6.518932858758606e-01 -7.607628155043043e-02
-2.595714684041023e-01 6.019629668692226e-01
9.002458194432708e-02 1.242276906269123e-01
-1.358403432237918e-01 2.648329262466324e-02

137
-8.820456211559052e-02 2.011379199404694e-01
8.294269012771550e-01 2.053142450398593e-01
-4.312973347882544e-01 9.384847289052456e-01
5.364419635941998e-02 1.854273044335521e-01
-2.228181068516070e-01 -1.601912952834484e-01

138
1.875036671164262e-03 1.065081214768651e-02
6.155558616899507e-01 9.454208284935489e-03
-3.153262424449985e-01 5.295859116657043e-01
6.863244275828295e-02 1.260241286160651e-01
5.961858533439714e-02 -1.377404213292900e-01

139
-2.022364893526008e-01 -1.168570387256279e-02
4.290014804652718e-01 5.902757263859967e-01
-5.544423304544651e-01 9.326378059866945e-01
-8.306440260123793e-02 1.421771780296646e-01
1.810465320485803e-01 7.352351474908536e-02

140
-7.763851892802007e-03 9.125251998309701e-04
1.287740321983034e-01 -4.637246286611280e-01
-4.650710954123816e-01 1.208005511353994e-01
-9.225949061952651e-02 6.353685292063180e-02
1.025103447200361e-01 6.380246271789393e-02

141
5.993187322237095e-01 1.644912268333033e-01
-3.007525728903619e-02 -5.191280864829760e-01
-3.571198380732193e-01 3.866750555824038e-01
-1.339749256230534e-01 1.824630351795972e-01
9.759735711682101e-03 -2.111755915558278e-01

142
-4.743520097044954e-02 -6.398418183160266e-02
1.533637469980604e-01 -3.845582406393007e-01
-4.607685472990665e-01 1.398263763284150e-01
-9.341913563317042e-02 5.828760877707469e-02
9.010250618738788e-02 6.802306816534261e-02

143
-2.175579597227294e-01 -9.586372576553692e-02
7.036804452351392e-02 -3.190969898594695e-01
-4.213606344020447e-01 4.297785614636868e-02
-3.859577246392176e-01 3.677468858536767e-01
8.851773057219843e-02 3.088389875547779e-02

144
-5.570201158897429e-03 2.878205227161444e-02
1.042269881930723e-01 -7.398468407369553e-02
-1.126938906806946e-01 1.117739067547585e-01
-2.513346298241549e-02 -1.079514808142867e-03
1.178437705072924e+00 4.112515629794943e-01

145
1.242915331589921e-01 8.921087498407414e-02
-2.926589067265018e-01 -6.450038320366901e-01
-8.748422463698714e-01 -1.806385578149244e-02
-6.281207638798381e-02 1.481753376887242e-01
-1.307338330395786e-01 -9.948080279105564e-02

146
-1.770016807547530e-03 1.035474272045356e-02
1.860454407995978e-01 -5.036092578756539e-01
-5.296300193712374e-01 8.925121325997647e-02
-1.086457619684470e-01 5.964124653113969e-02
3.857629285589257e-03 -1.428564075648016e-01

147
8.050213642722283e-02 3.450637190172763e-02
1.438205024681190e-01 -4.792718870358826e-01
-4.286336781679008e-01 2.107678749782367e-01
-1.068381078897094e-01 4.542550928550461e-02
6.029904679639959e-02 5.199483279233343e-02

148
7.714762094446153e-03 -5.903328456535728e-04
1.539073214257626e-01 -5.236002625549483e-01
-5.299387721896462e-01 1.288759004785586e-01
-7.493619972864254e-03 -1.271757756374997e-01
9.463708200280360e-02 6.620016399591229e-02

149
1.946618063941726e-01 -1.214012417026964e-02
-3.410340838685874e-01 4.504519550271815e-02
-8.352760312583762e-01 6.520779715596464e-01
-1.637092263538034e-01 1.348489675860830e-02
3.768376324005315e-02 1.653667964204956e-01

150
-1.136043193270009e-01 3.853159593168513e-02
2.853950407139172e-01 -6.608150186398449e-01
-5.877384945003296e-01 1.043100721430053e-01
2.136619315533978e-02 -1.762634708532077e-01
-1.076120666158663e-01 6.646844954947669e-02

151
1.900825388915590e-01 -9.058810182881627e-02
-3.135096831447223e-01 1.910210142488961e-01
-9.747014097974014e-01 6.188061043834016e-01
-1.579265363788144e-01 7.909013868489648e-02
-5.535354082806906e-02 -1.783922396584393e-01

152
-5.682383290251188e-02 4.023783833686034e-02
8.464142842800405e-02 -6.548481496393713e-02
-1.600479409085593e-01 1.121087723616974e-01
4.545537212693950e-02 -3.219465705146893e-02
1.189435610871630e+00 5.224502264971048e-01

153
1.782332674069101e-01 -2.107294162089958e-01
6.311501957123657e-02 -2.610205842184404e-01
-2.463766368550688e-01 2.875191860916086e-01
-1.445817972422212e-01 2.459701951983398e-01
-4.335997075799192e-02 1.628414544936280e-01

154
2.145892989980072e+00 -1.751976557638143e+00
-1.458644018710587e+00 2.238457388697018e-01
8.178208289361794e-01 6.851284590272368e-01
-7.210216201100329e-01 -6.081286819746238e-02
2.095050272359088e-01 4.601697447382256e-01

155
7.645794593634374e-02 -1.270266359809407e-01
5.570814401777640e-01 2.446940962706693e-01
-3.022415641974271e-01 8.039162669965324e-01
-2.669954128480626e-02 1.595573861346725e-01
-1.476633545365233e-01 -8.349706359491615e-02

156
-6.192696393527554e-03 2.817653207041121e-02
1.051928911991492e-01 -6.973568264266850e-02
-1.144332273041928e-01 1.067075329190577e-01
2.298119650659576e-02 8.173556311159463e-03
1.173136390767701e+00 4.467691870379726e-01

157
6.164040056641487e-03 3.026126804261150e-03
1.816453533944016e-01 -5.230930740577259e-01
-5.439499860977272e-01 1.050741399752888e-01
1.106921352579252e-01 6.377510922119820e-02
-1.007629251790208e-01 7.621754101814783e-02

158
-1.525709073593876e-01 -2.026927203224963e-01
-1.874523390289821e-01 8.003496073550626e-04
-7.647762259391813e-03 -2.072563948174961e-01
-8.573608630263990e-02 -9.143236413895675e-02
1.744891289294076e+00 7.622924779785133e-01

159
-3.973634720609033e-03 1.197639479725619e-01
3.910242356681456e-01 -3.082522459146249e-01
-5.280943980394798e-01 3.386155400447048e-01
8.361408623565128e-02 1.818520385212079e-02
2.013695377845368e-02 -8.369494353280034e-02

160
-4.028423245769481e-01 -1.104094077176923e-01
5.691340066071062e-01 1.084710792118734e-01
-3.370094294785715e-01 3.034261986199535e-01
-9.023593056171159e-02 1.167228309552164e-01
3.558253267697116e-01 5.461864431093806e-02

161
-1.247046089671624e-01 -1.317651317600371e-01
7.876579039562357e-01 -2.847643849356232e-02
-7.524992519655099e-02 4.641596964164846e-01
-1.566609259146048e-01 5.387751437326074e-02
1.365782926265023e-01 -1.374020487219007e-01

162
-5.473461536509473e-01 -2.721919865164718e-01
7.954149996729103e-01 3.160336116550281e-01
-5.600344278722368e-01 3.494286403911568e-01
5.069448637037326e-01 1.900350876804026e-01
-1.652105350647585e-01 1.514161761759639e-01

163
1.234912838357396e-01 2.529012890329675e-01
2.031751555249246e-02 -1.084342816769523e+00
-3.807381113633230e-01 -3.131620798400527e-01
-1.943164817155989e-01 1.509857811629537e-01
2.419714064215044e-01 -8.700702133912865e-02

164
0.662938205870117662185e1 0.100334504174799661060e1
-0.181542219315051183981e2 -0.183047073250628951884e2
-0.604035969399909958635e1 -0.211174446167127439437e2
-0.635076649881221458728e0 0.642719155813053098563e1
0.243997201175406916831e1 -0.486939182869799995013e1

165
1.548195046774262e-01 6.028896658460206e-01
6.751581736343879e-01 -4.888547651076184e-01
8.300407156574298e-02 1.180510925287689e+00
-1.413560616668948e+00 4.915475424343574e-02
5.214822074996692e-03 -3.749087506607290e-01

166
-2.289992427979067e-01 -1.969707141373508e-01
1.868594886144553e-01 1.177671118589912e+00
-1.038954500962873e+00 1.341435797460308e+00
1.923870203550824e-01 -2.418636347355182e-01
1.665108973623711e-01 2.385765806454156e-01

167
-1.543106495435881e-02 1.116645219278035e-01
1.150672530018608e-01 -5.879929225661398e-01
-5.047028998166347e-01 4.480379733245058e-02
-1.045283854912458e-01 6.663963794091324e-02
1.540428375516864e-01 1.899174547967682e-02

168
-1.645870542950192e-01 -1.793752648686190e-01
1.072801934402787e+00 -5.756233653714425e-02
-9.016591670143814e-02 6.505052629965263e-01
1.850909723960750e-01 -1.854534198653729e-01
-2.150390183144178e-01 7.077472899785039e-02

169
-9.215677646454267e-01 -9.449240809662333e-01
6.652107145963573e-01 9.951751843171524e-01
-1.317739370926167e+00 -1.214511254370508e+00
2.569371845500720e+00 1.552024016582298e+00
-4.256122969928544e-01 -3.378670197702739e-01

170
-5.003108530611456e-01 -1.267548959812966e-01
6.950807725446227e-01 1.715657217917719e-01
-4.792887348630269e-01 1.373557376023843e-01
3.054642303900154e-01 -2.790027495818127e-02
5.140510598595217e-01 1.715879150283130e-02

171
-7.207832396714429e-01 -2.321639617104433e-01
7.351704846917507e-01 4.025964439051384e-01
-9.870372131989564e-01 -1.985979598192474e-01
1.357886639792639e+00 -2.985543238165619e-03
4.169791460364158e-01 1.439119064711128e-01

172
-2.484389159236296e-01 -6.465505237715883e-01
-7.641146824626921e-01 2.358895583197214e+00
-1.605405970320333e+00 1.608353626066826e+00
-5.569748743631021e-01 3.325282941381202e-02
6.050980240915782e-01 -2.684253888463180e-01

173
-6.624476721085434e-02 -1.374261438972609e-01
1.308254517732920e-01 2.068500382589339e-01
-7.103474238690254e-01 4.416328857161169e-01
5.813484992710630e-02 1.135929477770661e-01
1.057285833296766e-01 -7.691293492657986e-02

174
-5.583202746526161e-01 -2.249770258775515e-01
7.680753849398513e-01 3.022519386218701e-01
-5.568616533856391e-01 6.691328089456619e-02
5.978676094271561e-01 1.176547475403629e-01
3.459566253733181e-01 1.207358987174638e-02

175
-1.449367938595401e-01 -8.121936791404043e-02
2.402884291302386e-01 1.057664601965797e-01
-7.028393975534930e-01 5.286371129665965e-01
1.221581318808482e-01 6.435179403054002e-02
-8.856806892145615e-02 1.141137114486367e-01

176
4.503728397375478e-02 -1.872262133261361e-01
-2.844567251353894e-01 -3.413145491963836e-01
-7.501183051806396e-01 4.040651431653081e-02
-8.871696137015420e-02 -6.535736947159687e-02
1.600859685007888e-01 6.457686699833087e-02

177
2.005068854219282e-01 4.230263992513432e-01
3.428600886366710e-02 -1.806946479913027e+00
-6.284652518104769e-01 -5.308824487555388e-01
4.043326277623032e-01 -1.399376936796214e-01
-3.262631179362919e-01 2.474353298095195e-01

178
2.494212875425443e-01 3.466589423233360e-02
-7.968164996240971e-01 -7.377278284372837e-01
-1.409864456807437e+00 -5.523462768765542e-02
9.871480412459217e-02 -2.197168693667194e-01
-2.462565153674283e-01 -5.603611312673959e-02

179
-2.157970579279495e-03 1.034469382239669e-02
2.533778280381364e-01 -4.896343967877030e-01
-5.515105634838542e-01 2.426477175164341e-02
1.024731868009794e-01 7.639028334817247e-02
7.136146337438922e-03 -1.427570532837522e-01

180
2.114779762413232e-01 2.425716777583051e-01
4.442502100128682e-01 -7.024929691101048e-02
-2.162090209290493e-02 4.922808660084906e-01
1.174420336278182e-01 6.296976053667495e-01
2.601589468034415e-01 1.842982146500547e-01

181
7.127305305583044e-02 -4.790963040954179e-02
6.050460665249582e-01 -1.726839364468983e-01
-2.019804413830024e-01 5.242047176234423e-01
1.036702229710445e-01 1.005730493172869e-01
-1.376634262835668e-01 6.158948554816187e-02

182
2.070417010808333e-01 3.255195829082572e-01
5.229623217128543e-01 -9.112225717742374e-02
-5.105624875499480e-02 6.398809478965136e-01
-2.330294548483355e-01 7.833145616884747e-01
-2.962099508525011e-02 -1.550714981758010e-01

183
2.282033706571969e-01 2.180743646903095e-01
5.011017857471282e-01 -8.439236362708938e-02
-4.806816255863890e-02 5.112188408708495e-01
1.287946145727172e-01 3.884857096506260e-01
3.518690809671854e-01 1.094382375254262e-01

184
6.303925280660080e-02 -3.870456525662829e-02
1.357279994571163e-01 -1.177308489071486e-01
-5.087282976726927e-02 5.944275166800172e-02
-5.002087790857704e-02 3.111327760610658e-02
1.103542225261289e+00 2.843620039602738e-01

185
9.021524665817789e-02 3.056360397439072e-01
1.067782083245628e+00 2.888361209645299e-01
1.166635535318066e-01 1.412529372216556e+00
-3.166091197476130e-01 -1.530519920102568e-02
1.200730433987987e-01 8.645421528090734e-02

186
1.769147947187765e+00 3.287948055906693e-01
1.195911445989289e+00 -7.927682077591817e-01
8.364807818975879e-01 1.174702909884629e+00
9.022506948239865e-01 1.522712959979852e-01
-7.037810700617338e-01 -1.260179160831315e-01

187
2.329391530759753e-01 3.829899795566345e-02
4.551727004040624e-01 -6.182815112092304e-01
-1.158381161580621e-01 9.578417516915354e-02
-1.349139967474468e-02 1.706352407446133e-01
4.424665474342271e-02 -1.803180823457156e-01

188
-2.917347791650127e-02 1.350008561176410e-01
5.832897732516412e-01 -2.591308689183976e-01
-4.494936726659624e-01 6.237286814563623e-01
1.560360588652883e-02 -1.379694420659762e-01
-1.322905328922233e-01 1.265911500873143e-02

189
8.832476114945200e-05 -6.111090026847475e-02
-2.154218329062232e-01 1.326273406620447e-01
2.131557741112602e-01 -2.120892191671410e-01
2.252592261556478e-04 4.881431793150183e-02
2.265912997740137e+00 8.568946186871581e-01

190
-1.025857560292960e-02 4.894524854018846e-03
6.550319793765573e-01 -1.145892546162291e-01
-2.291757143491811e-01 6.234874986732477e-01
5.773221256394833e-02 -1.461944190270965e-01
8.345186778715623e-02 1.345876765160172e-01

191
-3.063936450218653e-03 1.317065746519126e-02
1.766594802665759e-01 -3.156755553072543e-01
-1.806144598455648e-01 3.330406118847839e-01
-3.260300622607539e+00 1.219338356458465e-01
6.608715216437629e-01 -2.613007782857960e+00

192
3.523659516158210e-01 2.403092029262920e-01
6.618116539160670e-01 -2.554658055300836e-01
6.214148736734752e-02 7.244618768807484e-01
4.563139646640754e-01 4.599169529914032e-03
2.143634818819644e-01 5.346028999202705e-01

193
-1.643406612901213e-01 3.900073312390902e-01
6.953566338632919e-01 7.057588595707186e-01
-9.459186471418003e-01 1.412281905052744e+00
1.312601971534735e-01 1.832274576175761e-01
-3.332639364216959e-01 -2.382201592897661e-01

194
8.700718307216081e-01 -1.623183717395478e-01
3.742529557164077e-01 -5.687167558788510e-01
6.062428672086024e-01 3.622132203176441e-01
-3.389649554992750e-01 6.976185406866459e-02
4.264122310116032e-01 -1.014546073000799e-01

195
1.690242088445188e-02 1.177181946572578e-01
3.925264544945095e-01 -2.986808955820087e-01
-4.591922646182844e-01 4.355947107461826e-01
-3.710821605684572e-03 -9.161998863340445e-02
9.322387577159023e-02 2.445063526129409e-03

196
1.131131866080631e-01 1.797977478070084e-02
6.880015477417810e-01 -2.329796015476573e-01
-9.145611948515031e-02 6.326281000150142e-01
2.139020962700577e-02 -2.105387177343623e-01
1.168012084950701e-01 1.354173279430252e-01

197
2.477238011355520e-01 1.006808923406239e-01
5.372714533113634e-01 -5.044869860562434e-01
-1.605608202127782e-01 5.378690233428256e-01
1.092127888270579e-01 -1.935751505023134e-01
-4.242597732663866e-02 1.970567451940951e-01

198
1.152303367356551e+00 -2.473881516212348e-03
1.787986542754421e+00 -1.031842968048016e+00
3.226587939210044e-01 1.564490699618556e+00
9.538360711575161e-01 -2.366192544472329e+00
-5.050026682182784e-01 1.660979835024490e-01

199
-1.683563316699824e-01 -1.813723923722245e-01
-5.726766060435053e-01 1.289902099760457e-01
-1.209367093088116e+00 3.204869476483349e-01
-1.260833481843193e-01 5.030037266307646e-02
3.580440382146862e-02 1.726138931160281e-01

200
-1.936877038597165e-03 7.122939367728415e-04
8.336575849302030e-02 -1.827847425684947e-02
-8.591165796286650e-02 1.920730004733637e-02
5.241922843281739e-01 5.549338357132514e-01
7.685130175250399e-01 8.131958491837793e-01

201
-6.149091995570058e-03 -2.652928532023444e-03
1.882301390508032e-01 -5.191400325229555e-01
-5.437637951867927e-01 9.737706567724956e-02
1.132107364661846e-01 6.634522788845534e-02
-9.968073525007833e-02 7.698397690147028e-02

202
-1.187996292978312e-03 -5.253324693527058e-03
3.423724112997118e-02 1.636542880754428e-01
-3.577162082041542e-02 -1.705520872720243e-01
-1.104553531895094e+00 1.019372284798695e+00
1.104327133053193e+00 -1.020364351814840e+00

203
-6.254245230618036e-02 5.248460306091008e-02
3.149944354738072e-01 -5.297438140208829e-01
-5.613624811928548e-01 -3.445366532146674e-02
1.363397220583008e-01 9.095581364554002e-02
2.650289867176284e-02 -1.636575510034795e-01

204
4.351342830915351e-02 3.702985626115181e-02
1.305469488521266e-01 -6.865210680556881e-02
-7.142921344998084e-02 1.211137231027063e-01
-2.423334640820552e-02 3.909405906391123e-02
1.176300725717094e+00 3.572505120394639e-01

205
1.931860607290583e-01 -2.320744220469771e-01
5.969884049818218e-02 -2.960792906785132e-01
-2.702967346534016e-01 3.203410511441740e-01
-5.221828712561310e-02 1.829850794304594e-01
-1.442098090963967e-01 2.673570147011392e-01

206
1.258188394891258e-01 -1.273549332579433e-02
1.374669016352563e-01 -2.634816316468661e-01
-5.378538420832900e-01 3.461000378371384e-01
-1.752825251755040e-02 1.099488845613405e-01
-6.726654432243774e-02 -5.159646338001186e-02

207
1.812783203075846e-01 1.192186113260555e-01
4.787088576372329e-01 -3.244377248715910e-01
-1.982972859863656e-01 3.975740192172480e-01
-6.418709929854054e-02 1.480035818410096e-01
1.146993016482552e-01 -1.358522550723376e-01

208
3.324318998277155e-03 8.721654921492275e-04
2.755002344616295e-02 -1.159405660780602e-01
-2.319259125156072e-02 1.170741073962605e-01
-9.943967694223974e-01 3.359317469482980e-01
9.950247431621785e-01 -3.357662403963964e-01

209
-3.503429559772012e-04 -3.628024942745671e-03
-4.210105575168545e-02 -9.610573782015601e-02
4.165635940927449e-02 9.135268078649934e-02
-5.187233626564322e-01 7.396936510273500e-01
7.065887130170635e-01 2.390539893549899e-01

210
-7.210080786482978e-03 -3.111412182622969e-03
7.660502304414720e-01 -1.111476305577797e-01
-2.859399608734912e-01 7.187221128700022e-01
7.054288979794662e-02 -1.665223465704767e-01
-1.588709181722371e-01 7.750885481862327e-03

211
7.622893466453200e-02 -8.501870324607849e-03
1.742610189866859e-01 -5.100540345830067e-01
-4.674910226029770e-01 1.256665823523055e-01
-1.245969144307789e-01 5.791174505663797e-02
-4.928401097348516e-03 -1.322406343877874e-01

212
7.170333195343523e-04 3.176691848294465e-02
1.109628632475988e-01 -7.131207561511672e-02
-1.112242464645315e-01 1.135658829659166e-01
-4.233771691520856e-04 -2.543327842717304e-02
1.203177302551152e+00 4.216100083812697e-01

213
8.848609301369377e-02 4.029721010170934e-02
2.137399564606876e-01 -5.201861594200559e-01
-4.819445623111481e-01 2.044454653563786e-01
5.428401274346153e-02 5.969880473605286e-02
-1.139217029896350e-01 3.962273498681725e-02

214
-1.211926327730822e-01 -1.856970276835035e-01
-1.730687275804918e-01 -2.283572410689352e-02
1.758790156429398e-02 -1.721526033558110e-01
4.895775957903947e-02 7.131719504688361e-02
1.531291531040658e+00 8.924664179366519e-01

215
1.345107420205480e-01 -6.275854270787608e-02
1.922816829426575e-02 -2.782722198475818e-01
-6.827157728408322e-01 3.726151254239874e-01
-6.636000594106664e-03 -7.838597016911313e-02
-1.052581066180903e-01 -1.636078421188394e-02

216
4.559540372023181e-02 3.893937646870593e-02
1.406228732031745e-01 -6.540155286963280e-02
-7.862626831447642e-02 1.205184797156236e-01
3.813317324890239e-02 -3.029985028220718e-02
1.231917655221129e+00 3.970668788918302e-01

217
2.734883435374282e-01 -2.602250387677729e-02
3.273930616412972e-01 -8.327280902654287e-01
-1.024921164994178e-01 1.448205014040439e-01
-3.683335142113333e-03 -2.159674552988587e-01
3.536385146247602e-02 1.960274453661786e-01

218
-8.044060231257012e-02 -7.685931925329546e-02
-2.682226850081800e-01 1.127808202276055e-01
1.662160288945522e-01 -2.058300086708199e-01
-7.167349541317665e-02 5.286471864646308e-02
2.188492747101439e+00 9.394161720041229e-01

219
4.423445682982956e-02 1.735941927901398e-01
3.899537413977534e-01 6.404915475406563e-02
-6.600839776443460e-01 6.861090845494664e-01
1.110963229386561e-01 1.976935781716149e-02
3.013313120469813e-02 -1.425564874127638e-01

220
1.607807821511351e-01 -1.641663876960226e-02
-3.225527913540014e-01 -3.763485704919426e-01
-8.789047469350474e-01 1.687874100311895e-01
-1.540861193712912e-01 -1.254306063892674e-02
3.279026250060808e-02 -1.388814119615502e-01

221
-2.798638260408315e-02 1.341122233702105e-01
2.131291957177717e-01 -7.063076192493070e-01
-6.173932589293439e-01 1.965481111864775e-02
1.921944003601321e-01 3.177447171056775e-02
-1.315481490187636e-01 8.027933423402366e-02

222
1.801876193686720e-01 -2.610612264084660e-02
7.731923373939467e-02 -3.144202094462883e-01
-5.135661598642917e-01 4.284648927516038e-01
1.191552546457647e-02 -9.409714222892443e-02
-1.425490529082562e-02 1.592712352388770e-01

223
3.144948933855407e-01 -2.526483383675630e-01
-4.953795264662020e-02 -4.446856072268161e-01
-4.167165025781389e-01 3.878832445527213e-01
-4.656974459411548e-02 -1.468107098542842e-01
-2.548590226720914e-01 2.506775324421701e-01

224
4.821568169383675e-02 -6.970552790574561e-02
2.149945454773303e-01 -4.734191702652154e-01
-4.971539814661106e-01 -5.958858755486318e-03
1.101610646452751e-01 1.046820187106849e-01
2.957623290741828e-03 -1.279656387906166e-01

225
-7.289530352053536e-02 -9.237427579919855e-02
-2.932196657552025e-01 8.757740502535234e-02
1.994645615148422e-01 -2.000790574851867e-01
6.401456552127492e-02 -6.676507831720102e-02
2.272289308069620e+00 1.178225738255022e+00

226
1.735840763746636e-02 -1.920246047303434e-01
-4.508244112965176e-01 -4.008478769833042e-01
-1.019028761720424e+00 -9.322791405126542e-02
1.755073980810375e-01 4.850682078841801e-02
-9.486871706308912e-02 1.229145672017084e-01

227
1.088713029030442e-01 -1.499869972331925e-01
-1.569980897370917e-01 -5.727868818212856e-01
-7.143240181774549e-01 -1.991973218823495e-01
1.277996491118544e-01 1.248832123268758e-01
-4.702615884681989e-02 -1.066961382862900e-01

228
1.438024575352866e-01 -4.721436500818850e-03
1.578273382068627e-01 -2.760920459505797e-01
-4.789060454109984e-01 3.225900960687509e-01
-2.917186334071354e-02 1.171334190756179e-01
4.790443346270590e-03 -5.972397144185234e-02

229
7.229022539346344e-03 -5.130913873985088e-04
1.212447689578955e-01 -4.642180880413650e-01
-4.618355160673953e-01 1.275565314977773e-01
-9.369576062167113e-02 6.349689413339557e-02
9.865101962221072e-02 6.269074851995794e-02

230
7.491534629185942e-01 -1.132519929753287e-01
-2.135696104573192e-01 -5.522343854069777e-01
-2.653501631838311e-01 5.560307620473608e-01
-7.494409683311383e-02 -2.286392383236213e-01
-8.319901844713672e-02 2.638814749180531e-01

231
-1.168094428339171e-01 -1.419570668870689e-01
-9.007613295636582e-02 -1.272151483261762e-01
-8.594190012174706e-01 2.341129195468964e-01
5.126904952303635e-02 5.911104555822914e-02
-9.026513488795254e-02 8.819568499376811e-02

232
2.679180965304409e-01 -1.518562866021972e-01
7.262048051111324e-03 -3.417401007067481e-01
-3.648253808341282e-01 2.486506293968342e-01
-2.323406924820756e-01 1.621500224970117e-01
-2.275122996384164e-02 -1.225149400528771e-01

233
-3.645408050148249e-02 -2.248954768817500e-01
-6.621445214534760e-01 3.096005433341971e-01
-1.222631606142580e+00 2.462196953264591e-01
-3.528915169121261e-02 1.939055039981163e-01
2.190013549281723e-01 -2.665846717247435e-02

234
1.420357396158311e-01 2.611425816680990e-02
-2.622160231267974e-01 -4.062474116182780e-01
-7.598555095349935e-01 3.119421436827330e-01
-1.402411418841020e-01 -4.912289937889580e-02
-1.059702275430936e-02 1.525124709903881e-01

235
-3.280637484391586e-01 -1.620485490153183e-01
-3.309314455208928e-01 1.191924042324646e+00
-1.554859984904833e+00 1.119951524083442e+00
2.020389064060319e-01 2.456124079843846e-01
-2.056810492559764e-01 1.517896401230091e-01

236
8.737341019410413e-02 -1.904911924247491e-02
1.551296528099556e-01 -6.190675870005400e-01
-5.199193882998550e-01 1.921616428733789e-01
-1.740462958979756e-02 -1.432634409171168e-01
-1.304623003865702e-01 7.314362698954194e-02

237
-1.676944538547132e-02 -8.837839826132111e-02
3.951001971265437e-02 -4.364524003649620e-01
-5.168397033346165e-01 2.925781353607634e-02
-7.688145113710222e-02 8.043515464217656e-02
1.072044639046985e-01 3.579669363074081e-02

238
3.469303876974503e-02 -8.460605427249099e-02
9.873709577671298e-02 -5.099878877186934e-01
-4.904891288296662e-01 7.622582186962769e-02
-2.151657737400653e-02 -1.116882814535152e-01
1.194955972499476e-01 7.812760185969567e-02

239
6.647422419930752e-03 2.972598522565218e-03
1.495981519611362e-01 -5.932382679851728e-01
-5.888486240112456e-01 1.675569241401622e-01
-1.400203236053401e-02 -1.426905526735735e-01
-9.923294847458840e-02 7.227564288233332e-02

