4 4

13
1 1 0 0 1 0
1 0 3 0 -2899694623532621/500000000000000 0
1 0 2 0 -3282545366612039/1000000000000000 0
1 0 1 0 -773763185038623/250000000000000 0
1 0 0 0 -507683504555819/250000000000000 0
0 1 3 0 -2899694623532621/500000000000000 0
0 1 2 0 -3282545366612039/1000000000000000 0
0 1 1 0 -773763185038623/250000000000000 0
0 1 0 0 -507683504555819/250000000000000 0
0 0 3 0 7627144765672679/1000000000000000 0
0 0 2 0 173174239713103/12500000000000 0
0 0 1 0 134881201017737/62500000000000 0
0 0 0 0 -1866583439738561/5000000000000000 0

18
1 0 2 0 -2899694623532621/500000000000000 0
1 0 1 1 -2899694623532621/500000000000000 0
1 0 1 0 -3282545366612039/1000000000000000 0
1 0 0 2 -2899694623532621/500000000000000 0
1 0 0 1 -3282545366612039/1000000000000000 0
1 0 0 0 -773763185038623/250000000000000 0
0 1 2 0 -2899694623532621/500000000000000 0
0 1 1 1 -2899694623532621/500000000000000 0
0 1 1 0 -3282545366612039/1000000000000000 0
0 1 0 2 -2899694623532621/500000000000000 0
0 1 0 1 -3282545366612039/1000000000000000 0
0 1 0 0 -773763185038623/250000000000000 0
0 0 2 0 7627144765672679/1000000000000000 0
0 0 1 1 7627144765672679/1000000000000000 0
0 0 1 0 173174239713103/12500000000000 0
0 0 0 2 7627144765672679/1000000000000000 0
0 0 0 1 173174239713103/12500000000000 0
0 0 0 0 134881201017737/62500000000000 0

18
2 1 0 0 1 0
2 0 3 0 -2899694623532621/500000000000000 0
2 0 2 0 -3282545366612039/1000000000000000 0
2 0 1 0 -773763185038623/250000000000000 0
2 0 0 0 -507683504555819/250000000000000 0
1 2 0 0 1 0
1 1 3 0 -2899694623532621/500000000000000 0
1 1 2 0 -3282545366612039/1000000000000000 0
1 1 1 0 -773763185038623/250000000000000 0
1 1 0 0 -507683504555819/250000000000000 0
0 2 3 0 -2899694623532621/500000000000000 0
0 2 2 0 -3282545366612039/1000000000000000 0
0 2 1 0 -773763185038623/250000000000000 0
0 2 0 0 -507683504555819/250000000000000 0
0 0 3 0 1053451919859731/125000000000000 0
0 0 2 0 3965015886912147/1000000000000000 0
0 0 1 0 4625695403923693/5000000000000000 0
0 0 0 0 925263290688153/5000000000000000 0

24
2 0 2 0 -2899694623532621/500000000000000 0
2 0 1 1 -2899694623532621/500000000000000 0
2 0 1 0 -3282545366612039/1000000000000000 0
2 0 0 2 -2899694623532621/500000000000000 0
2 0 0 1 -3282545366612039/1000000000000000 0
2 0 0 0 -773763185038623/250000000000000 0
1 1 2 0 -2899694623532621/500000000000000 0
1 1 1 1 -2899694623532621/500000000000000 0
1 1 1 0 -3282545366612039/1000000000000000 0
1 1 0 2 -2899694623532621/500000000000000 0
1 1 0 1 -3282545366612039/1000000000000000 0
1 1 0 0 -773763185038623/250000000000000 0
0 2 2 0 -2899694623532621/500000000000000 0
0 2 1 1 -2899694623532621/500000000000000 0
0 2 1 0 -3282545366612039/1000000000000000 0
0 2 0 2 -2899694623532621/500000000000000 0
0 2 0 1 -3282545366612039/1000000000000000 0
0 2 0 0 -773763185038623/250000000000000 0
0 0 2 0 1053451919859731/125000000000000 0
0 0 1 1 1053451919859731/125000000000000 0
0 0 1 0 3965015886912147/1000000000000000 0
0 0 0 2 1053451919859731/125000000000000 0
0 0 0 1 3965015886912147/1000000000000000 0
0 0 0 0 4625695403923693/5000000000000000 0

