1.4792715026687864e+00 -1.6912060936746928e-01
-4.4512727259039397e-01 7.9226021893530418e-01
-4.2720655086585452e-01 1.9744672455888695e-01
6.2213651320931695e-01 -2.3063036110281803e+00
-4.4512727259039397e-01 7.9226021893530418e-01
1.4792715026687864e+00 -1.6912060936746928e-01
-4.2720655086585452e-01 1.9744672455888695e-01
6.2213651320931695e-01 -2.3063036110281803e+00
1.4792715026687864e+00 -1.6912060936746928e-01
-4.4512727259039397e-01 7.9226021893530418e-01
6.2213651320931695e-01 -2.3063036110281803e+00
-4.2720655086585452e-01 1.9744672455888695e-01
-4.4512727259039397e-01 7.9226021893530418e-01
1.4792715026687864e+00 -1.6912060936746928e-01
6.2213651320931695e-01 -2.3063036110281803e+00
-4.2720655086585452e-01 1.9744672455888695e-01
7.3167899409609094e-01 -7.0713358303855377e-62
-1.3037238249012698e-01 8.9216812638230522e-62
-4.9131391110350292e-01 4.3389740931024016e-62
3.0534832567564613e-01 -3.7594975002539574e-62
-1.3037238249012698e-01 8.9216812638230522e-62
7.3167899409609094e-01 -7.0713358303855377e-62
-4.9131391110350292e-01 4.3389740931024016e-62
3.0534832567564613e-01 -3.7594975002539574e-62
7.3167899409609094e-01 -7.0713358303855377e-62
-1.3037238249012698e-01 8.9216812638230522e-62
3.0534832567564613e-01 -3.7594975002539574e-62
-4.9131391110350292e-01 4.3389740931024016e-62
-1.3037238249012698e-01 8.9216812638230522e-62
7.3167899409609094e-01 -7.0713358303855377e-62
3.0534832567564613e-01 -3.7594975002539574e-62
-4.9131391110350292e-01 4.3389740931024016e-62
7.2963184261947489e-01 -6.9663523069719036e-01
7.2963184261947489e-01 6.9663523069719036e-01
1.7082353415871270e+00 -3.2494543514415545e-57
4.4001582621713009e-01 6.6359783001210262e-58
7.2963184261947489e-01 6.9663523069719036e-01
7.2963184261947489e-01 -6.9663523069719036e-01
1.7082353415871270e+00 -3.2494543514415545e-57
4.4001582621713009e-01 6.6359783001210262e-58
7.2963184261947489e-01 -6.9663523069719036e-01
7.2963184261947489e-01 6.9663523069719036e-01
4.4001582621713009e-01 6.6359783001210262e-58
1.7082353415871270e+00 -3.2494543514415545e-57
7.2963184261947489e-01 6.9663523069719036e-01
7.2963184261947489e-01 -6.9663523069719036e-01
4.4001582621713009e-01 6.6359783001210262e-58
1.7082353415871270e+00 -3.2494543514415545e-57
6.8295375052048768e-01 2.4599669485076958e-01
-8.4354636984416453e-01 2.6964134179762339e-01
2.3149343509113904e-01 5.7853688554890211e-02
-6.4570576773391164e-01 2.9386711291467932e-01
-8.4354636984416453e-01 2.6964134179762339e-01
6.8295375052048768e-01 2.4599669485076958e-01
2.3149343509113904e-01 5.7853688554890211e-02
-6.4570576773391164e-01 2.9386711291467932e-01
6.8295375052048768e-01 2.4599669485076958e-01
-8.4354636984416453e-01 2.6964134179762339e-01
-6.4570576773391164e-01 2.9386711291467932e-01
2.3149343509113904e-01 5.7853688554890211e-02
-8.4354636984416453e-01 2.6964134179762339e-01
6.8295375052048768e-01 2.4599669485076958e-01
-6.4570576773391164e-01 2.9386711291467932e-01
2.3149343509113904e-01 5.7853688554890211e-02
6.8295375052048768e-01 -2.4599669485076958e-01
-8.4354636984416453e-01 -2.6964134179762339e-01
-6.4570576773391164e-01 -2.9386711291467932e-01
2.3149343509113904e-01 -5.7853688554890211e-02
-8.4354636984416453e-01 -2.6964134179762339e-01
6.8295375052048768e-01 -2.4599669485076958e-01
-6.4570576773391164e-01 -2.9386711291467932e-01
2.3149343509113904e-01 -5.7853688554890211e-02
6.8295375052048768e-01 -2.4599669485076958e-01
-8.4354636984416453e-01 -2.6964134179762339e-01
2.3149343509113904e-01 -5.7853688554890211e-02
-6.4570576773391164e-01 -2.9386711291467932e-01
-8.4354636984416453e-01 -2.6964134179762339e-01
6.8295375052048768e-01 -2.4599669485076958e-01
2.3149343509113904e-01 -5.7853688554890211e-02
-6.4570576773391164e-01 -2.9386711291467932e-01
1.4792715026687864e+00 1.6912060936746928e-01
-4.4512727259039397e-01 -7.9226021893530418e-01
6.2213651320931695e-01 2.3063036110281803e+00
-4.2720655086585452e-01 -1.9744672455888695e-01
-4.4512727259039397e-01 -7.9226021893530418e-01
1.4792715026687864e+00 1.6912060936746928e-01
6.2213651320931695e-01 2.3063036110281803e+00
-4.2720655086585452e-01 -1.9744672455888695e-01
1.4792715026687864e+00 1.6912060936746928e-01
-4.4512727259039397e-01 -7.9226021893530418e-01
-4.2720655086585452e-01 -1.9744672455888695e-01
6.2213651320931695e-01 2.3063036110281803e+00
-4.4512727259039397e-01 -7.9226021893530418e-01
1.4792715026687864e+00 1.6912060936746928e-01
-4.2720655086585452e-01 -1.9744672455888695e-01
6.2213651320931695e-01 2.3063036110281803e+00
1.9894142879486323e-01 2.6951987467937992e+00
1.9894142879486323e-01 -2.6951987467937992e+00
-6.3493438539222263e-02 6.6193457793071875e-01
-6.3493438539222263e-02 -6.6193457793071875e-01
1.9894142879486323e-01 -2.6951987467937992e+00
1.9894142879486323e-01 2.6951987467937992e+00
-6.3493438539222263e-02 6.6193457793071875e-01
-6.3493438539222263e-02 -6.6193457793071875e-01
1.9894142879486323e-01 2.6951987467937992e+00
1.9894142879486323e-01 -2.6951987467937992e+00
-6.3493438539222263e-02 -6.6193457793071875e-01
-6.3493438539222263e-02 6.6193457793071875e-01
1.9894142879486323e-01 -2.6951987467937992e+00
1.9894142879486323e-01 2.6951987467937992e+00
-6.3493438539222263e-02 -6.6193457793071875e-01
-6.3493438539222263e-02 6.6193457793071875e-01
3.6329948842172893e-01 5.5054113462305476e-01
-1.0648548669434346e+00 -3.7760477166746836e-01
1.5849779332324476e-01 6.7712029839701204e-02
-7.1030434099568218e-01 -6.7207080095562377e-01
-1.0648548669434346e+00 -3.7760477166746836e-01
3.6329948842172893e-01 5.5054113462305476e-01
1.5849779332324476e-01 6.7712029839701204e-02
-7.1030434099568218e-01 -6.7207080095562377e-01
3.6329948842172893e-01 5.5054113462305476e-01
-1.0648548669434346e+00 -3.7760477166746836e-01
-7.1030434099568218e-01 -6.7207080095562377e-01
1.5849779332324476e-01 6.7712029839701204e-02
-1.0648548669434346e+00 -3.7760477166746836e-01
3.6329948842172893e-01 5.5054113462305476e-01
-7.1030434099568218e-01 -6.7207080095562377e-01
1.5849779332324476e-01 6.7712029839701204e-02
-1.0648548669434346e+00 3.7760477166746836e-01
3.6329948842172893e-01 -5.5054113462305476e-01
-7.1030434099568218e-01 6.7207080095562377e-01
1.5849779332324476e-01 -6.7712029839701204e-02
3.6329948842172893e-01 -5.5054113462305476e-01
-1.0648548669434346e+00 3.7760477166746836e-01
-7.1030434099568218e-01 6.7207080095562377e-01
1.5849779332324476e-01 -6.7712029839701204e-02
-1.0648548669434346e+00 3.7760477166746836e-01
3.6329948842172893e-01 -5.5054113462305476e-01
1.5849779332324476e-01 -6.7712029839701204e-02
-7.1030434099568218e-01 6.7207080095562377e-01
3.6329948842172893e-01 -5.5054113462305476e-01
-1.0648548669434346e+00 3.7760477166746836e-01
1.5849779332324476e-01 -6.7712029839701204e-02
-7.1030434099568218e-01 6.7207080095562377e-01
-6.4170670385825601e-01 1.0242904732573861e+00
-6.4170670385825601e-01 -1.0242904732573861e+00
-4.8689165650161448e-01 5.7755380573776716e-01
-4.8689165650161448e-01 -5.7755380573776716e-01
-6.4170670385825601e-01 -1.0242904732573861e+00
-6.4170670385825601e-01 1.0242904732573861e+00
-4.8689165650161448e-01 5.7755380573776716e-01
-4.8689165650161448e-01 -5.7755380573776716e-01
-6.4170670385825601e-01 1.0242904732573861e+00
-6.4170670385825601e-01 -1.0242904732573861e+00
-4.8689165650161448e-01 -5.7755380573776716e-01
-4.8689165650161448e-01 5.7755380573776716e-01
-6.4170670385825601e-01 -1.0242904732573861e+00
-6.4170670385825601e-01 1.0242904732573861e+00
-4.8689165650161448e-01 -5.7755380573776716e-01
-4.8689165650161448e-01 5.7755380573776716e-01
