12                                               

1.548487062131138e+00 -3.942237804530870e-17
-1.760799342002109e+00 -4.695137910184321e-17
-4.222462444551882e-01 5.707710943487422e-16
1.126960000791678e-01 -4.862161609094374e-16

1.548487062131137e+00 -1.631381171132286e-17
-1.760799342002109e+00 -2.099118350269739e-16
1.126960000791680e-01 -4.091287975622625e-16
-4.222462444551883e-01 -7.673913568863749e-17

1.485540698875775e+00 -1.352881907403555e-17
-1.653133039181452e+00 1.135913410875383e-16
-3.363485884582282e-01 3.974010073772840e-16
-1.140051536345868e+00 -1.378419761701897e-16

-1.760799342002109e+00 -1.270422061969364e-16
1.548487062131137e+00 -1.548558388450876e-17
-4.222462444551883e-01 -1.222345301636271e-16
1.126960000791680e-01 -3.839906120287804e-17

-1.760799342002109e+00 3.232937497171273e-16
1.548487062131137e+00 -2.550953271080068e-16
1.126960000791680e-01 -6.275560386451489e-17
-4.222462444551883e-01 -7.763413528483473e-19

-1.636583100038449e+00 -1.726915305489603e-16
1.504731961520942e+00 1.368251548484402e-16
6.745118277082414e-02 -4.587101308012847e-16
-1.157357883860997e+00 -1.757218839725859e-17

-1.653133039181452e+00 1.196011760913201e-16
1.485540698875775e+00 -1.760785430338677e-16
-3.363485884582285e-01 6.493910378054077e-16
-1.140051536345867e+00 2.239886959729509e-16

-1.653133039181452e+00 3.517836457251412e-17
1.485540698875774e+00 1.690190526267673e-16
-1.140051536345867e+00 -4.158804647297100e-17
-3.363485884582290e-01 2.330628495847492e-16

-1.636583100038450e+00 7.867510584398885e-16
1.504731961520942e+00 1.664715931670452e-16
-1.157357883860997e+00 -4.768064997625409e-16
6.745118277082457e-02 7.651706348398280e-18

1.504731961520943e+00 2.709853564879255e-16
-1.636583100038450e+00 -2.003143219840082e-16
-1.157357883860997e+00 -3.351828347456023e-16
6.745118277082481e-02 -3.687186306925779e-16

1.485540698875775e+00 9.930428264705602e-17
-1.653133039181451e+00 -2.550830782023307e-16
-1.140051536345868e+00 2.130150028584112e-17
-3.363485884582282e-01 -6.778860417972515e-16

1.504731961520942e+00 -8.257626253023527e-17
-1.636583100038449e+00 -6.578859347774101e-17
6.745118277082428e-02 -2.761693596541391e-16
-1.157357883860997e+00 2.954149347428529e-16

