5
0
2
52
-2.562698580181718e-01 -4.573717762417722e-01
1.616345651756265e-01 1.569965208339356e-01
-2.699361410506197e-01 6.601257930967581e-02
8.475106592671738e-02 1.266778188167332e-02
-1.272226139041832e-01 1.146555013455972e-01
2.237726045655905e-16
2.029397978190986e+02
5.685566051181824e-17
9.765625000000001e-05
1.060726448931423e-13
0.000000000000000e+00
1
1
11
52
-1.598389352022122e-01 3.263597574644923e-02
-7.313969867785362e-02 4.245037528511816e-01
-2.336984127387141e-01 -3.618534283253786e-01
-5.623935132176427e-02 -1.340403228158910e-01
8.083565189565730e-04 1.453582448209229e-01
1.110764993427085e-17
4.663020380774689e+02
2.551511939509939e-16
2.441406250000000e-05
1.708233920043914e-14
0.000000000000000e+00
1
1
13
52
1.727741718987066e-01 -1.195864135744225e-01
4.599984838059736e-01 3.102139706344603e-01
-1.283289782509414e-01 -5.397804980004944e-01
-7.456014520738244e-02 -1.717405397909133e-01
1.344769871987326e-01 1.302688304045605e-01
1.309227883336068e-16
1.822949508612560e+02
5.988503020271311e-17
2.441406250000000e-05
1.113465691487446e-14
0.000000000000000e+00
1
1
26
52
-4.753822216793834e-01 -5.511189734639745e-02
-2.394929672160552e-01 2.548017377469191e-01
-1.748449662669993e-01 -3.028366633614433e-01
-6.836027515742227e-02 -1.297625844231874e-01
-9.623529172301781e-02 1.106807307654274e-01
1.000741510621680e-16
1.374635429444854e+02
1.433316276911256e-16
3.906250000000000e-04
2.546615699840915e-12
0.000000000000000e+00
1
1
47
52
3.093710293280963e-02 -3.770189226802880e-01
5.361147597094498e-01 -2.901143027875192e-01
-4.816498531064349e-01 -3.736291788160545e-01
2.716398652865680e-01 -1.500677280281122e-01
-2.435426826775694e-01 -1.923421459863572e-01
3.775166431889533e-16
7.622569354107759e+01
4.721086520036590e-16
9.765625000000001e-05
1.642492265024386e-12
0.000000000000000e+00
1
1
48
52
2.306855469974362e-01 -6.741866944059562e-01
1.856484082382849e-01 -5.425640587413474e-01
-2.225937433155348e-01 6.505381110981182e-01
6.264467945890477e-03 -1.830812979670072e-02
-4.784628157185933e-01 1.398324551858769e+00
1.831026719408895e-15
2.325271934107194e+02
3.287827911410095e-16
9.765625000000001e-05
5.256366709256431e-15
0.000000000000000e+00
1
1
50
52
1.388350281934549e-02 -1.123441648829931e-01
1.624205450298379e-02 -1.314293714536655e-01
-1.005918091863307e-02 8.139806606558161e-02
-7.523116938409319e-04 6.087644456592107e-03
-1.393780561096423e-01 1.127835786141387e+00
1.144391699630559e-16
4.611057533624325e+05
2.214085060318170e-16
6.103515625000000e-06
8.467881563747276e-14
0.000000000000000e+00
1
1
55
52
-8.725325867620790e-02 6.844998764907265e-02
-1.020759819350024e-01 8.007838112552922e-02
6.321865066652088e-02 -4.959489104439214e-02
8.759453389967458e-01 -6.871771730391033e-01
4.728032088295273e-03 -3.709130672698817e-03
4.298389403418510e-16
7.055598574463978e+05
2.216218516771994e-13
3.725290298461914e-10
3.032109483341033e-13
0.000000000000000e+00
1
1
61
52
-6.794236287397057e-01 -3.180245633569861e-01
2.408990407109862e-01 2.142937866298041e-01
6.605805521104888e-02 -3.921012806541651e-01
2.691492798139175e-02 1.196249104619575e-01
1.503558861794180e-01 -1.935109913761515e-01
2.220446049250313e-16
1.029431419903344e+02
1.466016157412919e-16
9.765625000000001e-05
2.430873306991198e-13
0.000000000000000e+00
1
1
63
52
3.766212705830351e-01 -4.304836833700906e-01
6.904900886314937e-01 3.307364131604720e-02
-1.245318920115080e-01 -6.799722318744098e-01
9.524979700137384e-02 -3.645557914197947e-01
3.486663300050095e-01 -1.428469082876862e-01
9.930136612989092e-16
1.787671270217864e+02
3.785010035641756e-15
9.765625000000001e-05
4.007869204962413e-12
0.000000000000000e+00
1
1
64
52
9.203713042773499e-02 -5.405098032769620e-01
5.808188320422086e-01 -3.189932118203201e-01
-4.425123357619488e-01 -4.932443791274495e-01
2.133344606877739e-01 -2.914540232234072e-01
-1.048520947900312e-01 -3.456343125156934e-01
4.965068306494546e-16
1.585841861968829e+02
2.651783634746007e-15
9.765625000000001e-05
1.736619546458563e-12
0.000000000000000e+00
1
1
67
52
-1.283573502721179e-01 -6.317253405389007e-01
3.145794856631769e-01 -3.505860594938531e-01
-4.264543451630323e-01 -2.000188226220364e-01
1.375388880494502e-01 -1.418246741439315e-01
-1.819811281413808e-01 -7.690287980499781e-02
7.021666937153402e-16
9.781178794103607e+01
3.143739987129107e-16
3.906250000000000e-04
3.528631721667208e-12
0.000000000000000e+00
1
1
82
52
-4.924449167147568e-01 2.170293147285630e-01
-1.645570622951315e-01 6.292333601880657e-01
-5.754522222763726e-01 -3.030979844900856e-01
-2.263373400985484e-01 2.728499973088392e-01
-3.540978537331279e-01 -1.704178793179563e-02
1.110223024625157e-15
1.535109871679639e+02
1.849929285661251e-15
9.765625000000001e-05
2.395892753114136e-12
0.000000000000000e+00
1
1
84
52
7.345889804253192e-02 -2.166228315183549e-01
6.033664715964074e-01 -2.722493272596365e-02
-4.623495816027561e-01 -3.886195574085117e-01
2.020659376814366e-01 2.664148079572808e-02
-1.765909194046681e-01 -1.017647230324997e-01
8.326672684688674e-17
1.646706496039456e+02
2.082365920598120e-16
2.441406250000000e-05
3.575334287085647e-14
0.000000000000000e+00
1
1
93
52
-2.843033849401291e-01 3.789725327992459e-01
-2.287983428432028e-01 3.049850690515635e-01
2.743308174907209e-01 -3.656792364650872e-01
5.896710905702840e-01 -7.860235176551738e-01
-7.720507266479197e-03 1.029133083972591e-02
6.256407049230567e-16
4.708749672492784e+02
3.018569499567803e-15
6.103515625000000e-06
8.799260132484992e-13
0.000000000000000e+00
1
1
97
52
1.165230560988165e+00 -1.401993248099393e+00
8.812925920448688e-01 3.962603587012230e-01
-6.518689058182279e-01 4.347029908662294e-01
-2.977944884928164e-01 -1.022939408598469e-02
3.625771856616192e-01 4.724216137673969e-01
2.512147933894040e-15
1.736072961693066e+02
8.904128950775705e-17
9.765625000000001e-05
1.728929181744983e-13
0.000000000000000e+00
1
1
106
52
-3.546916815852499e-01 -1.091398473826483e+00
5.070929689660643e-01 -3.359427201639842e-01
1.232546974871208e-02 4.930727348968462e-01
3.733151510099516e-01 -3.423775850573150e-02
-1.055211340238311e-01 1.550773038929824e-01
1.110223024625157e-15
1.080563240382578e+02
5.619065797117457e-16
9.765625000000001e-05
1.078817058016145e-13
0.000000000000000e+00
1
1
107
52
-1.023571477901318e-02 -4.661798419084962e-01
4.274184758302437e-01 2.318511629416831e-01
-4.168301538376416e-01 2.503879751308909e-01
2.151884573850894e-01 1.544096182591897e-01
-2.082037295290203e-01 1.637058624879690e-01
7.752952570751715e-16
5.679443437679313e+01
2.103640340961321e-16
3.906250000000000e-04
6.466551961157933e-12
0.000000000000000e+00
1
1
110
52
2.951792818946242e-01 -6.626919901673841e-01
3.014461695725938e-01 4.582526687794189e-01
-5.422819349975202e-01 8.243545698784062e-02
-2.766504448673016e-01 1.319256615462270e-01
8.697933720249706e-02 2.938952938029116e-01
5.551115123125783e-16
5.138476867023896e+01
1.595248605850647e-15
9.765625000000001e-05
6.139505721112183e-15
0.000000000000000e+00
1
1
111
52
-7.634385847831290e-02 -5.751425570363415e-01
3.972751784183828e-01 1.860285742560552e-01
-3.349864856818766e-01 2.832282687826279e-01
1.823228445581716e-01 1.638369375971159e-01
-1.332671516652131e-01 2.057280439221295e-01
5.551115123125783e-16
3.106121127905097e+01
3.122301369140087e-16
9.765625000000001e-05
6.409615214791818e-15
0.000000000000000e+00
1
1
117
52
2.985832099108559e-01 -7.915805617710663e-01
5.943954603363603e-01 -1.698426897482866e-01
-3.341536075170524e-01 -5.200902509303036e-01
-1.484960684016311e-01 -2.125479024362449e-01
2.518770331391064e-01 -6.152766319169908e-02
2.264419546801470e-15
6.435376117476029e+01
4.815833631345504e-16
3.906250000000000e-04
9.689574168102307e-12
0.000000000000000e+00
1
1
135
52
-1.003597444113014e-01 2.971405388710847e-02
7.271485007185848e-02 -2.152908007194645e-02
-1.174090184476062e-01 3.476192492764826e-02
1.007522832654778e+00 -2.983027499460713e-01
5.438239203310173e-03 -1.610128978368116e-03
1.755416734288351e-16
1.347967719614881e+06
6.729060135691629e-13
3.725290298461914e-10
1.921691432216750e-12
0.000000000000000e+00
1
1
139
52
-1.434042801884146e-01 -7.191752109970064e-01
1.472331356416501e-01 2.786799249786728e-01
-3.876365966792992e-01 -2.876208725437905e-02
-2.187780962533970e-01 9.759113350900474e-02
1.072824028662392e-01 5.345746397925868e-02
2.775557561562891e-16
1.161536671620507e+02
1.483279280593289e-16
9.765625000000001e-05
2.764724193414321e-13
0.000000000000000e+00
1
1
146
52
-4.265675108517242e-01 -2.269065461827939e-01
1.479063817988388e-01 1.457624812880887e-01
5.538514928229021e-02 -2.500391403328345e-01
1.030772741808220e-01 -1.195275948035154e-01
1.337853450655839e-02 7.783151602177837e-02
1.110223024625157e-16
2.159693200813365e+02
7.064724990857945e-17
9.765625000000001e-05
7.679993351666333e-14
0.000000000000000e+00
1
1
147
52
-3.590677000241358e-01 -2.181633528998565e-02
1.659639404000310e-01 3.364185623571930e-01
2.054731802194579e-01 -3.138506823667710e-01
1.324187028523065e-01 -1.556119889059905e-01
1.126047489261490e-01 1.704991920087733e-01
1.118863022827952e-16
9.008619748255875e+01
1.877218319177696e-16
9.765625000000001e-05
3.025216494119566e-15
0.000000000000000e+00
1
1
150
52
-8.143892705165869e-02 -2.203179140156178e-01
7.858227730335851e-02 2.125897778968854e-01
-6.553946431651508e-02 -1.773048661944709e-01
-2.211545346915462e-03 -5.982925797564724e-03
1.689117452454480e-01 4.569594015108847e-01
9.437916079723832e-17
1.122406393501870e+03
4.324651568299972e-17
9.765625000000001e-05
4.319894765979208e-15
0.000000000000000e+00
1
1
153
52
-2.860693108671167e-01 -8.742010493585424e-02
2.760347996760916e-01 8.435365219878696e-02
-2.302195039938648e-01 -7.035292648631183e-02
5.933337816333976e-01 1.813172524349299e-01
-7.768462530727739e-03 -2.373969467637243e-03
1.000741510621680e-16
1.032126378349279e+03
8.503061840062600e-15
6.103515625000000e-06
6.634816918456424e-13
0.000000000000000e+00
1
1
162
52
-7.227722581973937e-03 -8.544226247109553e-02
5.236788584827267e-03 6.190650785164040e-02
-8.455579664325780e-03 -9.995733079551479e-02
3.916518971480649e-04 4.629898811679114e-03
7.255992501918065e-02 8.577645431264822e-01
5.594315114139762e-17
1.083309115255764e+06
2.070145387318315e-16
6.103515625000000e-06
2.465763945327671e-13
0.000000000000000e+00
1
1
177
52
3.550144085480245e-01 -3.955704989688429e-01
1.745656876149194e-01 5.260630772779842e-01
-5.418098860784551e-01 -1.168656832235342e-01
-3.007605785103717e-01 -2.624869757571315e-02
5.850304376782395e-02 2.961812174669670e-01
3.140184917367550e-16
6.104803694123582e+01
1.135571800002493e-15
9.765625000000001e-05
8.072817837047547e-15
0.000000000000000e+00
1
1
181
52
-3.885763642255626e-01 4.079707623852973e-02
-2.533417605446389e-01 3.984934416490129e-01
-3.305816540989428e-01 -3.371866554986119e-01
-2.410118639609724e-01 -9.032993747493501e-02
-2.169954981463226e-01 1.384166534720318e-01
7.021666937153402e-16
2.029132486986857e+02
1.248923490001540e-15
9.765625000000001e-05
2.285404045063285e-12
0.000000000000000e+00
1
1
187
52
-7.708670773637056e-01 -8.362901138024108e-02
-1.520441232528524e-01 3.818362524014445e-01
3.278044755251405e-01 -6.004501382993718e-02
8.796772206545521e-02 -9.123636162736871e-02
2.898944608430526e-02 2.516319939097855e-01
4.475452091311810e-16
1.425078996210379e+02
4.170484435739494e-16
9.765625000000001e-05
7.653653197077965e-14
0.000000000000000e+00
1
1
196
52
-3.366975136006612e-01 2.548520516055374e-01
4.760851185911961e-02 6.787924581525008e-01
-6.403659743647377e-01 -2.301242936372742e-01
2.122808050753270e-02 3.457711618014117e-01
-3.270179130002437e-01 -1.143136575939079e-01
2.482534153247273e-16
6.615695267893643e+01
4.534233225898790e-16
9.765625000000001e-05
2.418730877471273e-12
0.000000000000000e+00
1
1
197
52
-7.288811596831113e-01 9.376874051796552e-02
-2.626455634366012e-01 4.683642449670223e-01
-3.726392656656423e-01 -3.866364385836251e-01
-1.024696932198491e-01 2.005633706076584e-01
-1.498969334551949e-01 -1.680970344735564e-01
9.930136612989092e-16
6.950394112853797e+01
3.467220732375901e-16
3.906250000000000e-04
7.576383499559485e-12
0.000000000000000e+00
1
1
207
52
-2.580844445990491e-01 2.078458787118161e-02
-1.991253498779585e-01 3.666458537187387e-01
-2.552334568049656e-01 -3.300544948043425e-01
-1.313972762875528e-01 -1.668931531995654e-01
-1.029958982831391e-01 1.857697869340720e-01
1.861900614935455e-16
3.053332146579187e+02
4.719116077714956e-16
9.765625000000001e-05
2.282648591840712e-12
0.000000000000000e+00
1
1
213
52
-7.303769890602028e-01 6.978991543714799e-02
3.423837054932334e-01 4.364810670792214e-01
2.535283791220481e-01 -4.934224201286765e-01
2.538038213671160e-01 1.779626284874816e-01
2.155089692825604e-01 -2.228070040135472e-01
3.081368953213664e-16
4.303893142862953e+01
1.134213649783288e-15
9.765625000000001e-05
8.738555482628472e-15
0.000000000000000e+00
1
1
214
52
-4.561800078292687e-01 -6.802562592298564e-02
1.427933216573976e-01 3.181512284662634e-01
2.294023848025543e-01 -2.626493531906112e-01
1.652254392114061e-01 -1.033013087861716e-01
1.278986812355187e-01 1.470120182085571e-01
5.551115123125783e-17
4.072553292812714e+01
3.441258879027258e-16
9.765625000000001e-05
3.339908118180928e-15
0.000000000000000e+00
1
1
217
52
-5.896200213153592e-01 2.305834673464588e-01
5.137584083856517e-01 4.146356059612515e-01
9.617326456142211e-02 -6.531623772856270e-01
3.058846279982643e-01 1.890776089588946e-01
9.646493686280531e-02 -3.464249757325603e-01
2.277987190955421e-15
4.484618354883754e+01
1.548683983568539e-15
3.906250000000000e-04
8.908408865758048e-12
0.000000000000000e+00
1
1
218
52
-1.484687265246334e+00 4.518005928996709e-01
2.016859050324743e-02 8.223393963918763e-01
5.562227145767920e-01 -3.681136318209602e-01
2.510924805850702e-01 4.404115339863678e-01
9.023371254533079e-02 -2.370674462049725e-01
3.020133145511626e-15
1.133518460025753e+02
4.891347131583487e-16
9.765625000000001e-05
2.184447877212845e-13
0.000000000000000e+00
1
1
227
52
3.093768606821687e-01 -2.152941230907575e-01
5.629234886251495e-01 2.280691228635834e-01
-1.826415647035395e-02 -6.070953791934997e-01
-6.607205509751394e-03 -3.091415031290344e-01
2.875843276554360e-01 1.136106447851538e-01
7.550332863779066e-16
8.204854160635762e+01
5.147192138931266e-16
9.765625000000001e-05
3.946690055750964e-12
0.000000000000000e+00
1
1
236
52
-1.812534405942436e-01 1.377770304608845e-01
1.649363274276731e-01 5.780981592928099e-01
-5.128832361663582e-01 -3.136116387230981e-01
8.898847581931511e-02 1.823056111671749e-01
-1.518458672981810e-01 -1.345255264852928e-01
1.501112265932521e-16
1.340063398683931e+02
1.710922117110909e-16
2.441406250000000e-05
1.410081584372118e-14
0.000000000000000e+00
1
1
-1

2 0
1 5
-1515882250842822941601429424926544113662520953928049209017109919627047080777542626183205328704305035295901822261573486892806718682722031023738137550668442746935114584343932304647866733858995693366334935863147386508518050336824139747678571554094331108195023602351204002965505983533347735860308960822534778353887/2000000000000000000000000000000000000000000000000000000000000000000000000000000000000000000000000000000000000000000000000000000000000000000000000000000000000000000000000000000000000000000000000000000000000000000000000000000000000000000000000000000000000000000000000000000000000000000000000000000000000000000000 1739433281693183764680204197464251820144824066157289530804147263477473319275224242062752657745896445091192450488328485693557307968249974645180579997691669186223887289329375133465848807262537202415374552663056947431661438111926157859672721542103152188101355616859685391934064749669891717514735062468920179171243/2500000000000000000000000000000000000000000000000000000000000000000000000000000000000000000000000000000000000000000000000000000000000000000000000000000000000000000000000000000000000000000000000000000000000000000000000000000000000000000000000000000000000000000000000000000000000000000000000000000000000000000000
3380952784567906599742085650639617411983300183626000786414375791200299881330993131564914419481424314348913603663309691534591007401388580142985798109703890157479060261500435403712831435553168841057575596348482268153802626398069018704460096856746489945805967946890331225074795721853063768908831397715136564441717/10000000000000000000000000000000000000000000000000000000000000000000000000000000000000000000000000000000000000000000000000000000000000000000000000000000000000000000000000000000000000000000000000000000000000000000000000000000000000000000000000000000000000000000000000000000000000000000000000000000000000000000000 -6882488992344931468165189038358907544466855322248621275263766263393379612194901442715466243404898022751389263105559625414844147219163550165938012663050941279361570558438696037990729889860457704238086022704231197515741456378020693672586403265540284975908410770747381466317275174839520777390043236944144951747019/10000000000000000000000000000000000000000000000000000000000000000000000000000000000000000000000000000000000000000000000000000000000000000000000000000000000000000000000000000000000000000000000000000000000000000000000000000000000000000000000000000000000000000000000000000000000000000000000000000000000000000000000
-7527272421586736706968887939296419857601127161228706543163029150347906927971424347648047780036249238900804077034228786910966740471906351912692013493218406674543618248475148965234472247983018026526545704060211155972003110016506876756983182444510492278230570015979497207788241084420266347846430814513586164514049/10000000000000000000000000000000000000000000000000000000000000000000000000000000000000000000000000000000000000000000000000000000000000000000000000000000000000000000000000000000000000000000000000000000000000000000000000000000000000000000000000000000000000000000000000000000000000000000000000000000000000000000000 4089624107027807392763570226126625508799321922239925580715124688458495313474634312896554609124309736722512895203310589172308079116914980836261930749068798651779544964196184376011371689905448276183641193957661671891347217310093368436115148743391420387265821671401177633173292809597155371513608340873610094116159/5000000000000000000000000000000000000000000000000000000000000000000000000000000000000000000000000000000000000000000000000000000000000000000000000000000000000000000000000000000000000000000000000000000000000000000000000000000000000000000000000000000000000000000000000000000000000000000000000000000000000000000000
7254279373402996235393250155420812654516518298056288075756118580942016208956980427661318777430521043728568257108477224554551155252716816712031180625865397495639969208821129547833632048721145414591934997748904456173859169136579359420548651961831644367375994783528734110305502517356757339957722231880392147566389/10000000000000000000000000000000000000000000000000000000000000000000000000000000000000000000000000000000000000000000000000000000000000000000000000000000000000000000000000000000000000000000000000000000000000000000000000000000000000000000000000000000000000000000000000000000000000000000000000000000000000000000000 4895792858906012543024157722533123982866911365744067229037272348113563601016887855983280641452987633524812851113874898369118357017622925002754124992814687379300194436659728229490105885199653701230746490937249964533464109256153833448050580418742122012816899269290184817310931308668647862106877570346667051999137/10000000000000000000000000000000000000000000000000000000000000000000000000000000000000000000000000000000000000000000000000000000000000000000000000000000000000000000000000000000000000000000000000000000000000000000000000000000000000000000000000000000000000000000000000000000000000000000000000000000000000000000000
-9361414697922449073131137210093742060785941787266588077262213745787785260157623074567659248642142340964302469751228892249677207992116322216912805720697630501686969700416138981456191452725779133679308684984368798553919797144724642704378475738211261729531208925923006745922587888898693050750154131138295509203601/100000000000000000000000000000000000000000000000000000000000000000000000000000000000000000000000000000000000000000000000000000000000000000000000000000000000000000000000000000000000000000000000000000000000000000000000000000000000000000000000000000000000000000000000000000000000000000000000000000000000000000000000 -9458873634299599080915746193231050508907763942489846495303923676808199213551581726517635065643081118138033670536232774016407032270741074882513778941129305724739666924967091610145431621018379014766723549998264873322683126910893078917197934250394660012092794763558135799916348661383829522050061006919404163975679/10000000000000000000000000000000000000000000000000000000000000000000000000000000000000000000000000000000000000000000000000000000000000000000000000000000000000000000000000000000000000000000000000000000000000000000000000000000000000000000000000000000000000000000000000000000000000000000000000000000000000000000000

0
-437999114853699205320603113159869926872471919202996031846833617327990341649819097534209185292792991064519198412370166496756096893748288236531333158468201960810238660602458198626179648686091463338670592506459275729748979642155280340698364729226806586652436127010949911131913363180577127938808308816812521315727/625000000000000000000000000000000000000000000000000000000000000000000000000000000000000000000000000000000000000000000000000000000000000000000000000000000000000000000000000000000000000000000000000000000000000000000000000000000000000000000000000000000000000000000000000000000000000000000000000000000000000000000 -5838332912710460955335205725669514206583715663688778301331566494030889381875213126642132004931595817131127535539486714120515766049892334681654100242069586829390210021156721403203753363309251429612982520609104914472779776187843367155278968945214009649379202710743224078488467291813795516304485776278502968656437/100000000000000000000000000000000000000000000000000000000000000000000000000000000000000000000000000000000000000000000000000000000000000000000000000000000000000000000000000000000000000000000000000000000000000000000000000000000000000000000000000000000000000000000000000000000000000000000000000000000000000000000000
5 5
1 0
0 0
0 0
0 0
0 0
0 0
1 0
0 0
0 0
0 0
0 0
0 0
1 0
0 0
0 0
0 0
0 0
0 0
1 0
0 0
0 0
0 0
0 0
0 0
1 0

5 0

4 0

