8                                                

8.047682685571463e-01 -9.057965877431932e-17
-9.649227973437307e-01 -2.124586837968759e-18
2.715587529183218e-02 1.053711950479024e-17
-2.074090995063125e+00 7.642863829057278e-16

1.169881600798312e+00 6.829594334457856e-17
-7.245420013612459e-01 8.371264173107615e-17
-5.418745568968725e-02 -3.280421263733062e-18
-1.003911317793882e+01 -2.822711386845467e-15

1.169881600798432e+00 9.192110694786205e-15
-7.245420013609295e-01 2.450074719556045e-14
-1.003911317796392e+01 -1.939099154601234e-12
-5.418745568969720e-02 5.011153837553416e-14

8.047682685571420e-01 1.261566399833120e-15
-9.649227973437310e-01 -2.466264391922384e-17
-2.074090995063110e+00 -3.807799257668172e-15
2.715587529183096e-02 -9.498532230284678e-16

-7.245420013612317e-01 2.530423556734293e-13
1.169881600798318e+00 9.647658521968291e-14
-1.003911317793995e+01 -2.009825685977709e-11
-5.418745568963482e-02 1.000899285706284e-14

-9.649227973437307e-01 4.222175262305543e-17
8.047682685571461e-01 -4.768817863829599e-17
2.715587529183219e-02 -6.248846639229953e-19
-2.074090995063125e+00 2.776436460945206e-17

-9.649227973437310e-01 7.174139417796022e-17
8.047682685571442e-01 1.906044185989939e-15
-2.074090995063117e+00 -6.568612330859597e-15
2.715587529183230e-02 1.018243135589171e-15

-7.245420013612455e-01 2.127582278612954e-17
1.169881600798312e+00 2.588672001296681e-18
-5.418745568968721e-02 5.495270570540030e-18
-1.003911317793881e+01 1.629867442173727e-15

