4 4

13
1 1 0 0 1 0
1 0 3 0 -6981363828853381/1000000000000000 0
1 0 2 0 -1593602768669369/500000000000000 0
1 0 1 0 -1698805493159349/500000000000000 0
1 0 0 0 -1872772443352293/1000000000000000 0
0 1 3 0 -6981363828853381/1000000000000000 0
0 1 2 0 -1593602768669369/500000000000000 0
0 1 1 0 -1698805493159349/500000000000000 0
0 1 0 0 -1872772443352293/1000000000000000 0
0 0 3 0 8326851622256017/1000000000000000 0
0 0 2 0 654208408532989/50000000000000 0
0 0 1 0 3063892061025079/1000000000000000 0
0 0 0 0 -1368900086411999/10000000000000000 0

18
1 0 2 0 -6981363828853381/1000000000000000 0
1 0 1 1 -6981363828853381/1000000000000000 0
1 0 1 0 -1593602768669369/500000000000000 0
1 0 0 2 -6981363828853381/1000000000000000 0
1 0 0 1 -1593602768669369/500000000000000 0
1 0 0 0 -1698805493159349/500000000000000 0
0 1 2 0 -6981363828853381/1000000000000000 0
0 1 1 1 -6981363828853381/1000000000000000 0
0 1 1 0 -1593602768669369/500000000000000 0
0 1 0 2 -6981363828853381/1000000000000000 0
0 1 0 1 -1593602768669369/500000000000000 0
0 1 0 0 -1698805493159349/500000000000000 0
0 0 2 0 8326851622256017/1000000000000000 0
0 0 1 1 8326851622256017/1000000000000000 0
0 0 1 0 654208408532989/50000000000000 0
0 0 0 2 8326851622256017/1000000000000000 0
0 0 0 1 654208408532989/50000000000000 0
0 0 0 0 3063892061025079/1000000000000000 0

18
2 1 0 0 1 0
2 0 3 0 -6981363828853381/1000000000000000 0
2 0 2 0 -1593602768669369/500000000000000 0
2 0 1 0 -1698805493159349/500000000000000 0
2 0 0 0 -1872772443352293/1000000000000000 0
1 2 0 0 1 0
1 1 3 0 -6981363828853381/1000000000000000 0
1 1 2 0 -1593602768669369/500000000000000 0
1 1 1 0 -1698805493159349/500000000000000 0
1 1 0 0 -1872772443352293/1000000000000000 0
0 2 3 0 -6981363828853381/1000000000000000 0
0 2 2 0 -1593602768669369/500000000000000 0
0 2 1 0 -1698805493159349/500000000000000 0
0 2 0 0 -1872772443352293/1000000000000000 0
0 0 3 0 547436394684137/50000000000000 0
0 0 2 0 1356287513162801/500000000000000 0
0 0 1 0 1470135441280683/500000000000000 0
0 0 0 0 77101320273379/50000000000000 0

24
2 0 2 0 -6981363828853381/1000000000000000 0
2 0 1 1 -6981363828853381/1000000000000000 0
2 0 1 0 -1593602768669369/500000000000000 0
2 0 0 2 -6981363828853381/1000000000000000 0
2 0 0 1 -1593602768669369/500000000000000 0
2 0 0 0 -1698805493159349/500000000000000 0
1 1 2 0 -6981363828853381/1000000000000000 0
1 1 1 1 -6981363828853381/1000000000000000 0
1 1 1 0 -1593602768669369/500000000000000 0
1 1 0 2 -6981363828853381/1000000000000000 0
1 1 0 1 -1593602768669369/500000000000000 0
1 1 0 0 -1698805493159349/500000000000000 0
0 2 2 0 -6981363828853381/1000000000000000 0
0 2 1 1 -6981363828853381/1000000000000000 0
0 2 1 0 -1593602768669369/500000000000000 0
0 2 0 2 -6981363828853381/1000000000000000 0
0 2 0 1 -1593602768669369/500000000000000 0
0 2 0 0 -1698805493159349/500000000000000 0
0 0 2 0 547436394684137/50000000000000 0
0 0 1 1 547436394684137/50000000000000 0
0 0 1 0 1356287513162801/500000000000000 0
0 0 0 2 547436394684137/50000000000000 0
0 0 0 1 1356287513162801/500000000000000 0
0 0 0 0 1470135441280683/500000000000000 0

