5
0
0
52
-2.569855271253858e-02 9.494204969906643e-01
2.116962019137046e-01 5.898848670921749e-01
-2.432964070443929e-01 5.775693002993928e-01
-1.379871258648442e-02 5.097867069883429e-01
1.050462134247162e-02 -3.880881124796601e-01
2.886613223899485e-15
6.837157280097890e+01
4.527653451552616e-16
3.906250000000000e-04
2.382540938898321e-14
0.000000000000000e+00
1
1
3
52
-8.566606688493169e-01 6.226504475816986e-01
-1.214600693802510e-01 1.447711461632872e+00
-1.414515315456813e+00 -3.313117066074751e-01
-1.201352524434321e+00 1.935572046213753e-01
-5.549085186130022e-01 1.082953745732602e+00
3.552713678800501e-14
6.738715202514562e+02
1.208844256709664e-14
9.765625000000001e-05
1.649951664440582e-14
0.000000000000000e+00
1
1
5
52
-4.370250908990976e-01 -1.019065338790948e-01
-2.478223736781859e-01 -5.778780130741888e-02
6.164385191972290e-01 1.437425771406233e-01
1.840625380899773e-01 1.268360836407766e-01
2.211797614409748e-01 -3.234073546423892e-02
1.241267076623637e-16
7.218633584961644e+01
1.826509375674113e-16
9.765625000000001e-05
8.078064665976999e-15
0.000000000000000e+00
1
1
15
52
-1.238827744898809e-01 9.451150267637209e-02
-1.037545732337594e-01 4.705018092068696e-02
-7.279000831419474e-02 8.763758144317091e-02
5.072073107536030e-02 -3.869539191801058e-02
-6.181388877179963e-01 4.715848138007304e-01
3.510833468576701e-16
5.960873002412951e+04
3.378444955827732e-16
9.765625000000001e-05
7.789460765045758e-12
0.000000000000000e+00
1
1
28
52
-5.208114858221827e-01 2.658032921932449e-01
-2.565170057459984e-01 2.882171491039346e-01
-3.838984281694549e-01 3.862766008334134e-02
2.128885432019965e-01 -1.086505908447543e-01
-2.796471881116415e-01 1.427217818272856e-01
4.002966042486721e-16
9.125913721147397e+01
6.992141458785227e-16
9.765625000000001e-05
3.552720455057617e-15
0.000000000000000e+00
1
1
29
52
-4.590170349242733e-01 -1.886656765081542e-01
-2.058007715929348e-01 -8.458845499031811e-02
5.721511970394905e-01 2.351662017777054e-01
1.553480535246786e-01 -2.043712838487406e-02
9.607318855049879e-02 1.237765583309965e-01
3.554447978966673e-16
7.168191774330826e+01
2.618914113425351e-16
9.765625000000001e-05
8.357378498258140e-15
0.000000000000000e+00
1
1
32
52
-5.019514524410453e-01 -6.917215956147303e-02
-2.250504629563558e-01 -3.101341067407083e-02
6.256676822838063e-01 8.622105691879756e-02
1.266028019035099e-01 9.779552059292158e-02
1.483352679983775e-01 -5.990727473111587e-02
2.989366980140908e-16
6.860723506664743e+01
1.425563706439371e-16
9.765625000000001e-05
7.791361360319882e-15
0.000000000000000e+00
1
1
33
52
-3.767594637421263e-01 -5.014996645336918e-02
-3.891719761216931e-01 -5.180217997245276e-02
5.448625173670048e-01 7.252594718192951e-02
2.521840079820225e-01 1.440073385500274e-01
2.810730595214880e-01 -7.302617783623200e-02
1.688305753616065e-16
1.357834773815513e+02
7.060010221080774e-16
3.906250000000000e-04
6.151943661848236e-14
0.000000000000000e+00
1
1
51
52
-3.237720531929957e-01 -1.668540534923811e-01
-3.344388711635362e-01 -1.723511363897402e-01
4.682331113958811e-01 2.413012236395285e-01
2.771883358993725e-01 2.482580778269440e-02
1.810715148563887e-01 2.113357537151233e-01
9.639819490876586e-17
1.604181527898215e+02
6.838000090990900e-17
3.906250000000000e-04
4.052036608297595e-14
0.000000000000000e+00
1
1
60
52
3.449271522837531e-03 5.585146536400167e-01
-1.317083282802006e-01 3.442150527938849e-01
1.359497222953557e-01 3.425620517746788e-01
1.852069527369083e-03 2.998917202507778e-01
-1.409935090901061e-03 -2.283002088225575e-01
4.787860854281569e-16
1.041034125035694e+02
1.202998349102751e-15
3.906250000000000e-04
1.806032932649408e-14
0.000000000000000e+00
1
1
62
52
8.245001851329620e-02 1.312569341090514e-01
3.724781875050444e-02 1.070331712429173e-01
8.025119656449935e-02 8.002027991660995e-02
4.114015281461227e-01 6.549337919621400e-01
-3.375711622048778e-02 -5.373989793283036e-02
3.608224830031759e-16
7.829543781168052e+04
1.133410901886806e-13
2.384185791015625e-08
1.476599231355885e-13
0.000000000000000e+00
1
1
64
52
-2.992081984807688e-02 1.804377030185787e-01
-2.141807778847967e-01 1.306923772462751e-01
1.605333484510143e-01 1.928288026222344e-01
6.299571265513033e-02 2.004919769749495e-01
-1.243371191023275e-01 1.694277824253880e-01
1.387778780781446e-16
1.017690939317550e+03
7.334086873865343e-16
3.906250000000000e-04
4.320251958930242e-12
0.000000000000000e+00
1
1
73
52
6.844914257764364e-01 -3.123132791214293e-01
-9.898987477589901e-01 4.516616458126123e-01
7.070423080071554e-01 -3.226025825536359e-01
-5.743616037192796e-01 2.386891906516929e-02
-3.944525219178436e-01 4.181724346211443e-01
3.972054645195637e-15
4.015393262857813e+01
1.242519823456911e-15
3.906250000000000e-04
3.146583867003855e-12
0.000000000000000e+00
1
1
80
52
-1.357315853116110e-01 8.965658134108552e-02
-8.202814490957194e-02 8.611922012700397e-02
-1.114021042138535e-01 4.164982364086043e-02
5.557193294524482e-02 -3.670766472629182e-02
-6.772609954709476e-01 4.473601733169352e-01
6.758924343478424e-16
4.489284508161357e+04
1.204344960799170e-16
9.765625000000001e-05
7.410527077011522e-12
0.000000000000000e+00
1
1
94
52
-3.800621786790047e-01 -1.991691403616296e-01
-2.155206033405532e-01 -1.129421860569076e-01
5.360904247986326e-01 2.809347392428208e-01
2.124825157031406e-01 2.312758717115756e-02
1.399395178596498e-01 1.615569129102918e-01
1.163170574736153e-16
9.072456365620174e+01
1.327939331921166e-16
9.765625000000001e-05
9.264875997516715e-15
0.000000000000000e+00
1
1
106
52
-9.424067656351326e-01 -2.042011322168142e-01
-5.145626127197425e-01 -5.803993582084473e-01
1.392842263269710e+00 2.082071747679377e-01
1.046639362507328e-02 -2.509613158939679e-01
6.148009919874494e-01 3.296215483766134e-02
1.404333387430680e-15
5.122782463768355e+01
9.874247164694888e-16
3.906250000000000e-04
1.319932178800555e-13
0.000000000000000e+00
1
1
107
52
-2.515121665270710e+00 -4.910166054355616e-01
1.822714550076105e+00 -1.808158446509307e+00
1.008798478975423e+00 2.360942804804675e+00
5.365436100980547e-01 -1.117008554377874e+00
7.702100840515104e-02 1.236792189640061e+00
3.162713435991701e-14
1.674287940711643e+03
6.735508221224351e-15
9.765625000000001e-05
3.193816610667157e-14
0.000000000000000e+00
1
1
110
52
-4.674946035468244e-01 -3.757616258428494e-02
-2.855393737269679e-01 -2.465616773195751e-01
6.848951004568152e-01 1.041699121608165e-02
2.985063587463457e-01 -2.381545390860473e-02
-1.116223206950431e-02 -1.216570569365394e-01
3.925231146709438e-16
7.127514707031753e+01
1.940189355138988e-16
3.906250000000000e-04
1.166599448371542e-12
0.000000000000000e+00
1
1
120
52
-3.298877576795293e-01 3.369074904324765e-01
-2.835515228660152e-01 1.280926433397170e-01
-1.220946989031080e-01 2.861853872879460e-01
1.348459587862204e-01 -1.377153668544450e-01
-1.771316231282811e-01 1.809008344054822e-01
1.291175088092316e-16
1.255275547534856e+02
1.161087513674557e-16
9.765625000000001e-05
3.663841114510703e-15
0.000000000000000e+00
1
1
121
52
3.795832848739512e-01 -1.690605628062665e-01
-5.371707111162758e-01 2.823978039040150e-01
3.266896124392663e-01 7.067782586808227e-02
6.028393626420036e-02 8.989762182298802e-02
-2.220946586325849e-01 1.451376459180500e-01
6.779732137262393e-17
8.556669288673625e+01
1.999816005563974e-16
3.906250000000000e-04
8.416055432527779e-13
0.000000000000000e+00
1
1
123
52
1.032453374366475e+00 -2.732331186230365e-01
-1.530625371879738e+00 3.002731006194347e-01
5.401943498023430e-01 -6.679944885493807e-01
-2.417616043108087e-02 -2.771445419493795e-01
-6.785767550813628e-01 6.732733782467416e-02
7.747050528553898e-16
4.988526426529606e+01
1.355613578645292e-15
3.906250000000000e-04
8.391015088511953e-13
0.000000000000000e+00
1
1
127
52
-2.915363668361565e-02 -2.063650272466253e-01
-5.258407219856541e-01 9.010662032845350e-02
5.302230987169431e-01 -5.908581481550904e-02
1.409984696974536e-01 -2.637275850272704e-02
-1.427862177290265e-01 1.371812212753409e-02
5.637851296924623e-17
2.364681378339375e+02
1.586089764748032e-16
9.765625000000001e-05
3.396088211043426e-12
0.000000000000000e+00
1
1
128
52
5.310252232525046e-01 -4.546714398421395e-01
-7.307902529642467e-01 7.130153957090469e-01
5.607089050337708e-01 -4.270726820471103e-02
-2.885363292910319e-01 3.405622428043230e-01
1.403273926764397e-01 1.160545006492294e-01
8.711006819470244e-16
3.646594052207023e+01
5.152465359524584e-16
3.906250000000000e-04
1.223066734571491e-12
0.000000000000000e+00
1
1
137
52
-2.273968708159787e-02 1.858181722899354e-01
-4.737489878564092e-01 -7.215076750568369e-02
4.771672192292117e-01 4.421856668520122e-02
1.270675321537881e-01 2.133267567264899e-02
-1.284619664488945e-01 -9.938005589225177e-03
1.083889877282842e-16
3.485588310997021e+02
2.237032092912594e-16
9.765625000000001e-05
4.517010142598323e-12
0.000000000000000e+00
1
1
140
52
7.210942084103213e-01 -5.516580300080745e-01
-1.017127518055450e+00 7.781321169039088e-01
4.089085091343141e-01 -3.128268955312634e-01
-4.347908776395832e-01 1.244478732806868e-01
-2.338615207695476e-01 3.870906477119270e-01
2.979040983896728e-15
3.602878755894076e+01
5.608404887602777e-16
9.765625000000001e-05
3.443481593039715e-15
0.000000000000000e+00
1
1
142
52
5.416847964632784e-01 -6.578948837407591e-01
-6.751941238208897e-01 8.200465704296380e-01
2.428649496433086e-01 -2.949678648053425e-01
-4.500227065765498e-02 2.652702316386662e-01
-2.516992762958373e-01 9.508403898724724e-02
6.753223014464259e-16
3.236141595183808e+01
4.486799247213721e-16
9.765625000000001e-05
2.882306612438861e-15
0.000000000000000e+00
1
1
144
52
-7.247754855435634e-02 -3.663128645970738e-01
-2.628052386834350e-01 2.662666195596896e-01
3.444001475417650e-01 1.461268098071412e-01
1.802491635256826e-01 1.076665714730960e-02
-1.625682457224419e-01 7.859546641227923e-02
2.247387656626138e-16
1.814427860627429e+02
1.973835173397878e-16
3.906250000000000e-04
3.485090431497285e-13
0.000000000000000e+00
1
1
150
52
-2.671458314337852e-01 -8.608707989874279e-02
-2.142864337404284e-01 7.109089876330631e-02
3.811743281760477e-01 1.508056594652480e-01
1.596498609001126e-01 8.141007154320186e-02
-3.398425602417796e-02 6.473284076825045e-02
5.561946577567963e-17
2.180730895446218e+02
1.079978440669590e-16
3.906250000000000e-04
1.130119834409735e-12
0.000000000000000e+00
1
1
152
52
1.098384074368120e+00 -6.868694158145666e-01
-1.369103355962618e+00 8.561624701639975e-01
4.924616578721162e-01 -3.079586268111961e-01
-4.087136537994971e-01 1.556755390928116e-02
-1.929134476844080e-01 3.606571796587005e-01
3.972054645195637e-15
5.922830199311985e+01
6.732947372899159e-16
9.765625000000001e-05
4.218847493575595e-15
0.000000000000000e+00
1
1
167
52
-2.526812461761714e-02 3.176234307375584e-01
-8.108127154462036e-01 -8.852683854534228e-02
8.146110217285139e-01 4.078166193899271e-02
-2.191660722434317e-01 -7.635251641918686e-03
2.176165900797855e-01 2.711243279927380e-02
1.110223024625157e-16
8.302930971526848e+01
1.806729736109381e-16
2.441406250000000e-05
2.167271621631900e-15
0.000000000000000e+00
1
1
171
52
3.413188399158610e-01 -3.625156217781529e-01
-4.936089474546829e-01 5.242633384840549e-01
3.525637447783818e-01 -3.744588642873508e-01
-1.371334411768011e-01 3.548572380552915e-01
-3.459617460002602e-01 1.582394084723286e-01
3.642754084045210e-16
9.235499500288772e+01
5.499428682002910e-16
3.906250000000000e-04
2.104757961761295e-12
0.000000000000000e+00
1
1
177
52
-2.727898349426986e-01 5.847506913563073e-01
-3.310927042227138e-01 -5.552450368692183e-01
6.381983136644465e-01 -1.030647475777545e-01
3.068958501499545e-01 5.632144669165368e-02
-2.403486952670297e-01 -1.989715378644406e-01
2.618455766672135e-16
1.121551903403073e+02
6.769989914936609e-16
3.906250000000000e-04
5.208575113120010e-13
0.000000000000000e+00
1
1
180
52
-1.788473481653924e-01 3.685409530099559e-01
2.223387761786388e-01 5.160989877590618e-01
-5.430084817160907e-01 1.446875438416495e-01
7.982401391243055e-03 4.706182743671417e-01
-3.746417353105977e-01 2.849365702463310e-01
1.093442869781314e-15
2.371683961962842e+02
2.391782098993239e-15
9.765625000000001e-05
5.804300761605746e-15
0.000000000000000e+00
1
1
181
96
0.941050984068205915207060345697e-1 0.137057410063631287126432087617e0
0.895061856174343547498917538519e-1 0.822441290623065418954028305262e-1
0.446024125163460898884015066476e-1 0.113075544777470095803685267392e0
0.469556975110660752817601189288e0 0.683876474022322291305375356170e0
-0.385289997642290741449348671789e-1 -0.561147590239888626294961487269e-1
2.54509290921803e-16
5.967714441938743e+04
5.95147171489994e-27
2.38418579101563e-8
5.51552420514242e-15
2.441406250000000e-05
1
1
183
52
-4.104502747630367e-02 2.599927008099608e-01
-3.067592626225214e-01 1.904618396326773e-01
2.331663521901496e-01 2.756998544927360e-01
-1.770376548216067e-01 2.452019578570426e-01
9.289023754346083e-02 2.878154532522200e-01
1.665334536937735e-16
5.661601335092586e+02
2.392407187425535e-16
9.765625000000001e-05
3.066331682727504e-15
0.000000000000000e+00
1
1
196
52
-2.440136813403101e-01 -1.426904837883907e+00
2.202705351551324e-01 2.102730508316436e+00
-8.364932614569347e-01 -8.100741594387053e-01
8.828709986487155e-03 9.242528358167089e-01
-3.770819258213325e-01 -8.786162804604533e-04
4.373771479125256e-15
1.177148897665411e+02
5.401937532413934e-15
3.906250000000000e-04
3.016175088730459e-12
0.000000000000000e+00
1
1
197
52
-1.375019718173788e-01 -3.308499302111525e-01
-8.362202260175539e-01 3.766967957822799e-01
8.568895321606718e-01 -3.269634108382014e-01
-2.317015212320320e-01 8.439939895801578e-02
2.232696785044295e-01 -1.046876503998479e-01
8.507043390800012e-17
6.965168679568694e+01
1.944043030835584e-16
2.441406250000000e-05
2.575292673948319e-15
0.000000000000000e+00
1
1
214
52
3.904591068340831e-01 -4.956540015546763e-01
-5.507556399763952e-01 6.991365601548268e-01
2.214163550216575e-01 -2.810688762415509e-01
-9.076586291519899e-02 3.009117913997472e-01
-2.712969788331217e-01 1.586956122587088e-01
2.220446049250313e-16
5.293718041699038e+01
7.514361413184546e-16
9.765625000000001e-05
1.755416734288350e-15
0.000000000000000e+00
1
1
217
52
-4.072478919803466e-01 -5.902224368201364e-01
-2.599415777295128e-01 6.697648591847304e-01
7.184194828419107e-01 -5.295007498696802e-03
-2.265085481106385e-01 2.625558861941779e-01
3.258567828022042e-01 -1.185709612181523e-01
2.371437420133774e-16
8.248181219489530e+01
8.259240747566014e-16
3.906250000000000e-04
4.534812595724648e-13
0.000000000000000e+00
1
1
218
52
-3.923715631181319e-01 -1.078706034465915e-01
-3.059086939645972e-01 1.164668232526602e-01
5.616129737142617e-01 1.944321418419868e-01
-4.514840067277193e-02 9.590311610260580e-02
2.363733064242783e-01 1.078655653718856e-01
1.688305753616065e-16
6.673262271753154e+01
8.750456358026554e-17
3.906250000000000e-04
3.407180054777623e-14
0.000000000000000e+00
1
1
-1

2 0
1 5
-83658330284248586162099027923581660966551890734469671944363048870496261911090791365569780803970544435010984384876335885062681360730671666406845824259134094537597916433295627594860013236198091528961039672905797376760595099585235123416887799360430393965586742273175557637026819166150595820147186187354756539769/125000000000000000000000000000000000000000000000000000000000000000000000000000000000000000000000000000000000000000000000000000000000000000000000000000000000000000000000000000000000000000000000000000000000000000000000000000000000000000000000000000000000000000000000000000000000000000000000000000000000000000000 -1695710785330036308308453360877553061760038619519806809910909274799715577559921831704960227216682137104138194730004601209101773055151032864163109306532079298484250937865021182833858293319224816428783492647441376662711031565775455735352449836286809668161127249059634993512105891549194429487181355612667014454567/5000000000000000000000000000000000000000000000000000000000000000000000000000000000000000000000000000000000000000000000000000000000000000000000000000000000000000000000000000000000000000000000000000000000000000000000000000000000000000000000000000000000000000000000000000000000000000000000000000000000000000000000
-4193237702984557006671715823192651294412526386193914744158645831655811982773450121398079422210105761082893674378955071582124434766949665789128027773821711413232201042017784994414091712217122569134149888769095105806500115085269605063972221422587860962133644113356349787624909866312743269243599498249527577898009/5000000000000000000000000000000000000000000000000000000000000000000000000000000000000000000000000000000000000000000000000000000000000000000000000000000000000000000000000000000000000000000000000000000000000000000000000000000000000000000000000000000000000000000000000000000000000000000000000000000000000000000000 -3696108638084547977268349875832945735508415401869392440945514854518820379518856849434036751635773455968386665814964539909082975926323134723581509819601298176060645249443855159593543691721847049401678047502668626695882096323479888726054251362276389811652935048261023318586822682261376363489198680614756218060419/5000000000000000000000000000000000000000000000000000000000000000000000000000000000000000000000000000000000000000000000000000000000000000000000000000000000000000000000000000000000000000000000000000000000000000000000000000000000000000000000000000000000000000000000000000000000000000000000000000000000000000000000
7010914500276093203942372575246287965173265916784555657972694365880692968012218467894013256316410643125519613608835307027206561343526147846461728856081760988395169355063500612853206354998451802312104624518741012593027871774881155909207304914200668303928040331372595584110806754506010786092596633154321571226713/10000000000000000000000000000000000000000000000000000000000000000000000000000000000000000000000000000000000000000000000000000000000000000000000000000000000000000000000000000000000000000000000000000000000000000000000000000000000000000000000000000000000000000000000000000000000000000000000000000000000000000000000 -52536197889039692897124451395089265988005244065322498101393007600487016963765491984349554732832256368690016707768978801438432377496399467895741955430169326841399254445626999833409307040268991311335101973165860158940316843184774875105333285063877204362898781387456245631768418579184974631536022707934185845969/80000000000000000000000000000000000000000000000000000000000000000000000000000000000000000000000000000000000000000000000000000000000000000000000000000000000000000000000000000000000000000000000000000000000000000000000000000000000000000000000000000000000000000000000000000000000000000000000000000000000000000000
1544995586985489363842024987530470439038525244178916448024403851147652924506961951830435488375706935023351015163052786914169639037169811465880201958433783387693409603683726839827040233233388336984802159463451454526325910779782429219631105376252045420459254205045758777014929617010311403050848752950614439761881/2000000000000000000000000000000000000000000000000000000000000000000000000000000000000000000000000000000000000000000000000000000000000000000000000000000000000000000000000000000000000000000000000000000000000000000000000000000000000000000000000000000000000000000000000000000000000000000000000000000000000000000000 -8204547415741953596729684261592639398690295185880022836661328041641980261176517763929942987762174644833830286137489758361713111195704778382777900987533452198189894418505458839020447557791943372390637428995770288310889238065940210120834856174766127532319041504702798316343342078507913301057248373670632111490821/10000000000000000000000000000000000000000000000000000000000000000000000000000000000000000000000000000000000000000000000000000000000000000000000000000000000000000000000000000000000000000000000000000000000000000000000000000000000000000000000000000000000000000000000000000000000000000000000000000000000000000000000
-2020331143571275977623700440060353210321374323739231520204213190005334220410800191272543817081716175989793659475983373370569330926826891692469235841652481100731762395969507001249160024010958605246963023782153323502946962505413769458013447687617680444389234378746545832336887539779447743436989980457815779311141/2500000000000000000000000000000000000000000000000000000000000000000000000000000000000000000000000000000000000000000000000000000000000000000000000000000000000000000000000000000000000000000000000000000000000000000000000000000000000000000000000000000000000000000000000000000000000000000000000000000000000000000000 -5295998050154469610972573160413735996483274240942037476190898844569416063564925806286375866081407238844453180897871906220494764319653018861456561839680036218881999544873501013841607308722925589245489861599457558919041386672036386406799273843568786710839365918193491259626677783175450674392330782841733522089101/10000000000000000000000000000000000000000000000000000000000000000000000000000000000000000000000000000000000000000000000000000000000000000000000000000000000000000000000000000000000000000000000000000000000000000000000000000000000000000000000000000000000000000000000000000000000000000000000000000000000000000000000

0
-4974149646351463048897407993103397756996260917324381792128223945351245796532153512545942547590413892619322379682589712232986189066150904549630424848633678034824607550467046857795455099456672357983733532263102430562119565566115069573111003391282338677492188957049636443172555153030853228230823945336577158437819/10000000000000000000000000000000000000000000000000000000000000000000000000000000000000000000000000000000000000000000000000000000000000000000000000000000000000000000000000000000000000000000000000000000000000000000000000000000000000000000000000000000000000000000000000000000000000000000000000000000000000000000000 4633609722480037725320060767765841571996102870662101661440637951165102272102277548815947822474713874299531073894446764663194659942431333388001526513869241423399613436308863575238027211591375206524304765204218132926375185237781928895585688919862405118340373867935044692637377488625355527406902680987140362497137/50000000000000000000000000000000000000000000000000000000000000000000000000000000000000000000000000000000000000000000000000000000000000000000000000000000000000000000000000000000000000000000000000000000000000000000000000000000000000000000000000000000000000000000000000000000000000000000000000000000000000000000000
5 5
1 0
0 0
0 0
0 0
0 0
0 0
1 0
0 0
0 0
0 0
0 0
0 0
1 0
0 0
0 0
0 0
0 0
0 0
1 0
0 0
0 0
0 0
0 0
0 0
1 0

5 0

4 0

