40

3.706431273211016e-56
4.684909096286733e-60
7.911426234820096e3

2.983227988052442e-60
3.509038005351604e-63
8.501555080061106e2

4.814806060561201e-60
5.663441588296566e-63
8.501555080061106e2

6.191505505593008e-60
6.932999277486681e-63
8.930486298618978e2

1.929266034026595e-56
3.654108739259738e-61
5.279717084766975e4

2.097482651899816e-60
2.348676860099067e-63
8.930486298618978e2

5.418935739042810e-52
5.707466358507371e-56
9.494468120632045e3

2.817052387414498e-55
1.820507842013194e-61
1.547399204992868e6

7.597122129497217e-60
8.506952337715413e-63
8.930486298618978e2

8.945084826631400e-57
4.108332645982978e-60
2.177302958994246e3

7.872234599869110e-55
5.087397340303915e-61
1.547399204992868e6

4.612563791788948e-59
5.425553029241556e-62
8.501555080061106e2

3.173820376362911e-58
1.415600104758298e-61
2.242031747309608e3

3.730026996611663e-54
1.026784107480193e-57
3.632727629341123e3

4.292594822498018e-56
1.760579330258286e-59
2.438171770350315e3

3.130542724238524e-58
1.396297232630675e-61
2.242031747309608e3

2.608171153131360e-60
1.930622293734543e-63
1.350948428180732e3

6.400656555424345e-58
4.737898517742718e-61
1.350948428180732e3

3.719959638392959e-38
1.779234247616616e-44
2.090764407989591e6

8.684702606849983e-60
6.428596699686992e-63
1.350948428180732e3

5.129730536890606e-58
2.356002188717074e-61
2.177302958994246e3

2.259292813403484e-56
9.266339807875266e-60
2.438171770350315e3

1.132757793458784e-57
5.202573159511225e-61
2.177302958994246e3

1.422125259691428e-56
2.693563380118492e-61
5.279717084766975e4

8.414245570784664e-57
2.668480053709773e-60
3.153197850996494e3

7.921780297112415e-56
3.249065711221083e-59
2.438171770350315e3

3.133748510014380e-54
8.626433990545987e-58
3.632727629341123e3

2.163590521489704e-47
3.397388421520082e-52
6.368393168661167e4

2.335622181359083e-60
2.615335943934282e-63
8.930486298618978e2

6.933045001847889e-40
3.316033588171932e-46
2.090764407989591e6

2.099095976206941e-59
2.469072959522428e-62
8.501555080061106e2

4.712651832032755e-53
4.963576444889927e-57
9.494468120632045e3

1.291822278876426e-58
5.761837585157240e-62
2.242031747309608e3

1.020202924775015e-55
3.235454839767203e-59
3.153197850996494e3

1.577739143626826e-54
7.037095462720724e-58
2.242031747309608e3

1.916306813982017e-59
1.418489983783193e-62
1.350948428180732e3

3.414842237000393e-55
1.400574921966942e-58
2.438171770350315e3

1.255692503265723e-56
5.767192379354320e-60
2.177302958994246e3

1.007793448785453e-46
1.582492509640893e-51
6.368393168661167e4

7.421274860534861e-59
9.380451312143998e-63
7.911426234820096e3

