4 4

13
1 1 0 0 1 0
1 0 3 0 -8552887117500077/1000000000000000 0
1 0 2 0 -1969319266305941/1000000000000000 0
1 0 1 0 -1967903379571837/1000000000000000 0
1 0 0 0 -1551702702544197/1000000000000000 0
0 1 3 0 -8552887117500077/1000000000000000 0
0 1 2 0 -1969319266305941/1000000000000000 0
0 1 1 0 -1967903379571837/1000000000000000 0
0 1 0 0 -1551702702544197/1000000000000000 0
0 0 3 0 6263547497355103/1000000000000000 0
0 0 2 0 386527674779333/25000000000000 0
0 0 1 0 2841161364870871/500000000000000 0
0 0 0 0 3822750531103039/10000000000000000 0

18
1 0 2 0 -8552887117500077/1000000000000000 0
1 0 1 1 -8552887117500077/1000000000000000 0
1 0 1 0 -1969319266305941/1000000000000000 0
1 0 0 2 -8552887117500077/1000000000000000 0
1 0 0 1 -1969319266305941/1000000000000000 0
1 0 0 0 -1967903379571837/1000000000000000 0
0 1 2 0 -8552887117500077/1000000000000000 0
0 1 1 1 -8552887117500077/1000000000000000 0
0 1 1 0 -1969319266305941/1000000000000000 0
0 1 0 2 -8552887117500077/1000000000000000 0
0 1 0 1 -1969319266305941/1000000000000000 0
0 1 0 0 -1967903379571837/1000000000000000 0
0 0 2 0 6263547497355103/1000000000000000 0
0 0 1 1 6263547497355103/1000000000000000 0
0 0 1 0 386527674779333/25000000000000 0
0 0 0 2 6263547497355103/1000000000000000 0
0 0 0 1 386527674779333/25000000000000 0
0 0 0 0 2841161364870871/500000000000000 0

18
2 1 0 0 1 0
2 0 3 0 -8552887117500077/1000000000000000 0
2 0 2 0 -1969319266305941/1000000000000000 0
2 0 1 0 -1967903379571837/1000000000000000 0
2 0 0 0 -1551702702544197/1000000000000000 0
1 2 0 0 1 0
1 1 3 0 -8552887117500077/1000000000000000 0
1 1 2 0 -1969319266305941/1000000000000000 0
1 1 1 0 -1967903379571837/1000000000000000 0
1 1 0 0 -1551702702544197/1000000000000000 0
0 2 3 0 -8552887117500077/1000000000000000 0
0 2 2 0 -1969319266305941/1000000000000000 0
0 2 1 0 -1967903379571837/1000000000000000 0
0 2 0 0 -1551702702544197/1000000000000000 0
0 0 3 0 1039215455736531/100000000000000 0
0 0 2 0 4090981159976783/1000000000000000 0
0 0 1 0 263081740312507/100000000000000 0
0 0 0 0 1241944069335123/1000000000000000 0

24
2 0 2 0 -8552887117500077/1000000000000000 0
2 0 1 1 -8552887117500077/1000000000000000 0
2 0 1 0 -1969319266305941/1000000000000000 0
2 0 0 2 -8552887117500077/1000000000000000 0
2 0 0 1 -1969319266305941/1000000000000000 0
2 0 0 0 -1967903379571837/1000000000000000 0
1 1 2 0 -8552887117500077/1000000000000000 0
1 1 1 1 -8552887117500077/1000000000000000 0
1 1 1 0 -1969319266305941/1000000000000000 0
1 1 0 2 -8552887117500077/1000000000000000 0
1 1 0 1 -1969319266305941/1000000000000000 0
1 1 0 0 -1967903379571837/1000000000000000 0
0 2 2 0 -8552887117500077/1000000000000000 0
0 2 1 1 -8552887117500077/1000000000000000 0
0 2 1 0 -1969319266305941/1000000000000000 0
0 2 0 2 -8552887117500077/1000000000000000 0
0 2 0 1 -1969319266305941/1000000000000000 0
0 2 0 0 -1967903379571837/1000000000000000 0
0 0 2 0 1039215455736531/100000000000000 0
0 0 1 1 1039215455736531/100000000000000 0
0 0 1 0 4090981159976783/1000000000000000 0
0 0 0 2 1039215455736531/100000000000000 0
0 0 0 1 4090981159976783/1000000000000000 0
0 0 0 0 263081740312507/100000000000000 0

