5
0
2
52
-9.067085417722216e-01 2.461220844549986e+00
-7.171488266752822e-01 1.946669254276396e+00
-4.018694869665262e-01 1.090857218767769e+00
-1.863901738498949e-01 5.059480086092552e-01
3.745618258907042e-01 -1.016731762174679e+00
6.070879795542460e-14
9.612497009187787e+02
6.857128667445817e-15
9.765625000000001e-05
7.120823694970970e-14
0.000000000000000e+00
1
1
5
52
-1.878936809635670e-01 1.972188325841620e-01
-1.701489582313583e-01 8.895138530160400e-02
-8.061195986533985e-02 1.742547814579521e-01
-4.022382042379384e-02 4.222012611267007e-02
-5.036388319419484e-01 5.286343956341019e-01
1.163605130253746e-15
4.855787134268348e+03
4.230590313183960e-16
9.765625000000001e-05
8.502906802423296e-12
0.000000000000000e+00
1
1
15
52
-8.017512755761415e-01 3.777416319482625e-01
-6.341343001368601e-01 2.987696218330727e-01
-3.553505442452127e-01 1.674218658404137e-01
3.312039181885659e-01 -1.560452878285769e-01
-1.648143287002949e-01 7.765155527438170e-02
7.550332863779066e-16
8.272202763590612e+01
4.701637832608616e-16
9.765625000000001e-05
3.306940425306205e-12
0.000000000000000e+00
1
1
22
52
2.465310345531488e-01 2.880909032940803e-01
2.066371422394510e-01 2.414717525108885e-01
1.103760208703292e-01 1.289830613503695e-01
7.217442391352672e-01 8.434149078904375e-01
-1.018348384827516e-01 -1.190020179750572e-01
2.620013976067813e-15
6.471087267714521e+03
5.095083547918368e-14
3.814697265625000e-07
1.134691595455341e-13
0.000000000000000e+00
1
1
23
52
1.243176605766412e-01 3.634768040763225e-01
1.654654275618176e-01 2.143261498593134e-01
4.476065645249746e-04 2.707661461115438e-01
3.332267537763273e-01 9.742798805377958e-01
2.661362121864277e-02 7.781222668267997e-02
4.577566798522237e-16
4.224703345091773e+03
1.011418572617897e-13
3.814697265625000e-07
2.572826583020800e-14
0.000000000000000e+00
1
1
26
52
6.031213969114765e-01 -5.236237336124506e-01
4.512371937279930e-01 -3.917594456681789e-01
-6.879623276162596e-01 5.972817486095776e-01
-1.365237477881348e-02 1.185285000825006e-02
-3.547439864472846e-01 3.079850451522883e-01
7.550332863779066e-16
9.049412628858803e+01
9.330828536160657e-16
9.765625000000001e-05
7.419600044972991e-12
0.000000000000000e+00
1
1
30
52
2.894901480351055e-01 -4.308752241396817e-01
2.538146329420018e-01 -3.777760231258512e-01
-3.325302935329578e-01 4.949358924016730e-01
-1.760264777296456e-01 2.619966467290010e-01
-3.718792839993482e-01 5.535026698963605e-01
6.661338147750939e-16
4.102448072594266e+02
4.428441115061752e-16
9.765625000000001e-05
9.993962256469955e-14
0.000000000000000e+00
1
1
33
52
4.746666893758528e-02 -6.795690064806497e-01
4.161708173886369e-02 -5.958218582199593e-01
-5.452380836439683e-02 7.806043927046086e-01
-6.097572224185937e-02 8.729749087265242e-01
-2.886243486817752e-02 4.132166134044650e-01
9.155133597044475e-16
4.363472029754009e+02
5.811138365278380e-15
6.103515625000000e-06
1.317013761782389e-14
0.000000000000000e+00
1
1
34
52
2.558535644845208e-01 -1.363967843903384e+00
1.914219011869099e-01 -1.020479501092087e+00
-2.918444191385948e-01 1.555836847259510e+00
-1.504879678896689e-01 8.022587041514200e-01
-5.791551698754357e-03 3.087504486920242e-02
5.790214889958144e-15
9.169264974996946e+01
4.344005178216334e-15
2.441406250000000e-05
1.005530072121937e-13
0.000000000000000e+00
1
1
40
52
4.221006405705033e-01 -4.211117298657918e-01
2.849700657486893e-01 -2.843024288833200e-01
-4.929580138755442e-01 4.918030962799776e-01
-2.676601304660646e-02 2.670330478634724e-02
-3.865039385971722e-01 3.855984249694863e-01
2.276721302528256e-16
2.763332020068635e+02
1.243805243091043e-15
2.441406250000000e-05
2.142757849217889e-12
0.000000000000000e+00
1
1
55
52
-3.605890604861391e-02 -9.839925692920909e-01
-2.434421519382361e-02 -6.643165165264729e-01
4.211205812013101e-02 1.149173860458765e+00
3.301797692241715e-02 9.010102497539818e-01
2.286547465171263e-03 6.239639416760465e-02
9.155133597044475e-16
3.230588917081296e+02
4.984355170563948e-15
6.103515625000000e-06
7.978281310160705e-14
0.000000000000000e+00
1
1
61
52
1.768507136878089e-01 3.789223889669811e-01
3.199650092059766e-02 2.929978594020469e-01
2.040265899198523e-01 2.127079507000957e-01
4.740387564555840e-01 1.015680934011762e+00
3.785976895400410e-02 8.111877978119990e-02
6.661338147750939e-16
3.154847067178261e+03
8.752825622441266e-14
3.814697265625000e-07
3.283118054047736e-14
0.000000000000000e+00
1
1
63
52
2.613964122668022e-01 3.327147464553744e-01
1.170314962904321e-01 1.489618938450745e-01
2.190969900417056e-01 2.788745218754272e-01
7.652641178671802e-01 9.740556679396480e-01
-1.079752959760631e-01 -1.374348366627599e-01
1.372845954861919e-15
5.441216136868319e+03
5.805532897333188e-14
3.814697265625000e-07
7.197589654371851e-14
0.000000000000000e+00
1
1
73
52
-7.426768259747893e-01 2.092610158389580e-01
-3.291676887184267e-01 9.274823518583512e-02
-5.874101652397822e-01 1.655121630203933e-01
3.068002287042669e-01 -8.644584733610482e-02
-1.526705179562588e-01 4.301734827157661e-02
7.021666937153402e-16
1.001340153440837e+02
2.936659409049790e-16
9.765625000000001e-05
3.306626407924514e-12
0.000000000000000e+00
1
1
107
52
5.285837700784538e-02 -3.828995274970737e-01
2.851641501421248e-01 2.367018776295962e-01
-3.386287073924389e-01 1.505887443648532e-01
1.635276037738455e-01 8.898675408020490e-02
-1.815207874846243e-01 4.135363718838498e-02
1.717288626685379e-16
8.858875997127957e+01
2.269329341584643e-16
3.906250000000000e-04
4.414811643668283e-12
0.000000000000000e+00
1
1
119
52
-2.907183140807017e-02 -5.231553328806050e-01
3.357881358458324e-02 6.042596750097403e-01
-1.465767523472621e-02 -2.637687615562677e-01
5.684610725198708e-03 1.022960808521086e-01
2.202713113682936e-02 3.963840791638009e-01
1.590566432107466e-15
4.092584937905620e+02
6.366532442495640e-16
2.441406250000000e-05
9.205826735721069e-12
0.000000000000000e+00
1
1
121
52
-1.190941167794646e-01 -6.338899589248266e-01
1.358470553433687e-01 7.230590952794642e-01
-8.910261735079594e-02 -4.742573015355561e-01
2.695837893582112e-03 1.434885801114833e-02
7.004878614009367e-02 3.728414414567749e-01
7.587229140979892e-16
1.082335146698192e+02
8.255008247864801e-16
9.765625000000001e-05
8.725884419490895e-12
0.000000000000000e+00
1
1
130
52
-4.403413356092852e-02 -4.204043714669092e-01
5.058093844599285e-02 4.829082785555702e-01
-3.860755719165564e-02 -3.685955530968424e-01
2.677525809847967e-02 2.556297726667077e-01
5.656628445325898e-02 5.400518038781454e-01
3.376611507232130e-16
6.637159328881654e+02
2.982665854816840e-16
9.765625000000001e-05
2.869704607235825e-13
0.000000000000000e+00
1
1
132
52
-2.798186522059321e-01 -3.841136748048487e-01
3.267913710112650e-01 4.485942356740100e-01
-1.889121504508016e-01 -2.593241721125180e-01
2.562209122079769e-01 3.517204995956672e-01
1.774370606380652e-02 2.435720452191259e-02
2.897767167584095e-16
5.182677897141973e+02
3.038955699732745e-15
6.103515625000000e-06
5.222558024287462e-14
0.000000000000000e+00
1
1
133
52
-3.435026856267183e-01 -4.411414453364325e-01
3.918231194521506e-01 5.031966982033598e-01
-2.569983235447709e-01 -3.300486914410375e-01
2.020414342428909e-01 2.594706069244838e-01
7.775594475208098e-03 9.985764678622345e-03
1.755416734288351e-16
1.561491021836985e+02
6.413861268700121e-16
2.441406250000000e-05
3.309973129624923e-14
0.000000000000000e+00
1
1
134
52
-1.902399514210931e-01 -3.463162586141119e-01
2.185240061436579e-01 3.978050649178614e-01
-1.667956017452905e-01 -3.036377391721415e-01
2.443823992033289e-01 4.448781527277774e-01
1.156767123144138e-01 2.105799855301417e-01
1.476044799316085e-16
8.209705462826604e+02
2.617106006291407e-15
6.103515625000000e-06
4.111199483355482e-15
0.000000000000000e+00
1
1
141
52
3.169493710657359e-01 -5.206339753696289e-01
1.456820769734049e-01 -2.393033266471989e-01
-3.648245736597273e-01 5.992757375044604e-01
-1.112601798200382e-01 1.827605132178413e-01
-2.333338262792940e-01 3.832836681628865e-01
4.579669976578771e-16
2.622473017610648e+02
2.785658126356091e-16
6.103515625000000e-06
1.397514593127459e-14
0.000000000000000e+00
1
1
142
52
-1.090733894495659e-01 -6.481059855850918e-01
-4.727621188996921e-01 4.166165647249843e-01
5.830863627531609e-01 2.389219049000383e-01
3.105835589608901e-01 6.116329065769421e-02
-2.734545806339154e-01 1.594543431557125e-01
2.020636405220133e-16
7.047741832527404e+01
4.192575440921869e-16
9.765625000000001e-05
1.668590321524186e-14
0.000000000000000e+00
1
1
162
52
4.877589550393386e-01 -7.985850877438258e-01
2.060157844197688e-01 -3.373000773798299e-01
-5.449278311839432e-01 8.921850339887342e-01
-2.330124209622500e-01 1.983456128107808e-01
-7.006566334706096e-02 2.978700610395559e-01
1.159106867033638e-15
1.134221931032200e+02
1.215970476236868e-15
6.103515625000000e-06
6.497413668604471e-15
0.000000000000000e+00
1
1
163
52
-4.138898617326879e-03 -5.345980640267398e-01
4.833689044565521e-03 6.243402035783328e-01
-2.794267759255462e-03 -3.609197210620587e-01
2.624535566681730e-04 3.389963762454907e-02
3.789855933147848e-03 4.895141998208984e-01
2.298230378461218e-16
3.249610056914421e+02
1.456862396030605e-15
2.441406250000000e-05
3.965132876142228e-12
0.000000000000000e+00
1
1
167
52
3.003957063560003e-01 -7.010426137646532e-01
1.268787716593961e-01 -2.961008557490486e-01
-3.356042550737827e-01 7.832098768037682e-01
-2.180634069098466e-02 2.484499431740930e-01
-1.648501097472774e-01 1.871559031231768e-01
3.290674871864012e-16
2.122720995722069e+02
1.988917553039251e-15
6.103515625000000e-06
6.816805534718973e-15
0.000000000000000e+00
1
1
170
52
-4.878646311856989e-02 -4.949860814902869e-01
5.615565838717763e-02 5.697537292469961e-01
-2.242412802840236e-02 -2.275145717499348e-01
1.712573412310054e-02 1.737572163334671e-01
3.591593216232817e-02 3.644020367062621e-01
5.558049685633556e-16
3.556080308001300e+02
7.763427812024781e-16
6.103515625000000e-06
2.460835947640341e-15
0.000000000000000e+00
1
1
171
52
-1.434161962062774e-01 -5.230599301201688e-01
1.602256113350794e-01 5.843663357787460e-01
-6.057500299005809e-02 -2.209259321411431e-01
9.792086434703633e-02 1.478748696614374e-01
-8.806547621429284e-03 1.771381310470726e-01
6.112531465858672e-16
3.157339635570963e+02
9.010610694513972e-16
2.441406250000000e-05
2.372280583457210e-12
0.000000000000000e+00
1
1
174
52
-1.759566797001469e-01 -4.510696190211302e-01
2.025349362213231e-01 5.192036851087777e-01
-8.087643294532686e-02 -2.073288826465971e-01
1.295369200316861e-01 3.320713329407889e-01
6.176687386426288e-02 1.583410206964533e-01
2.989366980140908e-16
3.956501637561191e+02
3.432391170586995e-15
6.103515625000000e-06
8.917756114478293e-14
0.000000000000000e+00
1
1
177
52
2.817695898837317e-01 -6.701422082024930e-01
4.033737065480283e-01 5.684332560095929e-01
-6.883746320872364e-01 1.093941477901185e-01
-3.499056935369978e-01 -1.289835239128925e-02
2.539903007103080e-01 2.410171965007982e-01
8.491573300505515e-16
3.480995096989290e+01
2.570846686204923e-16
3.906250000000000e-04
5.452489212982320e-12
0.000000000000000e+00
1
1
180
52
-1.685864157884493e-01 1.843615944584999e-01
-7.064690557310649e-02 1.612924825090795e-01
-1.543467407536182e-01 8.475455031875039e-02
-3.609056823938914e-02 3.946767996940211e-02
-4.518867536872507e-01 4.941712654298266e-01
8.886119947416683e-16
5.664618549999916e+03
1.641142435356561e-16
9.765625000000001e-05
8.547999642068709e-12
0.000000000000000e+00
1
1
188
52
-1.906069323600203e-01 1.440161710410421e-01
-8.533787554305845e-02 6.447842126368585e-02
-1.597627327743701e-01 1.207113338656512e-01
7.873420969395604e-02 -5.948891401624803e-02
-5.580208415522349e-01 4.216217320451939e-01
2.220446049250313e-16
6.464497218826818e+03
1.814443393934855e-16
9.765625000000001e-05
9.017350396742578e-14
0.000000000000000e+00
1
1
213
52
1.624856459495858e-01 -7.181176280537118e-01
7.468462960095787e-02 -3.300743813256602e-01
-1.870291028187229e-01 8.265892959853623e-01
-1.196197277735445e-01 5.286684536049481e-01
-5.703807559465815e-02 2.520840983546981e-01
6.280369834735101e-16
2.142733754831064e+02
3.498390875317927e-15
6.103515625000000e-06
5.873840432174846e-13
0.000000000000000e+00
1
1
218
52
-1.984280731983933e+00 1.263706450642991e+00
-8.794688072545697e-01 5.600973627132391e-01
-1.569439939272275e+00 9.995114820130081e-01
-4.079044296622431e-01 2.597774854642897e-01
8.197075243153020e-01 -5.220378696527253e-01
5.123796534383003e-14
5.587958728280889e+02
1.189717277488945e-15
9.765625000000001e-05
6.498324191247042e-14
0.000000000000000e+00
1
1
220
52
3.737054630361533e-01 -4.931617685608871e-01
1.884178961324930e-01 -2.486463594358330e-01
-4.316407144321824e-01 5.696162330162842e-01
-7.307314263839387e-02 9.643123749134482e-02
-2.831489741840666e-01 3.736585698810249e-01
2.775557561562891e-16
3.686178109568438e+02
5.741621284203890e-16
6.103515625000000e-06
1.357119931891537e-14
0.000000000000000e+00
1
1
221
52
-2.254651806127448e-01 -4.426717138651106e-01
2.604188626213666e-01 5.112987465563753e-01
-1.136768904501572e-01 -2.231898681014478e-01
1.708303488155001e-01 3.354032897000574e-01
4.408672318850287e-02 8.655857751300139e-02
1.387778780781446e-16
5.973797331238118e+02
1.087516194707347e-15
6.103515625000000e-06
5.385524105142656e-14
0.000000000000000e+00
1
1
222
52
-1.534744957402587e+00 -4.315853475877444e+00
-2.739369067618938e+00 3.432822882883419e+00
4.291714491079497e+00 9.325248312692356e-01
-1.683390743441556e+00 1.426080774225984e+00
2.205823506816740e+00 4.305144011990151e-02
1.607774677692186e-12
2.744175255480678e+04
4.919551876766250e-15
9.765625000000001e-05
5.873751352360550e-14
0.000000000000000e+00
1
1
228
52
-1.854016393787506e-01 1.603771758419082e-01
-1.553997653771081e-01 1.344247849220053e-01
-8.300737979927444e-02 7.180351366283598e-02
7.658405374720557e-02 -6.624717179231938e-02
-5.427818261923547e-01 4.695202085306929e-01
2.237726045655905e-16
6.526510436186241e+03
1.879701826932279e-16
9.765625000000001e-05
1.009022410586402e-13
0.000000000000000e+00
1
1
235
52
1.192761962407921e-01 -8.331268893140473e-01
6.013765432217393e-02 -4.200527720965536e-01
-1.377674871056084e-01 9.622858675774495e-01
-9.037313058195859e-02 6.312431778703059e-01
-2.332287687329213e-02 1.629069040739059e-01
8.881784197001252e-16
3.693018246644518e+02
3.557890066224803e-15
6.103515625000000e-06
5.254068567127495e-13
0.000000000000000e+00
1
1
238
52
-1.858409126911362e-01 -6.174788674400580e-01
2.076228113328187e-01 6.898518552240431e-01
-7.849402047833721e-02 -2.608058589678467e-01
-5.258679227901634e-03 2.108008724540467e-01
1.207343813606914e-01 1.728810883007735e-01
7.447602459741819e-16
2.210498101643825e+02
1.023468055846266e-15
2.441406250000000e-05
2.375226616946223e-12
0.000000000000000e+00
1
1
-1

2 0
1 5
-2442077019606349715694297407361904132575242412235954600811335811642594580486854289619557102095538706261837253290696648372601074281879412813949242016034952135519460499898286129572458992223854598269722974158448516751894138468847667582353037115829217461836241860226902942615695274524685249337229898591884766808157/10000000000000000000000000000000000000000000000000000000000000000000000000000000000000000000000000000000000000000000000000000000000000000000000000000000000000000000000000000000000000000000000000000000000000000000000000000000000000000000000000000000000000000000000000000000000000000000000000000000000000000000000 4081923289729230897097459986010037582450375232833082312095231291385643685402454756663554596787880885874901698414337444641506630342499905496400568398839134621479571859535333216706898849736987050100937168335768238616212812237895586901923750160531407011328612698881140514335673149520926073066312695851237333129921/10000000000000000000000000000000000000000000000000000000000000000000000000000000000000000000000000000000000000000000000000000000000000000000000000000000000000000000000000000000000000000000000000000000000000000000000000000000000000000000000000000000000000000000000000000000000000000000000000000000000000000000000
-1031853320848457763663643209694187473583634089472414379896774619227550208738300547531095544596919309929828559279462767403816153811091267269141332324266264294857256944916718310152958945179246097158532991471222763419127683595052191747931940181424033617313894916840079773483747333412251003254253520231244929134259/25000000000000000000000000000000000000000000000000000000000000000000000000000000000000000000000000000000000000000000000000000000000000000000000000000000000000000000000000000000000000000000000000000000000000000000000000000000000000000000000000000000000000000000000000000000000000000000000000000000000000000000000 -9197521355337891005801271478455357487479798149791194455912116869436070177193493409511253305475275235440329519305446234898492035717239760886946901310156287849871149855731247352177205381146407692752119830397861978326423056320006830293560068702985419649471658302738838980431093743507974903415766838357024570196573/10000000000000000000000000000000000000000000000000000000000000000000000000000000000000000000000000000000000000000000000000000000000000000000000000000000000000000000000000000000000000000000000000000000000000000000000000000000000000000000000000000000000000000000000000000000000000000000000000000000000000000000000
-6933720802330617348177157121477683975803367152589955118348667880689348710945733712247747660081113893411338233305495701993807740643899820131327557243085462825693953192123576008325626604684358499685306728141980490856803991016201619379868131552669896678388406569939082447220829973524994474789797886836703535663051/10000000000000000000000000000000000000000000000000000000000000000000000000000000000000000000000000000000000000000000000000000000000000000000000000000000000000000000000000000000000000000000000000000000000000000000000000000000000000000000000000000000000000000000000000000000000000000000000000000000000000000000000 -5475835423978441162427463565881340227999001945203762663785860457748682813186767674768135523311297885521551379308579296762968588255833595720588485077118300987773625994805415242742440977764478888160343159619823566174106655428202887355277535236467758465011835991599902542141874087055235334638784016474909364983117/10000000000000000000000000000000000000000000000000000000000000000000000000000000000000000000000000000000000000000000000000000000000000000000000000000000000000000000000000000000000000000000000000000000000000000000000000000000000000000000000000000000000000000000000000000000000000000000000000000000000000000000000
6802266924746356957965806050087441415453586906868455346234068655022341034461177274004102389375530280788441311253035230024501124125387140241888000014146455494790430672529741415882377338411934974832746328010475783330245839353594218059689986599550478696743334359546476820104437136877525750337364573096936812879679/10000000000000000000000000000000000000000000000000000000000000000000000000000000000000000000000000000000000000000000000000000000000000000000000000000000000000000000000000000000000000000000000000000000000000000000000000000000000000000000000000000000000000000000000000000000000000000000000000000000000000000000000 -5878290318782999910351720764289659141989753441219858779372435791258692800774312858386746823877859718046674606826880877108046966187292450907744696080925891055442896573926089138485644690417595996963556825558570654532241826094747135921887962175699419595608449378156549103225540142803272759576856852664662800317649/10000000000000000000000000000000000000000000000000000000000000000000000000000000000000000000000000000000000000000000000000000000000000000000000000000000000000000000000000000000000000000000000000000000000000000000000000000000000000000000000000000000000000000000000000000000000000000000000000000000000000000000000
-3782866247232468253857409066222639192775520048146176143432453220538436114330869637438248163578208943470932146141197770176932557762232564040402493990606541199242564472776301521230113534748038691152766822533123838998006019165081419927439341825729975522420859733269875544984426779621090106649685995258853263288141/5000000000000000000000000000000000000000000000000000000000000000000000000000000000000000000000000000000000000000000000000000000000000000000000000000000000000000000000000000000000000000000000000000000000000000000000000000000000000000000000000000000000000000000000000000000000000000000000000000000000000000000000 -7868811729127749967018678780301265346007022058060972713973690670783991526574582860122804293414116890898256754924031418528402347416665266538509367935068823325203669860290377384616618407592879358951430505488702966835083995232726201609522286204527149508439805675729654248312764628361751997380365128406370142833851/10000000000000000000000000000000000000000000000000000000000000000000000000000000000000000000000000000000000000000000000000000000000000000000000000000000000000000000000000000000000000000000000000000000000000000000000000000000000000000000000000000000000000000000000000000000000000000000000000000000000000000000000

0
-2121108767951107722596150287255279652231045101198733203315793208605755761971027714196778260462336294519522363411349372226721292002428578496890423120437992006966633066878284589234432589357660596470407275056469528030061385937646594093575675412405499162134082226861303432445195140829544106276982184441669286872861/2500000000000000000000000000000000000000000000000000000000000000000000000000000000000000000000000000000000000000000000000000000000000000000000000000000000000000000000000000000000000000000000000000000000000000000000000000000000000000000000000000000000000000000000000000000000000000000000000000000000000000000000 -3914754166844415360467000833258490321817524363812554221940462764831389862045686627150507325693133849811048821208438652885068727030032908655722083745584920741780372747088141398196375118269054244563721411313716221351762725515744173546100367951149702745046346545134821429631047568920697900746780368176988855498253/5000000000000000000000000000000000000000000000000000000000000000000000000000000000000000000000000000000000000000000000000000000000000000000000000000000000000000000000000000000000000000000000000000000000000000000000000000000000000000000000000000000000000000000000000000000000000000000000000000000000000000000000
5 5
1 0
0 0
0 0
0 0
0 0
0 0
1 0
0 0
0 0
0 0
0 0
0 0
1 0
0 0
0 0
0 0
0 0
0 0
1 0
0 0
0 0
0 0
0 0
0 0
1 0

5 0

4 0

