28                                               

7.909364405827339e-01 8.478999027149952e-17
4.432179343772879e-01 -2.792568720118468e-16
2.055679033149760e-01 -1.377833780748965e-17
-4.131005815370380e-01 9.380338122325308e-17

7.909364405827345e-01 -7.969147590584308e-16
4.432179343772870e-01 7.443720408480403e-16
-4.131005815370378e-01 -3.870864212298268e-17
2.055679033149760e-01 -4.053870471055275e-17

8.381790252654933e-01 3.161295735218880e-15
4.477165362583691e-01 -3.799880835073409e-15
2.927599928518004e+00 2.912346446304717e-15
-4.130710710208719e-01 -4.049863260810426e-15

7.481697648910055e-01 -2.082064338548270e-15
-1.140669741016062e+00 -1.298506345624753e-16
-2.263619703881385e-02 -1.236075782636896e-15
-5.881800716470897e-01 8.079433975560126e-16

8.767643205295629e-01 -2.342490153301110e-17
-1.148675683058592e+00 -9.128118333654775e-17
-6.080568852667811e-01 -5.492299434920756e-17
-1.284600828468442e+00 -2.763100905963972e-17

8.767643205295663e-01 -1.968486180233672e-16
-1.148675683058592e+00 -5.923312836575726e-17
-1.284600828468450e+00 4.783492180524264e-16
-6.080568852667815e-01 1.035521461672166e-16

7.481697648910060e-01 1.243333576038759e-16
-1.140669741016063e+00 -5.938376493127603e-17
-5.881800716470906e-01 2.827113498852085e-17
-2.263619703881336e-02 -4.180746302090041e-18

6.751235093212120e-01 -9.986700744107001e-16
-1.167868433483710e+00 6.020322456111018e-17
-6.341144853613520e-02 -6.816516087447686e-16
-9.156677376153259e-01 1.034027535465347e-15

6.751235093212127e-01 5.228048782971108e-16
-1.167868433483710e+00 1.756728691021433e-17
-9.156677376153272e-01 -7.948578122674460e-16
-6.341144853613499e-02 2.594382375292945e-16

4.477165362583188e-01 3.641261073845271e-14
8.381790252655336e-01 -2.928056886269271e-14
2.927599928518059e+00 -3.887152597908399e-14
-4.130710710208754e-01 2.402418374096309e-15

4.432179343772877e-01 9.920270632093607e-16
7.909364405827339e-01 -1.000442162652622e-15
-4.131005815370378e-01 -1.475267394884550e-17
2.055679033149761e-01 -2.260802285808504e-17

-1.155029179732447e+00 -5.882482824788412e-17
5.041882304895957e-01 1.043311067484078e-15
-1.955367257537918e-01 -3.019479245143936e-15
-7.576795155297862e-01 -1.668915221360823e-15

-1.140669741016062e+00 1.978000980746683e-16
7.481697648910053e-01 -3.123622490760899e-15
-2.263619703881398e-02 -2.161761953482620e-15
-5.881800716470895e-01 2.104748099617679e-15

-1.148675683058593e+00 -3.474513961307252e-17
8.767643205295625e-01 -3.414462751654034e-16
-6.080568852667814e-01 6.466995817681254e-17
-1.284600828468440e+00 5.825652575488129e-16

-1.167868433483710e+00 -1.683698819692019e-16
6.751235093212163e-01 4.683754189294075e-16
-9.156677376153317e-01 -7.042795666884498e-16
-6.341144853613295e-02 -7.011372508185622e-17

-1.140669741016062e+00 1.336840778234695e-17
7.481697648910062e-01 3.314476588867807e-16
-5.881800716470901e-01 -2.939270446064765e-16
-2.263619703881344e-02 2.571738835484594e-16

-1.148675683058593e+00 4.802338632025803e-16
8.767643205295597e-01 1.843626446006029e-15
-1.284600828468433e+00 -5.255794574864123e-15
-6.080568852667807e-01 6.569181023615881e-16

4.596383216775343e-01 6.674970876128534e-17
-1.151050000298193e+00 -1.803393208903325e-16
-3.510345499217356e-01 -9.020544315997294e-16
-7.361864309580851e-01 -3.236739309888479e-16

-1.167868433483710e+00 1.590879618157468e-16
6.751235093212123e-01 -1.919795372310167e-15
-6.341144853613510e-02 -1.367498625058109e-15
-9.156677376153268e-01 1.761081112984994e-15

-1.151050000298193e+00 -5.164790596065312e-17
4.596383216775345e-01 8.617231633505536e-17
-3.510345499217370e-01 -1.278242538706042e-16
-7.361864309580849e-01 -8.013069287392330e-17

-1.151050000298193e+00 -2.770088238479315e-17
4.596383216775342e-01 2.540703560557209e-16
-7.361864309580849e-01 1.152849696625952e-16
-3.510345499217388e-01 -3.850365925003231e-15

4.477165362583528e-01 1.227923775728613e-16
8.381790252655065e-01 -3.240920637829156e-16
-4.130710710208697e-01 4.496684429555249e-17
2.927599928518021e+00 5.777318639470041e-16

4.596383216775347e-01 1.877301196431353e-16
-1.151050000298193e+00 -1.905135387014733e-16
-7.361864309580854e-01 2.433523066434121e-16
-3.510345499217352e-01 -4.022169879400454e-15

4.432179343772868e-01 8.712250518100838e-17
7.909364405827345e-01 9.915819963298941e-17
2.055679033149760e-01 9.062951048786764e-17
-4.131005815370378e-01 -1.472241936309145e-16

5.041882304895953e-01 -4.050036546318607e-18
-1.155029179732447e+00 -9.040809101357472e-17
-1.955367257537912e-01 -2.583561538710645e-17
-7.576795155297851e-01 1.417470869820774e-17

-1.155029179732447e+00 -1.078400672331927e-16
5.041882304895979e-01 3.851309316546889e-16
-7.576795155297866e-01 -3.714851983226359e-16
-1.955367257537882e-01 6.148211542401272e-16

8.381790252655064e-01 7.473000879024831e-17
4.477165362583531e-01 -2.003672548668387e-16
-4.130710710208698e-01 1.241734002424489e-17
2.927599928518024e+00 3.878063606075607e-16

5.041882304895989e-01 -1.416890471654692e-15
-1.155029179732447e+00 1.221796516693015e-16
-7.576795155297872e-01 6.742674111979730e-16
-1.955367257537865e-01 -1.852393385387764e-15

