7.9093644058273438e-01 -1.1351974933342426e-60
4.4321793437728702e-01 1.0967468071108562e-60
2.0556790331497599e-01 -1.3382417198313508e-62
-4.1310058153703777e-01 7.2787230600535576e-63
4.4321793437728702e-01 1.0967468071108562e-60
7.9093644058273438e-01 -1.1351974933342426e-60
2.0556790331497599e-01 -1.3382417198313508e-62
-4.1310058153703777e-01 7.2787230600535576e-63
7.9093644058273438e-01 -1.1351974933342426e-60
4.4321793437728702e-01 1.0967468071108562e-60
-4.1310058153703777e-01 7.2787230600535576e-63
2.0556790331497599e-01 -1.3382417198313508e-62
4.4321793437728702e-01 1.0967468071108562e-60
7.9093644058273438e-01 -1.1351974933342426e-60
-4.1310058153703777e-01 7.2787230600535576e-63
2.0556790331497599e-01 -1.3382417198313508e-62
6.6729470839767402e-01 2.2699910853545807e-01
6.6729470839767402e-01 -2.2699910853545807e-01
2.1407755821013122e-01 -2.0211175553181859e-60
2.6804458210577340e+00 1.5749921801646614e-58
6.6729470839767402e-01 -2.2699910853545807e-01
6.6729470839767402e-01 2.2699910853545807e-01
2.1407755821013122e-01 -2.0211175553181859e-60
2.6804458210577340e+00 1.5749921801646614e-58
6.6729470839767402e-01 2.2699910853545807e-01
6.6729470839767402e-01 -2.2699910853545807e-01
2.6804458210577340e+00 1.5749921801646614e-58
2.1407755821013122e-01 -2.0211175553181859e-60
6.6729470839767402e-01 -2.2699910853545807e-01
6.6729470839767402e-01 2.2699910853545807e-01
2.6804458210577340e+00 1.5749921801646614e-58
2.1407755821013122e-01 -2.0211175553181859e-60
8.3817902526550647e-01 1.7769493488081267e-54
4.4771653625835267e-01 -2.2931952800282360e-54
2.9275999285180232e+00 2.7591527689818796e-54
-4.1307107102086971e-01 -1.1739143708466254e-55
4.4771653625835267e-01 -2.2931952800282360e-54
8.3817902526550647e-01 1.7769493488081267e-54
2.9275999285180232e+00 2.7591527689818796e-54
-4.1307107102086971e-01 -1.1739143708466254e-55
8.3817902526550647e-01 1.7769493488081267e-54
4.4771653625835267e-01 -2.2931952800282360e-54
-4.1307107102086971e-01 -1.1739143708466254e-55
2.9275999285180232e+00 2.7591527689818796e-54
4.4771653625835267e-01 -2.2931952800282360e-54
8.3817902526550647e-01 1.7769493488081267e-54
-4.1307107102086971e-01 -1.1739143708466254e-55
2.9275999285180232e+00 2.7591527689818796e-54
7.4816976489100606e-01 -8.4055046579009395e-58
-1.1406697410160622e+00 8.0180963613973492e-59
-2.2636197038813491e-02 -6.2688614476394455e-58
-5.8818007164708985e-01 6.5343969493255319e-58
-1.1406697410160622e+00 8.0180963613973492e-59
7.4816976489100606e-01 -8.4055046579009395e-58
-2.2636197038813491e-02 -6.2688614476394455e-58
-5.8818007164708985e-01 6.5343969493255319e-58
7.4816976489100606e-01 -8.4055046579009395e-58
-1.1406697410160622e+00 8.0180963613973492e-59
-5.8818007164708985e-01 6.5343969493255319e-58
-2.2636197038813491e-02 -6.2688614476394455e-58
-1.1406697410160622e+00 8.0180963613973492e-59
7.4816976489100606e-01 -8.4055046579009395e-58
-5.8818007164708985e-01 6.5343969493255319e-58
-2.2636197038813491e-02 -6.2688614476394455e-58
8.7676432052956266e-01 8.8573733783272176e-62
-1.1486756830585922e+00 1.0117037501650019e-62
-6.0805688526678103e-01 -8.7080698502387153e-62
-1.2846008284684414e+00 1.6219681927236380e-61
-1.1486756830585922e+00 1.0117037501650019e-62
8.7676432052956266e-01 8.8573733783272176e-62
-6.0805688526678103e-01 -8.7080698502387153e-62
-1.2846008284684414e+00 1.6219681927236380e-61
8.7676432052956266e-01 8.8573733783272176e-62
-1.1486756830585922e+00 1.0117037501650019e-62
-1.2846008284684414e+00 1.6219681927236380e-61
-6.0805688526678103e-01 -8.7080698502387153e-62
-1.1486756830585922e+00 1.0117037501650019e-62
8.7676432052956266e-01 8.8573733783272176e-62
-1.2846008284684414e+00 1.6219681927236380e-61
-6.0805688526678103e-01 -8.7080698502387153e-62
6.7512350932121312e-01 -1.0540437412963204e-60
-1.1678684334837102e+00 -8.7939627025467639e-60
-6.3411448536134576e-02 -1.4368111277427540e-59
-9.1566773761532760e-01 9.8317067827932093e-60
-1.1678684334837102e+00 -8.7939627025467639e-60
6.7512350932121312e-01 -1.0540437412963204e-60
-6.3411448536134576e-02 -1.4368111277427540e-59
-9.1566773761532760e-01 9.8317067827932093e-60
6.7512350932121312e-01 -1.0540437412963204e-60
-1.1678684334837102e+00 -8.7939627025467639e-60
-9.1566773761532760e-01 9.8317067827932093e-60
-6.3411448536134576e-02 -1.4368111277427540e-59
-1.1678684334837102e+00 -8.7939627025467639e-60
6.7512350932121312e-01 -1.0540437412963204e-60
-9.1566773761532760e-01 9.8317067827932093e-60
-6.3411448536134576e-02 -1.4368111277427540e-59
-5.0573400354667375e-01 8.1456467393960486e-01
-5.0573400354667375e-01 -8.1456467393960486e-01
-1.7020181785101038e-01 4.5057301782790382e-01
-1.7020181785101038e-01 -4.5057301782790382e-01
-5.0573400354667375e-01 -8.1456467393960486e-01
-5.0573400354667375e-01 8.1456467393960486e-01
-1.7020181785101038e-01 4.5057301782790382e-01
-1.7020181785101038e-01 -4.5057301782790382e-01
-5.0573400354667375e-01 8.1456467393960486e-01
-5.0573400354667375e-01 -8.1456467393960486e-01
-1.7020181785101038e-01 -4.5057301782790382e-01
-1.7020181785101038e-01 4.5057301782790382e-01
-5.0573400354667375e-01 -8.1456467393960486e-01
-5.0573400354667375e-01 8.1456467393960486e-01
-1.7020181785101038e-01 -4.5057301782790382e-01
-1.7020181785101038e-01 4.5057301782790382e-01
-1.1550291797324468e+00 6.7218584741152974e-58
5.0418823048959527e-01 -1.2700940986422935e-56
-1.9553672575379130e-01 -4.5279087617083161e-56
-7.5767951552978552e-01 1.0749786308704173e-58
5.0418823048959527e-01 -1.2700940986422935e-56
-1.1550291797324468e+00 6.7218584741152974e-58
-1.9553672575379130e-01 -4.5279087617083161e-56
-7.5767951552978552e-01 1.0749786308704173e-58
-1.1550291797324468e+00 6.7218584741152974e-58
5.0418823048959527e-01 -1.2700940986422935e-56
-7.5767951552978552e-01 1.0749786308704173e-58
-1.9553672575379130e-01 -4.5279087617083161e-56
5.0418823048959527e-01 -1.2700940986422935e-56
-1.1550291797324468e+00 6.7218584741152974e-58
-7.5767951552978552e-01 1.0749786308704173e-58
-1.9553672575379130e-01 -4.5279087617083161e-56
4.5963832167753427e-01 3.0441745418440305e-58
-1.1510500002981925e+00 2.6512797200666271e-59
-3.5103454992173599e-01 2.2249865343797840e-57
-7.3618643095808511e-01 -1.5223893839536755e-58
-1.1510500002981925e+00 2.6512797200666271e-59
4.5963832167753427e-01 3.0441745418440305e-58
-3.5103454992173599e-01 2.2249865343797840e-57
-7.3618643095808511e-01 -1.5223893839536755e-58
4.5963832167753427e-01 3.0441745418440305e-58
-1.1510500002981925e+00 2.6512797200666271e-59
-7.3618643095808511e-01 -1.5223893839536755e-58
-3.5103454992173599e-01 2.2249865343797840e-57
-1.1510500002981925e+00 2.6512797200666271e-59
4.5963832167753427e-01 3.0441745418440305e-58
-7.3618643095808511e-01 -1.5223893839536755e-58
-3.5103454992173599e-01 2.2249865343797840e-57
4.2237212108827965e-01 -2.0578103049734351e-59
-1.1172072302393579e+00 4.5416454884255136e-60
-3.1068428490960953e-01 -1.0202216402233957e-01
-3.1068428490960953e-01 1.0202216402233957e-01
-1.1172072302393579e+00 4.5416454884255136e-60
4.2237212108827965e-01 -2.0578103049734351e-59
-3.1068428490960953e-01 -1.0202216402233957e-01
-3.1068428490960953e-01 1.0202216402233957e-01
4.2237212108827965e-01 -2.0578103049734351e-59
-1.1172072302393579e+00 4.5416454884255136e-60
-3.1068428490960953e-01 1.0202216402233957e-01
-3.1068428490960953e-01 -1.0202216402233957e-01
-1.1172072302393579e+00 4.5416454884255136e-60
4.2237212108827965e-01 -2.0578103049734351e-59
-3.1068428490960953e-01 1.0202216402233957e-01
-3.1068428490960953e-01 -1.0202216402233957e-01
