240

-1.499483875405825e-01 3.458607398110338e-01;
-1.499483875405825e-01 3.458607398110338e-01;
-1.499483875405825e-01 3.458607398110338e-01;
-1.499483875405825e-01 3.458607398110338e-01;
-1.499483875405825e-01 3.458607398110338e-01;

8.116701159748912e-02 3.995638251458328e-01;
8.116701159748912e-02 3.995638251458328e-01;
8.116701159748912e-02 3.995638251458328e-01;
8.116701159748912e-02 3.995638251458328e-01;
-3.995638251458328e-01 8.116701159748915e-02;

4.823167954513328e-01 9.058631603727455e-01;
4.823167954513328e-01 9.058631603727455e-01;
4.823167954513328e-01 9.058631603727455e-01;
4.823167954513328e-01 9.058631603727455e-01;
-4.823167954513329e-01 -9.058631603727454e-01;

-5.507010647187222e-01 4.517180629183287e-01;
-5.507010647187222e-01 4.517180629183287e-01;
-5.507010647187222e-01 4.517180629183287e-01;
-5.507010647187222e-01 4.517180629183287e-01;
4.517180629183288e-01 5.507010647187220e-01;

-3.402091426563802e-01 4.861895410348021e-01;
-3.402091426563802e-01 4.861895410348021e-01;
-3.402091426563802e-01 4.861895410348021e-01;
-5.675241378782507e-01 -1.733172913594281e-01;
-3.402091426563802e-01 4.861895410348021e-01;

2.676435381628717e-01 6.260906883112786e-01;
2.676435381628717e-01 6.260906883112786e-01;
2.676435381628717e-01 6.260906883112786e-01;
-5.127412271831921e-01 4.480167937221831e-01;
-6.260906883112786e-01 2.676435381628718e-01;

1.625765064485812e+00 -5.737134694202822e-01;
1.625765064485812e+00 -5.737134694202822e-01;
1.625765064485812e+00 -5.737134694202822e-01;
1.048022967365658e+00 1.368907246591563e+00;
-1.625765064485812e+00 5.737134694202825e-01;

-9.774744847068950e-01 -1.596121914084376e-01;
-9.774744847068950e-01 -1.596121914084376e-01;
-9.774744847068950e-01 -1.596121914084376e-01;
-1.502560126231814e-01 -9.789563578473741e-01;
-1.596121914084374e-01 9.774744847068950e-01;

-4.122347260726759e-01 2.062280980769556e-01;
-4.122347260726759e-01 2.062280980769556e-01;
-4.122347260726759e-01 2.062280980769556e-01;
2.122870644063357e-01 -4.091475285302269e-01;
-4.122347260726759e-01 2.062280980769556e-01;

-3.809096758787980e-01 9.027364551088070e-01;
-3.809096758787980e-01 9.027364551088070e-01;
-3.809096758787980e-01 9.027364551088070e-01;
-2.224527739119426e-01 -9.542222235618850e-01;
-9.027364551088070e-01 -3.809096758787979e-01;

-7.819654126158962e-01 -1.104307347179190e+00;
-7.819654126158962e-01 -1.104307347179190e+00;
-7.819654126158962e-01 -1.104307347179190e+00;
1.281718880489830e+00 4.337756735426569e-01;
7.819654126158964e-01 1.104307347179190e+00;

-4.679352065398069e-01 -1.360256557040612e-01;
-4.679352065398069e-01 -1.360256557040612e-01;
-4.679352065398069e-01 -1.360256557040612e-01;
4.585214087133155e-01 -1.649983462969500e-01;
-1.360256557040611e-01 4.679352065398069e-01;

-2.616230258124358e-01 1.760176619977686e-01;
-2.616230258124358e-01 1.760176619977686e-01;
-2.616230258124358e-01 1.760176619977686e-01;
3.151180598673458e-01 1.137687636634262e-02;
-2.616230258124358e-01 1.760176619977686e-01;

-2.583337839021025e-01 4.132134725264611e-01;
-2.583337839021025e-01 4.132134725264611e-01;
-2.583337839021025e-01 4.132134725264611e-01;
4.518772065976009e-01 -1.824519332320260e-01;
-4.132134725264611e-01 -2.583337839021025e-01;

-8.675620499320563e-01 1.524875181420996e-01;
-8.675620499320563e-01 1.524875181420996e-01;
-8.675620499320563e-01 1.524875181420996e-01;
7.915023563924074e-01 3.865751847916721e-01;
8.675620499320563e-01 -1.524875181420997e-01;

-3.730091602880109e-01 3.178992567641640e-02;
-3.730091602880109e-01 3.178992567641640e-02;
-3.730091602880109e-01 3.178992567641640e-02;
3.204563992146010e-01 1.935306932651546e-01;
3.178992567641647e-02 3.730091602880109e-01;

-1.812773028768666e-01 2.326197526005581e-01;
-1.812773028768666e-01 2.326197526005581e-01;
-1.812773028768666e-01 2.326197526005581e-01;
1.652167642463210e-01 2.442884169383225e-01;
-1.812773028768666e-01 2.326197526005581e-01;

-7.424066742846779e-02 3.629877526748438e-01;
-7.424066742846779e-02 3.629877526748438e-01;
-7.424066742846779e-02 3.629877526748438e-01;
3.222802396076086e-01 1.827764548584426e-01;
-3.629877526748438e-01 -7.424066742846776e-02;

-3.713367116872551e-01 7.157368633965251e-01;
-3.713367116872551e-01 7.157368633965251e-01;
-3.713367116872551e-01 7.157368633965251e-01;
5.659568533392475e-01 5.743370536799250e-01;
3.713367116872550e-01 -7.157368633965251e-01;

-3.676907201931057e-01 1.966878459117874e-01;
-3.676907201931057e-01 1.966878459117874e-01;
-3.676907201931057e-01 1.966878459117874e-01;
7.343857631682923e-02 4.104745423946545e-01;
1.966878459117874e-01 3.676907201931057e-01;

8.987575852223838e-02 4.332394779409168e-01;
8.987575852223838e-02 4.332394779409168e-01;
-4.201342730802611e-01 -1.387850489058041e-01;
8.987575852223838e-02 4.332394779409168e-01;
8.987575852223838e-02 4.332394779409168e-01;

2.282325249466426e-01 2.487605532743641e-01;
2.282325249466426e-01 2.487605532743641e-01;
-3.295492210683929e-01 7.327488793647616e-02;
2.282325249466426e-01 2.487605532743641e-01;
-2.487605532743641e-01 2.282325249466427e-01;

4.588446985179960e-01 1.487105142922648e-01;
4.588446985179960e-01 1.487105142922648e-01;
-3.582094324459481e-01 3.230159081622642e-01;
4.588446985179960e-01 1.487105142922648e-01;
-4.588446985179960e-01 -1.487105142922647e-01;

6.783524310753816e-01 1.059208976328659e+00;
6.783524310753816e-01 1.059208976328659e+00;
-1.256478096954819e+00 5.786594986588391e-02;
6.783524310753816e-01 1.059208976328659e+00;
1.059208976328658e+00 -6.783524310753818e-01;

3.330651989694376e-01 7.047879731917639e-01;
3.330651989694376e-01 7.047879731917639e-01;
-7.768968885505323e-01 -6.395106317183021e-02;
-5.673703877940516e-01 5.345552889783555e-01;
3.330651989694376e-01 7.047879731917639e-01;

3.701560950163625e-01 1.998998898922602e-01;
3.701560950163625e-01 1.998998898922602e-01;
-3.581964303685907e-01 2.206146367036864e-01;
-7.573156895719395e-02 4.138118293620688e-01;
-1.998998898922602e-01 3.701560950163625e-01;

4.663356899539836e-01 -9.364458921891235e-02;
4.663356899539836e-01 -9.364458921891235e-02;
-1.520692517864553e-01 4.506808488009496e-01;
2.331669500717769e-01 4.145738272118276e-01;
-4.663356899539836e-01 9.364458921891240e-02;

1.246880830515420e+00 -9.237438614005529e-01;
1.246880830515420e+00 -9.237438614005529e-01;
1.765452353051007e-01 1.541702405418469e+00;
1.263839985362256e+00 9.004015872828959e-01;
-9.237438614005531e-01 -1.246880830515420e+00;

-5.728663124780586e-01 1.008341628352569e+00;
-5.728663124780586e-01 1.008341628352569e+00;
-5.868163096076628e-01 -1.000287593754597e+00;
-1.292297561185597e-01 -1.152487883482710e+00;
-5.728663124780586e-01 1.008341628352569e+00;

6.326465820264392e-01 4.072842737394625e-01;
6.326465820264392e-01 4.072842737394625e-01;
-6.690418186334893e-01 3.442458747825609e-01;
-7.512175258873202e-01 4.236043183149817e-02;
-4.072842737394625e-01 6.326465820264392e-01;

5.841946735248850e-01 -4.427807894962090e-01;
5.841946735248850e-01 -4.427807894962090e-01;
9.136207524900460e-02 7.273178227762113e-01;
-2.123634008406663e-01 7.015981970509328e-01;
-5.841946735248850e-01 4.427807894962091e-01;

-5.443539020254541e-01 -9.469816835223042e-01;
-5.443539020254541e-01 -9.469816835223042e-01;
1.092287145861598e+00 2.066533957923234e-03;
9.970134254584160e-01 4.461610796929183e-01;
-9.469816835223041e-01 5.443539020254543e-01;

-3.061682467798054e-01 4.246935571238384e-01;
-3.061682467798054e-01 4.246935571238384e-01;
-2.147112859029192e-01 -4.774962581053738e-01;
4.973239244038685e-01 -1.636231249373208e-01;
-3.061682467798054e-01 4.246935571238384e-01;

1.713097876664630e-01 6.101977043584067e-01;
1.713097876664630e-01 6.101977043584067e-01;
-6.141016071385581e-01 -1.567402241431281e-01;
2.200726820796616e-01 -5.943536795182329e-01;
-6.101977043584067e-01 1.713097876664630e-01;

2.514674072741903e+00 -1.547001833853102e-01;
2.514674072741903e+00 -1.547001833853102e-01;
-1.123362747589161e+00 2.255121720925220e+00;
-2.125344546483088e+00 -1.352933256888303e+00;
-2.514674072741903e+00 1.547001833853105e-01;

-8.715974693471757e-01 4.509717901524234e-03;
-8.715974693471757e-01 4.509717901524234e-03;
4.318932044069663e-01 -7.570804092796449e-01;
7.077879106305778e-01 5.086636999955407e-01;
4.509717901524395e-03 8.715974693471757e-01;

-8.982678765088378e-02 3.866790325385022e-01;
-8.982678765088378e-02 3.866790325385022e-01;
-2.899604714636906e-01 -2.711317963152666e-01;
3.399956096762155e-01 2.049207441560944e-01;
-8.982678765088378e-02 3.866790325385022e-01;

1.427244415217264e-01 3.553124234269898e-01;
1.427244415217264e-01 3.553124234269898e-01;
-3.790718057288494e-01 -5.405321961473322e-02;
3.820264735637482e-01 -2.594143299233750e-02;
-3.553124234269898e-01 1.427244415217264e-01;

5.668516553339173e-01 5.288706053703242e-01;
5.668516553339173e-01 5.288706053703242e-01;
-7.414412072325141e-01 2.264726310112713e-01;
6.781526303021601e-01 -3.756779556932202e-01;
-5.668516553339175e-01 -5.288706053703240e-01;

-5.049138043684843e-01 7.656021595684329e-01;
-5.049138043684843e-01 7.656021595684329e-01;
-4.105740171942483e-01 -8.200692610887700e-01;
5.721039765028311e-01 7.167856420488293e-01;
7.656021595684330e-01 5.049138043684842e-01;

-3.872707027394351e-01 8.008730108365424e-01;
-3.872707027394351e-01 8.008730108365424e-01;
8.872117239594933e-01 -6.505023870446905e-02;
-3.872707027394351e-01 8.008730108365424e-01;
-3.872707027394351e-01 8.008730108365424e-01;

5.080377900866919e-01 4.731441283212309e-01;
5.080377900866919e-01 4.731441283212309e-01;
1.557359397342840e-01 -6.765456964581968e-01;
5.080377900866919e-01 4.731441283212309e-01;
-4.731441283212309e-01 5.080377900866919e-01;

7.507347446745790e-01 -4.119371521707998e-01;
7.507347446745790e-01 -4.119371521707998e-01;
-7.321154108798185e-01 -4.441867843064095e-01;
7.507347446745790e-01 -4.119371521707998e-01;
-7.507347446745790e-01 4.119371521708000e-01;

-9.405787674787804e-01 -9.619044587541786e-01;
-9.405787674787804e-01 -9.619044587541786e-01;
-3.627443135552485e-01 1.295517336273970e+00;
-9.405787674787804e-01 -9.619044587541786e-01;
-9.619044587541784e-01 9.405787674787807e-01;

-2.471867808696401e+00 -2.538583404146177e-01;
-2.471867808696401e+00 -2.538583404146177e-01;
1.016086132586585e+00 2.267629487335365e+00;
-5.224155318683542e-01 -2.429332528232872e+00;
-2.471867808696401e+00 -2.538583404146177e-01;

8.713938507422192e-01 -5.444393220553900e-02;
8.713938507422192e-01 -5.444393220553900e-02;
-4.828467537430245e-01 -7.274272453415375e-01;
3.210547651699816e-01 8.119206997158049e-01;
5.444393220553905e-02 8.713938507422192e-01;

2.893299747031701e-01 -4.198643831191405e-01;
2.893299747031701e-01 -4.198643831191405e-01;
-5.082782092770429e-01 -4.063491660968378e-02;
4.887226366910566e-01 1.454239280843936e-01;
-2.893299747031700e-01 4.198643831191405e-01;

-1.597141483762208e-01 -5.876813548469220e-01;
-1.597141483762208e-01 -5.876813548469220e-01;
-4.290899084397809e-01 4.321571872610656e-01;
5.095637959419554e-01 -3.335007074827286e-01;
-5.876813548469220e-01 1.597141483762209e-01;

-6.568032356763207e-01 -2.156322942294591e-01;
-6.568032356763207e-01 -2.156322942294591e-01;
1.416585731591285e-01 6.766244344982409e-01;
6.581104620886646e-01 -2.116090650208276e-01;
-6.568032356763207e-01 -2.156322942294591e-01;

6.491265864888518e-01 -1.848813628697017e+00;
6.491265864888518e-01 -1.848813628697017e+00;
-1.925682862558933e+00 3.622467001772873e-01;
5.615509452153590e-01 1.877268679457002e+00;
1.848813628697017e+00 6.491265864888517e-01;

3.368083240259257e-02 -4.915236599006664e-01;
3.368083240259257e-02 -4.915236599006664e-01;
-4.425123922363759e-01 2.165933734690822e-01;
2.616619926440412e-01 4.174480905681894e-01;
-3.368083240259251e-02 4.915236599006664e-01;

-2.360081926757327e-01 -3.351325918446751e-01;
-2.360081926757327e-01 -3.351325918446751e-01;
-1.722292418357437e-01 3.719553862807747e-01;
3.879206337352376e-01 1.324058270962689e-01;
-3.351325918446751e-01 2.360081926757328e-01;

-4.707647668296115e-01 7.941759210557819e-02;
-4.707647668296115e-01 7.941759210557819e-02;
3.041600356856272e-01 3.679854512283122e-01;
4.275371861303533e-01 2.124584055756000e-01;
-4.707647668296115e-01 7.941759210557819e-02;

-1.396923482341918e+00 8.513912800160863e-01;
-1.396923482341918e+00 8.513912800160863e-01;
1.435788218225440e+00 7.840755828430798e-01;
1.630570075379910e+00 1.323010071059707e-01;
-8.513912800160864e-01 -1.396923482341918e+00;

-3.057268381838545e-01 -6.783120862658238e-01;
-3.057268381838545e-01 -6.783120862658238e-01;
-4.345720793082976e-01 6.039232516188244e-01;
-1.513636330315331e-01 7.284677319934538e-01;
3.057268381838545e-01 6.783120862658238e-01;

-3.600813859891643e-01 -2.053242523757770e-01;
-3.600813859891643e-01 -2.053242523757770e-01;
2.224674424112054e-03 4.145017538844148e-01;
1.706253931388595e-01 3.777613378387986e-01;
-2.053242523757770e-01 3.600813859891643e-01;

-3.918496615041202e-01 3.232851364526796e-01;
-3.918496615041202e-01 3.232851364526796e-01;
4.758979715859993e-01 1.777091931005612e-01;
1.863742309998452e-01 4.725717751742454e-01;
-3.918496615041202e-01 3.232851364526796e-01;

1.672714217805105e-02 8.176894365491680e-01;
1.672714217805105e-02 8.176894365491680e-01;
6.997762533687376e-01 -4.233308483334908e-01;
7.828378381361426e-01 2.367714744471370e-01;
-8.176894365491680e-01 1.672714217805110e-02;

-5.142734271370696e-02 -3.114340030552200e+00;
-5.142734271370696e-02 -3.114340030552200e+00;
-2.671383911124156e+00 1.601707400515300e+00;
-2.977805302889598e+00 -9.134736862992070e-01;
5.142734271370734e-02 3.114340030552200e+00;

-6.237060704399884e-01 -1.170690255459168e-01;
-6.237060704399884e-01 -1.170690255459168e-01;
2.104682851009411e-01 5.986798142685548e-01;
-3.040750348625423e-01 5.570034041361919e-01;
-1.170690255459167e-01 6.237060704399884e-01;

-3.878575097147877e-02 6.405831582716024e-01;
-6.405831582716024e-01 -3.878575097147872e-02;
-3.878575097147877e-02 6.405831582716024e-01;
-3.878575097147877e-02 6.405831582716024e-01;
-3.878575097147877e-02 6.405831582716024e-01;

3.274288721651372e-01 3.445511549959036e-01;
-3.445511549959036e-01 3.274288721651372e-01;
3.274288721651372e-01 3.445511549959036e-01;
3.274288721651372e-01 3.445511549959036e-01;
-3.445511549959036e-01 3.274288721651372e-01;

7.046170854047076e-01 -9.130304931248641e-03;
9.130304931248685e-03 7.046170854047076e-01;
7.046170854047076e-01 -9.130304931248641e-03;
7.046170854047076e-01 -9.130304931248641e-03;
-7.046170854047076e-01 9.130304931248728e-03;

-7.960277365662889e+00 7.623222152583893e-01;
-7.623222152583897e-01 -7.960277365662889e+00;
-7.960277365662889e+00 7.623222152583893e-01;
-7.960277365662889e+00 7.623222152583893e-01;
7.623222152583907e-01 7.960277365662889e+00;

-2.037572560732902e-02 1.990785584869259e+00;
-1.990785584869259e+00 -2.037572560732890e-02;
-2.037572560732902e-02 1.990785584869259e+00;
-1.899646048521753e+00 5.958081112681781e-01;
-2.037572560732902e-02 1.990785584869259e+00;

5.941386267678537e-01 1.822813694364559e-01;
-1.822813694364558e-01 5.941386267678537e-01;
5.941386267678537e-01 1.822813694364559e-01;
1.023904848411529e-02 6.213874534840245e-01;
-1.822813694364558e-01 5.941386267678537e-01;

4.406545168705890e-01 -3.131033101348676e-01;
3.131033101348676e-01 4.406545168705890e-01;
4.406545168705890e-01 -3.131033101348676e-01;
4.339486777384423e-01 3.223331058779426e-01;
-4.406545168705890e-01 3.131033101348677e-01;

-3.266129819400176e-02 -9.593249503653977e-01;
9.593249503653977e-01 -3.266129819400182e-02;
-3.266129819400176e-02 -9.593249503653977e-01;
9.022793490892419e-01 -3.275104532688754e-01;
-9.593249503653977e-01 3.266129819400194e-02;

-1.012277216373648e+00 9.526876131189616e-02;
-9.526876131189621e-02 -1.012277216373648e+00;
-1.012277216373648e+00 9.526876131189616e-02;
7.629518981615423e-01 -6.720756659504814e-01;
-1.012277216373648e+00 9.526876131189616e-02;

1.751206471672703e+00 1.919485681532108e-01;
-1.919485681532107e-01 1.751206471672703e+00;
1.751206471672703e+00 1.919485681532108e-01;
-1.529580333801721e+00 8.740436840864665e-01;
-1.919485681532107e-01 1.751206471672703e+00;

2.152790991413233e-01 -5.973597228969725e-01;
5.973597228969725e-01 2.152790991413233e-01;
2.152790991413233e-01 -5.973597228969725e-01;
1.769547856932992e-01 6.098120471808391e-01;
-2.152790991413232e-01 5.973597228969725e-01;

-3.230036778955857e-01 -4.643603897273302e-01;
4.643603897273302e-01 -3.230036778955857e-01;
-3.230036778955857e-01 -4.643603897273302e-01;
5.342596534936503e-01 1.858186485007303e-01;
-4.643603897273301e-01 3.230036778955858e-01;

-4.658943767778188e-01 2.487612632356749e-01;
-2.487612632356749e-01 -4.658943767778188e-01;
-4.658943767778188e-01 2.487612632356749e-01;
5.231346702685558e-01 7.259375429615390e-02;
-4.658943767778188e-01 2.487612632356749e-01;

-1.671970970254586e-01 1.136158499445605e+00;
-1.136158499445605e+00 -1.671970970254585e-01;
-1.671970970254586e-01 1.136158499445605e+00;
8.030825031446257e-01 -8.208955464973557e-01;
-1.136158499445605e+00 -1.671970970254585e-01;

-3.207582678852634e-01 -1.392492112720622e+00;
1.392492112720622e+00 -3.207582678852635e-01;
-3.207582678852634e-01 -1.392492112720622e+00;
-5.589874379853195e-01 1.315086763137894e+00;
3.207582678852636e-01 1.392492112720622e+00;

-5.127547757186688e-01 -1.964867396009816e-01;
1.964867396009815e-01 -5.127547757186688e-01;
-5.127547757186688e-01 -1.964867396009816e-01;
2.993353196948293e-01 4.603508067164873e-01;
-1.964867396009815e-01 5.127547757186688e-01;

-2.502919808430082e-01 4.002258562235625e-01;
-4.002258562235625e-01 -2.502919808430082e-01;
-2.502919808430082e-01 4.002258562235625e-01;
3.032929329149681e-01 3.617184105185098e-01;
-2.502919808430082e-01 4.002258562235625e-01;

1.275374281560462e-01 5.359596460088738e-01;
-5.359596460088738e-01 1.275374281560462e-01;
1.275374281560462e-01 5.359596460088738e-01;
5.491391465270754e-01 4.432533679659009e-02;
-5.359596460088738e-01 1.275374281560462e-01;

1.935311751293595e+00 1.103777315271210e+00;
-1.103777315271210e+00 1.935311751293595e+00;
1.935311751293595e+00 1.103777315271210e+00;
1.647798828790717e+00 -1.499504903706001e+00;
-1.935311751293595e+00 -1.103777315271210e+00;

-8.271904458927841e-01 1.811865215161327e-01;
-1.811865215161328e-01 -8.271904458927841e-01;
-8.271904458927841e-01 1.811865215161327e-01;
-8.329728341269042e-02 8.426945780835932e-01;
1.811865215161329e-01 8.271904458927841e-01;

3.739549159506895e-01 3.514068144002288e-01;
-3.514068144002288e-01 3.739549159506895e-01;
-4.913046863089061e-01 1.481510498832574e-01;
3.739549159506895e-01 3.514068144002288e-01;
3.739549159506895e-01 3.514068144002288e-01;

2.826867745512657e-01 1.244016328909205e-01;
-1.244016328909205e-01 2.826867745512657e-01;
-2.490783616314357e-01 1.826131116298203e-01;
2.826867745512657e-01 1.244016328909205e-01;
-1.244016328909205e-01 2.826867745512657e-01;

3.386648623891074e-01 -2.762707884051558e-02;
2.762707884051560e-02 3.386648623891074e-01;
-1.454066790863116e-01 3.071059136183859e-01;
3.386648623891074e-01 -2.762707884051558e-02;
-3.386648623891074e-01 2.762707884051563e-02;

7.036208808162024e-01 -1.057996932159591e-01;
1.057996932159591e-01 7.036208808162024e-01;
-2.601852183704804e-01 6.622534040279937e-01;
7.036208808162024e-01 -1.057996932159591e-01;
-1.057996932159592e-01 -7.036208808162024e-01;

6.403703600109486e-01 1.193907985302412e-01;
-1.193907985302412e-01 6.403703600109486e-01;
-4.235806445107729e-01 4.948816003349475e-01;
8.433792700951864e-02 6.459221894485262e-01;
6.403703600109486e-01 1.193907985302412e-01;

3.253893944372450e-01 2.676119525877917e-02;
-2.676119525877915e-02 3.253893944372450e-01;
-1.858705721483609e-01 2.684148840752995e-01;
7.509944353577283e-02 3.177333680376249e-01;
-2.676119525877915e-02 3.253893944372450e-01;

2.797246465299339e-01 -1.196166461835877e-01;
1.196166461835877e-01 2.797246465299339e-01;
-3.627126895448498e-02 3.020569730513392e-01;
2.002018603335477e-01 2.290703713697883e-01;
-2.797246465299339e-01 1.196166461835878e-01;

3.912445038703145e-01 -3.339028871777794e-01;
3.339028871777794e-01 3.912445038703145e-01;
9.354613075776913e-02 5.057791230316211e-01;
4.384617173119146e-01 2.689139682617324e-01;
-3.339028871777794e-01 -3.912445038703144e-01;

1.766608427795040e+00 -4.250506806678847e-01;
4.250506806678848e-01 1.766608427795040e+00;
-5.151995265432642e-01 1.742453117344134e+00;
-1.179377718918734e+00 1.382259604564475e+00;
1.766608427795040e+00 -4.250506806678847e-01;

4.783073973759191e-01 -3.660014286412178e-02;
3.660014286412181e-02 4.783073973759191e-01;
-2.074570451854902e-01 4.325264283776252e-01;
-3.654457888050412e-01 3.107521718135863e-01;
3.660014286412181e-02 4.783073973759191e-01;

2.887366602853518e-01 -2.400004069025552e-01;
2.400004069025553e-01 2.887366602853518e-01;
6.347811915353917e-02 3.700534862622696e-01;
-9.252416534840084e-02 3.638795585529812e-01;
-2.887366602853517e-01 2.400004069025553e-01;

1.654430953664852e-01 -5.480749073003588e-01;
5.480749073003588e-01 1.654430953664851e-01;
3.919252452156695e-01 4.173153771182870e-01;
1.883040719092337e-01 5.406469257465013e-01;
-5.480749073003588e-01 -1.654430953664850e-01;

-3.287074884447892e-01 1.414099053798341e+00;
-1.414099053798341e+00 -3.287074884447891e-01;
-1.060291959834506e+00 -9.917185623065374e-01;
1.097116513433546e+00 -9.508207522264452e-01;
-3.287074884447892e-01 1.414099053798341e+00;

5.940832239250299e-01 2.742863316592510e-01;
-2.742863316592510e-01 5.940832239250299e-01;
-5.345805430902701e-01 3.773479980516097e-01;
-3.194019635736968e-01 -5.710956612945967e-01;
-2.742863316592510e-01 5.940832239250299e-01;

5.107778029156884e-01 -3.397863746444459e-01;
3.397863746444459e-01 5.107778029156884e-01;
3.887473084406273e-02 6.122397403364104e-01;
-6.129493428542199e-01 -2.533470820778349e-02;
-5.107778029156884e-01 3.397863746444459e-01;

-2.339903635215043e-01 -1.096126890346350e+00;
1.096126890346350e+00 -2.339903635215043e-01;
1.066268914571931e+00 3.454218461227966e-01;
-4.549850401779247e-01 1.024321367138057e+00;
-1.096126890346350e+00 2.339903635215045e-01;

1.484372447647657e-01 5.979803064831902e-01;
-5.979803064831902e-01 1.484372447647657e-01;
-5.920847587596300e-01 -1.704397284075392e-01;
6.145826983275174e-01 4.361386811041613e-02;
1.484372447647657e-01 5.979803064831902e-01;

3.156272888068927e-01 2.520684155349536e-01;
-2.520684155349536e-01 3.156272888068927e-01;
-3.761112957484081e-01 1.473070424669002e-01;
3.372655052765315e-01 -2.222859655949011e-01;
-2.520684155349536e-01 3.156272888068927e-01;

5.251634446206118e-01 4.053894749565574e-04;
-4.053894749565253e-04 5.251634446206118e-01;
-2.629327998940450e-01 4.546021894429138e-01;
1.626699775140504e-01 -4.993348438893396e-01;
-5.251634446206118e-01 -4.053894749564931e-04;

2.750932739905349e+00 2.423491325980862e-01;
-2.423491325980861e-01 2.750932739905349e+00;
-1.585346875367740e+00 2.261203070561319e+00;
1.080572688789077e+00 -2.541402507631827e+00;
2.423491325980857e-01 -2.750932739905349e+00;

1.962857434704252e+00 5.556628964654915e-01;
-5.556628964654914e-01 1.962857434704252e+00;
-5.002105330725689e-01 -1.977715850693782e+00;
1.962857434704252e+00 5.556628964654915e-01;
1.962857434704252e+00 5.556628964654915e-01;

4.949505796362328e-01 2.535141323401127e-02;
-2.535141323401124e-02 4.949505796362328e-01;
-2.255203219356259e-01 -4.413154821998159e-01;
4.949505796362328e-01 2.535141323401127e-02;
-2.535141323401124e-02 4.949505796362328e-01;

3.300447068891286e-01 -2.394908187952275e-01;
2.394908187952275e-01 3.300447068891286e-01;
-3.724274864943671e-01 -1.660816911529604e-01;
3.300447068891286e-01 -2.394908187952275e-01;
-3.300447068891285e-01 2.394908187952275e-01;

2.022056484105534e-01 -6.459570860971890e-01;
6.459570860971890e-01 2.022056484105534e-01;
-6.605180705200142e-01 1.478633147363511e-01;
2.022056484105534e-01 -6.459570860971890e-01;
-6.459570860971890e-01 -2.022056484105533e-01;

4.833468148324958e-01 -7.927316387677126e-01;
7.927316387677126e-01 4.833468148324957e-01;
-9.281991449727559e-01 -2.222480109937767e-02;
9.032949706836110e-01 2.147225895190269e-01;
4.833468148324958e-01 -7.927316387677126e-01;

3.947928446185149e-01 -1.782255936461164e-01;
1.782255936461165e-01 3.947928446185149e-01;
-3.517443140113569e-01 -2.527878358488981e-01;
2.915003104524603e-01 3.203955701919250e-01;
1.782255936461165e-01 3.947928446185149e-01;

1.971776277870009e-01 -2.370640720319849e-01;
2.370640720319849e-01 1.971776277870009e-01;
-3.038923225977835e-01 -5.222879870550260e-02;
2.863925683822041e-01 1.142702407608375e-01;
-1.971776277870009e-01 2.370640720319850e-01;

8.355325417299297e-02 -3.880091415287224e-01;
3.880091415287224e-01 8.355325417299295e-02;
-3.778024005509616e-01 1.216453300816913e-01;
3.948379979077642e-01 -4.043755186631922e-02;
-3.880091415287224e-01 -8.355325417299291e-02;

-2.131869754700299e-01 -6.857775104290477e-01;
6.857775104290477e-01 -2.131869754700299e-01;
-4.873072576405879e-01 5.275140917275399e-01;
5.755617931186912e-01 4.294975001351214e-01;
-2.131869754700299e-01 -6.857775104290477e-01;

3.614302302390845e-01 -4.349617473420810e-01;
4.349617473420810e-01 3.614302302390845e-01;
-5.574030379922530e-01 -9.552688741166504e-02;
-3.673909814522931e-02 5.643348045699726e-01;
4.349617473420810e-01 3.614302302390845e-01;

1.140902210673545e-01 -3.012011028681002e-01;
3.012011028681002e-01 1.140902210673545e-01;
-3.178929172653420e-01 5.179552166633867e-02;
8.474063850461298e-02 3.107373603189488e-01;
-1.140902210673545e-01 3.012011028681002e-01;

-5.249382610346676e-02 -3.399437618115858e-01;
3.399437618115858e-01 -5.249382610346678e-02;
-2.681530205351461e-01 2.154328678532379e-01;
2.422823272191432e-01 2.441651836172987e-01;
-3.399437618115858e-01 5.249382610346683e-02;

-7.359517644739088e-01 -3.532121333155436e-01;
3.532121333155435e-01 -7.359517644739088e-01;
6.208520186079818e-02 8.139589906521586e-01;
3.877846016059815e-01 7.183362120280915e-01;
-7.359517644739088e-01 -3.532121333155436e-01;

8.663934719288463e-01 -1.105740562381541e+00;
1.105740562381541e+00 8.663934719288462e-01;
-1.390796152981729e+00 -1.974484751726097e-01;
-1.350865038035406e+00 3.853096008541297e-01;
1.105740562381541e+00 8.663934719288462e-01;

8.899274567866565e-02 -4.580386450869636e-01;
4.580386450869636e-01 8.899274567866562e-02;
-4.411694753996476e-01 1.519493440332297e-01;
-3.412250041922716e-01 3.182524244848942e-01;
-8.899274567866559e-02 4.580386450869636e-01;

-2.030992000302323e-01 -3.711325869591569e-01;
3.711325869591569e-01 -2.030992000302324e-01;
-2.198606484637508e-01 3.614553601940570e-01;
-5.383555689133144e-02 4.196312845464655e-01;
-3.711325869591569e-01 2.030992000302324e-01;

-1.236511981088645e+00 8.302475178599515e-01;
-8.302475178599517e-01 -1.236511981088645e+00;
1.337271432440015e+00 6.557270287766137e-01;
4.075090960939592e-01 1.432553369647728e+00;
-1.236511981088645e+00 8.302475178599515e-01;

9.041398004184852e-01 3.154008215499182e-01;
-3.154008215499181e-01 9.041398004184852e-01;
-1.789247763725315e-01 -9.407084465099593e-01;
5.793585701999795e-01 -7.624238349310551e-01;
-3.154008215499181e-01 9.041398004184852e-01;

4.063152265930156e-01 -5.099470184159860e-01;
5.099470184159860e-01 4.063152265930155e-01;
-6.447846858288827e-01 -9.690579896598867e-02;
-3.594301247392589e-01 -5.440110388426032e-01;
-4.063152265930155e-01 5.099470184159860e-01;

-3.432189996595751e-01 -6.827705792753580e-01;
6.827705792753580e-01 -3.432189996595752e-01;
-4.196871667792890e-01 6.386216624043539e-01;
-7.554139122416239e-01 1.154329538872303e-01;
-6.827705792753579e-01 3.432189996595753e-01;

-7.485951457370222e-01 4.574368772227795e-01;
7.485951457370221e-01 -4.574368772227796e-01;
-7.485951457370222e-01 4.574368772227795e-01;
-7.485951457370222e-01 4.574368772227795e-01;
-7.485951457370222e-01 4.574368772227795e-01;

8.863968944993422e-01 8.758979820673358e-01;
-8.863968944993423e-01 -8.758979820673357e-01;
8.863968944993422e-01 8.758979820673358e-01;
8.863968944993422e-01 8.758979820673358e-01;
-8.758979820673358e-01 8.863968944993422e-01;

4.319172054551805e-01 -7.826638672065866e-01;
-4.319172054551804e-01 7.826638672065866e-01;
4.319172054551805e-01 -7.826638672065866e-01;
4.319172054551805e-01 -7.826638672065866e-01;
-4.319172054551804e-01 7.826638672065866e-01;

-5.260106813488092e-01 -4.977659892560116e-01;
5.260106813488094e-01 4.977659892560115e-01;
-5.260106813488092e-01 -4.977659892560116e-01;
-5.260106813488092e-01 -4.977659892560116e-01;
-4.977659892560115e-01 5.260106813488094e-01;

-8.914213514705683e-01 -4.628156846391122e-01;
8.914213514705684e-01 4.628156846391121e-01;
-8.914213514705683e-01 -4.628156846391122e-01;
1.646995259665417e-01 -9.908099968974784e-01;
-8.914213514705683e-01 -4.628156846391122e-01;

9.781500694717696e-01 -7.250082011400230e-01;
-9.781500694717695e-01 7.250082011400231e-01;
9.781500694717696e-01 -7.250082011400230e-01;
9.917887685774586e-01 7.062361422722064e-01;
7.250082011400231e-01 9.781500694717696e-01;

1.390462396692470e-01 -4.489320623372188e-01;
-1.390462396692469e-01 4.489320623372188e-01;
1.390462396692470e-01 -4.489320623372188e-01;
4.699274143213633e-01 -6.486804278218937e-03;
-1.390462396692469e-01 4.489320623372188e-01;

-1.886663142556737e-01 -4.133278246847269e-01;
1.886663142556738e-01 4.133278246847269e-01;
-1.886663142556737e-01 -4.133278246847269e-01;
3.347970236614228e-01 -3.071576496538572e-01;
-4.133278246847268e-01 1.886663142556738e-01;

-4.416836423137654e-01 -2.065838300934275e-01;
4.416836423137654e-01 2.065838300934275e-01;
-4.416836423137654e-01 -2.065838300934275e-01;
4.787565014602725e-01 -9.248530182220556e-02;
-4.416836423137654e-01 -2.065838300934275e-01;

-3.463428313129772e-01 -9.910950146965108e-01;
3.463428313129773e-01 9.910950146965108e-01;
-3.463428313129772e-01 -9.910950146965108e-01;
8.627482696713353e-01 5.982375014467777e-01;
9.910950146965108e-01 -3.463428313129773e-01;

-5.661811562391299e-02 -4.014083810699385e-01;
5.661811562391304e-02 4.014083810699385e-01;
-5.661811562391299e-02 -4.014083810699385e-01;
2.817469442687384e-01 2.914669085937890e-01;
5.661811562391304e-02 4.014083810699385e-01;

-2.011962076237121e-01 -2.570734264014430e-01;
2.011962076237121e-01 2.570734264014430e-01;
-2.011962076237121e-01 -2.570734264014430e-01;
3.138751199664362e-01 8.971660710257225e-02;
-2.570734264014430e-01 2.011962076237122e-01;

-3.920660238487274e-01 -1.064746940737394e-02;
3.920660238487274e-01 1.064746940737389e-02;
-3.920660238487274e-01 -1.064746940737394e-02;
3.109296507187442e-01 2.390646104408839e-01;
-3.920660238487274e-01 -1.064746940737394e-02;

-9.851149875115954e-01 -9.753003040801327e-02;
9.851149875115954e-01 9.753003040801314e-02;
-9.851149875115954e-01 -9.753003040801327e-02;
7.396480527808782e-01 6.579395135335877e-01;
9.753003040801321e-02 -9.851149875115954e-01;

-2.745564789362619e-01 -4.355985237451159e-01;
2.745564789362619e-01 4.355985237451159e-01;
-2.745564789362619e-01 -4.355985237451159e-01;
-3.391753080256860e-02 5.137868576745216e-01;
2.745564789362619e-01 4.355985237451159e-01;

-2.787512206798671e-01 -1.743042236377225e-01;
2.787512206798671e-01 1.743042236377225e-01;
-2.787512206798671e-01 -1.743042236377225e-01;
1.230610226662314e-01 3.048609356883995e-01;
-1.743042236377225e-01 2.787512206798672e-01;

-4.255079406680942e-01 1.775174942081967e-01;
4.255079406680942e-01 -1.775174942081968e-01;
-4.255079406680942e-01 1.775174942081967e-01;
3.733998471516486e-02 4.595380222169116e-01;
-4.255079406680942e-01 1.775174942081967e-01;

-5.343033840397370e-01 9.382987709048415e-01;
5.343033840397369e-01 -9.382987709048416e-01;
-5.343033840397370e-01 9.382987709048415e-01;
7.272663344804604e-01 7.981029810802651e-01;
-9.382987709048415e-01 -5.343033840397369e-01;

-6.229333436844066e-01 -9.417626340772144e-01;
6.229333436844067e-01 9.417626340772143e-01;
-6.229333436844066e-01 -9.417626340772144e-01;
-1.088166479503714e+00 3.014241571314094e-01;
6.229333436844067e-01 9.417626340772143e-01;

-4.387950652852307e-01 -1.529597485263560e-01;
4.387950652852307e-01 1.529597485263560e-01;
-4.387950652852307e-01 -1.529597485263560e-01;
-2.810684977878596e-01 3.700517444077137e-01;
-1.529597485263559e-01 4.387950652852307e-01;

1.251373222788805e+00 8.628215354964401e-01;
-1.251373222788805e+00 -8.628215354964400e-01;
-1.372911980066616e+00 6.523102328024891e-01;
1.251373222788805e+00 8.628215354964401e-01;
1.251373222788805e+00 8.628215354964401e-01;

4.669508283093552e-01 7.684654645566961e-02;
-4.669508283093552e-01 -7.684654645566956e-02;
-3.000264755783884e-01 3.659680064062527e-01;
4.669508283093552e-01 7.684654645566961e-02;
-7.684654645566959e-02 4.669508283093552e-01;

3.628521353236160e-01 -2.119626355573805e-01;
-3.628521353236160e-01 2.119626355573806e-01;
2.138959383986336e-03 4.202204847863706e-01;
3.628521353236160e-01 -2.119626355573805e-01;
-3.628521353236160e-01 2.119626355573806e-01;

3.136247747278806e-01 -7.176373823093691e-01;
-3.136247747278805e-01 7.176373823093691e-01;
4.646798164213388e-01 6.304257133252009e-01;
3.136247747278806e-01 -7.176373823093691e-01;
-7.176373823093692e-01 -3.136247747278805e-01;

7.336049266068319e-01 -7.906049100977486e-01;
-7.336049266068317e-01 7.906049100977487e-01;
3.178814731979469e-01 1.030622957831809e+00;
9.786063410421050e-01 4.533893927791735e-01;
7.336049266068319e-01 -7.906049100977486e-01;

4.156345068732770e-01 -1.357278797298858e-01;
-4.156345068732770e-01 1.357278797298858e-01;
-9.027346158875832e-02 4.278139815066186e-01;
2.575230105325263e-01 3.533496847119392e-01;
1.357278797298858e-01 4.156345068732770e-01;

2.216089154699883e-01 -2.329402299682804e-01;
-2.216089154699883e-01 2.329402299682804e-01;
9.092769898092591e-02 3.083890654862683e-01;
2.900202446038523e-01 1.387801133930271e-01;
-2.216089154699883e-01 2.329402299682804e-01;

1.132170653475361e-01 -4.192447004402651e-01;
-1.132170653475361e-01 4.192447004402651e-01;
3.064680283094986e-01 3.076712049530216e-01;
4.337114015215714e-01 -2.187790948308748e-02;
-4.192447004402651e-01 -1.132170653475360e-01;

-2.630355966384267e-01 -8.347411567730337e-01;
2.630355966384268e-01 8.347411567730337e-01;
8.544248456690693e-01 1.895750695980424e-01;
7.034488092387896e-01 5.207113372015676e-01;
-2.630355966384267e-01 -8.347411567730337e-01;

4.453385546111239e-01 -4.156577317257144e-01;
-4.453385546111239e-01 4.156577317257145e-01;
1.373008776483239e-01 5.935033674407341e-01;
-1.159689742210586e-01 5.980376034871105e-01;
4.156577317257144e-01 4.453385546111239e-01;

1.382239912471668e-01 -3.147373753365887e-01;
-1.382239912471668e-01 3.147373753365887e-01;
2.034585669383403e-01 2.770741755008187e-01;
7.317242961879572e-02 3.358739089803553e-01;
-1.382239912471668e-01 3.147373753365887e-01;

-5.283159531503986e-02 -3.722649885181924e-01;
5.283159531503991e-02 3.722649885181924e-01;
3.488067346537969e-01 1.403789905938127e-01;
2.615535286456275e-01 2.701150695407478e-01;
-3.722649885181924e-01 5.283159531503993e-02;

-8.962210573507805e-01 -2.513515309788525e-01;
8.962210573507805e-01 2.513515309788524e-01;
6.657873397831876e-01 -6.504744375829001e-01;
5.773173430629617e-01 7.301331804288081e-01;
-8.962210573507805e-01 -2.513515309788525e-01;

1.407018001769231e+00 -8.856951982534136e-01;
-1.407018001769231e+00 8.856951982534138e-01;
6.352554081273597e-02 1.661360932240879e+00;
-1.658900050382402e+00 -1.104819639266786e-01;
8.856951982534137e-01 1.407018001769231e+00;

1.292705141030446e-01 -5.033147469821198e-01;
-1.292705141030445e-01 5.033147469821198e-01;
3.712480999343306e-01 3.636089226645709e-01;
-4.004230283183569e-01 3.312068820820259e-01;
-1.292705141030445e-01 5.033147469821198e-01;

-2.368381460631203e-01 -4.078545192392281e-01;
2.368381460631204e-01 4.078545192392281e-01;
4.716314477410208e-01 -1.180591456257714e-03;
-4.812478640833458e-02 4.691712067333523e-01;
-4.078545192392281e-01 2.368381460631204e-01;

-7.927890698483480e-01 9.989316587344369e-01;
7.927890698483478e-01 -9.989316587344370e-01;
-4.687056581843760e-01 -1.186041303698523e+00;
7.050551678350663e-01 1.062674069694941e+00;
-7.927890698483480e-01 9.989316587344369e-01;

7.252391783385856e-01 4.010100229514284e-01;
-7.252391783385856e-01 -4.010100229514283e-01;
-7.099044562174105e-01 4.275705407852541e-01;
6.054944265207711e-01 -5.658245344247759e-01;
-4.010100229514283e-01 7.252391783385856e-01;

5.199189063948257e-01 -4.863960136812008e-01;
-5.199189063948256e-01 4.863960136812009e-01;
1.612718509499906e-01 6.934609876863430e-01;
-3.019263205386542e-01 -6.447768980955694e-01;
-5.199189063948256e-01 4.863960136812009e-01;

-4.575577609985481e-01 -8.211935585094592e-01;
4.575577609985482e-01 8.211935585094591e-01;
9.399533635926085e-01 1.434013453125808e-02;
-9.223946090167284e-01 1.814005249284293e-01;
-8.211935585094591e-01 4.575577609985483e-01;

-4.784591620101349e-01 -9.732346925079572e-01;
4.784591620101350e-01 9.732346925079571e-01;
-6.036163865511598e-01 9.009751352281701e-01;
-4.784591620101349e-01 -9.732346925079572e-01;
-4.784591620101349e-01 -9.732346925079572e-01;

5.605311103080407e-01 -4.230280345642992e-01;
-5.605311103080407e-01 4.230280345642992e-01;
-6.466185795997051e-01 -2.739201638561108e-01;
5.605311103080407e-01 -4.230280345642992e-01;
4.230280345642992e-01 5.605311103080407e-01;

1.582723247550534e-01 -3.435264244902693e-01;
-1.582723247550533e-01 3.435264244902693e-01;
-3.766387728573367e-01 3.469535829123792e-02;
1.582723247550534e-01 -3.435264244902693e-01;
-1.582723247550533e-01 3.435264244902693e-01;

-7.520374482932686e-02 -4.079054017016964e-01;
7.520374482932692e-02 4.079054017016964e-01;
-3.156545677999018e-01 2.690810543327681e-01;
-7.520374482932686e-02 -4.079054017016964e-01;
-4.079054017016964e-01 7.520374482932693e-02;

-8.735768730443283e-02 -5.169786941764131e-01;
8.735768730443290e-02 5.169786941764131e-01;
-4.040378387198633e-01 3.341433235097029e-01;
4.646809459158747e-01 -2.428372999896356e-01;
-8.735768730443283e-02 -5.169786941764131e-01;

2.378141130807866e-01 -3.707720062580975e-01;
-2.378141130807865e-01 3.707720062580975e-01;
-4.400050329720286e-01 -2.056706017737739e-02;
4.261137350557596e-01 1.115998109401881e-01;
3.707720062580975e-01 2.378141130807866e-01;

8.946243238276459e-02 -2.585296745697647e-01;
-8.946243238276456e-02 2.585296745697647e-01;
-2.686244820009222e-01 5.178809815706072e-02;
2.735217436196340e-01 5.193766288960843e-03;
-8.946243238276456e-02 2.585296745697647e-01;

-2.938597594632245e-02 -2.890625516287253e-01;
2.938597594632249e-02 2.890625516287253e-01;
-2.356425250200656e-01 1.699802774988765e-01;
2.658340573796964e-01 -1.172729648021044e-01;
-2.890625516287253e-01 2.938597594632250e-02;

-1.867828475696273e-01 -3.312081946155619e-01;
1.867828475696273e-01 3.312081946155619e-01;
-1.934432866938431e-01 3.273627882942748e-01;
3.457897901750164e-01 1.581648549376146e-01;
-1.867828475696273e-01 -3.312081946155619e-01;

4.616360912265661e-02 -4.258384544133547e-01;
-4.616360912265655e-02 4.258384544133547e-01;
-3.918687239915949e-01 1.729403689760818e-01;
2.129544190612790e-01 3.716448351136570e-01;
4.258384544133547e-01 4.616360912265658e-02;

1.477029630102005e-02 -2.579207682397394e-01;
-1.477029630102002e-02 2.579207682397394e-01;
-2.307510856097229e-01 1.161689323017631e-01;
1.396526031117851e-01 2.173440470459210e-01;
-1.477029630102002e-02 2.579207682397394e-01;

-8.037861961435218e-02 -2.330949539676450e-01;
8.037861961435221e-02 2.330949539676450e-01;
-1.616768418227687e-01 1.861574034909778e-01;
2.020374455783851e-01 1.413324118539282e-01;
-2.330949539676450e-01 8.037861961435222e-02;

-3.221525735495872e-01 -2.422502769980293e-01;
3.221525735495872e-01 2.422502769980293e-01;
-4.871860717931664e-02 4.001174510874919e-01;
1.182357666000331e-01 3.853411227039577e-01;
-3.221525735495872e-01 -2.422502769980293e-01;

-1.752297146612329e-01 -6.066875092966194e-01;
1.752297146612329e-01 6.066875092966194e-01;
-4.377919378789635e-01 4.550971390428361e-01;
-2.148381536341953e-01 5.938179473372648e-01;
6.066875092966194e-01 -1.752297146612329e-01;

-4.885954518674235e-02 -3.187937908378404e-01;
4.885954518674240e-02 3.187937908378404e-01;
-2.516537488409413e-01 2.017105027679929e-01;
-1.478540863833887e-01 2.866285145835102e-01;
4.885954518674240e-02 3.187937908378404e-01;

-1.518095302654214e-01 -2.288266014319119e-01;
1.518095302654214e-01 2.288266014319119e-01;
-1.222648847689815e-01 2.458842104623935e-01;
-1.168441176108166e-02 2.743560123709419e-01;
-2.288266014319119e-01 1.518095302654215e-01;

-5.967791033427801e-01 -2.438611287086877e-01;
5.967791033427801e-01 2.438611287086876e-01;
8.719961921412010e-02 6.387564282968902e-01;
-4.163406003502505e-01 4.922134219844891e-01;
-5.967791033427801e-01 -2.438611287086877e-01;

2.741463417275717e-01 -1.572809473688102e+00;
-2.741463417275716e-01 1.572809473688102e+00;
-1.499166130390514e+00 5.489870405534046e-01;
-1.411114820302279e+00 -7.467535210020249e-01;
1.572809473688102e+00 2.741463417275716e-01;

1.652783120420472e-02 -4.622622979213866e-01;
-1.652783120420466e-02 4.622622979213866e-01;
-4.085948088137935e-01 2.168176272683911e-01;
-4.345301899534466e-01 -1.585658074835085e-01;
-1.652783120420466e-02 4.622622979213866e-01;

-2.192448365648746e-01 -3.185336463190975e-01;
2.192448365648746e-01 3.185336463190975e-01;
-1.662358113899885e-01 3.491384212732976e-01;
-3.706938804185376e-01 1.100819204862700e-01;
-3.185336463190975e-01 2.192448365648746e-01;

-3.272798921890432e-01 2.492796819532618e-01;
2.492796819532619e-01 3.272798921890431e-01;
-3.272798921890432e-01 2.492796819532618e-01;
-3.272798921890432e-01 2.492796819532618e-01;
-3.272798921890432e-01 2.492796819532618e-01;

-1.747425555294901e-01 6.459610016100618e-01;
6.459610016100618e-01 1.747425555294899e-01;
-1.747425555294901e-01 6.459610016100618e-01;
-1.747425555294901e-01 6.459610016100618e-01;
-6.459610016100618e-01 -1.747425555294900e-01;

-2.248412919358960e+00 -5.396585919115160e-01;
-5.396585919115156e-01 2.248412919358960e+00;
-2.248412919358960e+00 -5.396585919115160e-01;
-2.248412919358960e+00 -5.396585919115160e-01;
2.248412919358960e+00 5.396585919115158e-01;

-5.085108886133457e-01 -1.828661757435935e-02;
-1.828661757435925e-02 5.085108886133457e-01;
-5.085108886133457e-01 -1.828661757435935e-02;
-5.085108886133457e-01 -1.828661757435935e-02;
-1.828661757435925e-02 5.085108886133457e-01;

-5.154260267727437e-01 1.172752541701202e-01;
1.172752541701203e-01 5.154260267727437e-01;
-5.154260267727437e-01 1.172752541701202e-01;
-2.708107962945977e-01 -4.539592348721296e-01;
-5.154260267727437e-01 1.172752541701202e-01;

-1.242779468106322e+00 1.606774132243926e+00;
1.606774132243926e+00 1.242779468106322e+00;
-1.242779468106322e+00 1.606774132243926e+00;
-1.912172984590188e+00 -6.854329984749101e-01;
-1.606774132243926e+00 -1.242779468106322e+00;

-2.299325670523630e-01 -8.004666588321141e-01;
-8.004666588321141e-01 2.299325670523631e-01;
-2.299325670523630e-01 -8.004666588321141e-01;
6.902359611798543e-01 -4.660366672132786e-01;
2.299325670523631e-01 8.004666588321141e-01;

-3.923938568369999e-01 -2.351787561638036e-01;
-2.351787561638035e-01 3.923938568370000e-01;
-3.923938568369999e-01 -2.351787561638036e-01;
1.024119182928113e-01 -4.458629668695936e-01;
-2.351787561638035e-01 3.923938568370000e-01;

-3.547689924427834e-01 1.209206208114997e-03;
1.209206208115062e-03 3.547689924427834e-01;
-3.547689924427834e-01 1.209206208114997e-03;
2.863033903873786e-01 -2.095062501005967e-01;
-3.547689924427834e-01 1.209206208114997e-03;

-7.839543444104727e-01 -1.272559662749801e-02;
-1.272559662749786e-02 7.839543444104727e-01;
-7.839543444104727e-01 -1.272559662749801e-02;
6.417123054664091e-01 -4.505015781798838e-01;
1.272559662749796e-02 -7.839543444104727e-01;

-3.145116959826436e-01 -3.768087251781648e-01;
-3.768087251781648e-01 3.145116959826437e-01;
-3.145116959826436e-01 -3.768087251781648e-01;
4.759279185744983e-01 1.199793257258026e-01;
3.145116959826437e-01 3.768087251781648e-01;

-2.721235364611843e-01 -1.465055471101807e-01;
-1.465055471101807e-01 2.721235364611843e-01;
-2.721235364611843e-01 -1.465055471101807e-01;
3.062663655369131e-01 -4.142472415122161e-02;
-1.465055471101807e-01 2.721235364611843e-01;

-2.705383341404852e-01 6.237969272739553e-02;
6.237969272739558e-02 2.705383341404852e-01;
-2.705383341404852e-01 6.237969272739553e-02;
2.555359733772397e-01 1.085522114672001e-01;
-2.705383341404852e-01 6.237969272739553e-02;

-4.395855927534582e-01 1.741442664561662e-01;
1.741442664561663e-01 4.395855927534582e-01;
-4.395855927534582e-01 1.741442664561662e-01;
4.579916466141578e-01 1.174962575047301e-01;
-1.741442664561663e-01 -4.395855927534582e-01;

-4.368108577437968e-01 -1.672561706710086e-01;
-1.672561706710085e-01 4.368108577437969e-01;
-4.368108577437968e-01 -1.672561706710086e-01;
2.550766967668975e-01 3.920640647099518e-01;
4.368108577437968e-01 1.672561706710086e-01;

-2.708328571323163e-01 -5.616975806596013e-02;
-5.616975806596008e-02 2.708328571323163e-01;
-2.708328571323163e-01 -5.616975806596013e-02;
1.860926286391585e-01 2.046338481039009e-01;
-5.616975806596008e-02 2.708328571323163e-01;

-2.529179583379735e-01 1.462809000687489e-01;
1.462809000687490e-01 2.529179583379735e-01;
-2.529179583379735e-01 1.462809000687489e-01;
6.096545591085516e-02 2.857425564391027e-01;
-2.529179583379735e-01 1.462809000687489e-01;

-2.927709072119628e-01 3.472210371635820e-01;
3.472210371635821e-01 2.927709072119627e-01;
-2.927709072119628e-01 3.472210371635820e-01;
2.397556442021191e-01 3.857388803736230e-01;
-3.472210371635820e-01 -2.927709072119628e-01;

-6.834795356893645e-01 6.592332842947131e-02;
6.592332842947143e-02 6.834795356893645e-01;
-6.834795356893645e-01 6.592332842947131e-02;
-1.485099807567976e-01 6.703990949822238e-01;
6.834795356893645e-01 -6.592332842947139e-02;

-3.330291460977932e-01 1.892947846716466e-02;
1.892947846716473e-02 3.330291460977932e-01;
-3.330291460977932e-01 1.892947846716466e-02;
-8.490866192012947e-02 3.225790700535255e-01;
1.892947846716473e-02 3.330291460977932e-01;

-2.405882051334410e-01 7.181692766295998e-01;
7.181692766295998e-01 2.405882051334408e-01;
-5.016587352120070e-01 -5.674401358112613e-01;
-2.405882051334410e-01 7.181692766295998e-01;
-2.405882051334410e-01 7.181692766295998e-01;

4.078781801074507e-01 4.432814819205007e-01;
4.432814819205006e-01 -4.078781801074507e-01;
-5.878321144240912e-01 1.315921246621668e-01;
4.078781801074507e-01 4.432814819205007e-01;
-4.432814819205007e-01 4.078781801074507e-01;

8.414350542977037e-01 -2.475902375575999e-01;
-2.475902375576001e-01 -8.414350542977037e-01;
-2.062980916949461e-01 8.524992514353499e-01;
8.414350542977037e-01 -2.475902375575999e-01;
-8.414350542977037e-01 2.475902375576000e-01;

-1.565706829186977e+00 -1.014976552732501e+00;
-1.014976552732501e+00 1.565706829186978e+00;
1.661848893505390e+00 -8.484536125884551e-01;
-1.565706829186977e+00 -1.014976552732501e+00;
-1.014976552732501e+00 1.565706829186978e+00;

-2.222152504805669e+00 1.337304294468733e+00;
1.337304294468733e+00 2.222152504805669e+00;
-4.706323919711402e-02 -2.593092667479298e+00;
-1.958534851601790e+00 -1.700142866255592e+00;
-2.222152504805669e+00 1.337304294468733e+00;

8.087369385146066e-01 1.123401874591547e-01;
1.123401874591546e-01 -8.087369385146066e-01;
-5.016579254628372e-01 6.442166400029256e-01;
1.430715906549323e-01 8.038695624190557e-01;
-1.123401874591547e-01 8.087369385146066e-01;

3.595681635054892e-01 -4.179869195003385e-01;
-4.179869195003386e-01 -3.595681635054891e-01;
1.822032089841498e-01 5.203886237380395e-01;
5.086418566763207e-01 2.128045834021390e-01;
-3.595681635054891e-01 4.179869195003386e-01;

-1.860927633469985e-01 -6.937784889799813e-01;
-6.937784889799813e-01 1.860927633469986e-01;
6.938761777293453e-01 1.857281839710441e-01;
6.023167264053987e-01 -3.913740786431213e-01;
-6.937784889799813e-01 1.860927633469986e-01;

-7.470222486273727e-01 -1.210024343732908e-01;
-1.210024343732907e-01 7.470222486273727e-01;
4.783023064007154e-01 -5.864390273168344e-01;
6.754771407318398e-01 -3.411956351087994e-01;
-7.470222486273727e-01 -1.210024343732908e-01;

2.069435114428479e+00 -2.091660283818408e+00;
-2.091660283818409e+00 -2.069435114428479e+00;
7.767133846594718e-01 2.838013522487823e+00;
-4.447611086945539e-01 2.908572156905465e+00;
2.091660283818408e+00 2.069435114428479e+00;

6.462056973033091e-02 -5.526516563499270e-01;
-5.526516563499270e-01 -6.462056973033081e-02;
4.463000889774189e-01 3.322888831684537e-01;
2.725613541594660e-01 4.850875998387801e-01;
-6.462056973033084e-02 5.526516563499270e-01;

-2.746001390494153e-01 -3.610112747036203e-01;
-3.610112747036203e-01 2.746001390494153e-01;
4.499450044706453e-01 -5.730505894772281e-02;
4.343532823307954e-01 1.306583443854826e-01;
-3.610112747036203e-01 2.746001390494153e-01;

-4.610550831240293e-01 1.359429073797039e-01;
1.359429073797040e-01 4.610550831240293e-01;
1.127975303068760e-01 -4.672568682192074e-01;
4.529066337018453e-01 1.610212560198648e-01;
-4.610550831240293e-01 1.359429073797039e-01;

-8.764274253603047e-01 1.082062124757587e+00;
1.082062124757587e+00 8.764274253603045e-01;
-4.988795758328846e-01 -1.300039477314207e+00;
1.345064840449535e+00 -3.602555325669030e-01;
-1.082062124757587e+00 -8.764274253603046e-01;

-4.007128616514038e-01 -8.186860165438612e-01;
-8.186860165438611e-01 4.007128616514040e-01;
9.093593188757728e-01 6.231549045865552e-02;
-1.570280518419504e-01 8.978640109237223e-01;
4.007128616514039e-01 8.186860165438612e-01;

-4.038668967498847e-01 -1.904115754662368e-01;
-1.904115754662367e-01 4.038668967498848e-01;
3.668347099033211e-01 -2.545532045998688e-01;
2.148140670112997e-01 3.914332062766025e-01;
-1.904115754662367e-01 4.038668967498848e-01;

-3.348158141634084e-01 3.450328805585703e-01;
3.450328805585703e-01 3.348158141634083e-01;
-1.313993326229397e-01 -4.624754409335664e-01;
2.246819928293383e-01 4.250497855295163e-01;
-3.348158141634084e-01 3.450328805585703e-01;

4.422296238039303e-02 6.809466552576970e-01;
6.809466552576970e-01 -4.422296238039315e-02;
-6.118285832654066e-01 -3.021751187768245e-01;
6.612844006493678e-01 1.683655521956586e-01;
-6.809466552576970e-01 4.422296238039307e-02;

6.012376390950521e+00 -7.538601107257458e+00;
-7.538601107257459e+00 -6.012376390950520e+00;
3.522431872407198e+00 8.976171245305679e+00;
-5.311709225424643e+00 -8.047665600988980e+00;
-6.012376390950521e+00 7.538601107257459e+00;

-6.754320603163156e-01 -2.318921398464154e-02;
-2.318921398464141e-02 6.754320603163156e-01;
3.577984785626506e-01 -5.733467157720719e-01;
-2.307742382512819e-01 6.352082010710418e-01;
-2.318921398464141e-02 6.754320603163156e-01;

-7.300649093549167e-01 2.720667923244273e-02;
2.720667923244286e-02 7.300649093549167e-01;
3.885941300453686e-01 6.186514182967198e-01;
-7.300649093549167e-01 2.720667923244273e-02;
-7.300649093549167e-01 2.720667923244273e-02;

5.616563260951586e+00 6.609602709834196e-01;
6.609602709834186e-01 -5.616563260951586e+00;
-2.235873244911908e+00 -5.194566601438149e+00;
5.616563260951586e+00 6.609602709834196e-01;
-6.609602709834193e-01 5.616563260951586e+00;

6.209617307049684e-02 -6.507649036597600e-01;
-6.507649036597600e-01 -6.209617307049672e-02;
-5.946270249959333e-01 2.716055884730349e-01;
6.209617307049684e-02 -6.507649036597600e-01;
-6.209617307049677e-02 6.507649036597600e-01;

-3.343000279991657e-01 -3.568546772579252e-01;
-3.568546772579252e-01 3.343000279991658e-01;
-1.418952019650772e-01 4.679396553620893e-01;
-3.343000279991657e-01 -3.568546772579252e-01;
-3.568546772579252e-01 3.343000279991658e-01;

-4.844641268267064e-01 -3.796510035111262e-01;
-3.796510035111261e-01 4.844641268267064e-01;
-8.655535019953692e-02 6.093837428097371e-01;
2.113619124527787e-01 -5.780713767462217e-01;
-4.844641268267064e-01 -3.796510035111262e-01;

2.329662292207288e-01 -9.088560592391252e-01;
-9.088560592391252e-01 -2.329662292207286e-01;
-9.035755502948614e-01 2.526733568905433e-01;
9.363640014583587e-01 -5.928791736844918e-02;
9.088560592391252e-01 2.329662292207287e-01;

3.502719156613464e-02 -3.850269694535392e-01;
-3.850269694535392e-01 -3.502719156613457e-02;
-3.509567324719672e-01 1.621790470072731e-01;
3.770064057073260e-01 -8.566703806733642e-02;
-3.502719156613459e-02 3.850269694535392e-01;

-1.597684210067676e-01 -3.106719090559275e-01;
-3.106719090559275e-01 1.597684210067677e-01;
-1.891655549812581e-01 2.936994658423520e-01;
2.460953862819526e-01 -2.479516974698636e-01;
-3.106719090559275e-01 1.597684210067677e-01;

-3.186585425542134e-01 -1.997563017927064e-01;
-1.997563017927063e-01 3.186585425542134e-01;
-1.366476064140784e-02 3.758445438812266e-01;
3.752139845753483e-01 -2.569654894658994e-02;
-3.186585425542134e-01 -1.997563017927064e-01;

-2.745160798484650e-01 -5.582149908358616e-01;
-5.582149908358616e-01 2.745160798484652e-01;
-3.461703229129209e-01 5.168453943140191e-01;
5.501987130484958e-01 2.902489108489967e-01;
5.582149908358616e-01 -2.745160798484651e-01;

-7.816611511309654e-02 -3.155312897577305e-01;
-3.155312897577305e-01 7.816611511309660e-02;
-2.341750550625149e-01 2.254594862819457e-01;
2.487023542671806e-01 2.093252859785758e-01;
7.816611511309658e-02 3.155312897577305e-01;

-1.636795648971535e-01 -2.118926266704743e-01;
-2.118926266704743e-01 1.636795648971535e-01;
-1.016646151226660e-01 2.476969746165558e-01;
2.569669106601138e-01 7.521630161096433e-02;
-2.118926266704743e-01 1.636795648971535e-01;

-3.255872214744399e-01 -6.775090302458256e-02;
-6.775090302458250e-02 3.255872214744399e-01;
1.041196075885956e-01 3.158422564567465e-01;
2.235826136967946e-01 2.461869990486952e-01;
-3.255872214744399e-01 -6.775090302458256e-02;

-5.897686101892715e-01 -2.707436015670258e-01;
-2.707436015670257e-01 5.897686101892715e-01;
6.041346822549938e-02 6.461263995620640e-01;
3.179937322383674e-01 5.656934661202857e-01;
2.707436015670258e-01 -5.897686101892715e-01;

-2.095667478695855e-01 -3.202416598519461e-01;
-3.202416598519461e-01 2.095667478695856e-01;
-1.725540388470875e-01 3.416109573695226e-01;
-1.869026434825197e-02 3.822611888957032e-01;
2.095667478695856e-01 3.202416598519461e-01;

-2.204023591188716e-01 -1.597727894806579e-01;
-1.597727894806579e-01 2.204023591188716e-01;
-2.816611496431697e-02 2.707604367912926e-01;
8.439716475313658e-02 2.588081581890853e-01;
-1.597727894806579e-01 2.204023591188716e-01;

-4.111112859647214e-01 5.003609931230914e-02;
5.003609931230922e-02 4.111112859647214e-01;
2.488881760931017e-01 3.310147677717829e-01;
-7.945321564147453e-02 4.064520724589648e-01;
-4.111112859647214e-01 5.003609931230914e-02;

-1.071186044816193e+00 3.281070859126479e-01;
3.281070859126481e-01 1.071186044816193e+00;
8.197420939701331e-01 7.636207840338745e-01;
-1.896630988564968e-02 1.120149133608721e+00;
-3.281070859126480e-01 -1.071186044816193e+00;

-3.644935276696610e-01 -5.287444084285520e-01;
-5.287444084285519e-01 3.644935276696611e-01;
-2.756593259732700e-01 5.800328586912088e-01;
-6.155005094802007e-01 1.832629367524884e-01;
3.644935276696611e-01 5.287444084285520e-01;

-3.254414415373500e-01 -1.678304116636470e-01;
-1.678304116636470e-01 3.254414415373501e-01;
1.737532074035673e-02 3.657557616473968e-01;
-2.601831427541316e-01 2.576507542695747e-01;
-1.678304116636470e-01 3.254414415373501e-01;

