5
0
0
52
-9.286672738928206e-02 -7.946195889892375e-02
-8.040116122091616e-02 -6.879572423803886e-02
4.666584660860256e-01 3.992990481566416e-01
-7.207514913222939e-02 -6.167152325688607e-02
5.356614691502323e-01 4.583418716471891e-01
1.309227883336068e-16
2.785848318699836e+03
2.858309944062127e-16
6.103515625000000e-06
1.995583619090992e-12
0.000000000000000e+00
1
1
2
52
-3.938512477052422e-01 7.821910154005350e-01
-2.563534838606101e-01 5.091196054619643e-01
1.253491530197677e-01 -2.489441936553349e-01
-1.746014806778884e-01 2.165449098963056e-01
-6.999157574772556e-02 2.692184138970823e-01
1.962615573354719e-16
3.252027974896006e+01
4.182478559624184e-16
9.765625000000001e-05
1.237913634317716e-12
0.000000000000000e+00
1
1
22
52
-9.004847796715796e-01 5.612890445804537e-01
-5.848333236325164e-01 3.645375745053992e-01
6.589123055726415e-01 -4.107123927092450e-01
-1.943636471292731e-01 1.211505049959317e-01
-8.780501108227430e-02 5.473050949036640e-02
2.482534153247273e-16
3.522763186916395e+01
1.538333906817977e-15
6.103515625000000e-06
2.847522625610973e-14
0.000000000000000e+00
1
1
28
52
-9.969253222495360e-01 6.829496942198789e-01
-6.474680780692987e-01 4.435519051083729e-01
7.294808056686607e-01 -4.997352179263643e-01
-9.720879346816513e-02 6.659346923274333e-02
-2.151796964504106e-01 1.474101465910498e-01
4.002966042486721e-16
3.414192805834526e+01
6.775900028879068e-16
6.103515625000000e-06
2.748038879386193e-14
0.000000000000000e+00
1
1
30
52
-8.219248456430041e-01 6.179675988656677e-01
-4.285455627657282e-01 3.222037560133554e-01
7.482558327493410e-01 -5.625792464511769e-01
-2.608324109070755e-01 -4.033605395653598e-01
3.150537068656761e-01 3.625940336633411e-01
2.618455766672135e-16
7.203977418578929e+00
2.347872260200271e-16
9.765625000000001e-05
4.374386497499069e-13
0.000000000000000e+00
1
1
37
52
1.485938727977857e-02 -3.661875587134057e-02
1.419785674122059e-02 -3.498851198328171e-02
-4.208714426850061e-02 1.037175243010793e-01
-3.681415877610160e-01 9.072303369268836e-01
1.469573852413334e-02 -3.621546778687655e-02
2.327375768669319e-17
3.371406163422935e+06
1.060101027086991e-12
2.328306436538696e-11
5.788351039285227e-12
0.000000000000000e+00
1
1
41
52
4.486782481306575e-02 6.269068031246422e-02
2.939821244740082e-02 4.107607056897537e-02
-1.071431938307695e-01 -1.497037072799030e-01
1.242568110756497e-02 1.736153703069960e-02
7.315956160678664e-01 1.022207496708309e+00
2.224778631027185e-16
3.319345291347641e+05
4.099682539804514e-16
9.536743164062501e-08
8.702776667940269e-14
0.000000000000000e+00
1
1
44
52
-2.984629250483352e-02 -3.126152637992190e-02
-2.851755440929898e-02 -2.986978296593394e-02
8.453546535123324e-02 8.854391813283252e-02
-2.951759061841121e-02 -3.091723830153303e-02
7.394424349187485e-01 7.745048796899162e-01
2.220446049250313e-16
1.845372968139154e+06
4.621198403779518e-16
2.384185791015625e-08
1.428552945228606e-14
0.000000000000000e+00
1
1
48
52
-5.038043308872365e-01 8.154095229112607e-01
-3.279207471336078e-01 5.307411698943245e-01
1.603433949552152e-01 -2.595164891737852e-01
-1.019122890083005e-01 2.868857826434238e-01
-2.109648234806092e-01 2.195071984870571e-01
1.777223989483337e-16
2.051582311146805e+01
3.087119956035312e-16
9.765625000000001e-05
1.238895107940783e-12
0.000000000000000e+00
1
1
51
52
-8.707727171340104e-02 -8.177701736766667e-02
-5.721215599055367e-02 -5.372974350275984e-02
4.670270163735094e-01 4.385998283782729e-01
-2.447018442915013e-02 -2.298072341585149e-02
4.807383897437191e-01 4.514766123675645e-01
2.775557561562891e-17
4.109218641422788e+03
3.596845486987301e-16
6.103515625000000e-06
1.765286785253681e-12
0.000000000000000e+00
1
1
55
52
5.229024745289768e-03 -1.421682084075354e-01
4.527129074031726e-03 -1.230848697483246e-01
-2.627602732821650e-02 7.144000863038497e-01
-3.016136302018644e-02 8.200356954844703e-01
4.058318290392995e-03 -1.103387091469468e-01
4.388541835720877e-17
2.314466452569694e+03
4.069750226585238e-15
9.536743164062501e-08
1.183558901945231e-13
0.000000000000000e+00
1
1
58
52
-8.835075179751661e-01 -2.924452837135154e-01
-4.606543146925029e-01 -1.524788176821046e-01
8.043188584786375e-01 2.662334524362560e-01
-1.071234680392160e-01 4.213179525027780e-01
1.654072915149540e-01 -4.020257235794359e-01
2.001483021243360e-16
1.538643435555187e+01
4.137554015287373e-16
9.765625000000001e-05
1.164613924797045e-12
0.000000000000000e+00
1
1
61
52
-1.505050050932384e-01 5.368115109322370e-01
4.790050818321201e-02 -1.708484322918193e-01
-9.796206719899896e-02 3.494047608221536e-01
-1.083751287331770e-02 1.767520034308505e-01
-8.263046372341558e-02 1.566235259051205e-01
6.206335383118183e-17
1.194019723208945e+02
2.390537732165364e-16
9.765625000000001e-05
6.013108215031905e-14
0.000000000000000e+00
1
1
84
52
-2.131750152850074e-01 -2.613764445479480e-01
1.206215120458506e+00 5.142132610072142e-01
2.611767361034562e-01 1.284973504449312e+00
9.506603445308663e-01 1.165616057275736e+00
-5.247479495057622e-01 -6.433997583735059e-01
3.723801229870910e-16
5.831444518952034e+02
1.264951613813056e-15
1.525878906250000e-06
8.730617673852193e-15
0.000000000000000e+00
1
1
86
52
8.978956627217538e-03 -4.931176928795711e-01
-4.815740366278871e-02 2.644769183680010e+00
5.899420791220023e-03 -3.239918501303511e-01
-4.957124936980453e-02 2.722416549858209e+00
2.523238502148619e-03 -1.385744023969371e-01
5.294626133970448e-15
1.318810667565606e+04
2.016912892248143e-14
3.814697265625000e-07
6.736314708858911e-12
0.000000000000000e+00
1
1
95
52
-1.524775510621828e-01 -2.238996906925814e-01
8.909358425062907e-01 1.308259859726771e+00
2.026237187355807e-01 2.975348674991218e-01
7.236627662181032e-01 1.062634259228715e+00
1.443313211802917e-01 2.119376783297116e-01
2.897767167584095e-16
1.263706939015391e+03
2.014742721559014e-15
1.525878906250000e-06
2.317145995944349e-12
0.000000000000000e+00
1
1
102
52
-1.677690660574866e-01 8.759763298745053e-02
1.576780490815624e-01 -3.071912834103073e-01
3.421915139741146e-01 4.619328446368084e-02
-4.707502686580359e-01 2.457938774512849e-01
1.883994579184490e-01 -9.836942505312615e-02
1.821377042022605e-16
8.443924899615032e+02
8.064385363118414e-16
6.103515625000000e-06
1.431379766792273e-13
0.000000000000000e+00
1
1
115
52
-6.877580483549039e-03 -1.377318971835215e-01
-4.518759025403142e-03 -9.049363434896975e-02
3.688696062587177e-02 7.387061598897523e-01
3.796991915268486e-02 7.603937188831729e-01
-1.932716305268594e-03 -3.870498994215389e-02
5.215722429776119e-17
4.151502906757210e+03
1.907810211454452e-15
9.536743164062501e-08
1.201439182782748e-13
0.000000000000000e+00
1
1
120
52
-1.895675931971400e-01 5.335560911966388e-01
1.387124165951368e-01 -3.904193409364737e-01
-1.231175119061252e-01 3.465259926688716e-01
-1.848447080647570e-02 5.202630800447589e-02
-4.091690345366235e-02 1.151645315658081e-01
7.076311083754595e-17
2.494718591463624e+02
7.532518974705441e-16
6.103515625000000e-06
1.892592947852112e-14
0.000000000000000e+00
1
1
122
52
-2.098967506472176e-01 5.022600363889564e-01
1.535878840191006e-01 -3.675190586727594e-01
-1.363205876122062e-01 3.262003012602532e-01
-4.530481680240670e-02 1.084094864051370e-01
-2.046673850882227e-02 4.897467348354317e-02
1.430489624538199e-17
2.700362253641123e+02
1.002062374542167e-15
6.103515625000000e-06
1.905257273369059e-14
0.000000000000000e+00
1
1
124
52
-1.228013235542332e-01 5.081250880698954e-01
3.908338995221287e-02 -1.617185416797867e-01
-7.993004287593795e-02 3.307330808843423e-01
-7.210981335153095e-02 1.495685147837699e-01
-4.153372905326630e-03 1.659919133262965e-01
1.962615573354719e-17
1.556049512994863e+02
1.173234909620951e-16
9.765625000000001e-05
6.022988687345362e-14
0.000000000000000e+00
1
1
130
52
-1.798297176048898e-01 4.807827589108665e-01
1.637116043064235e-01 -4.376902651713120e-01
-9.376189069050492e-02 2.506765905395287e-01
-2.180899838210990e-01 -9.965026591721952e-02
2.299531126607902e-01 6.793366262813794e-02
3.069039122309917e-17
8.420912426944790e+01
1.506693657340273e-16
9.765625000000001e-05
6.047370120762303e-13
0.000000000000000e+00
1
1
136
52
3.313686290577678e-02 5.636669584357353e-02
-7.912996317627118e-02 -1.346021975330828e-01
2.171187347733294e-02 3.693248126628261e-02
9.176912254778612e-03 1.561017478688637e-02
5.403155542554530e-01 9.190913030261403e-01
2.775557561562891e-17
6.264011969424216e+05
2.703024025903203e-16
9.536743164062501e-08
1.036413262938192e-13
0.000000000000000e+00
1
1
138
52
-5.537752715457297e-01 5.401976438364735e-01
5.041404687581600e-01 -4.917798019864894e-01
-2.887343491905898e-01 2.816550740737330e-01
2.699719268674528e-01 2.402144718900079e-01
-2.334401039736636e-01 -2.758505966255753e-01
1.154815284367108e-16
3.357353192640423e+01
4.196500642157329e-16
9.765625000000001e-05
1.280247875305141e-12
0.000000000000000e+00
1
1
146
52
-1.523214495374434e-01 -5.378826774365759e-02
8.900237315595226e-01 3.142882037737229e-01
2.024162792061369e-01 7.147792418387063e-02
1.441835594990021e-01 5.091458836635808e-02
7.229219039704025e-01 2.552806387189492e-01
5.551115123125783e-17
8.208095001138738e+02
1.045036585444300e-15
3.814697265625000e-07
5.545648052026704e-15
0.000000000000000e+00
1
1
147
52
1.568961372294114e-01 -3.163639790599841e-01
-1.111924141249004e+00 8.052083899164102e-01
3.192837444368888e-02 1.372485492087073e+00
-6.996830077608273e-01 1.410834608963071e+00
3.862128316793352e-01 -7.787561271533592e-01
6.753223014464259e-16
8.431660589590781e+02
2.149514430486651e-15
1.525878906250000e-06
4.951395542680039e-15
0.000000000000000e+00
1
1
157
52
-2.119057402275810e-01 1.709201820921711e-01
4.956986063483945e-01 -3.145269431211154e-02
1.356766064113579e-01 -4.778056495981697e-01
-5.945952164276369e-01 4.795921174848756e-01
2.379635741371067e-01 -1.919380634952914e-01
5.553824967135427e-17
3.327552362617299e+02
9.112451881438588e-16
6.103515625000000e-06
1.908192013487122e-13
0.000000000000000e+00
1
1
163
52
-2.208507252585331e-02 4.728638266652251e-02
5.273857639106441e-02 -1.129186468188360e-01
-1.447054000805540e-02 3.098289541095486e-02
-3.601097737148679e-01 7.710315889557240e-01
-6.116232948396288e-03 1.309547574890044e-02
4.885025661874571e-17
1.740691440920301e+06
2.876592565745069e-13
9.313225746154786e-11
2.109411131715420e-12
0.000000000000000e+00
1
1
166
52
-1.713888595878136e-01 -6.364450421162240e-03
8.612348530838091e-01 3.198157999657159e-02
-1.483832123579185e-01 -5.510145762425685e-03
-1.330172599128336e-01 -4.939537831747624e-03
9.885823577905750e-01 3.671057394585268e-02
1.110223024625157e-16
7.641837192989486e+02
1.095517399606205e-15
3.814697265625000e-07
8.191635104002931e-14
0.000000000000000e+00
1
1
171
52
-8.369773020418518e-02 -8.145581029605553e-02
1.112238832900922e-01 1.082446503097088e-01
4.890510587025325e-01 4.759513808268919e-01
7.922611490025290e-02 7.710397127932876e-02
3.972317927708331e-01 3.865915775322312e-01
1.211825722864170e-16
1.880239362205973e+03
4.054783464391138e-16
1.525878906250000e-06
5.863197006355355e-15
0.000000000000000e+00
1
1
173
52
-2.998572486899201e-01 5.353860946110344e-01
-1.171481511218690e-01 -1.113399943775875e+00
1.010575738245396e+00 -4.817881291409821e-01
3.367303903732826e-01 -6.012219795467661e-01
-8.413820479364842e-01 1.502262328786888e+00
4.002966042486721e-16
6.692240114927795e+01
3.263179061451919e-16
2.441406250000000e-05
8.273879047119177e-13
0.000000000000000e+00
1
1
178
52
-1.739073207926551e-01 -1.571925571657638e-02
9.327280880207550e-01 8.430807433985171e-02
-1.142618799293112e-01 -1.032798217509799e-02
-4.887089512154211e-02 -4.417376416427143e-03
9.601119065566565e-01 8.678326195185208e-02
1.110223024625157e-16
1.064250269593486e+03
3.650762253193699e-16
3.814697265625000e-07
8.162115042447075e-14
0.000000000000000e+00
1
1
183
52
-1.758687286231629e-01 -2.308141360979502e-02
5.635700410562147e-01 3.973779531102216e-01
6.470237044655424e-01 -2.384968650818270e-01
-4.329154361912719e-01 -5.681681057811166e-02
7.842918454659072e-01 1.029322530373023e-01
1.110223024625157e-16
3.306208127478827e+02
3.315696316757945e-16
6.103515625000000e-06
1.402792589948043e-12
0.000000000000000e+00
1
1
185
52
-1.142879276331315e-01 -6.476554472119288e-03
4.050593001785571e-01 -1.843202580024969e-01
3.816425283072257e-01 2.289016705018077e-01
-2.813291961000580e-01 -1.594257504596969e-02
5.096704250926013e-01 2.888238801158830e-02
1.110223024625157e-16
1.052924394934065e+03
3.150268852474176e-16
6.103515625000000e-06
8.526475261433165e-13
0.000000000000000e+00
1
1
187
52
-3.671730639073314e-02 -3.141061052410314e-02
1.039966549172486e-01 8.896617820090663e-02
-3.508267509577816e-02 -3.001222997815711e-02
-3.631293295396453e-02 -3.106468055872210e-02
9.096719278223458e-01 7.781984420499097e-01
5.551115123125783e-17
1.775568370318188e+06
1.013454942928950e-15
2.384185791015625e-08
2.518665176862805e-14
0.000000000000000e+00
1
1
216
52
1.576526833987367e-01 -4.672343709866776e-01
-7.922101001880607e-01 2.347868617716320e+00
1.364908527649348e-01 -4.045171725733600e-01
-9.093511786072692e-01 2.695038972904451e+00
1.223564239475034e-01 -3.626270453938173e-01
6.061913187035679e-15
5.729810381180398e+03
1.505949237502835e-14
3.814697265625000e-07
6.768249601014756e-12
0.000000000000000e+00
1
1
223
52
-2.906886058348460e-02 5.150871117434665e-02
-1.904644458690813e-02 3.374944161666261e-02
6.941567987554728e-02 -1.230014570200201e-01
-4.739844433192242e-01 8.398790768542023e-01
-8.050320987832326e-03 1.426480606048545e-02
1.351303936397045e-16
1.120695275259403e+06
2.378149934707121e-13
9.313225746154786e-11
2.654783760465891e-12
0.000000000000000e+00
1
1
233
52
3.805925494293005e-01 4.746115052812057e-01
-6.713469357911908e-02 -1.107890113827266e+00
-1.066844506855137e+00 -3.062194794443620e-01
-4.273936291432370e-01 -5.329740006193950e-01
1.067920619118777e+00 1.331732356087419e+00
3.608224830031759e-16
5.970340801362315e+01
1.001512386658510e-15
2.441406250000000e-05
7.680443946259618e-13
0.000000000000000e+00
1
1
237
52
1.945143476377475e-02 -4.016850007594340e-02
-5.509347900541463e-02 1.137716802122282e-01
1.858546917091527e-02 -3.838022381741193e-02
-4.819096469718383e-01 9.951753135977166e-01
1.923721307108368e-02 -3.972611810344281e-02
1.325673818951462e-16
3.274487865149818e+06
5.396771903057540e-13
2.328306436538696e-11
7.988603356789980e-12
0.000000000000000e+00
1
1
238
52
-4.392163182920288e-02 -1.286490884936627e-01
5.836639106656878e-02 1.709586528701402e-01
2.566368346383240e-01 7.517046492832554e-01
2.084533058467855e-01 6.105722094972158e-01
4.157508502820810e-02 1.217759124643751e-01
2.644984030762121e-16
1.474012605324300e+03
5.774391286718269e-16
3.814697265625000e-07
9.290419721878826e-15
0.000000000000000e+00
1
1
-1

2 0
1 5
-1364342780233889127815372777117749734690537155545382762750572702342046368958395082543122083011975108870511860307659295924031519809682080149200207973178598103871402240667594403487935724297610160516879058635415445728641677537520896890852927433974508879557186706320156598150150898854802518317625322474407393665153/2000000000000000000000000000000000000000000000000000000000000000000000000000000000000000000000000000000000000000000000000000000000000000000000000000000000000000000000000000000000000000000000000000000000000000000000000000000000000000000000000000000000000000000000000000000000000000000000000000000000000000000000 -335560070955602663954221823524534803713051688940871157025447548267404921764313931507437833009476128608297936572909795095835985779544083637993712211690922725838345859578324990196156171736687158355869327920444363433669154309000208820878659813500525743715801732777128443185349096183211048171030848288741291942299/400000000000000000000000000000000000000000000000000000000000000000000000000000000000000000000000000000000000000000000000000000000000000000000000000000000000000000000000000000000000000000000000000000000000000000000000000000000000000000000000000000000000000000000000000000000000000000000000000000000000000000000
3900548744387761538450028309991742046855442425958467924289926278955488594471778054817568156058750649944023391353080765284042662486275146724180775074587522642735105061628013303444632969998797209977508999593256764635525242461385820897814263300162873664150657837046502159027144594259354972273719182000089308350071/10000000000000000000000000000000000000000000000000000000000000000000000000000000000000000000000000000000000000000000000000000000000000000000000000000000000000000000000000000000000000000000000000000000000000000000000000000000000000000000000000000000000000000000000000000000000000000000000000000000000000000000000 3239560636191344567328484183825659583782404539406645184618850987909429121139759290263700031813616050254869711257487542909049182636423751069524385070607384837581388156799190849257685764258627651212384086789651260730716588096305636795211775700472214602788489536733043218393288269207413110735528523161604089038813/10000000000000000000000000000000000000000000000000000000000000000000000000000000000000000000000000000000000000000000000000000000000000000000000000000000000000000000000000000000000000000000000000000000000000000000000000000000000000000000000000000000000000000000000000000000000000000000000000000000000000000000000
2281283047152492665337240496711957476260468051179894373348780511422830726576852823073496163410284303774248185323037547846013192858569441053600779806330093304151404574001380762431913381634193265542014456957761615392919110615561395907697692215624033662443920153063387629764544645997667796211204294315819736796999/5000000000000000000000000000000000000000000000000000000000000000000000000000000000000000000000000000000000000000000000000000000000000000000000000000000000000000000000000000000000000000000000000000000000000000000000000000000000000000000000000000000000000000000000000000000000000000000000000000000000000000000000 -2711485533007537222416929706492864533335027505902833333241500519471789716325903315913594202953316466290614187557544468993149243754545777632839076148693001132355084962901719921284648564496112875388591008612443013186227172309895403923825140942636965179429396791312221554718230368330780068860547210339481927210191/5000000000000000000000000000000000000000000000000000000000000000000000000000000000000000000000000000000000000000000000000000000000000000000000000000000000000000000000000000000000000000000000000000000000000000000000000000000000000000000000000000000000000000000000000000000000000000000000000000000000000000000000
-170484969981197267458764222093813986789687926930970029653018158951135918019594844178981181310289279909194137814278799195976817447080937233959484975445872071214405656200355164714244775738839437440847307563828431168971024449822883808694005702962357319421754876458034164713840156556156842028479923993868561335469/400000000000000000000000000000000000000000000000000000000000000000000000000000000000000000000000000000000000000000000000000000000000000000000000000000000000000000000000000000000000000000000000000000000000000000000000000000000000000000000000000000000000000000000000000000000000000000000000000000000000000000000 -9326141033129073010001671276334500105699582390681691343225536525159387833364641090923420586210116820748277643883330007591224804084404092704675828851935289324962928747843956578200874656474304605534573459540327923545885917581179317548699436218910793081874445484700231321720579920131603827430366931325671073627929/10000000000000000000000000000000000000000000000000000000000000000000000000000000000000000000000000000000000000000000000000000000000000000000000000000000000000000000000000000000000000000000000000000000000000000000000000000000000000000000000000000000000000000000000000000000000000000000000000000000000000000000000
5632152973117601502143824439090826291375856993912879107220463482681344837217135944277226407176102599480734962007721069055905517988733294068963298870332704179493966963420352838802186562724917927038853426371851764108312745789770043004495930215628209563773378300905251085410457717422425006658741649712348709693457/10000000000000000000000000000000000000000000000000000000000000000000000000000000000000000000000000000000000000000000000000000000000000000000000000000000000000000000000000000000000000000000000000000000000000000000000000000000000000000000000000000000000000000000000000000000000000000000000000000000000000000000000 -336029354355327230985099729715518554450146904757009104368879979964462011533516528257202739641227908719963437927517871688333493219797378217541027531584123687880470834786606114310090474666890162816004748034161132552123037343723473453878886351323882537426879027292669040255825812537646324114431618679483880435749/500000000000000000000000000000000000000000000000000000000000000000000000000000000000000000000000000000000000000000000000000000000000000000000000000000000000000000000000000000000000000000000000000000000000000000000000000000000000000000000000000000000000000000000000000000000000000000000000000000000000000000000

0
-1118007755420037842218477873330523063529169197612532516670260733946294571876839509691346429663296302224264855771228424299746336993588300177005025820362549831875817493853722274617647216001383245808455043181840862593384848327799858323035236724128378021652943603257968520894355870927005739604233085544343524276477/1250000000000000000000000000000000000000000000000000000000000000000000000000000000000000000000000000000000000000000000000000000000000000000000000000000000000000000000000000000000000000000000000000000000000000000000000000000000000000000000000000000000000000000000000000000000000000000000000000000000000000000000 -3048244136154743002593446266662565364395716266082835840727186089336264687997672102707762347176871233470447238764303235954636045224683234699509019686909650883804648979450121492015026309903706195133691930740647058801388385947044295215049174449318560323937594927564094372435216453346749187820924543634642777353239/10000000000000000000000000000000000000000000000000000000000000000000000000000000000000000000000000000000000000000000000000000000000000000000000000000000000000000000000000000000000000000000000000000000000000000000000000000000000000000000000000000000000000000000000000000000000000000000000000000000000000000000000
5 5
1 0
0 0
0 0
0 0
0 0
0 0
1 0
0 0
0 0
0 0
0 0
0 0
1 0
0 0
0 0
0 0
0 0
0 0
1 0
0 0
0 0
0 0
0 0
0 0
1 0

5 0

4 0

