40

0
8.657692962936842e-01 -2.556688659001430e-16
-5.025034037539305e+00 -4.476942102043361e-15
7.761138047871782e-01 -3.098804931906947e-16
-5.768066606943379e+00 3.806310465850152e-15

2
6.508890992582680e-01 -4.030098050893529e-17
-3.182652175157734e-01 -6.544038213380201e-17
3.105145125865730e-01 6.686979450703325e-02
3.105145125865734e-01 -6.686979450703331e-02

22
6.494649735732501e-01 -5.804185268257726e-17
-7.317306415916953e-01 -1.362844436996456e-16
2.158433451814260e-01 -3.281781728646134e-17
9.750860099412019e-02 4.539842017202620e-18

28
6.494649735732501e-01 1.804130555574258e-18
-7.317306415916954e-01 4.008459293301592e-17
9.750860099412084e-02 -3.180143805895045e-16
2.158433451814254e-01 4.166710299565232e-16

30
5.213926370974594e-01 5.958537019838956e-17
-9.103701350747824e-01 1.712489499650446e-16
-3.298433928967217e-02 4.659517091428740e-01
-3.298433928967237e-02 -4.659517091428738e-01

37
9.554806314615343e-01 1.712373108595618e-13
-2.832360680562013e+00 -3.405350255170435e-13
-2.477501802939254e+01 3.343459843881560e-11
9.889868436307930e-01 4.799367674250478e-13

41
6.552181339274536e-01 3.171536263901714e-16
-2.387973882780448e+00 -7.716179371758037e-16
2.769396813715507e-01 2.502262815242538e-16
1.630557351768079e+01 -5.122083883195996e-15

44
9.554806314613665e-01 5.056213724627367e-18
-2.832360680561681e+00 -3.866046843825928e-16
9.889868436299390e-01 -1.718781524461331e-17
-2.477501802942519e+01 2.234631819727353e-15

48
6.508890992582680e-01 5.984822347471311e-18
-3.182652175157734e-01 -2.634814688675634e-16
3.105145125865735e-01 -6.686979450703391e-02
3.105145125865730e-01 6.686979450703365e-02

51
6.570274293716626e-01 1.024646267659895e-17
-5.363362989950387e+00 6.565732959690936e-15
2.810168939340369e-01 6.910261472232523e-17
-5.520825127893096e+00 -1.990314319765240e-15

55
8.657692962936759e-01 -1.061297085078598e-16
-5.025034037539323e+00 -1.727056812451018e-16
-5.768066606943367e+00 1.354349290374180e-16
7.761138047871640e-01 -5.489026191167767e-16

58
5.213926370974594e-01 1.309978710543509e-16
-9.103701350747820e-01 -8.339428195084149e-18
-3.298433928967227e-02 -4.659517091428737e-01
-3.298433928967202e-02 4.659517091428737e-01

61
-3.182652175157733e-01 1.157776268741763e-16
6.508890992582680e-01 -1.003710326698206e-17
3.105145125865734e-01 -6.686979450703370e-02
3.105145125865731e-01 6.686979450703372e-02

84
-3.441753843901715e+00 1.807810925711954e+00
-3.441753843901714e+00 -1.807810925711953e+00
-4.459529852782547e+00 2.018056883046466e-16
2.461582792918733e+00 -4.957514480188493e-16

86
-5.363362989950382e+00 -9.465802877496678e-16
6.570274293716657e-01 -8.031910762834036e-16
-5.520825127893102e+00 6.975121239256452e-16
2.810168939340404e-01 -1.055481329079308e-15

95
-5.843062380657940e+00 1.203603204641347e-15
-1.328875741537503e+00 -7.131094420724381e-17
-4.746028259090952e+00 -4.112844637173349e-16
-9.465742345339183e-01 -1.869473840208634e-15

102
-1.489754860065787e+00 1.053187504044695e+00
-1.489754860065784e+00 -1.053187504044697e+00
2.805941999443043e+00 -4.615094016477631e-16
-1.122968985557166e+00 -7.834933127870281e-16

115
6.570274293716516e-01 -1.999002183587593e-15
-5.363362989950395e+00 -2.123572256734057e-15
-5.520825127893088e+00 1.622491663502544e-15
2.810168939340265e-01 -2.632581054471104e-15

120
-7.317306415916954e-01 -4.771511984058479e-17
6.494649735732499e-01 9.542903399384120e-17
9.750860099412095e-02 -1.182794543442879e-16
2.158433451814252e-01 1.077689011899438e-16

122
-7.317306415916954e-01 1.132034987888014e-16
6.494649735732499e-01 -7.557062360405997e-17
2.158433451814255e-01 -5.955138282369415e-16
9.750860099412068e-02 5.694598709741783e-16

124
-3.182652175157732e-01 1.443759952580256e-17
6.508890992582679e-01 -3.032887405008921e-17
3.105145125865733e-01 6.686979450703338e-02
3.105145125865733e-01 -6.686979450703344e-02

130
-9.103701350747823e-01 -7.296092108047629e-17
5.213926370974593e-01 5.779829417317542e-17
-3.298433928967227e-02 4.659517091428741e-01
-3.298433928967247e-02 -4.659517091428739e-01

136
-2.387973882780448e+00 1.391895965385407e-17
6.552181339274538e-01 -1.736392718326442e-16
2.769396813715510e-01 -3.850747971031652e-16
1.630557351768079e+01 -2.606252138132667e-15

138
-9.103701350747820e-01 1.068250939116880e-16
5.213926370974595e-01 1.495246616213210e-16
-3.298433928967220e-02 -4.659517091428735e-01
-3.298433928967192e-02 4.659517091428737e-01

146
-5.843062380657943e+00 -9.358675583946653e-16
-1.328875741537500e+00 -5.048329785856187e-16
-9.465742345339169e-01 -1.855767779824593e-16
-4.746028259090950e+00 -2.430828622366345e-16

147
-3.441753843901714e+00 -1.807810925711952e+00
-3.441753843901713e+00 1.807810925711951e+00
-4.459529852782545e+00 -6.935620429769193e-16
2.461582792918732e+00 -3.450054566449025e-16

157
-1.489754860065784e+00 -1.053187504044693e+00
-1.489754860065783e+00 1.053187504044693e+00
2.805941999443044e+00 4.476542752839879e-16
-1.122968985557165e+00 4.683982477655813e-16

163
-2.387973882780882e+00 -1.077327781363155e-13
6.552181339278479e-01 9.751893648894020e-14
1.630557351771795e+01 9.175142183340214e-12
2.769396813720593e-01 1.617858953350914e-13

166
-5.025034037539311e+00 3.981322942513337e-16
8.657692962936845e-01 4.745672560744350e-17
7.761138047871791e-01 1.925571617106655e-16
-5.768066606943377e+00 -2.432548284960973e-16

171
-1.328875741537500e+00 -4.229097446102982e-16
-5.843062380657942e+00 8.017077813693574e-16
-9.465742345339173e-01 -2.236679818833302e-16
-4.746028259090951e+00 -3.963595043831389e-16

173
-1.489754860065785e+00 1.053187504044695e+00
-1.489754860065785e+00 -1.053187504044696e+00
-1.122968985557166e+00 -3.288659385562742e-16
2.805941999443043e+00 1.140167126906222e-16

178
-5.363362989950383e+00 9.887977293800106e-17
6.570274293716621e-01 3.907717045474122e-17
2.810168939340370e-01 -3.113635653509688e-17
-5.520825127893100e+00 2.368681210318209e-16

183
-3.441753843901715e+00 -1.807810925711952e+00
-3.441753843901714e+00 1.807810925711952e+00
2.461582792918731e+00 3.861256459510580e-17
-4.459529852782546e+00 -2.918697096305202e-16

185
-3.441753843901714e+00 1.807810925711954e+00
-3.441753843901717e+00 -1.807810925711954e+00
2.461582792918734e+00 -2.166079292779217e-16
-4.459529852782547e+00 -2.291956115527388e-16

187
-2.832360680561679e+00 -2.563349288610276e-16
9.554806314613662e-01 1.052623186814347e-16
9.889868436299385e-01 1.682195249853289e-16
-2.477501802942527e+01 1.994606162622017e-14

216
-5.025034037539302e+00 -3.296619263597693e-15
8.657692962936878e-01 -2.140846535013546e-15
-5.768066606943382e+00 2.670642245811673e-15
7.761138047871849e-01 8.312480565719653e-16

223
6.552181339274395e-01 8.716827245361157e-15
-2.387973882780432e+00 -9.685728888893454e-15
1.630557351767944e+01 8.126067684680140e-13
2.769396813716569e-01 9.677190550286093e-14

233
-1.489754860065784e+00 -1.053187504044695e+00
-1.489754860065786e+00 1.053187504044696e+00
-1.122968985557166e+00 -1.574491209761614e-16
2.805941999443044e+00 1.815653008703292e-17

237
-2.832360680561310e+00 1.082869142832530e-13
9.554806314611805e-01 -5.438309026974420e-14
-2.477501802946148e+01 -1.058416275546643e-11
9.889868436295163e-01 -1.830744630259881e-13

238
-1.328875741537505e+00 -3.577897199356199e-15
-5.843062380657945e+00 -1.607714141313858e-17
-4.746028259090952e+00 -1.777532342866167e-17
-9.465742345339180e-01 -1.464145837825120e-15

