240

4.196252800594207e-02 3.709223017102598e-01;
4.196252800594207e-02 3.709223017102598e-01;
4.196252800594207e-02 3.709223017102598e-01;
4.196252800594207e-02 3.709223017102598e-01;
4.196252800594207e-02 3.709223017102598e-01;

1.860706760373160e-01 6.474748643631733e-01;
1.860706760373160e-01 6.474748643631733e-01;
1.860706760373160e-01 6.474748643631733e-01;
1.860706760373160e-01 6.474748643631733e-01;
-6.474748643631733e-01 1.860706760373161e-01;

-3.413541238894695e-01 5.450648882010490e-01;
-3.413541238894695e-01 5.450648882010490e-01;
-3.413541238894695e-01 5.450648882010490e-01;
-3.413541238894695e-01 5.450648882010490e-01;
3.413541238894694e-01 -5.450648882010490e-01;

-1.263915654148430e-01 3.454403917816180e-01;
-1.263915654148430e-01 3.454403917816180e-01;
-1.263915654148430e-01 3.454403917816180e-01;
-1.263915654148430e-01 3.454403917816180e-01;
3.454403917816180e-01 1.263915654148430e-01;

1.837575233874934e-01 3.002906655836973e-01;
1.837575233874934e-01 3.002906655836973e-01;
1.837575233874934e-01 3.002906655836973e-01;
-2.288091967149967e-01 2.675587089534613e-01;
1.837575233874934e-01 3.002906655836973e-01;

4.036091892370169e-01 3.011791887214309e-01;
4.036091892370169e-01 3.011791887214309e-01;
4.036091892370169e-01 3.011791887214309e-01;
-1.617163314458723e-01 4.769246371274504e-01;
-3.011791887214309e-01 4.036091892370169e-01;

2.760016651148290e-01 8.358842169907751e-01;
2.760016651148290e-01 8.358842169907751e-01;
2.760016651148290e-01 8.358842169907751e-01;
-7.096839264410835e-01 5.207956104957167e-01;
-2.760016651148291e-01 -8.358842169907751e-01;

4.567079811047618e-02 4.272699590670544e-01;
4.567079811047618e-02 4.272699590670544e-01;
4.567079811047618e-02 4.272699590670544e-01;
-3.922448260250812e-01 1.754691886849767e-01;
4.272699590670544e-01 -4.567079811047625e-02;

3.926273194976611e-01 2.969085422407107e-01;
3.926273194976611e-01 2.969085422407107e-01;
3.926273194976611e-01 2.969085422407107e-01;
-4.921606363382365e-01 -9.423508399976686e-03;
3.926273194976611e-01 2.969085422407107e-01;

5.782867195396235e-01 -3.328667768651323e-03;
5.782867195396235e-01 -3.328667768651323e-03;
5.782867195396235e-01 -3.328667768651323e-03;
-4.658872419046998e-01 3.426013541354514e-01;
3.328667768651358e-03 5.782867195396235e-01;

1.913920273645090e+00 -4.603376695102577e-01;
1.913920273645090e+00 -4.603376695102577e-01;
1.913920273645090e+00 -4.603376695102577e-01;
-1.277814334044811e+00 1.497395108696915e+00;
-1.913920273645090e+00 4.603376695102579e-01;

2.760760903406981e-01 8.004561067213195e-01;
2.760760903406981e-01 8.004561067213195e-01;
2.760760903406981e-01 8.004561067213195e-01;
-6.938465434644596e-01 -4.853091391759271e-01;
8.004561067213195e-01 -2.760760903406982e-01;

6.556897527889907e-01 9.063151562737293e-01;
6.556897527889907e-01 9.063151562737293e-01;
6.556897527889907e-01 9.063151562737293e-01;
2.254529743044541e-03 -1.118629130453699e+00;
6.556897527889907e-01 9.063151562737293e-01;

9.565261402956757e-01 -7.723673266898943e-01;
9.565261402956757e-01 -7.723673266898943e-01;
9.565261402956757e-01 -7.723673266898943e-01;
-1.227832027043959e+00 6.262633449403218e-02;
7.723673266898944e-01 9.565261402956757e-01;

-8.063334970545606e-01 -8.296233050353479e-01;
-8.063334970545606e-01 -8.296233050353479e-01;
-8.063334970545606e-01 -8.296233050353479e-01;
1.646971585930039e-01 1.145130290701194e+00;
8.063334970545607e-01 8.296233050353478e-01;

-8.039976010070269e-01 6.956560305591366e-01;
-8.039976010070269e-01 6.956560305591366e-01;
-8.039976010070269e-01 6.956560305591366e-01;
1.059344078082356e+00 -9.021961821130095e-02;
6.956560305591367e-01 8.039976010070268e-01;

-1.085449321312214e-01 6.006784814954468e-01;
-1.085449321312214e-01 6.006784814954468e-01;
-1.085449321312214e-01 6.006784814954468e-01;
5.377369553426998e-01 2.888522239516436e-01;
-1.085449321312214e-01 6.006784814954468e-01;

-1.040780754157212e+00 2.149513601240945e+00;
-1.040780754157212e+00 2.149513601240945e+00;
-1.040780754157212e+00 2.149513601240945e+00;
1.722689976872311e+00 1.654077550699346e+00;
-2.149513601240945e+00 -1.040780754157212e+00;

-6.810038819796287e-01 1.287429311787971e-01;
-6.810038819796287e-01 1.287429311787971e-01;
-6.810038819796287e-01 1.287429311787971e-01;
-8.799996914248265e-02 6.874569332189141e-01;
6.810038819796287e-01 -1.287429311787971e-01;

-3.325627248576770e-01 3.274877372599566e-01;
-3.325627248576770e-01 3.274877372599566e-01;
-3.325627248576770e-01 3.274877372599566e-01;
2.086918128511751e-01 4.174852228154901e-01;
3.274877372599567e-01 3.325627248576769e-01;

4.076181999859958e-02 6.856476265964764e-01;
4.076181999859958e-02 6.856476265964764e-01;
-6.141691726763553e-01 -3.075230416749622e-01;
4.076181999859958e-02 6.856476265964764e-01;
4.076181999859958e-02 6.856476265964764e-01;

2.278961845488103e+00 2.545325001478375e+00;
2.278961845488103e+00 2.545325001478375e+00;
-3.343797034911988e+00 7.009763517089774e-01;
2.278961845488103e+00 2.545325001478375e+00;
-2.545325001478375e+00 2.278961845488103e+00;

-9.510227226816858e-01 9.987388758404647e-02;
-9.510227226816858e-01 9.987388758404647e-02;
3.890180375183472e-01 -8.735467812106064e-01;
-9.510227226816858e-01 9.987388758404647e-02;
9.510227226816858e-01 -9.987388758404658e-02;

-3.673365079044620e-01 4.298840709343049e-01;
-3.673365079044620e-01 4.298840709343049e-01;
-1.886222721591487e-01 -5.330647830498797e-01;
-3.673365079044620e-01 4.298840709343049e-01;
4.298840709343049e-01 3.673365079044620e-01;

4.113860574235342e-01 3.939928340216849e-01;
4.113860574235342e-01 3.939928340216849e-01;
-5.469008318835721e-01 1.592743594806621e-01;
-2.475841691771383e-01 5.130018720002730e-01;
4.113860574235342e-01 3.939928340216849e-01;

7.261957179343264e-01 -1.107916790861640e-02;
7.261957179343264e-01 -1.107916790861640e-02;
-3.535030181055079e-01 6.344435238049135e-01;
2.349437329186405e-01 6.872295184797823e-01;
1.107916790861645e-02 7.261957179343264e-01;

3.836629787894995e+00 -3.522051470387821e+00;
3.836629787894995e+00 -3.522051470387821e+00;
1.131871152844693e+00 5.083644596427079e+00;
4.535253807223969e+00 2.560478000976519e+00;
-3.836629787894995e+00 3.522051470387822e+00;

2.665621311041507e-02 9.038418570583296e-01;
2.665621311041507e-02 9.038418570583296e-01;
-7.960781157714244e-01 -4.288359708068534e-01;
-8.513674649988386e-01 3.046540592368485e-01;
9.038418570583296e-01 -2.665621311041523e-02;

7.113372485664071e-01 8.474271837882966e-03;
7.113372485664071e-01 8.474271837882966e-03;
-3.630075589733851e-01 6.117989919976929e-01;
-5.804649748323646e-01 4.112577141818390e-01;
7.113372485664071e-01 8.474271837882966e-03;

4.008210264787808e-01 -3.225018896449967e-01;
4.008210264787808e-01 -3.225018896449967e-01;
7.888431596166243e-02 5.083721361240776e-01;
-1.347091675543607e-01 4.965061976137945e-01;
3.225018896449967e-01 4.008210264787808e-01;

1.517363762794105e-01 -7.214549843170297e-01;
1.517363762794105e-01 -7.214549843170297e-01;
5.489301559657463e-01 4.921350486946787e-01;
3.013032928995329e-01 6.728577472023271e-01;
-1.517363762794104e-01 7.214549843170297e-01;

4.542820413027592e+00 -2.456332405646462e+00;
4.542820413027592e+00 -2.456332405646462e+00;
-1.441639430850160e-01 5.162364085335641e+00;
-2.231422953765656e+00 4.657417502592705e+00;
-2.456332405646463e+00 -4.542820413027591e+00;

9.366109349852449e-01 -1.466770137879104e+00;
9.366109349852449e-01 -1.466770137879104e+00;
8.019547334230858e-01 1.544513932099069e+00;
-1.619880019068807e+00 6.361158736656890e-01;
9.366109349852449e-01 -1.466770137879104e+00;

1.335023937190598e-01 -5.490806888453942e-01;
1.335023937190598e-01 -5.490806888453942e-01;
4.087666284080403e-01 3.901568088494349e-01;
-4.307472365303696e-01 3.657448703852199e-01;
5.490806888453942e-01 1.335023937190598e-01;

-2.037407209618810e-01 -4.558631391430006e-01;
-2.037407209618810e-01 -4.558631391430006e-01;
4.966594196276993e-01 5.148692943315459e-02;
-1.031199245476416e-01 4.885568177486284e-01;
2.037407209618810e-01 4.558631391430006e-01;

-7.657287961763745e-01 -4.904679043405966e-01;
-7.657287961763745e-01 -4.904679043405966e-01;
8.076220629880597e-01 -4.179066377277186e-01;
3.311978082947591e-01 8.468809634551506e-01;
-4.904679043405965e-01 7.657287961763746e-01;

-1.207888290551457e+00 9.632466810191282e-01;
-1.207888290551457e+00 9.632466810191282e-01;
-2.302519505978827e-01 -1.527685285060885e+00;
5.428440236960170e-01 1.446429623895752e+00;
-1.207888290551457e+00 9.632466810191282e-01;

-4.675795856180214e-01 -9.790318525322741e-01;
-4.675795856180214e-01 -9.790318525322741e-01;
1.081656248216100e+00 8.458012682992933e-02;
-1.075604661190099e+00 1.421571313217471e-01;
9.790318525322741e-01 -4.675795856180214e-01;

-4.598999264378779e-01 -2.649687563234084e-01;
-4.598999264378779e-01 -2.649687563234084e-01;
4.594196374041792e-01 -2.658006413320927e-01;
-3.941171552970926e-01 3.555109732000781e-01;
4.598999264378780e-01 2.649687563234084e-01;

-5.582793097277238e-01 9.448922781210881e-02;
-5.582793097277238e-01 9.448922781210881e-02;
1.973095831946004e-01 -5.307286785375041e-01;
-8.265319848337806e-02 5.601539526086196e-01;
9.448922781210890e-02 5.582793097277238e-01;

-1.480408700281579e-01 3.894361142250218e-01;
-1.480408700281579e-01 3.894361142250218e-01;
4.112820030840462e-01 -6.651090286977607e-02;
-1.480408700281579e-01 3.894361142250218e-01;
-1.480408700281579e-01 3.894361142250218e-01;

-4.738166155152567e-01 6.421156370921210e-01;
-4.738166155152567e-01 6.421156370921210e-01;
7.929967616466346e-01 8.927940722531534e-02;
-4.738166155152567e-01 6.421156370921210e-01;
-6.421156370921210e-01 -4.738166155152566e-01;

-4.187471562880585e-01 1.902955808622444e-01;
-4.187471562880585e-01 1.902955808622444e-01;
3.741743853986488e-01 2.674978846768289e-01;
-4.187471562880585e-01 1.902955808622444e-01;
4.187471562880585e-01 -1.902955808622444e-01;

-2.341619144149964e-01 2.393870673203342e-01;
-2.341619144149964e-01 2.393870673203342e-01;
3.243962388443633e-01 8.309663282201711e-02;
-2.341619144149964e-01 2.393870673203342e-01;
2.393870673203343e-01 2.341619144149963e-01;

7.963655765110501e-02 4.858158188886824e-01;
7.963655765110501e-02 4.858158188886824e-01;
3.809105618923862e-01 -3.118751914401424e-01;
-4.374292505856358e-01 2.258642112621826e-01;
7.963655765110501e-02 4.858158188886824e-01;

5.585897736823913e-01 9.823190194419419e-01;
5.585897736823913e-01 9.823190194419419e-01;
5.714183386161454e-01 -9.749124440241224e-01;
-7.616271715690097e-01 8.348037151017678e-01;
-9.823190194419419e-01 5.585897736823914e-01;

-7.437725597051171e-01 6.156569898020936e-01;
-7.437725597051171e-01 6.156569898020936e-01;
9.050608730386288e-01 3.362974364413623e-01;
-8.153629528525765e-01 -5.171212669945071e-01;
7.437725597051170e-01 -6.156569898020937e-01;

-2.053318648884224e-01 4.293055718728752e-01;
-2.053318648884224e-01 4.293055718728752e-01;
4.744554636723272e-01 -3.683017473662999e-02;
-4.717448973487384e-01 -6.261949061659630e-02;
4.293055718728752e-01 2.053318648884223e-01;

5.367937207987656e-01 9.289706701300620e-01;
5.367937207987656e-01 9.289706701300620e-01;
5.361153393039042e-01 -9.293623338687335e-01;
-9.803105023146685e-01 -4.360336268023855e-01;
5.367937207987656e-01 9.289706701300620e-01;

1.118501489362955e+00 -8.328450085456378e-01;
1.118501489362955e+00 -8.328450085456378e-01;
-1.280515679497068e+00 -5.522281996862292e-01;
-4.153526996597949e-01 1.331224445708481e+00;
8.328450085456379e-01 1.118501489362955e+00;

-9.114571593332481e-01 -7.416229228304203e-01;
-9.114571593332481e-01 -7.416229228304203e-01;
-1.865357115333857e-01 1.160156515859004e+00;
1.173299348347072e+00 6.424447163535589e-02;
9.114571593332482e-01 7.416229228304202e-01;

-7.128393271017694e-01 6.472105692253156e-01;
-7.128393271017694e-01 6.472105692253156e-01;
9.169204580977952e-01 2.937316814740792e-01;
1.962783021656761e-01 -9.426007931668741e-01;
6.472105692253157e-01 7.128393271017693e-01;

-1.284324445324425e+00 6.237014076504823e-01;
-1.284324445324425e+00 6.237014076504823e-01;
1.182303486063645e+00 8.004068925270686e-01;
1.405642791809647e+00 2.503219299155907e-01;
-1.284324445324425e+00 6.237014076504823e-01;

-4.590945127073366e-01 -8.185875482065601e-01;
-4.590945127073366e-01 -8.185875482065601e-01;
-4.793703556148312e-01 8.068812848458715e-01;
-1.097384257415493e-01 9.321002218606005e-01;
8.185875482065601e-01 -4.590945127073366e-01;

-4.219291707713843e-01 -2.493801802848612e-01;
-4.219291707713843e-01 -2.493801802848612e-01;
-5.004985941340669e-03 4.900914706281520e-01;
1.947658773910997e-01 4.497565480021530e-01;
4.219291707713843e-01 2.493801802848612e-01;

-5.301830448987960e-01 5.602765250804004e-02;
-5.301830448987960e-01 5.602765250804004e-02;
3.136128928357678e-01 4.311381592841227e-01;
4.618593213173751e-01 2.663064517730918e-01;
5.602765250804014e-02 5.301830448987960e-01;

-4.112820117317296e-01 3.397098291795319e-01;
-4.112820117317296e-01 3.397098291795319e-01;
4.998383478506117e-01 1.863257556894811e-01;
1.959901155848865e-01 4.961285476651269e-01;
-4.112820117317296e-01 3.397098291795319e-01;

-7.475013611097967e-01 -2.318192217270429e-02;
-7.475013611097967e-01 -2.318192217270429e-02;
3.536745470447830e-01 6.589461291708811e-01;
-2.530379420439289e-01 7.037524325093258e-01;
2.318192217270424e-02 -7.475013611097967e-01;

-3.875125364033659e-01 -2.264579237997106e-02;
-3.875125364033659e-01 -2.264579237997106e-02;
1.741444367118001e-01 3.469185970002424e-01;
-1.412853876916191e-01 3.615483881959863e-01;
3.875125364033659e-01 2.264579237997101e-02;

-3.205365653856140e-01 1.297372153489902e-01;
-3.205365653856140e-01 1.297372153489902e-01;
2.726240070012850e-01 2.127242007912583e-01;
2.433617804091355e-02 3.449393935665760e-01;
1.297372153489902e-01 3.205365653856140e-01;

-5.976044383466951e-02 3.757304520925994e-01;
-3.757304520925994e-01 -5.976044383466949e-02;
-5.976044383466951e-02 3.757304520925994e-01;
-5.976044383466951e-02 3.757304520925994e-01;
-5.976044383466951e-02 3.757304520925994e-01;

-1.564312010393133e-01 7.000457332422634e-01;
-7.000457332422634e-01 -1.564312010393132e-01;
-1.564312010393133e-01 7.000457332422634e-01;
-1.564312010393133e-01 7.000457332422634e-01;
-7.000457332422634e-01 -1.564312010393132e-01;

-3.910633267125099e-01 3.179975074113326e-01;
-3.179975074113326e-01 -3.910633267125099e-01;
-3.910633267125099e-01 3.179975074113326e-01;
-3.910633267125099e-01 3.179975074113326e-01;
3.910633267125099e-01 -3.179975074113326e-01;

-1.851553504484213e-01 2.793910617069147e-01;
-2.793910617069147e-01 -1.851553504484213e-01;
-1.851553504484213e-01 2.793910617069147e-01;
-1.851553504484213e-01 2.793910617069147e-01;
2.793910617069147e-01 1.851553504484213e-01;

1.250780933652684e-01 3.835219716103386e-01;
-3.835219716103386e-01 1.250780933652684e-01;
1.250780933652684e-01 3.835219716103386e-01;
-3.260998137684931e-01 2.374711426845929e-01;
1.250780933652684e-01 3.835219716103386e-01;

4.327487480441529e-01 5.530983248233938e-01;
-5.530983248233938e-01 4.327487480441530e-01;
4.327487480441529e-01 5.530983248233938e-01;
-3.923010485350966e-01 5.824852986767048e-01;
-5.530983248233938e-01 4.327487480441530e-01;

-3.102191420329048e-01 8.779085822009270e-01;
-8.779085822009270e-01 -3.102191420329047e-01;
-3.102191420329048e-01 8.779085822009270e-01;
-9.308036646822143e-01 -2.374726510218384e-02;
3.102191420329047e-01 -8.779085822009270e-01;

-8.853749304859006e-02 4.264784699781101e-01;
-4.264784699781101e-01 -8.853749304859003e-02;
-8.853749304859006e-02 4.264784699781101e-01;
-4.329647179236367e-01 4.758493525796344e-02;
4.264784699781101e-01 8.853749304858997e-02;

4.185843214884434e-01 5.353786697859134e-01;
-5.353786697859134e-01 4.185843214884435e-01;
4.185843214884434e-01 5.353786697859134e-01;
-6.533295161551791e-01 -1.870927512708986e-01;
4.185843214884434e-01 5.353786697859134e-01;

9.795516314001156e-01 -7.338323181072577e-02;
7.338323181072583e-02 9.795516314001156e-01;
9.795516314001156e-01 -7.338323181072577e-02;
-7.493403352464933e-01 6.351342844330541e-01;
7.338323181072583e-02 9.795516314001156e-01;

-2.663676912951900e+00 -2.237667073745337e+00;
2.237667073745337e+00 -2.663676912951900e+00;
-2.663676912951900e+00 -2.237667073745337e+00;
3.470227595590248e+00 2.446406841081675e-01;
2.663676912951901e+00 2.237667073745337e+00;

-2.715152240941643e-01 8.670093149286252e-01;
-8.670093149286252e-01 -2.715152240941643e-01;
-2.715152240941643e-01 8.670093149286252e-01;
-2.899548583915452e-01 -8.610179145540743e-01;
8.670093149286252e-01 2.715152240941642e-01;

-4.048932948454947e-01 1.402448813825333e+00;
-1.402448813825333e+00 -4.048932948454946e-01;
-4.048932948454947e-01 1.402448813825333e+00;
1.151904286300075e+00 -8.966146166633916e-01;
-4.048932948454947e-01 1.402448813825333e+00;

-2.390139787002180e-01 -1.699196777355164e+00;
1.699196777355164e+00 -2.390139787002181e-01;
-2.390139787002180e-01 -1.699196777355164e+00;
-8.053964358106139e-01 1.515167961439207e+00;
1.699196777355164e+00 -2.390139787002181e-01;

-5.974218339377059e-01 -3.112876153473636e-01;
3.112876153473635e-01 -5.974218339377059e-01;
-5.974218339377059e-01 -3.112876153473636e-01;
3.003541469437794e-01 6.029927143405752e-01;
5.974218339377059e-01 3.112876153473635e-01;

-6.108668713018913e-01 2.354399395285487e-01;
-2.354399395285487e-01 -6.108668713018913e-01;
-6.108668713018913e-01 2.354399395285487e-01;
6.325898044393966e-01 1.685836258320900e-01;
2.354399395285488e-01 6.108668713018913e-01;

-2.956040362051144e-01 4.545929360246169e-01;
-4.545929360246169e-01 -2.956040362051144e-01;
-2.956040362051144e-01 4.545929360246169e-01;
3.409969032747502e-01 4.216130876304324e-01;
-2.956040362051144e-01 4.545929360246169e-01;

-9.958016264405405e-01 3.451959009966963e-01;
-3.451959009966963e-01 -9.958016264405405e-01;
-9.958016264405405e-01 3.451959009966963e-01;
2.058118544494498e-02 1.053735025560139e+00;
-3.451959009966963e-01 -9.958016264405405e-01;

-4.649241361370008e-01 4.403864607773596e-02;
-4.403864607773599e-02 -4.649241361370008e-01;
-4.649241361370008e-01 4.403864607773596e-02;
-1.017862178403779e-01 4.557778193032738e-01;
4.649241361370008e-01 -4.403864607773602e-02;

-3.162082455517171e-01 2.028265620646354e-01;
-2.028265620646354e-01 -3.162082455517171e-01;
-3.162082455517171e-01 2.028265620646354e-01;
9.518580189234802e-02 3.634087670268359e-01;
2.028265620646354e-01 3.162082455517170e-01;

-2.707165518063375e-01 5.983793619955915e-01;
-5.983793619955915e-01 -2.707165518063375e-01;
-3.828534526853383e-01 -5.336370920870100e-01;
-2.707165518063375e-01 5.983793619955915e-01;
-2.707165518063375e-01 5.983793619955915e-01;

-1.775307328256365e+00 5.200527482065410e-01;
-5.200527482065411e-01 -1.775307328256365e+00;
4.372747728734052e-01 -1.797487619897962e+00;
-1.775307328256365e+00 5.200527482065410e-01;
-5.200527482065411e-01 -1.775307328256365e+00;

-5.697679245491121e-01 1.400749961904282e-02;
-1.400749961904285e-02 -5.697679245491121e-01;
2.727531117609640e-01 -5.004372467305878e-01;
-5.697679245491121e-01 1.400749961904282e-02;
5.697679245491121e-01 -1.400749961904289e-02;

-3.649397916192193e-01 2.504384261956304e-01;
-2.504384261956304e-01 -3.649397916192193e-01;
-3.441614335960064e-02 -4.412663434918584e-01;
-3.649397916192193e-01 2.504384261956304e-01;
2.504384261956305e-01 3.649397916192192e-01;

3.408263861165284e-01 7.065394711594105e-01;
-7.065394711594105e-01 3.408263861165284e-01;
-7.822943238587363e-01 -5.810542692274757e-02;
-5.666378226244841e-01 5.424778592263982e-01;
3.408263861165284e-01 7.065394711594105e-01;

1.483335874032984e+00 -1.949614526159628e-01;
1.949614526159629e-01 1.483335874032984e+00;
-5.728263662923518e-01 1.382087275565340e+00;
6.437953533789889e-01 1.350489846747078e+00;
1.949614526159629e-01 1.483335874032984e+00;

-1.563419349280440e+00 -5.350401286501238e-01;
5.350401286501237e-01 -1.563419349280440e+00;
1.245068018095321e+00 -1.086440808919936e+00;
2.573025256981962e-02 -1.652236652260538e+00;
1.563419349280440e+00 5.350401286501236e-01;

-4.411784048910186e-01 6.729125508159778e-01;
-6.729125508159778e-01 -4.411784048910186e-01;
-3.621701610865146e-01 -7.185279816447078e-01;
-7.763094910128855e-01 -2.116441828899723e-01;
6.729125508159779e-01 4.411784048910185e-01;

1.438611891571363e+00 -1.026626620479929e-01;
1.026626620479930e-01 1.438611891571363e+00;
-6.303974724319827e-01 1.297205775311181e+00;
-1.103517869878225e+00 9.286506919228240e-01;
1.438611891571363e+00 -1.026626620479929e-01;

3.493879786802186e-01 -5.607362658909988e-01;
5.607362658909988e-01 3.493879786802186e-01;
3.109178617447214e-01 5.829469982594645e-01;
4.693169513367144e-02 6.590102696646767e-01;
5.607362658909988e-01 3.493879786802186e-01;

-2.040683038825545e-01 -6.539521067297875e-01;
6.539521067297875e-01 -2.040683038825545e-01;
6.683732892276258e-01 1.502477180953989e-01;
5.494781298956202e-01 4.091100283691931e-01;
2.040683038825546e-01 6.539521067297875e-01;

-1.695741062410135e+00 -4.934161605027956e-01;
4.934161605027955e-01 -1.695741062410135e+00;
1.275181460838268e+00 -1.221846758036193e+00;
1.661906079935547e+00 -5.975495290454497e-01;
-4.934161605027952e-01 1.695741062410135e+00;

-8.671574132294221e-01 -1.179165434972795e+00;
1.179165434972795e+00 -8.671574132294222e-01;
1.454765928565679e+00 -1.613976314502825e-01;
8.449031410773531e-03 1.463667214984862e+00;
-8.671574132294221e-01 -1.179165434972795e+00;

-9.032383840026063e-02 -5.450454788617392e-01;
5.450454788617392e-01 -9.032383840026066e-02;
5.171851501122507e-01 1.943000008089233e-01;
-2.472961740406318e-01 4.940420752484999e-01;
5.450454788617392e-01 -9.032383840026066e-02;

-2.580487394720905e-01 -3.192787021013075e-01;
3.192787021013075e-01 -2.580487394720905e-01;
4.055278366431016e-01 -6.383741274672890e-02;
2.109850314372413e-02 4.099791393762914e-01;
2.580487394720906e-01 3.192787021013075e-01;

-5.249267541258869e-01 -2.110031710895617e-01;
2.110031710895617e-01 -5.249267541258869e-01;
4.451974835055780e-01 -3.490983186543451e-01;
3.006501127365321e-01 4.792493558874134e-01;
-2.110031710895617e-01 5.249267541258869e-01;

-7.613739690391580e-01 2.105928928660492e-01;
-2.105928928660492e-01 -7.613739690391580e-01;
1.983081894411256e-01 -7.646656454011220e-01;
-3.499175246210146e-02 7.891864573823876e-01;
-7.613739690391580e-01 2.105928928660492e-01;

-5.444832822371063e-01 -4.399098381421644e-01;
4.399098381421643e-01 -5.444832822371063e-01;
6.532147363243680e-01 -2.515814352821844e-01;
-5.866337055117684e-01 3.818947576067121e-01;
4.399098381421643e-01 -5.444832822371063e-01;

-3.599249934073288e-01 -1.544078576507061e-01;
1.544078576507061e-01 -3.599249934073288e-01;
3.136836239731072e-01 -2.345002589223404e-01;
-2.580735388490339e-01 2.945943582784344e-01;
3.599249934073288e-01 1.544078576507060e-01;

-4.037737096505191e-01 3.759641870030127e-02;
-3.759641870030130e-02 -4.037737096505191e-01;
1.693274011394822e-01 -3.684764992877821e-01;
-8.901661916954351e-02 3.956295499778227e-01;
3.759641870030135e-02 4.037737096505191e-01;

-2.177252430464944e-01 3.025705560293179e-01;
-3.025705560293179e-01 -2.177252430464943e-01;
3.708964094818193e-01 3.727031350874619e-02;
-2.177252430464944e-01 3.025705560293179e-01;
-2.177252430464944e-01 3.025705560293179e-01;

-4.838071818465126e-01 3.126467577517863e-01;
-3.126467577517864e-01 -4.838071818465126e-01;
5.126636255471427e-01 2.626659311365439e-01;
-4.838071818465126e-01 3.126467577517863e-01;
-3.126467577517864e-01 -4.838071818465126e-01;

-3.388457235224100e-01 1.048472613183875e-01;
-1.048472613183875e-01 -3.388457235224100e-01;
2.602232535801542e-01 2.410253738749315e-01;
-3.388457235224100e-01 1.048472613183875e-01;
3.388457235224100e-01 -1.048472613183876e-01;

-2.309830893574530e-01 1.705194730793900e-01;
-1.705194730793900e-01 -2.309830893574530e-01;
2.631657402054150e-01 1.147774866884702e-01;
-2.309830893574530e-01 1.705194730793900e-01;
1.705194730793901e-01 2.309830893574530e-01;

-9.867263792455891e-02 4.962618905049102e-01;
-4.962618905049102e-01 -9.867263792455888e-02;
4.791117230696231e-01 -1.626779341513635e-01;
-5.024646267521415e-01 5.951010254847261e-02;
-9.867263792455891e-02 4.962618905049102e-01;

-4.844386673259058e-01 1.231609459076612e+00;
-1.231609459076612e+00 -4.844386673259057e-01;
1.308824412764510e+00 -1.962685370585939e-01;
-1.321029982521618e+00 -8.014029801803316e-02;
-1.231609459076612e+00 -4.844386673259057e-01;

-5.729087404083422e-01 2.252121052606511e-01;
-2.252121052606511e-01 -5.729087404083422e-01;
4.814937745996701e-01 3.835474706134429e-01;
-3.912279772688152e-01 -4.752742229433017e-01;
5.729087404083422e-01 -2.252121052606512e-01;

-2.712894923870989e-01 3.062560626037073e-01;
-3.062560626037073e-01 -2.712894923870989e-01;
4.008702764713574e-01 8.181556088515884e-02;
-3.750998875371188e-01 -1.633733115622514e-01;
3.062560626037074e-01 2.712894923870988e-01;

-4.058596259445646e-01 1.214015232344539e+00;
-1.214015232344539e+00 -4.058596259445645e-01;
1.254297844763921e+00 -2.555228697338275e-01;
-3.852329149107285e-01 -1.220717257027937e+00;
-4.058596259445646e-01 1.214015232344539e+00;

-5.265878181472181e-01 -1.874884993281108e+00;
1.874884993281108e+00 -5.265878181472182e-01;
-1.360404124282046e+00 1.393480924479465e+00;
1.528048242707032e+00 1.207293268519169e+00;
1.874884993281108e+00 -5.265878181472182e-01;

-6.101574416713167e-01 -2.678461933380347e-01;
2.678461933380347e-01 -6.101574416713167e-01;
7.311711309796234e-02 6.623349414644994e-01;
6.510637818832111e-01 -1.419494235017970e-01;
6.101574416713167e-01 2.678461933380347e-01;

-5.706583520226041e-01 2.432229698955599e-01;
-2.432229698955600e-01 -5.706583520226041e-01;
4.959664467247549e-01 3.725931447855578e-01;
3.187094300449015e-01 -5.321960794842676e-01;
2.432229698955601e-01 5.706583520226041e-01;

-7.210564027853529e-01 1.286821738852192e-01;
-1.286821738852192e-01 -7.210564027853529e-01;
4.719702329914830e-01 5.601120754309302e-01;
6.589843677988851e-01 3.197202540820374e-01;
-7.210564027853529e-01 1.286821738852192e-01;

-4.908281059443426e-01 -3.955424735218424e-01;
3.955424735218423e-01 -4.908281059443426e-01;
-9.713577737347756e-02 6.228408454001217e-01;
1.645942464344154e-01 6.085021051610052e-01;
3.955424735218423e-01 -4.908281059443426e-01;

-3.373753852929512e-01 -1.508000487467195e-01;
1.508000487467195e-01 -3.373753852929512e-01;
3.809101953988499e-02 3.675756786486185e-01;
1.843043754874855e-01 3.203040781503543e-01;
3.373753852929512e-01 1.508000487467195e-01;

-3.867011055870646e-01 1.964296264204500e-02;
-1.964296264204502e-02 -3.867011055870646e-01;
2.103618574471321e-01 3.250714997889038e-01;
3.243936099158422e-01 2.114057163119844e-01;
1.964296264204507e-02 3.867011055870646e-01;

-3.638592823890029e-01 1.900257575579543e-01;
-1.900257575579544e-01 -3.638592823890029e-01;
3.464967746130728e-01 2.200985031726750e-01;
6.828653317014069e-02 4.047719299849211e-01;
-3.638592823890029e-01 1.900257575579543e-01;

-4.863443140245214e-01 -2.550820913603147e-02;
2.550820913603144e-02 -4.863443140245214e-01;
2.210813998954113e-01 4.339406354993676e-01;
-1.745484066690454e-01 4.546584588970135e-01;
2.550820913603144e-02 -4.863443140245214e-01;

-3.030265876091026e-01 -1.995627326237842e-02;
1.995627326237840e-02 -3.030265876091026e-01;
1.342306541944676e-01 2.724068595227828e-01;
-1.126199090458132e-01 2.820285831738560e-01;
3.030265876091026e-01 1.995627326237838e-02;

-2.702376775419268e-01 8.111058328990133e-02;
-8.111058328990134e-02 -2.702376775419268e-01;
2.053626644157917e-01 1.934774021660653e-01;
-6.367286102510943e-03 2.820758528349621e-01;
8.111058328990138e-02 2.702376775419268e-01;

-4.282469912325070e-02 2.959334854452116e-01;
4.282469912325066e-02 -2.959334854452116e-01;
-4.282469912325070e-02 2.959334854452116e-01;
-4.282469912325070e-02 2.959334854452116e-01;
-4.282469912325070e-02 2.959334854452116e-01;

-8.334689161053692e-02 4.671617273141463e-01;
8.334689161053686e-02 -4.671617273141463e-01;
-8.334689161053692e-02 4.671617273141463e-01;
-8.334689161053692e-02 4.671617273141463e-01;
-4.671617273141463e-01 -8.334689161053689e-02;

-2.492345468513168e-01 3.051721240527762e-01;
2.492345468513168e-01 -3.051721240527763e-01;
-2.492345468513168e-01 3.051721240527762e-01;
-2.492345468513168e-01 3.051721240527762e-01;
2.492345468513168e-01 -3.051721240527763e-01;

-1.300153375351276e-01 2.427761929231883e-01;
1.300153375351276e-01 -2.427761929231883e-01;
-1.300153375351276e-01 2.427761929231883e-01;
-1.300153375351276e-01 2.427761929231883e-01;
2.427761929231883e-01 1.300153375351276e-01;

7.079537662944982e-02 3.094564242203298e-01;
-7.079537662944986e-02 -3.094564242203298e-01;
7.079537662944982e-02 3.094564242203298e-01;
-2.724335742624671e-01 1.629576983695929e-01;
7.079537662944982e-02 3.094564242203298e-01;

2.014631944571211e-01 4.557614048035443e-01;
-2.014631944571212e-01 -4.557614048035443e-01;
2.014631944571211e-01 4.557614048035443e-01;
-3.711993030859290e-01 3.324409033465777e-01;
-4.557614048035443e-01 2.014631944571211e-01;

-1.341105417547051e-01 5.462327121906287e-01;
1.341105417547051e-01 -5.462327121906287e-01;
-1.341105417547051e-01 5.462327121906287e-01;
-5.609406168695075e-01 4.124848631073825e-02;
1.341105417547051e-01 -5.462327121906287e-01;

-5.882517992260342e-02 3.270384612027501e-01;
5.882517992260338e-02 -3.270384612027501e-01;
-5.882517992260342e-02 3.270384612027501e-01;
-3.292100398992636e-01 4.511437163825490e-02;
3.270384612027501e-01 5.882517992260336e-02;

1.993442913549248e-01 4.444209230504468e-01;
-1.993442913549248e-01 -4.444209230504468e-01;
1.993442913549248e-01 4.444209230504468e-01;
-4.224969838170257e-01 -2.423724448164935e-01;
1.993442913549248e-01 4.444209230504468e-01;

7.257385378556398e-01 4.878321843428058e-01;
-7.257385378556399e-01 -4.878321843428057e-01;
7.257385378556398e-01 4.878321843428058e-01;
-8.738753741483631e-01 3.191388203546586e-02;
-4.878321843428058e-01 7.257385378556398e-01;

-7.908766036351437e-01 1.462167041969680e+00;
7.908766036351434e-01 -1.462167041969680e+00;
-7.908766036351437e-01 1.462167041969680e+00;
-2.196076108635169e-01 -1.647783589568315e+00;
7.908766036351434e-01 -1.462167041969680e+00;

-1.208391933207767e-01 5.397129973262887e-01;
1.208391933207766e-01 -5.397129973262887e-01;
-1.208391933207767e-01 5.397129973262887e-01;
-2.194743793158916e-01 -5.076644826548797e-01;
5.397129973262887e-01 1.208391933207766e-01;

-1.314435854995915e-01 7.042282099812616e-01;
1.314435854995915e-01 -7.042282099812616e-01;
-1.314435854995915e-01 7.042282099812616e-01;
5.202750505460585e-01 -4.924719887279849e-01;
-1.314435854995915e-01 7.042282099812616e-01;

-3.642183052721524e+00 3.386007884549472e+00;
3.642183052721524e+00 -3.386007884549472e+00;
-3.642183052721524e+00 3.386007884549472e+00;
4.936833484960353e+00 -5.985164371487969e-01;
-3.386007884549472e+00 -3.642183052721524e+00;

-7.230037520645665e-01 1.468056586424942e-02;
7.230037520645665e-01 -1.468056586424951e-02;
-7.230037520645665e-01 1.468056586424942e-02;
5.935513425273994e-01 4.130941155444573e-01;
7.230037520645665e-01 -1.468056586424951e-02;

-3.903866280973549e-01 3.306934692696748e-01;
3.903866280973548e-01 -3.306934692696749e-01;
-3.903866280973549e-01 3.306934692696748e-01;
5.102061607736414e-01 -3.807313388016478e-02;
3.306934692696749e-01 3.903866280973548e-01;

-1.712697388578203e-01 3.612730623494151e-01;
1.712697388578202e-01 -3.612730623494151e-01;
-1.712697388578203e-01 3.612730623494151e-01;
2.906658401800908e-01 2.745267170607484e-01;
-1.712697388578203e-01 3.612730623494151e-01;

-4.869551021435727e-01 5.184174166421692e-01;
4.869551021435726e-01 -5.184174166421693e-01;
-4.869551021435727e-01 5.184174166421692e-01;
3.425668601984824e-01 6.233216149592048e-01;
-5.184174166421692e-01 -4.869551021435726e-01;

-3.876618593124270e-01 1.615541563684045e-01;
3.876618593124270e-01 -1.615541563684046e-01;
-3.876618593124270e-01 1.615541563684045e-01;
3.385303055020751e-02 4.186113172479233e-01;
3.876618593124270e-01 -1.615541563684046e-01;

-2.318624411138060e-01 2.162327041085065e-01;
2.318624411138060e-01 -2.162327041085065e-01;
-2.318624411138060e-01 2.162327041085065e-01;
1.340000876170904e-01 2.873338658145645e-01;
2.162327041085065e-01 2.318624411138060e-01;

-1.416747871722347e-01 4.291344123402028e-01;
1.416747871722347e-01 -4.291344123402028e-01;
-3.008039091386046e-01 -3.372611709370103e-01;
-1.416747871722347e-01 4.291344123402028e-01;
-1.416747871722347e-01 4.291344123402028e-01;

-5.355992291612346e-01 7.930313346873850e-01;
5.355992291612345e-01 -7.930313346873851e-01;
-4.189856672557377e-01 -8.603582060446846e-01;
-5.355992291612346e-01 7.930313346873850e-01;
-7.930313346873850e-01 -5.355992291612346e-01;

-4.683647507145635e-01 1.948282473233640e-01;
4.683647507145635e-01 -1.948282473233640e-01;
6.545616380045087e-02 -5.030298960176598e-01;
-4.683647507145635e-01 1.948282473233640e-01;
4.683647507145635e-01 -1.948282473233640e-01;

-2.508214439940140e-01 2.590684131220578e-01;
2.508214439940140e-01 -2.590684131220579e-01;
-9.894910508481694e-02 -3.467519488737408e-01;
-2.508214439940140e-01 2.590684131220578e-01;
2.590684131220579e-01 2.508214439940140e-01;

1.316279703650509e-01 5.025267411715152e-01;
-1.316279703650510e-01 -5.025267411715152e-01;
-5.010149091180650e-01 -1.372702044010381e-01;
-4.372560520258548e-01 2.804749420922459e-01;
1.316279703650509e-01 5.025267411715152e-01;

7.965872011902696e-01 8.370424815864554e-01;
-7.965872011902697e-01 -8.370424815864553e-01;
-1.123193653695773e+00 2.713435117670915e-01;
-5.499157238592958e-01 1.016259800313318e+00;
-8.370424815864554e-01 7.965872011902696e-01;

-9.443736978401502e-01 7.660461657467731e-01;
9.443736978401501e-01 -7.660461657467732e-01;
-1.912285910882954e-01 -1.200874695868806e+00;
-1.020380719389704e+00 -6.614314754571046e-01;
9.443736978401501e-01 -7.660461657467732e-01;

-2.057570509153838e-01 4.826191280587552e-01;
2.057570509153838e-01 -4.826191280587552e-01;
-3.150818997934853e-01 -4.195003971298681e-01;
-5.225804920742892e-01 -4.654907166617506e-02;
4.826191280587553e-01 2.057570509153838e-01;

7.508822544114345e-01 7.978967090599995e-01;
-7.508822544114346e-01 -7.978967090599994e-01;
-1.066439946847678e+00 2.513347530412326e-01;
-1.076468423031589e+00 -2.041544820342165e-01;
7.508822544114345e-01 7.978967090599995e-01;

8.490875392707404e-01 -6.597835244897585e-01;
-8.490875392707403e-01 6.597835244897586e-01;
1.468455235711932e-01 1.065223141290158e+00;
-2.991152235814046e-01 1.032857217409461e+00;
6.597835244897585e-01 8.490875392707404e-01;

-7.029668886049710e-01 -9.534893086014862e-01;
7.029668886049711e-01 9.534893086014861e-01;
1.177229407788233e+00 -1.320425292504677e-01;
1.129159113178802e+00 3.581954846414931e-01;
7.029668886049711e-01 9.534893086014861e-01;

-8.957331810369605e-01 8.164595452164004e-01;
8.957331810369604e-01 -8.164595452164005e-01;
-2.592081168012123e-01 -1.183957462398853e+00;
2.447604861128125e-01 -1.187028401102258e+00;
8.164595452164005e-01 8.957331810369604e-01;

-1.894970311370964e+00 6.584648460892331e-01;
1.894970311370964e+00 -6.584648460892333e-01;
3.772378714731954e-01 -1.970324852109179e+00;
1.920099111419380e+00 5.811263518712547e-01;
-1.894970311370964e+00 6.584648460892331e-01;

-2.829337199560771e-01 -8.375546103639531e-01;
2.829337199560772e-01 8.375546103639531e-01;
8.668104296099991e-01 1.737495161127814e-01;
-2.634040602353115e-01 8.439001814679562e-01;
8.375546103639531e-01 -2.829337199560771e-01;

-4.048976625112984e-01 -2.992460346936324e-01;
4.048976625112984e-01 2.992460346936323e-01;
4.616034992820942e-01 -2.010286443209064e-01;
1.516766839544136e-01 4.800880022782998e-01;
4.048976625112984e-01 2.992460346936323e-01;

-5.855170423967839e-01 1.879655044490217e-02;
5.855170423967839e-01 -1.879655044490224e-02;
2.764802310095908e-01 -5.164709082867962e-01;
4.847415729406399e-01 3.289515537411844e-01;
1.879655044490227e-02 5.855170423967839e-01;

-4.660306053963032e-01 3.809918449811193e-01;
4.660306053963031e-01 -3.809918449811194e-01;
-9.693331369020065e-02 -5.940902657047995e-01;
2.183333998583039e-01 5.609543988725608e-01;
-4.660306053963032e-01 3.809918449811193e-01;

-8.291727716602482e-01 -1.294444049633549e-01;
8.291727716602482e-01 1.294444049633548e-01;
5.266885289061498e-01 -6.533624819024512e-01;
-3.793374225543417e-01 7.485896466615631e-01;
1.294444049633549e-01 -8.291727716602482e-01;

-4.084803099128191e-01 -4.954708046947356e-02;
4.084803099128191e-01 4.954708046947352e-02;
2.471491853263254e-01 -3.289807850955050e-01;
-1.733494313744995e-01 3.731769706341201e-01;
4.084803099128191e-01 4.954708046947352e-02;

-3.479656543680619e-01 1.300858776157293e-01;
3.479656543680619e-01 -1.300858776157293e-01;
6.132515249521583e-02 -3.663900351350818e-01;
1.619172092588302e-02 3.711337499450923e-01;
1.300858776157293e-01 3.479656543680619e-01;

-1.480838089993949e-01 2.622089608414455e-01;
1.480838089993949e-01 -2.622089608414455e-01;
3.011215256883083e-01 -2.860139938084211e-03;
-1.480838089993949e-01 2.622089608414455e-01;
-1.480838089993949e-01 2.622089608414455e-01;

-3.008496652422362e-01 3.269216910928893e-01;
3.008496652422362e-01 -3.269216910928893e-01;
4.335473221557291e-01 9.708260727337595e-02;
-3.008496652422362e-01 3.269216910928893e-01;
-3.269216910928893e-01 -3.008496652422362e-01;

-2.756984574401975e-01 1.546024185020262e-01;
2.756984574401975e-01 -1.546024185020262e-01;
2.717388506293668e-01 1.614606586763807e-01;
-2.756984574401975e-01 1.546024185020262e-01;
2.756984574401975e-01 -1.546024185020262e-01;

-1.796012962314320e-01 1.742411963984067e-01;
1.796012962314320e-01 -1.742411963984067e-01;
2.406979505825299e-01 6.841868688983102e-02;
-1.796012962314320e-01 1.742411963984067e-01;
1.742411963984067e-01 1.796012962314320e-01;

-6.237057798965367e-02 3.663938490249208e-01;
6.237057798965363e-02 -3.663938490249208e-01;
3.484916700407685e-01 -1.291824195247019e-01;
-3.677348261934047e-01 5.390398136099412e-02;
-6.237057798965367e-02 3.663938490249208e-01;

-1.611996913333225e-01 6.666539283086630e-01;
1.611996913333224e-01 -6.666539283086630e-01;
6.579390831146532e-01 -1.937239363774644e-01;
-6.838390067417086e-01 5.269737634687104e-02;
-6.666539283086630e-01 -1.611996913333225e-01;

-3.755557573512539e-01 3.113840475079457e-01;
3.755557573512538e-01 -3.113840475079457e-01;
4.574443741507285e-01 1.695488026497173e-01;
-4.121969388096829e-01 -2.609517878038603e-01;
3.755557573512538e-01 -3.113840475079457e-01;

-1.810803960624502e-01 2.730598319494266e-01;
1.810803960624502e-01 -2.730598319494266e-01;
3.270169492525383e-01 2.029030714271606e-02;
-3.156522522454052e-01 -8.783756209496049e-02;
2.730598319494267e-01 1.810803960624502e-01;

-1.416510906643899e-01 6.567735519802134e-01;
1.416510906643898e-01 -6.567735519802134e-01;
6.396081258807991e-01 -2.057133330009726e-01;
-2.714436683304756e-01 -6.146013870716629e-01;
-1.416510906643899e-01 6.567735519802134e-01;

-2.270975870714036e+00 2.433794410871150e+00;
2.270975870714035e+00 -2.433794410871151e+00;
3.243215722760016e+00 7.498255899842630e-01;
4.067096114011876e-01 -3.303827164327292e+00;
-2.433794410871150e+00 -2.270975870714036e+00;

-6.902516090732661e-01 5.310256835132652e-02;
6.902516090732661e-01 -5.310256835132660e-02;
3.911139777350817e-01 5.712241442848702e-01;
5.272123755991621e-01 -4.486805964255957e-01;
6.902516090732661e-01 -5.310256835132660e-02;

-3.678164091736392e-01 3.196169744376265e-01;
3.678164091736391e-01 -3.196169744376266e-01;
4.607046239305257e-01 1.587298670543297e-01;
1.097035818746661e-01 -4.747726248741821e-01;
3.196169744376266e-01 3.678164091736391e-01;

-4.865277289079400e-01 3.291050818426279e-01;
4.865277289079400e-01 -3.291050818426280e-01;
5.282772258442427e-01 2.567928319585104e-01;
5.870523144827750e-01 1.972221973759351e-02;
-4.865277289079400e-01 3.291050818426279e-01;

-7.341314472423685e-01 -1.587520515199964e-01;
7.341314472423685e-01 1.587520515199964e-01;
2.295824141019717e-01 7.151525087889246e-01;
5.006127022695225e-01 5.599447455047583e-01;
1.587520515199964e-01 -7.341314472423685e-01;

-3.851168979145843e-01 -5.924885680926435e-02;
3.851168979145843e-01 5.924885680926430e-02;
1.412474338152828e-01 3.631454454253204e-01;
2.767405109861864e-01 2.742993650588012e-01;
3.851168979145843e-01 5.924885680926430e-02;

-3.430120356236794e-01 1.095688830198256e-01;
3.430120356236794e-01 -1.095688830198256e-01;
2.663954539712942e-01 2.422726951440063e-01;
3.419055396439142e-01 1.129743274806997e-01;
1.095688830198256e-01 3.430120356236794e-01;

-2.666924371361627e-01 2.207085155237811e-01;
2.666924371361627e-01 -2.207085155237812e-01;
3.244853998432280e-01 1.206081677952106e-01;
1.274937765443756e-01 3.218422622850984e-01;
-2.666924371361627e-01 2.207085155237811e-01;

-4.366084374933273e-01 1.250993828271471e-01;
4.366084374933273e-01 -1.250993828271472e-01;
3.266434622727280e-01 3.155643069622779e-01;
-1.594284385066968e-02 4.538971348268802e-01;
-1.250993828271472e-01 -4.366084374933273e-01;

-2.919055959477163e-01 4.333621105186455e-02;
2.919055959477163e-01 -4.333621105186459e-02;
1.834830576485369e-01 2.311295560716258e-01;
-4.898860398857320e-02 2.910103448559413e-01;
2.919055959477163e-01 -4.333621105186459e-02;

-2.310298441735495e-01 1.156837068848828e-01;
2.310298441735494e-01 -1.156837068848828e-01;
2.156999510530361e-01 1.422358606442126e-01;
3.862959520462366e-02 2.554706701596270e-01;
1.156837068848828e-01 2.310298441735494e-01;

2.052408240624281e-02 2.947861528611514e-01;
2.947861528611514e-01 -2.052408240624287e-02;
2.052408240624281e-02 2.947861528611514e-01;
2.052408240624281e-02 2.947861528611514e-01;
2.052408240624281e-02 2.947861528611514e-01;

7.315752440872639e-02 4.553951359395807e-01;
4.553951359395807e-01 -7.315752440872647e-02;
7.315752440872639e-02 4.553951359395807e-01;
7.315752440872639e-02 4.553951359395807e-01;
-4.553951359395807e-01 7.315752440872642e-02;

-1.810726248768489e-01 4.127331431558549e-01;
4.127331431558550e-01 1.810726248768488e-01;
-1.810726248768489e-01 4.127331431558549e-01;
-1.810726248768489e-01 4.127331431558549e-01;
1.810726248768488e-01 -4.127331431558549e-01;

-8.567806390088006e-02 2.798528981928011e-01;
2.798528981928011e-01 8.567806390088001e-02;
-8.567806390088006e-02 2.798528981928011e-01;
-8.567806390088006e-02 2.798528981928011e-01;
2.798528981928011e-01 8.567806390088001e-02;

1.195738098158929e-01 2.647942216543564e-01;
2.647942216543564e-01 -1.195738098158929e-01;
1.195738098158929e-01 2.647942216543564e-01;
-2.148839306664101e-01 1.955473655071252e-01;
1.195738098158929e-01 2.647942216543564e-01;

2.566763056398169e-01 3.199838754099792e-01;
3.199838754099792e-01 -2.566763056398170e-01;
2.566763056398169e-01 3.199838754099792e-01;
-2.250054093219557e-01 3.429941284849538e-01;
-3.199838754099792e-01 2.566763056398169e-01;

8.795698524149574e-02 5.435730812706956e-01;
5.435730812706956e-01 -8.795698524149584e-02;
8.795698524149574e-02 5.435730812706956e-01;
-4.897885178115215e-01 2.516253837650006e-01;
-8.795698524149581e-02 -5.435730812706956e-01;

1.969681149659158e-02 3.290705845884433e-01;
3.290705845884433e-01 -1.969681149659164e-02;
1.969681149659158e-02 3.290705845884433e-01;
-3.068780743064479e-01 1.204211839107984e-01;
3.290705845884433e-01 -1.969681149659164e-02;

2.516310035839782e-01 3.139759079645780e-01;
3.139759079645780e-01 -2.516310035839783e-01;
2.516310035839782e-01 3.139759079645780e-01;
-3.881241664877795e-01 -1.061068524414311e-01;
2.516310035839782e-01 3.139759079645780e-01;

5.099054752783911e-01 2.158649477812753e-01;
2.158649477812752e-01 -5.099054752783911e-01;
5.099054752783911e-01 2.158649477812753e-01;
-5.394044278177715e-01 1.250765071869103e-01;
-2.158649477812753e-01 5.099054752783911e-01;

7.962234174611925e-01 1.107774309554240e+00;
1.107774309554239e+00 -7.962234174611927e-01;
7.962234174611925e-01 1.107774309554240e+00;
-1.295291678069862e+00 -4.281998600477511e-01;
-7.962234174611926e-01 -1.107774309554240e+00;

9.239070680654508e-02 5.302027732562091e-01;
5.302027732562091e-01 -9.239070680654518e-02;
9.239070680654508e-02 5.302027732562091e-01;
-3.863910227733780e-01 -3.746371591192350e-01;
5.302027732562091e-01 -9.239070680654518e-02;

2.009764707848010e-01 6.312878816920413e-01;
6.312878816920413e-01 -2.009764707848011e-01;
2.009764707848010e-01 6.312878816920413e-01;
2.084683264751332e-01 -6.288536302169178e-01;
2.009764707848010e-01 6.312878816920413e-01;

1.563820146501250e+00 5.601876732023139e-01;
5.601876732023136e-01 -1.563820146501250e+00;
1.563820146501250e+00 5.601876732023139e-01;
-9.358870218410754e-01 -1.372391767011320e+00;
-5.601876732023138e-01 1.563820146501250e+00;

-1.466699566176715e+00 2.066019068121879e-01;
2.066019068121882e-01 1.466699566176715e+00;
-1.466699566176715e+00 2.066019068121879e-01;
1.308022428599033e+00 6.949599208611120e-01;
1.466699566176715e+00 -2.066019068121880e-01;

-3.277673747202229e-01 5.605343488186980e-01;
5.605343488186981e-01 3.277673747202228e-01;
-3.277673747202229e-01 5.605343488186980e-01;
5.946431999893174e-01 -2.608249850820537e-01;
5.605343488186981e-01 3.277673747202228e-01;

-6.453082484277110e-02 4.199791330061999e-01;
4.199791330061999e-01 6.453082484277102e-02;
-6.453082484277110e-02 4.199791330061999e-01;
3.794827696160862e-01 1.911531508503907e-01;
-6.453082484277110e-02 4.199791330061999e-01;

-1.985736785649200e-01 8.714440195643489e-01;
8.714440195643489e-01 1.985736785649199e-01;
-1.985736785649200e-01 8.714440195643489e-01;
7.674298720810070e-01 4.581458026556642e-01;
-8.714440195643489e-01 -1.985736785649200e-01;

-4.686528087297413e-01 3.101617802730859e-01;
3.101617802730861e-01 4.686528087297412e-01;
-4.686528087297413e-01 3.101617802730859e-01;
1.501596998753824e-01 5.415605687324185e-01;
4.686528087297412e-01 -3.101617802730860e-01;

-2.136945158269544e-01 2.975003694513430e-01;
2.975003694513431e-01 2.136945158269543e-01;
-2.136945158269544e-01 2.975003694513430e-01;
2.169044279716604e-01 2.951682317670531e-01;
2.975003694513431e-01 2.136945158269543e-01;

4.321648988618657e-03 4.613525701856836e-01;
4.613525701856836e-01 -4.321648988618742e-03;
-4.017038703763546e-01 -2.269336272824586e-01;
4.321648988618657e-03 4.613525701856836e-01;
4.321648988618657e-03 4.613525701856836e-01;

1.458543058005253e-01 1.052665315835952e+00;
1.052665315835952e+00 -1.458543058005255e-01;
-9.845620580969667e-01 -4.000191238433768e-01;
1.458543058005253e-01 1.052665315835952e+00;
-1.052665315835952e+00 1.458543058005253e-01;

-5.817958889343947e-01 4.329995412837715e-01;
4.329995412837717e-01 5.817958889343946e-01;
-8.409065811155776e-02 -7.203497902764213e-01;
-5.817958889343947e-01 4.329995412837715e-01;
5.817958889343947e-01 -4.329995412837716e-01;

-2.126454329954217e-01 3.602815767782909e-01;
3.602815767782910e-01 2.126454329954217e-01;
-2.056902815078028e-01 -3.642971353619223e-01;
-2.126454329954217e-01 3.602815767782909e-01;
3.602815767782910e-01 2.126454329954217e-01;

2.327880752081466e-01 3.735143921211036e-01;
3.735143921211035e-01 -2.327880752081467e-01;
-4.398669898600512e-01 1.484319076778576e-02;
-2.832978252296480e-01 3.368169106515632e-01;
2.327880752081466e-01 3.735143921211036e-01;

5.962828815885812e-01 3.152922081325316e-01;
3.152922081325314e-01 -5.962828815885813e-01;
-5.711925026523534e-01 3.587500192312340e-01;
-1.155991652157959e-01 6.645293705970269e-01;
-3.152922081325315e-01 5.962828815885812e-01;

2.171828123335261e-01 1.683836518376744e+00;
1.683836518376744e+00 -2.171828123335264e-01;
-1.566836606900966e+00 -6.538324264421899e-01;
-1.534310513280742e+00 7.268872288246651e-01;
-2.171828123335263e-01 -1.683836518376744e+00;

-1.011556045761246e-02 5.494341239379191e-01;
5.494341239379191e-01 1.011556045761236e-02;
-4.707661288074795e-01 -2.834773942987692e-01;
-5.256687839351064e-01 1.601640118971382e-01;
5.494341239379191e-01 1.011556045761236e-02;

5.753200906947645e-01 3.138613017808876e-01;
3.138613017808874e-01 -5.753200906947646e-01;
-5.594719059544848e-01 3.413111629587896e-01;
-6.499267750295236e-01 8.424553764056879e-02;
5.753200906947645e-01 3.138613017808876e-01;

6.157286891601769e-01 -2.144830724215065e-01;
-2.144830724215067e-01 -6.157286891601769e-01;
-1.221165551813261e-01 6.404782228623586e-01;
-3.720649866190525e-01 5.354366934964798e-01;
2.144830724215066e-01 6.157286891601769e-01;

5.053787084763850e-01 -1.454798178468033e+00;
-1.454798178468033e+00 -5.053787084763848e-01;
1.007202825694452e+00 1.165069889306336e+00;
4.462489506128055e-01 1.474010601431392e+00;
-5.053787084763848e-01 1.454798178468033e+00;

2.621235043492319e-01 1.564011634284233e+00;
1.564011634284233e+00 -2.621235043492322e-01;
-1.485535559279179e+00 -5.550002034466808e-01;
-1.131365342689766e+00 -1.111239661400379e+00;
1.564011634284233e+00 -2.621235043492322e-01;

2.173113052557686e+00 2.053016687222217e+00;
2.053016687222217e+00 -2.173113052557686e+00;
-2.864521131806654e+00 8.554627651993960e-01;
-5.513524587576181e-01 -2.938249193555816e+00;
2.173113052557686e+00 2.053016687222217e+00;

3.101129596700835e-01 -8.859156995217337e-01;
-8.859156995217338e-01 -3.101129596700833e-01;
6.121690215622412e-01 7.115235508779381e-01;
-7.716148375022551e-01 5.344410322578065e-01;
8.859156995217337e-01 3.101129596700834e-01;

-4.368174933840425e-01 -5.511179022608306e-01;
-5.511179022608305e-01 4.368174933840426e-01;
6.956908505302898e-01 -1.027360949576067e-01;
2.945380036467577e-02 7.026186293877883e-01;
4.368174933840426e-01 5.511179022608306e-01;

-9.931980562976377e-01 1.210009197909146e-01;
1.210009197909148e-01 9.931980562976377e-01;
3.918091577286033e-01 -9.206352076385387e-01;
8.746366624918788e-01 4.858953696514509e-01;
1.210009197909148e-01 9.931980562976377e-01;

-3.629665076603020e-01 7.089666685412401e-01;
7.089666685412402e-01 3.629665076603019e-01;
-4.324998915629849e-01 -6.688215506273605e-01;
5.621045506962550e-01 5.642844113318585e-01;
-3.629665076603020e-01 7.089666685412401e-01;

-2.027508431606227e+00 -5.150504927507612e-01;
-5.150504927507609e-01 2.027508431606227e+00;
1.459801026756965e+00 -1.498348561782756e+00;
-1.116376688956461e+00 1.769115750501293e+00;
5.150504927507611e-01 -2.027508431606227e+00;

-5.784342072751335e-01 -7.714555857035155e-02;
-7.714555857035144e-02 5.784342072751335e-01;
3.560271171486314e-01 -4.623659386330035e-01;
-2.521157863573792e-01 5.262843334382508e-01;
5.784342072751335e-01 7.714555857035148e-02;

-4.218677141081039e-01 2.354453241209611e-01;
2.354453241209612e-01 4.218677141081038e-01;
7.032225163038437e-03 -4.830708195145693e-01;
9.355751669894882e-02 4.739766449165478e-01;
2.354453241209612e-01 4.218677141081038e-01;

-9.580749133169204e-02 3.083417808721556e-01;
3.083417808721556e-01 9.580749133169199e-02;
3.149355609492674e-01 -7.119916906997524e-02;
-9.580749133169204e-02 3.083417808721556e-01;
-9.580749133169204e-02 3.083417808721556e-01;

-2.236248413629937e-01 4.754199507984838e-01;
4.754199507984839e-01 2.236248413629937e-01;
5.235381755389318e-01 -4.404518186162450e-02;
-2.236248413629937e-01 4.754199507984838e-01;
-4.754199507984838e-01 -2.236248413629937e-01;

-3.013690324909716e-01 2.377300311771568e-01;
2.377300311771569e-01 3.013690324909716e-01;
3.565647624873703e-01 1.421282224625407e-01;
-3.013690324909716e-01 2.377300311771568e-01;
3.013690324909716e-01 -2.377300311771569e-01;

-1.688780471166304e-01 2.233223815881100e-01;
2.233223815881100e-01 1.688780471166304e-01;
2.778418792472607e-01 3.459148815045217e-02;
-1.688780471166304e-01 2.233223815881100e-01;
2.233223815881100e-01 1.688780471166304e-01;

3.518938073008908e-02 3.644466725273444e-01;
3.644466725273444e-01 -3.518938073008915e-02;
2.980253863683439e-01 -2.126982339193721e-01;
-3.357352660820890e-01 1.460873052020931e-01;
3.518938073008908e-02 3.644466725273444e-01;

1.588275307786916e-01 6.344253163525863e-01;
6.344253163525863e-01 -1.588275307786917e-01;
4.700146753759727e-01 -4.547613346509951e-01;
-5.542939250345157e-01 3.471021625287951e-01;
-6.344253163525863e-01 1.588275307786916e-01;

-3.278172778880545e-01 5.215172646711433e-01;
5.215172646711435e-01 3.278172778880544e-01;
6.155558386614101e-01 2.313945811494593e-02;
-5.972935028430587e-01 -1.506150606462526e-01;
3.278172778880544e-01 -5.215172646711433e-01;

-1.254099709748303e-01 3.364387253371933e-01;
3.364387253371933e-01 1.254099709748303e-01;
3.540694684462798e-01 -5.961114191652470e-02;
-3.587260543612645e-01 -1.530668640896046e-02;
3.364387253371933e-01 1.254099709748303e-01;

1.617917991688387e-01 6.148837929957941e-01;
6.148837929957941e-01 -1.617917991688388e-01;
4.516090855252701e-01 -4.475577047021016e-01;
-4.923119404746747e-01 -4.023526046060156e-01;
1.617917991688387e-01 6.148837929957941e-01;

1.493759705596760e+00 8.384628164327442e-01;
8.384628164327440e-01 -1.493759705596761e+00;
-2.074975363897613e-02 -1.712865260412731e+00;
-1.701313065435076e+00 1.996792577729505e-01;
-8.384628164327441e-01 1.493759705596760e+00;

-1.299878230607845e+00 3.166379120718114e-01;
3.166379120718116e-01 1.299878230607845e+00;
9.241555909593751e-01 9.674086134968544e-01;
8.655084841472918e-01 -1.020214705656822e+00;
1.299878230607845e+00 -3.166379120718116e-01;

-3.102509720561317e-01 5.246691244363726e-01;
5.246691244363727e-01 3.102509720561316e-01;
6.095022763713033e-01 6.350661131239432e-03;
-5.739446476214686e-02 -6.068271839768479e-01;
5.246691244363727e-01 3.102509720561316e-01;

-4.564973149940090e-01 6.688571111356700e-01;
6.688571111356701e-01 4.564973149940089e-01;
8.074959072423663e-01 6.090971597636328e-02;
7.624584315331813e-01 -2.727943802526999e-01;
-4.564973149940090e-01 6.688571111356700e-01;

-1.501003366903354e+00 -5.502675236324531e-01;
-5.502675236324529e-01 1.501003366903354e+00;
2.739560291084197e-01 1.575040808720506e+00;
8.908980972321724e-01 1.327443420778412e+00;
5.502675236324530e-01 -1.501003366903354e+00;

-5.318540680331029e-01 -9.459057252191132e-02;
-9.459057252191122e-02 5.318540680331029e-01;
1.840091952540622e-01 5.078944202837198e-01;
3.746800360319486e-01 3.891413582394976e-01;
5.318540680331029e-01 9.459057252191125e-02;

-4.235083515466556e-01 1.997872835432534e-01;
1.997872835432535e-01 4.235083515466556e-01;
3.847750386748701e-01 2.668753493826475e-01;
4.600574725232630e-01 8.730065561532208e-02;
1.997872835432535e-01 4.235083515466556e-01;

-2.551261548609183e-01 3.220351056311309e-01;
3.220351056311309e-01 2.551261548609183e-01;
4.064536598174237e-01 5.992817846383238e-02;
2.274352681247269e-01 3.421537124831535e-01;
-2.551261548609183e-01 3.220351056311309e-01;

-5.796751688358390e-01 2.779600684783615e-01;
2.779600684783616e-01 5.796751688358390e-01;
5.305580649578429e-01 3.630333879156891e-01;
8.522625600875179e-02 6.371982315732558e-01;
-2.779600684783615e-01 -5.796751688358390e-01;

-3.625361821003738e-01 7.747462307498128e-02;
7.747462307498135e-02 3.625361821003738e-01;
2.483630827817449e-01 2.752282319524543e-01;
-3.834709622185421e-02 3.687333735422896e-01;
3.625361821003738e-01 -7.747462307498132e-02;

-2.547777183142065e-01 1.668692810250109e-01;
1.668692810250110e-01 2.547777183142065e-01;
2.719018956360074e-01 1.372093358658331e-01;
7.997147234116087e-02 2.938734528853945e-01;
1.668692810250110e-01 2.547777183142065e-01;

