40

2.667995511614351e-55
1.930190276650736e-60
1.382244820051552e5

4.123087972333883e-54
2.728309661295356e-58
1.511224341879254e4

7.531328160969360e-56
1.811485486387005e-59
4.157542645285302e3

6.542333336083180e-56
1.573605827832519e-59
4.157542645285302e3

5.180437122031828e-55
1.949627510261505e-58
2.657141989823981e3

3.551973172552158e-53
1.342525974137497e-57
2.645738883997471e4

4.302005692012826e-55
2.913563948292422e-59
1.476544111734407e4

1.058019297785093e-40
6.908238447712017e-47
1.531532684914060e6

2.132796512587445e-51
3.920407518184037e-55
5.440241869486500e3

3.574285605670801e-59
7.130416600607436e-63
5.012730399744539e3

4.039028060150965e-56
1.520064819877588e-59
2.657141989823981e3

5.290890180613070e-42
2.937504816463995e-47
1.801151150785839e5

4.270926813437936e-53
1.614266184493972e-57
2.645738883997471e4

2.074982270152641e-53
7.926971221473176e-58
2.617623064571968e4

6.707519956008275e-53
1.286860976891094e-56
5.212311256972652e3

3.995303702144865e-55
2.890445776455041e-60
1.382244820051552e5

2.204168805410341e-53
8.420497340669503e-58
2.617623064571968e4

2.163813145867084e-57
9.639739034132915e-61
2.244680211990528e3

7.139486821816503e-55
1.383194797969113e-58
5.161591723956098e3

2.705563499328540e-55
1.018223154686501e-58
2.657141989823981e3

2.539824334111824e-58
5.066748321915057e-62
5.012730399744539e3

4.900196485795814e-56
3.318692917368957e-60
1.476544111734407e4

2.565280536195306e-51
4.715379569029052e-55
5.440241869486500e3

5.062997536522854e-51
7.947159602194209e-56
6.370826546789070e4

1.688844978750782e-50
2.649638971109239e-55
6.373868278529161e4

5.347522981167430e-54
1.025940838435905e-57
5.212311256972652e3

1.342498264230278e-55
5.980799657158218e-59
2.244680211990528e3

6.752670368709320e-51
5.867601331136342e-57
1.150840008995903e6

5.008341501521990e-51
7.861368481372672e-56
6.370826546789070e4

1.042583287969798e-54
9.059324318064348e-61
1.150840008995903e6

1.497609374277458e-42
8.314734571965563e-48
1.801151150785839e5

4.065641472348769e-40
2.654622726890681e-46
1.531532684914060e6

6.365791192994950e-54
1.531142729278754e-57
4.157542645285302e3

3.702297305641348e-54
2.449866113880503e-58
1.511224341879254e4

1.361452515823233e-55
5.123747699735914e-59
2.657141989823981e3

1.490466471400599e-55
2.887610161964210e-59
5.161591723956098e3

2.657930153064037e-57
1.184101921897841e-60
2.244680211990528e3

2.683217113666527e-55
6.453853496149521e-59
4.157542645285302e3

7.273620925679379e-50
1.141162730045913e-54
6.373868278529161e4

4.893399322325672e-57
2.179998423020945e-60
2.244680211990528e3

