10                                               

9.501157421060568e-01 -1.543918141465357e+00
9.501157421060560e-01 1.543918141465358e+00
2.110259000511663e+00 -1.497420591277051e+00
-1.110259000511662e+00 -1.497420591277049e+00
4.009897994829896e-01 -8.255661884689963e-01
4.009897994829892e-01 8.255661884689962e-01

3.893226018013675e-01 -4.060776737228488e-01
3.893226018013675e-01 4.060776737228489e-01
2.737772008283150e+00 7.185489546017907e-01
-1.737772008283149e+00 7.185489546017909e-01
1.623557284847192e-01 -2.396213918913369e-01
1.623557284847192e-01 2.396213918913369e-01

-2.795147230387572e-01 -4.830873978131684e-01
-2.795147230387580e-01 4.830873978131680e-01
2.520222301841369e+00 -8.854681358739809e-01
-1.520222301841368e+00 -8.854681358739808e-01
-1.958645076822188e-01 -2.650492594597159e-01
-1.958645076822190e-01 2.650492594597155e-01

0.100815408166638119686773853890e1 -0.644499054714194957668598092468e-2
-0.809587846372850328161201645190e0 -0.508828536005747650967694321639e-2
-0.228459470257584114250070209288e3 0.168814699339660966895532784934e2
0.459520011345468230231152803408e0 0.103970162713148331662825165387e-1
-0.363121727413235090109405613141e1 0.933492063215094654788018991722e-1
0.133462380741925622839363029732e-2 0.182683219802558687417125050894e-2

1.036558437353587e+00 2.191881070521704e+00
1.036558437353589e+00 -2.191881070521704e+00
9.874955065848318e-02 1.014130463499596e+00
9.012504493415181e-01 1.014130463499595e+00
2.301335225388621e-01 -9.087013969699065e-01
2.301335225388621e-01 9.087013969699063e-01

-4.926815149284994e-01 8.786127593171111e-01
-4.926815149284999e-01 -8.786127593171109e-01
2.586044082625636e+00 2.441570326088045e-01
-1.586044082625638e+00 2.441570326088041e-01
-3.347567463873888e-01 4.710528299540638e-01
-3.347567463873889e-01 -4.710528299540638e-01

0.100815408166637143350604328149e1 0.644499054714050032914174158373e-2
-0.809587846372858021704850583062e0 0.508828536005633340252907716770e-2
0.459520011345483964572392068613e0 -0.103970162713124964388187679394e-1
-0.228459470257558632590937533120e3 -0.168814699339623073018762993449e2
0.133462380742201481661234368655e-2 -0.182683219802517673258887033567e-2
-0.363121727413220984920369051542e1 -0.933492063214885009528820677369e-1

7.084675269131673e-01 7.876737096517490e-01
7.084675269131673e-01 -7.876737096517490e-01
4.999999999999984e-01 -2.047205026153616e+00
5.000000000000098e-01 -9.414113186571498e+00
4.337289851122019e-01 -2.220446049250313e-16
9.820880749064238e-01 4.440892098500626e-16

3.009815579515467e-01 2.081668171172169e-16
-1.841645610908246e-01 1.526556658859590e-16
3.078023930667830e-01 -3.244954295599221e+00
3.078023930667769e-01 3.244954295599222e+00
-3.355770156425505e-03 -2.327835979653936e-01
-3.355770156425485e-03 2.327835979653937e-01

-3.479239286854027e-01 5.776374599001356e-01
-3.479239286854027e-01 -5.776374599001357e-01
2.451529621698524e+00 9.999842613857474e-01
-1.451529621698523e+00 9.999842613857464e-01
-2.615786681867293e-01 2.834215441530378e-01
-2.615786681867293e-01 -2.834215441530378e-01

