40

4.794265637602471e-59
2.808761914189064e-62
1.706896413463601e3

3.781943963334406e-53
4.219406771646911e-58
8.963212527286733e4

2.195724355273348e-56
1.348045887885358e-59
1.628820187061821e3

1.391044438992309e-57
5.269516267633125e-61
2.639795321510821e3

3.770930372406312e-55
1.279535161339087e-58
2.947109611634178e3

2.169782929480692e-49
2.548844049270776e-55
8.512811641424147e5

2.971866531644784e-39
2.980267016059891e-45
9.971812980616034e5

3.333938197690253e-56
1.262953294341834e-59
2.639795321510821e3

9.378843747547296e-33
1.604122650537587e-40
5.846712372276634e7

7.352630722323047e-46
1.610339320834928e-53
4.565889081383704e7

4.666814895015859e-44
4.247847860547129e-49
1.098630423739980e5

7.506339906648330e-56
2.843531028895173e-59
2.639795321510821e3

1.232711851766867e-44
1.122044160738281e-49
1.098630423739980e5

1.210921666590364e-46
2.652104869405612e-54
4.565889081383704e7

4.318928164903946e-58
2.796936798954786e-61
1.544163660229265e3

8.338226786773360e-57
3.158664127793508e-60
2.639795321510821e3

1.015950089749392e-54
3.447276225284494e-58
2.947109611634178e3

2.225410777847585e-48
2.614190083824392e-54
8.512811641424147e5

5.181019127014514e-57
1.758000145824786e-60
2.947109611634178e3

1.672779150223569e-38
1.677507543989487e-44
9.971812980616034e5

5.411863969027652e-57
3.170587228574700e-60
1.706896413463601e3

2.410449776974689e-58
1.150564668225038e-61
2.095014598956233e3

9.688458199320624e-56
3.287444132065504e-59
2.947109611634178e3

2.821852725875828e-59
1.463480092611883e-62
1.928179781960441e3

4.124244413261948e-58
3.007322008549225e-61
1.371401001135739e3

2.280654838281632e-58
1.663010918318483e-61
1.371401001135739e3

3.983023816290905e-58
2.065691100775488e-61
1.928179781960441e3

4.299575570235907e-57
2.052289073488088e-60
2.095014598956233e3

6.528742749207793e-32
1.116651946171517e-39
5.846712372276634e7

1.466807207498897e-56
7.001417595035767e-60
2.095014598956233e3

1.522842374639393e-57
9.861923407867881e-61
1.544163660229265e3

4.525208538951147e-53
5.048645812173974e-58
8.963212527286733e4

3.629978877528467e-56
2.228593988681141e-59
1.628820187061821e3

2.665009304828684e-57
1.382137355531798e-60
1.928179781960441e3

5.118100129516293e-58
3.314480363277296e-61
1.544163660229265e3

6.566644592571613e-58
3.405618425215048e-61
1.928179781960441e3

1.575715141137928e-58
1.148982055454958e-61
1.371401001135739e3

4.936449969315498e-59
3.599567132609157e-62
1.371401001135739e3

1.881621478173929e-57
1.218537598465800e-60
1.544163660229265e3

2.858181828044438e-57
1.364277761820097e-60
2.095014598956233e3

