0
-4.316226781299621e-01 -2.850006290242892e-01
-1.395123548605441e+00 2.766885726055053e-02
-1.322972050889958e+00 -6.953695337520924e-02
-9.790161295296306e-01 -5.663936612616768e-01
6.047501597770636e-01 -2.330197935824827e-01

1
-7.006241444079332e-01 -8.723941962581871e-01
-3.049398971685759e+00 -2.803734098067774e+00
2.917223879296313e+00 -2.329203300030081e+00
-1.246489439195877e+00 -2.795176269216405e+00
2.552855528533271e+00 1.267623796371666e+00

2
-2.782783716714495e-01 -1.685592774855701e-01
-8.227331753825969e-01 7.017040857735601e-02
-7.000512528032458e-01 3.213170064723485e-01
-6.232610643393490e-01 -3.026047827736944e-01
2.656560776063351e-01 4.099878778595905e-01

3
-3.678072813376479e-01 1.521713286237850e-01
-1.005966400184998e+00 8.755542203424430e-01
-8.362318406805147e-01 -8.379284297704073e-01
-9.760793893113843e-01 2.503778511325668e-01
4.530229678453420e-01 4.952512699595225e-01

4
-9.201468042516379e-02 2.149620380998549e-01
-4.788592352547110e-01 -2.813329205211424e-01
-2.637328034654500e-01 6.320861369375862e-01
-2.395888254931962e-02 -4.755116802212297e-01
-4.180073394311110e-01 4.072564592101879e-01

5
-3.421123668948710e-01 1.685432864098238e+00
-9.164668270776962e-01 2.176327631893715e-01
-2.906346212363749e+00 -2.358951996062753e+00
9.771173590314527e-01 -5.434319301925352e-01
-4.526534063979645e-01 -2.708813083620512e+00

6
-1.628600708372369e-01 1.410774792606281e-01
-2.336429219216652e-01 -4.603732893550365e-01
-5.659693591416726e-01 2.825658659088090e-01
1.850890264839699e-01 -3.915717393912022e-01
2.779083359163466e-01 2.152915252458115e-01

7
-9.732124072705700e-02 2.980993290885463e-01
-3.867861284404721e-01 2.877286225384772e-01
-8.247821069928587e-01 -2.893370412600097e-01
-7.552939227421697e-02 -4.904253653964082e-01
-2.437652021011097e-01 6.606656325313465e-01

8
-4.124452118567248e-01 -3.833694947366664e-02
-7.060855804367736e-01 7.042268746480310e-01
-1.013735419858266e+00 2.785461323281226e-01
3.538031332514366e-01 -4.319063570710390e-01
-8.874990990487903e-01 -3.511838410745462e-02

9
-5.992150757097047e-01 2.425325595208444e-02
-6.726150556278567e-01 -2.302071771942648e-01
6.651050135911516e-01 -1.387454421667238e+00
8.039493232222823e-01 -5.611555126760643e-01
5.824387130893430e-01 4.852936200618441e-01

10
-2.249776738351123e-01 -9.972354063046583e-02
-6.119529095798503e-01 2.264148886696956e-01
-5.000149301239697e-01 -4.634496090990431e-01
3.373310432236589e-01 -1.932524196063356e-01
1.457111871578815e-01 3.678420603954660e-01

11
-3.441592049190978e-01 2.354711312730777e-01
-3.713188047583411e-01 2.000804218223081e+00
-2.043690008423654e+00 -1.386222890530932e+00
-3.601601343239743e-01 -1.090470462098055e+00
-9.505100602923860e-01 1.500663311533974e+00

12
-1.818979937939600e-01 2.036272014414008e-01
-3.761036350478149e-01 6.141995217576716e-01
-5.409360744938539e-01 -1.634857083885046e-01
3.875387371947520e-01 9.756636038583137e-02
-4.641306339982783e-01 3.965942673662339e-01

13
-3.041612232912626e-01 -1.246296552104226e-03
-6.693186771948765e-01 2.644200912977170e-01
-7.899719498774221e-01 -2.587704070704671e-01
3.109552784673317e-01 3.251509691487680e-01
2.957405362428813e-01 -3.350145341943073e-01

14
-3.676510868268941e-01 5.020430386167953e-02
-1.286380847957141e+00 -1.491442147642764e-01
4.093672314111943e-01 -8.914577878463663e-01
2.726263738069612e-03 6.971372964774396e-01
9.007698795194760e-01 -3.842691954934419e-01

15
-1.128331988641072e-01 1.611488220738474e-01
3.032344430513113e-02 1.010770387124240e+00
-1.139557816418483e+00 -5.511657266105155e-01
6.100772403087718e-01 -1.242110844519050e-01
-4.884602589834569e-01 8.216866172651044e-01

16
4.686088714797967e-02 4.039349035380949e-01
-8.737616127469405e-01 4.745517970810229e-01
-9.355121812925055e-01 1.092145341181844e-01
-3.152286859427440e-02 8.461509489605721e-01
-3.728247127922389e-01 -6.101436924408786e-01

17
-3.058732633215219e-01 3.342427652551020e-01
-1.125531915320297e+00 -1.726294554277536e-01
4.264247425831347e-02 -2.211552825753849e-01
-5.320120381534882e-01 6.151267106084011e-01
5.882480415210259e-01 -3.815084312470559e-01

18
-6.942002277690525e-02 2.274463383529202e-01
-6.148108915051053e-01 4.413637670715754e-02
-5.943479288296112e-01 7.292474031984816e-02
-2.139927164673560e-01 4.638491382335411e-01
2.938784346906859e-01 -3.513522873531280e-02

19
8.632332276232602e-01 -4.686065628236442e-01
9.747714775633856e-01 1.547456745055917e+00
-2.563534442813778e+00 -1.000574523897873e+00
2.211643578736954e+00 -8.809196479518485e-01
-1.272104672440976e+00 2.048490103903042e+00

20
-5.422073933366568e-02 4.326841334980989e-01
-2.902316848457672e-01 3.562975673379369e-01
-3.333887107042367e-01 -3.120680033612007e-01
2.480579661339252e-01 -9.406026160132400e-02
-4.401527825246681e-01 6.608291126656246e-01

21
1.113291774399754e+00 1.359799982968725e-01
8.496907078240973e-01 -2.634510246870380e+00
1.409539321246559e-01 2.564815036315811e+00
1.569871584402972e+00 3.153283251251927e-01
2.533247978332958e-01 -1.210846310843509e-01

22
3.350209604823043e-01 -7.508617005370825e-01
-7.350363513331820e-01 -1.342088415158288e+00
9.740435205964172e-01 8.766149414885229e-01
6.541039359623834e-01 -1.086162041014461e+00
-6.989913311989350e-02 1.259152260033825e+00

23
-2.970339041749819e-01 -2.893593397373872e-02
-6.479463579833162e-01 5.548538004545622e-01
6.445352751799137e-01 -4.679519153889166e-01
-5.471089497995055e-01 -8.967508383797287e-02
9.476331782583779e-02 1.703912830679738e+00

24
3.533850257203575e-01 -1.084287136721774e-01
1.739465379540131e-01 -2.359011457092631e-01
-2.194810231099614e-01 4.204672705249780e-01
4.454117113312868e-01 6.570094242655715e-01
5.398956138928570e-01 8.816052699429444e-01

25
-1.257782817665009e+00 1.163221692042474e-01
-6.594661640041369e-01 5.955834876003027e-02
6.902198119351496e-01 -3.604360324653714e-01
-3.354575375711276e-01 -1.228841815495820e+00
1.814834187912297e-01 8.784289449541768e-01

26
5.656632484314021e-01 -3.821558795387154e-01
2.227783045632646e-01 -2.588173721772762e-01
9.637190998825208e-02 6.540804843869670e-01
1.127081525172902e+00 6.334363807603881e-02
-2.818565121755824e-01 1.384277263859622e+00

27
-5.083148579723054e-01 3.176031435590974e-02
-3.980232153051618e-01 6.206251424737706e-02
5.150049913962307e-01 8.764886167517860e-02
1.064554719339965e-01 -4.480558653397507e-01
-1.126067647800306e-01 9.829636229886837e-01

28
-8.328325728295166e-01 1.027632317723527e+00
1.803080904169552e+00 1.470571521062193e+00
-2.017209368259057e+00 -1.068862015531606e+00
1.338103010025483e+00 -2.689578320925245e+00
-1.673873160021190e+00 2.164562539661639e+00

29
1.091721012892157e+00 5.083336022856571e+00
9.660513813392595e-01 3.937584762719489e+00
-5.023640220319917e+00 -2.806510592376672e+00
-8.980463370129394e+00 -6.307668379236178e+00
-4.458256614961671e+00 8.905769731403254e+00

30
-1.247111420721111e-01 -2.102777942777835e-01
-3.330831053933613e-01 2.818279180544366e-01
3.091263273804243e-01 -3.066374383066097e-01
3.707163074630998e-01 4.751984372623210e-01
4.232795213119276e-01 9.724281180508624e-01

31
-5.225017748997656e-01 -2.896147254250928e-01
-4.411382501864336e-01 -2.355133326001321e-01
8.294289950621490e-01 3.682711838465908e-02
9.354097608223751e-01 -5.570521870542954e-01
-9.602985606848254e-02 7.202770109244211e-01

32
-2.795250234667833e-01 7.292224968899645e-02
-4.730968124824983e-01 3.207902839743387e-01
-1.913335499865145e-01 5.239195799401554e-01
3.778663347225199e-01 1.175357059446497e-01
-5.616852041328536e-01 1.886008192335345e-01

33
-5.424848877689783e-01 2.030449164211539e+00
-3.747623233976278e-01 1.424511288868536e+00
-1.937629892755678e-01 -2.071156909495243e+00
1.753286943742671e+00 -1.699537689748782e-01
-2.539899875909033e+00 -7.345034472795375e-01

34
-7.740000059767133e-01 -1.039237859646553e+00
-5.615384451772079e-01 -1.020945569874979e+00
1.187000802914123e+00 3.599841129905985e-01
-4.891173429575413e-01 8.012041224486054e-01
2.904273686765634e+00 6.581471007591446e-01

35
-1.956067615938832e-01 -9.663937016214492e-02
-4.698521571976103e-01 3.402439865619210e-01
4.476935383888632e-01 -2.980193863498955e-01
4.687395048296702e-02 1.014919031917685e-01
1.291413430658999e-01 1.236469808010481e+00

36
5.389396294351440e-02 1.661072657096502e-01
1.866123540066019e-01 5.631056103879781e-01
-1.548696679667376e-01 -6.102845447736904e-01
1.258906473927289e+00 1.817752065388010e-01
-4.069535439536103e-01 9.546278228085538e-01

37
-8.984462955172519e-01 -2.281337698764864e-01
-1.375717636602710e-01 -2.059966316061286e+00
5.100520816311739e-01 1.887509981696315e+00
-1.884474337390024e+00 -1.653332499664475e-01
2.829968741502288e+00 3.980317815616175e-01

38
-1.129619208075605e-01 8.772730938067504e-02
-1.549196127523415e+00 -2.883841536048234e-01
1.067900823765275e+00 -1.095832555059352e+00
-6.498399656708891e-02 9.923671699764737e-01
8.867022990879281e-01 -1.520403313169217e-01

39
3.080121509106118e-02 1.770206137425166e-01
-3.716751571566193e-01 1.493869311723067e-01
3.402830860292486e-01 -2.561487994390024e-01
1.048999691070906e-01 3.617916916816606e-01
9.302467039538466e-02 9.790677327094780e-01

40
-2.500257229465808e-01 -3.743238082232266e-01
-1.393826570561176e+00 -7.747912018844393e-01
4.697572915201741e-01 1.190865184218351e+00
-1.802419507035252e-01 -9.007132146110983e-01
-5.390451980655100e-01 1.314859964898420e-01

41
-1.100424883730637e+00 -1.735045504079494e+00
-1.982193497210798e+00 -2.390561513536824e+00
-1.370760433423784e+00 3.427184933930834e+00
-3.338153284176659e+00 -2.347462717309543e+00
2.411055271123874e+00 -3.104439794903211e-01

42
-3.025276370480074e-01 -3.663784163379357e-01
-1.017725368028867e+00 -4.811282346203321e-01
-3.952576158064500e-02 4.464240285314646e-01
-5.220473984853246e-01 -5.716022459773705e-01
4.533999034103733e-01 4.872394063714712e-01

43
-5.445180018515310e-01 6.611754895301121e-02
-5.317037582918452e-01 -2.120135553045238e-02
6.823192284246676e-01 6.708273397158429e-01
-1.034165388231829e+00 6.284840357995971e-01
7.803789793480271e-01 8.228097830937443e-01

44
-9.837003480752059e-01 1.164839844141397e-01
-5.286412973216039e-01 6.232604324590113e-01
1.263082275380281e+00 1.218654082766422e+00
3.683210509543214e-01 -6.672594562253827e-01
-1.752165360959927e+00 9.116485374773822e-01

45
2.219159022047989e-02 -5.303301464810166e-02
-3.010999011664022e-01 -6.768084695974936e-01
-4.565908109457729e-01 5.936172679607614e-01
2.723478087800083e-01 -3.671989107971935e-01
2.462433161286386e-01 2.577723258370546e-01

46
-8.974600885556869e-02 -1.407611163594956e-01
-4.780841563194855e-01 -6.094640031813764e-01
-2.019422501227867e-01 6.035806711074510e-01
1.462291845367737e-01 -3.998858779720223e-01
2.156257923507450e-01 3.417676511819523e-01

47
-9.719514825677612e-02 -9.689247296077179e-02
-7.787180628625203e-01 -4.463950954936481e-01
3.904210044095880e-02 8.331414121892687e-01
-1.369378804856775e-02 -5.275430431313967e-01
-3.772615540767265e-01 3.903531134688198e-01

48
-2.797031954165496e-01 1.970234903576778e-01
-3.400120824438903e-01 -3.957816819706598e-01
1.219246519905306e-01 5.707665093430326e-01
3.879298527561253e-01 -6.045626924675120e-01
-4.292730688895659e-01 3.977559854302214e-01

49
-3.793128027740216e-01 -1.088444825508425e-01
-2.386817046550545e-01 -1.391049937366284e+00
2.916272158684146e-01 1.402830474159152e+00
2.764197489691014e+00 7.231768288678331e-01
-1.204023506760395e-01 -2.351001481465599e+00

50
-1.167100148861176e-01 -1.996718549042352e-01
-4.623950781130587e-01 5.190141616604044e-02
-4.869240586031774e-01 3.109548824730631e-01
2.340578378636725e-01 -3.256477946569546e-02
7.054931144857662e-02 3.942095222004210e-01

51
-3.143658128579448e-01 1.766721798135595e-02
-7.222597580307352e-02 -5.097547397316478e-01
7.061180359504172e-02 7.331156664892786e-01
5.776672119733384e-01 -1.622879257913802e-01
1.247479198521478e-01 2.420449604018406e-01

52
-1.333149782432845e+00 -2.523859668925158e-01
-3.918183489983111e+00 1.502779257165233e+00
3.297793848727872e+00 1.132660232683907e+00
-6.933773122342305e-01 1.672852499399260e+00
-2.503600693348309e+00 -1.340556604304361e+00

53
4.687032108456066e-01 -1.702593019161890e-01
-1.477161149422548e+00 -1.887591380049965e+00
-1.133140783154397e+00 2.016817468093513e+00
-1.604569478140946e+00 2.787143031147608e-01
1.208250953480873e+00 -1.158519549931521e+00

54
-2.390285103528025e-01 -1.568117970189206e-01
-4.517596965384912e-01 -1.609826967863530e-01
-4.028756899499703e-01 6.551810312759492e-01
1.988675514768433e-01 4.042576260084694e-01
3.788964950199341e-01 -1.249576648890837e-01

55
5.504961832372101e-01 3.397753763307822e-01
2.997996558086715e-01 -1.256414282115323e+00
-6.523107778418960e-01 9.967691372188835e-01
-1.112747154706568e+00 -7.204886633257642e-01
8.200012381326823e-01 1.602712126788829e+00

56
-1.890155120964902e-01 -9.729046696840520e-01
-2.573471249347659e+00 1.054575649285671e+00
4.200448471173365e-01 1.787936960769999e+00
-9.280471946958762e-03 2.069710764203728e+00
-1.234129557652901e+00 -1.426146304126910e+00

57
1.367511890694138e+00 1.600684038842422e+00
8.349427862764935e-01 4.746948918919667e-01
-2.095119132314900e+00 -4.721090870416643e+00
-1.933502852205179e+00 -1.110152023007401e-01
2.698198458560156e+00 3.616129600007242e+00

58
3.056274278674895e-02 -5.480506676620518e-02
-7.555560089907249e-01 -4.534547025311740e-01
9.046858471353303e-03 8.601682877772385e-01
-4.907445438353373e-01 2.591765427688737e-01
2.766448086214579e-01 3.267151991708986e-01

59
-3.474343829195154e-01 -2.726737698747835e-01
-3.209713143812877e-01 -7.809745558337691e-02
2.488884028604247e-01 6.527254775856207e-01
3.489020218976533e-01 -1.228405718337708e-01
2.559998475439547e-03 6.894771475213359e-01

60
-1.389735372283780e-01 3.339095015144347e-01
-4.628942318921970e-01 -3.920824402930430e-01
2.360405680073397e-01 9.491712929886745e-01
-3.900003919170199e-01 4.870989655332209e-01
1.145025813399012e-01 1.759185396130998e-01

61
2.617553947954719e-01 1.122310720408469e-01
-5.785699848005006e-01 -1.627785594041578e-01
-3.629104718300813e-03 5.419676370350283e-01
5.020375110345653e-01 4.156093053949033e-01
-4.789746301793614e-01 1.454904508557683e-01

62
-1.288288214203713e-01 5.863334831780643e-01
-6.593101207414748e-01 -6.335848820520704e-01
-2.379408876870809e-01 1.321382881621823e+00
-5.726581101451290e-01 8.764985161764782e-01
1.858206011993360e-01 -8.541122468206451e-01

63
9.000224342371844e-02 2.543412873274196e-01
-3.969951400213470e-01 -3.027222569372205e-01
-4.937729277336648e-01 4.491266872706333e-01
1.178890535635231e-02 5.134845795118668e-01
2.735096410358242e-01 -8.228255673903839e-02

64
-2.956139135226358e-02 5.691013388022945e-02
-6.744608948765979e-01 -4.144887783178187e-01
-7.148178755233266e-04 7.778925910812267e-01
-4.418248974928902e-01 2.315369701424529e-01
2.339600365033336e-01 2.962276810134991e-01

65
4.427355443787378e-01 5.181536993770282e-02
-4.516896798719284e-01 3.108174151120002e-01
3.221533458006143e-01 -1.236907084392699e-01
8.780195546623405e-02 8.805302859494639e-01
-3.079277601382987e-02 1.154728587011994e+00

66
-9.978857214894703e-02 -1.563110850778077e-01
4.217379360538296e-01 5.959789538950413e-01
-3.557427968458339e-01 -5.805948677919108e-01
1.476009197830817e+00 -1.765103141302162e-01
-2.020034786738830e-01 1.211473252364671e+00

67
6.506131796743196e-02 3.582689340788573e-01
1.169081953918571e-01 -1.536301005449581e-01
-8.637399537402866e-01 3.959878803553346e-01
-1.181004999050115e-01 -3.109801274820770e-02
2.122088685952113e-01 5.958671223131878e-01

68
-1.599240080073379e-01 1.688448949524173e-01
-5.082660638055806e-01 -1.126569496337196e-01
-3.274423481893656e-01 5.699503295206012e-01
2.922982606916004e-02 -3.861709537630020e-01
-4.355043916943644e-01 3.351058683988679e-01

69
3.726467385499119e-02 2.476720299988411e-01
-5.230820639631305e-01 -2.042261861695212e-01
-6.064517895029490e-01 3.155451456603153e-02
-2.015747957578795e-01 -4.071333974118488e-01
-1.346616379980790e-02 4.844803210967985e-01

70
-1.763426970835739e-01 -1.026876545052766e-01
1.087875994397194e-01 -3.525208552373759e-01
-1.205029098960779e-01 3.523959380583483e-01
4.524457824213381e-01 2.141889340892223e-01
7.137773140445229e-01 5.574973955567739e-01

71
-2.099799334477920e-01 8.919467223872804e-02
-3.748103181577236e-01 -2.151969203134781e-01
-6.111950998970975e-01 7.368417892853865e-02
1.884028542748350e-01 -2.809002833363676e-01
2.412641644296984e-01 1.658521723180739e-01

72
-9.710572272094710e-02 1.391624313778522e-01
-4.735315330154037e-01 -1.037101008178511e-01
-4.757947941316730e-02 3.317619977575032e-01
3.091248335155855e-01 -2.966653919792151e-02
-2.711598522689673e-01 3.187074032786299e-01

73
-1.519508595786202e-01 1.856553725439555e-01
-5.455267460811846e-01 -3.430132255523494e-01
-5.279202595663331e-01 3.713798134340233e-01
3.404097040920743e-01 8.331261614533594e-02
5.133391113066572e-02 -4.130571769690630e-01

74
-1.226548013988492e-01 4.858921545302043e-02
-4.977049142004810e-01 -5.844120519443129e-01
-3.617099882111934e-01 7.402367341968256e-01
3.121922388445585e-01 3.415301012284433e-01
3.314631066943606e-01 -4.939442062614326e-01

75
1.100930686553020e-03 2.548924813592323e-01
-1.849338038322214e-01 -2.486866307317803e-02
-6.099876896334723e-01 1.508981857481080e-01
1.233448219148273e-01 -8.803674810423429e-02
-3.023414104585465e-02 4.856828240288126e-01

76
-7.731588555530028e-02 2.645649032854463e-01
-4.214178809830560e-01 -5.488009202966906e-01
2.636240815138619e-01 4.877006428723480e-01
8.459807103845526e-02 -2.643936425788770e-01
-1.129863540054625e-01 4.784286882859980e-01

77
1.368943778925249e-02 3.228324382117467e-01
-2.805212949245774e-01 -1.892355007020830e-01
-1.527202260906352e-01 3.000520934940628e-01
1.671911808142581e-01 -1.025559296748387e-01
-2.343161444825410e-01 5.101082844167498e-01

78
6.389850086112011e-03 2.131048086753406e+00
-1.343823800086879e+00 -1.759207232734894e+00
-1.676563738089251e-01 1.928533199532679e+00
1.325246197618969e+00 -6.886038393189721e-01
-3.199419550250723e+00 -3.572103269935785e+00

79
-2.968176671052973e-01 3.118097500354781e-01
-7.807900658754521e-02 -3.055777920578273e-01
-9.949576907562899e-01 5.483866473246551e-01
2.249355385144378e-01 6.332683482359085e-02
3.218723163538469e-01 -4.122439065342152e-01

80
2.819845508845243e-01 2.847967401460903e-01
4.015212567586206e-02 -2.471137397294374e-01
-4.018802529315725e-01 3.090599422785977e-01
-2.060923020986785e-02 7.118076158033486e-02
1.486588433359006e-01 9.324584082737937e-01

81
9.004109322717641e-01 3.077992408204305e-02
-4.159346073713600e-01 7.741352559100447e-01
4.343763838001251e-01 -6.871863933590389e-02
1.173546124762568e+00 9.857754349922956e-01
-1.392657054910918e+00 1.260531946351829e+00

82
6.819436049820353e-02 6.327431589459298e-01
-1.026125467806670e+00 4.313897682493726e-01
-2.060497509164398e-01 -1.163054526771236e+00
-2.951514964120635e-01 1.353377369931582e+00
5.198968158951145e-01 -2.757892909319037e-01

83
-1.442280370222790e-02 5.978547718487347e-01
-1.093881764919954e+00 1.530671326405009e-01
6.152218990951765e-01 -1.421872624216638e+00
-3.756799767827169e-01 1.347353934965089e+00
8.898843475932765e-01 9.458834739178121e-02

84
-1.600602854981094e-01 2.772235238048485e-01
-1.507535136499519e+00 -6.390679507118507e-02
7.674476934496718e-01 -1.082129260757176e+00
-8.134259792287485e-01 -2.705678183977841e-01
2.221959315822776e-01 8.496985595468053e-01

85
-3.993400945422325e-01 -2.397552011681413e-01
7.881825848915390e-01 -4.836749297585347e+00
3.813396560266872e+00 3.119828161572886e+00
1.476229398754780e+00 -2.543032775574942e+00
9.168256987672351e-01 1.302040509672854e+00

86
-2.569979943027946e-02 -9.726312363951802e-01
6.824473199484035e-01 -4.400455907043348e-01
-2.324091870021791e-01 2.944625962542104e-01
5.273373971589802e-01 -1.743410079699729e-01
1.682028192732057e+00 1.938083913242117e+00

87
8.129003634000267e-02 -3.569811352745309e-01
-2.969812235028548e+00 -8.585296128301835e-01
2.438705034679974e+00 -2.113885928774851e+00
-1.401681679632265e+00 -1.123893703942697e+00
6.912547110783296e-01 1.751014012046625e+00

88
-1.600505892712398e-01 -1.575188834249977e-02
-5.045698660166316e-01 -2.049559749677818e-01
5.430516968112897e-01 1.775167724340017e-01
8.474245038245328e-01 -8.207305724532660e-01
-8.287194875532217e-01 8.199702679832542e-01

89
9.232212190916218e-02 7.443808959299584e-01
-7.190883128086178e-01 -4.938835352747457e-01
1.264900975181462e-01 5.856400185950063e-01
-1.184606862051645e+00 -9.768537179087800e-01
-6.944737233320493e-01 1.143792717906940e+00

90
-5.183436088324614e-02 4.403331959814501e-01
-7.355170626965686e-01 -6.077170575893911e-01
-6.905667733583724e-01 -5.959950960629472e-01
-1.271472111018865e-01 -7.657234727761726e-01
3.152664532259764e-01 3.385823938687256e-02

91
-2.286611925073837e-01 3.190090233813032e-01
-3.984782977029435e-01 -4.321095497560585e-01
9.498827403238659e-01 3.278180569837610e-02
2.463751337885733e-01 -5.391808891305363e-01
-2.735693439880720e-01 1.017000471388063e+00

92
2.173170769545193e-01 -1.675984032171685e-02
-8.410253279084791e-01 -4.144687759112730e-01
5.152737041072480e-01 -4.613751147552255e-01
6.903479216809439e-01 -1.639098937804903e-01
-1.366776483624160e-01 5.523057099103044e-01

93
1.515153799802082e+00 6.470419315032979e-01
-1.957835748296500e+00 1.549122885852243e+00
1.570977340102282e-01 -3.371666381732101e+00
3.590074353438443e+00 1.097477792486196e+00
-3.179495092793497e+00 -7.006205658832555e-01

94
-2.864493642640673e-01 2.680197869113275e-01
-1.283282953355296e+00 4.471770032017064e-01
-1.198951175414641e-01 -1.046695648972488e+00
5.268479330335742e-01 -8.343913313948673e-01
-1.018705439096078e+00 1.502409676961459e-01

95
-4.627235122188968e-02 1.464590204156775e-01
-6.755395171575524e-01 -3.020209576902990e-01
7.076137236328185e-01 -2.817274173508367e-01
3.865581580156337e-01 -1.239879281491713e-01
-8.960276110790255e-02 6.870855343272713e-01

96
-8.951103568365487e-04 1.900993509683832e-01
-3.744472365014873e-01 -5.651260684553592e-02
-4.466863038982725e-01 1.117745099577677e-01
1.722170818953870e-01 -4.960719258358966e-02
-6.713883371878793e-02 3.817093020736254e-01

97
1.606314201150555e-01 2.940546579706163e-01
-7.623325663508039e-01 3.246721750392256e-02
5.559554095775007e-01 -9.207121845229406e-02
-1.248902473459159e-01 -2.489769615169358e-01
-6.505737503554194e-01 1.160413680414103e+00

98
1.566556320749461e-01 5.546544879795945e-01
-1.016622813565895e+00 -1.849713069894199e-01
-1.015185488715041e+00 -3.317078854249587e-01
3.790765532767654e-01 -1.118474934983402e-01
-5.344729093307943e-01 -8.366290700709843e-01

99
1.897112704424517e-01 3.107329628155832e-01
-6.000396423555673e-01 -2.476560633465387e-01
3.859178726459862e-01 -4.643430144196057e-01
4.804452897918913e-01 5.541698136496684e-01
1.529748021082210e-01 2.857240252133612e-01

100
4.488766447066250e-02 8.696753524056577e-02
-2.472318522350203e-01 2.209840794388574e-01
2.238788053201084e-01 -2.542155250279289e-01
2.024722648749353e-01 6.266870718706901e-01
3.120173018914308e-01 9.323505498415372e-01

101
6.455357640679892e-01 2.828056550378416e-01
-1.983069218227958e-01 1.225508291421814e+00
-1.246285882473050e+00 -6.143042107105881e-01
1.174352161890607e+00 1.041156998237006e+00
-1.008843893804359e+00 2.896044253370615e-01

102
-1.044210524497726e-01 6.759318372939817e-01
-5.873113234789813e-01 -4.113839672242204e-01
3.712197842426278e-02 5.383395918525270e-01
-6.955329230912793e-01 8.285134070177749e-01
4.166002381264999e-01 -2.119718706463693e-01

103
-3.606263968276662e-01 1.275169470980678e-01
-2.767431570477645e-01 -4.764474753421455e-01
2.186486514709192e-01 6.001902296369235e-01
-5.498163431975863e-01 2.246306493115760e-01
8.378735220503404e-01 5.550882075155761e-01

104
1.230633642818408e-01 3.803322368545678e-01
-5.632816650331461e-01 1.030537440708805e-01
2.286144096080933e-01 -2.218387134246114e-01
-1.068856424215834e-01 -1.404493992526970e-02
-3.555100273381798e-01 9.713100646810808e-01

105
-6.300721307834923e-01 1.043272061365398e+00
1.121214918307399e-01 -8.085130289366829e-01
-3.201576173313126e-01 5.748774044857432e-01
-1.189329865678990e+00 -4.775222521650798e-01
7.805613824162979e-01 3.017582526754461e-01

106
-4.060747378687891e-01 2.106056222260543e-01
-4.430160019283041e-01 -1.173718642893240e+00
7.887459382844096e-01 8.923909035092324e-01
6.666241881327692e-01 -1.818379104511288e-02
2.156749551013391e-01 -4.611836184981636e-01

107
-2.808843428943643e-01 -4.507929455358305e-01
1.490885283861491e+00 -1.059725577392772e+00
-1.315789506202960e+00 1.206587278718464e+00
-6.738916141393736e-01 -3.519564989586350e+00
6.880522081731074e-01 3.510493803599391e+00

108
-3.788051563034179e-01 7.046900939413715e-01
-6.279080955662141e-01 -1.093875908268194e+00
1.144776505969894e+00 -8.377740240308140e-01
3.432877130486073e-01 -1.136355091396486e+00
1.036435183531507e-01 5.616022759430469e-01

109
1.817559679510539e-01 6.854040438230389e-01
-9.270534532105608e-01 -3.650193035592402e-01
2.033858847513079e-01 -1.475796862187697e+00
-4.350364082607088e-01 -9.426139095115651e-01
2.013745249591478e-02 1.151975895516176e+00

110
-1.667308235706852e-01 -5.977079087586814e-03
2.520637101631195e-01 -4.188149079863978e-01
-2.193234542593178e-01 4.618416987087763e-01
2.196946367932908e-01 -7.481427987489743e-02
6.704204659733632e-01 8.267980286397005e-01

111
-4.277615403221825e-01 7.285369237092727e-02
1.187001328989774e-01 -1.318511256603985e+00
4.830853871830425e-01 1.113871254952272e+00
3.612038383934614e-01 -5.043961476900679e-01
6.522813078237319e-01 3.079940675333933e-01

112
-2.128700527127145e-01 1.134770119963340e-01
-3.833360487021507e-01 -4.499335602850370e-02
2.847968835105362e-01 3.720296868716806e-01
5.034975207227989e-01 7.433559705221807e-02
-3.166829694154852e-01 3.890044428209464e-01

113
-6.837500864886696e-02 2.590436315288638e-01
-6.771031501159284e-01 -1.192656514734947e-01
5.809094513076667e-01 -8.105471788396224e-02
2.772559757986781e-01 -4.048642197213328e-01
-5.947603284793325e-01 8.034717214267973e-01

114
-3.018797846822759e-01 1.629898830708353e-01
-4.167232894691338e-01 -5.461477237371194e-01
4.535883081849585e-01 4.957304819679948e-01
6.779475318214845e-01 -2.912189329541790e-01
-2.670132478070992e-01 1.053040623295168e-01

115
-5.820476506096807e-02 -7.230625094383827e-02
9.245378084676655e-02 -2.867567081011383e-01
-8.124549552029267e-02 2.927484150822386e-01
4.596373830954343e-01 4.022675258842091e-01
6.732836135756899e-01 6.033520594806202e-01

116
1.914888503499055e-01 2.325448537949434e-01
-6.477713582079860e-01 -1.150181699416786e-01
-2.580567106473916e-01 -6.761303106867290e-01
2.627081388498410e-01 6.374288328472601e-02
1.633686463985137e-01 4.025469352168581e-01

117
8.546928735621906e-01 7.957555056480342e-02
-3.721431261777553e+00 2.774295448446241e+00
-1.209397658426432e+00 -5.240528011725219e+00
1.077096170813565e+00 -2.476845713022294e+00
-3.784502982864111e+00 1.147436840869638e+00

118
1.135729320912811e+00 3.517887415632103e-01
-1.929126834800649e+00 5.251285837969922e-01
-1.378683332783894e+00 -1.137463991825184e+00
4.079498343939905e-01 6.224056069134796e-02
-1.584871346304774e+00 -4.206140212602570e-01

119
-1.705660838438600e-01 1.215884390450356e-02
1.637186511999900e-01 -4.533266407983257e-01
-1.269642027651271e-01 4.826568714619650e-01
1.002353738005259e-01 4.998872131509677e-02
7.477183454142046e-01 7.609215212572449e-01

120
8.800094554408898e-02 3.102519481592227e-01
-8.209253421897578e-01 -4.591531072225235e-01
5.988715974066704e-01 4.686529674815040e-01
1.897930690420433e-01 5.762828189825095e-01
-2.047532392456785e-01 -6.028136059750183e-02

121
7.209950150595314e-02 8.383707201335792e-02
-5.589686753745408e-01 -2.256575322840458e-01
1.590405663360858e-01 5.665351472023127e-01
3.129386380311018e-01 2.148001522590924e-01
-3.162566462825596e-01 3.021705801255354e-01

122
6.925462105077806e-02 4.168178962434601e-01
-9.390388616284203e-01 -6.904136204103801e-01
6.685015983227546e-01 5.079618600362810e-01
1.505033819316474e-01 7.977197531393088e-01
-1.384736176588233e-02 -4.819444617597443e-01

123
-1.763061376116509e-01 1.262724841549599e-01
4.033838832765356e-02 -5.978694676534929e-01
3.306653443329591e-02 6.005127256171231e-01
-3.427129276356289e-01 2.261039446224185e-01
9.608343647319240e-01 7.220501663865939e-01

124
-4.301919068067956e-01 4.698250097404742e-01
4.656402530256301e-01 1.312738589905203e-01
-3.806982429059224e-01 1.511666211387418e+00
-1.081015821864727e-01 -3.732579515210222e-01
-7.178420814978185e-01 8.527259342964271e-01

125
4.352261673467614e-01 -6.386094883986073e-01
-3.063783867243490e-01 5.354720904498108e-02
6.809753761692260e-01 5.063460473442308e-02
3.980003439607831e-01 1.316345565391464e-01
1.475352613939000e-01 2.044693034850471e+00

126
-6.366990787602897e-01 1.359845411341017e-01
3.092008165289847e-01 2.638304453835583e-01
-1.689991595759825e+00 -5.048585789895607e-02
7.892273511725521e-02 -3.387018260448275e-01
7.805036882298746e-01 1.151888579162265e-01

127
-5.399739448234249e-01 4.060342628952922e-01
6.089472560921966e-01 -2.652846031783439e-01
-3.825261086923415e-01 3.784659514699336e-01
-2.260486847606313e-01 -5.710534104828174e-01
6.316683480420907e-01 1.120278302052215e+00

128
-4.827202738468793e-01 6.056478116973040e-01
-5.384301578524571e-02 -1.482508466660716e+00
-4.413923761206489e-01 7.819380185783713e-01
-2.277302216089098e-01 -1.143831943880075e+00
5.964350645103871e-01 -2.069387900356041e-01

129
2.046523594877760e-01 2.480530029425115e-01
-8.043751829634938e-01 1.667636364235731e-01
6.157515042169044e-01 -1.883198371316115e-01
-3.268707179707417e-01 -1.446905286932514e-01
-5.649140299350257e-01 1.406324514380348e+00

130
-4.847013500890301e-02 2.755781780473819e-01
-5.123704681802999e-01 -5.462330277270884e-01
2.881303107066159e-01 5.478081033779709e-01
-1.396702398527669e-01 -1.600542899166380e-01
-5.509609647114202e-02 4.929287927079083e-01

131
-9.701932834845307e-02 9.390287055078302e-01
-2.466611996024861e-01 -2.304066546091539e+00
-9.690206582875377e-01 1.100735104740285e+00
-1.166544084266891e+00 -1.091467599716629e+00
1.197839322064651e+00 -6.462939690821996e-01

132
-6.658258119026526e-02 8.306135592852627e-02
-1.728108702761885e-01 -2.668928428762084e-01
1.931415062172998e-01 2.731066786173332e-01
6.687184543721888e-01 -5.861060724133304e-02
-1.183777346744256e-01 5.563781909691191e-01

133
1.922920176091504e-01 7.151302064090815e-01
-3.329300677560908e-01 -6.794515346030354e-01
1.268814779353893e-01 4.912493929719174e-01
5.588054439977224e-01 -4.025996462739199e-01
-8.760175780473461e-01 1.253677156769815e-01

134
9.754098183098001e-02 6.015823578601929e-01
-7.959571056945324e-01 -9.944381453155116e-01
8.723686068448765e-02 7.973327187945394e-01
3.276667387652911e-01 -5.738500283126684e-01
-8.498312046202731e-01 -4.107822643239109e-01

135
-2.476187690201975e-02 3.997083232927132e-02
-2.693756793902489e-01 -6.157214569938998e-01
-4.205814454609812e-01 5.330945435127393e-01
2.509146615180546e-01 -3.221462862766384e-01
2.203094967435844e-01 2.455898081431678e-01

136
-1.684342407368995e-01 3.368024132400010e-01
-9.266556053952305e-02 -2.285321870675189e-01
2.547676548682221e-01 8.683272000331910e-01
1.747588777610538e-01 2.690222571674934e-02
-3.647274634251241e-01 5.653440457058069e-01

137
1.601203150648933e-01 3.274327270444369e-02
-5.400565067183515e-01 -3.617603053838496e-01
5.138739762478320e-01 3.232058506311440e-01
1.079614501891435e+00 -6.843607341161472e-01
-1.097017179192057e+00 6.839696854813881e-01

138
1.580118465563792e-01 8.282102448856897e-01
2.643183359626513e-01 -6.723330373997232e-01
-4.344067963296415e-03 5.169058653661205e-01
1.222300299539666e+00 2.140360442658737e-01
-5.712126038349538e-01 -2.406774303799060e-01

139
-3.325048566941101e-01 1.240227143577945e-01
4.355103510117512e-02 -1.781368599970452e-01
4.058640304211542e-02 3.141228665676174e-01
1.543985431722225e-02 1.798920749448923e-01
6.021254806564746e-01 7.103811531552872e-01

140
1.739407105622258e-01 2.526032817129851e-01
-5.166602505284190e-01 -4.405202296543659e-01
-2.728361450786103e-01 4.781615087629461e-01
2.395027326004247e-01 6.326819889531063e-01
1.585038346619234e-01 -2.772642126230310e-01

141
1.313606398145876e-01 1.140885260646145e-01
-4.736258838018548e-01 5.002386436519639e-02
3.865186302199318e-01 -6.948329914483160e-02
2.512522427494057e-01 2.167759228050791e-01
-1.915144740150224e-01 9.338270841137517e-01

142
2.625654572995641e-01 1.895200235941355e-01
-6.657609432638285e-01 -5.583435766402503e-02
-3.774957178485553e-01 5.908365772221527e-01
3.834724989868173e-01 4.737522303609096e-01
-5.650779379637519e-01 -1.521536364305518e-01

143
2.124613815267845e-01 1.648514916885540e-01
-3.945055579317821e-01 -6.666610809615814e-01
-3.791590339450979e-01 5.973198728743776e-01
3.643034625263258e-01 6.257571414503517e-01
3.910732088442148e-01 -3.728267490925699e-01

144
-1.396542380862679e-01 4.299629474096500e-02
-7.014465497798469e-01 -3.609936624286299e-01
-1.461682876245364e-03 6.669604931632550e-01
-4.705708310167180e-01 2.746767797132345e-01
3.705203456549468e-01 2.227658592200675e-01

145
1.398128093253137e-01 2.274887053526388e-01
-7.923639263527582e-01 -4.462003479079191e-01
6.825871030967826e-01 4.240279826582132e-01
-1.532010551154795e+00 9.446315100480391e-01
1.080761152295342e+00 1.026608465681183e+00

146
-1.977671218084984e-01 2.751046146351918e-01
-1.206247261382545e+00 -1.417150901694170e-01
-4.298147632924434e-02 8.784063587214453e-01
-5.246100161296962e-01 7.345463626264267e-01
-1.722359262430699e-01 -6.725761950326378e-01

147
-2.030573595427521e-01 1.335269548210649e-01
-1.159590029499864e+00 -7.913663637857200e-01
-2.585263650640856e-01 1.326987974500907e+00
-8.486519312899512e-01 4.229692481212429e-01
3.909782129763911e-01 -8.076631320804372e-01

148
5.349449820775544e-01 7.439318749702994e-01
5.924323338986802e-01 -1.924220811244446e+00
-1.813983713154809e+00 4.694199876231374e-01
-1.163163414772344e+00 -1.352690354803651e+00
1.551106496181020e+00 9.045876293652860e-01

149
2.139521006087073e-01 7.575505873290915e-02
-6.419770778889142e-01 -6.439880310737260e-01
-2.143203345207357e-01 7.231815725936056e-01
-6.267343944031089e-01 9.320205946036361e-02
4.077505283686692e-01 4.690544669940950e-01

150
8.672965847534762e-01 -1.530687329572321e-01
-8.160963588242979e-01 -9.749641241259590e-01
-5.635938939014367e-01 2.269453964007973e+00
-1.446731917173985e+00 1.554266772338618e-01
-5.752818984373440e-02 7.738998238299422e-01

151
-1.032738223854243e+00 1.327848017721388e+00
1.179979117050033e+00 -2.293178826540315e+00
-9.303598596924383e-01 7.243737095742304e-01
-8.746493373715757e-01 -2.088305306658103e+00
1.804274795485824e+00 1.432829281277961e-01

152
6.354788854348577e-02 1.270782524362125e-01
-2.548625423904988e-01 -5.953050686274594e-01
-3.149938721982987e-01 4.294382382690219e-01
2.399533249839554e-01 -2.827020366845434e-01
1.430983587605024e-01 3.785949524186948e-01

153
6.815367858708082e-02 1.248162495516544e-01
-6.048330664182211e-01 -5.771665427786602e-01
-1.349269756647166e-01 7.622880371400494e-01
1.287498359031205e-01 -4.701161507086893e-01
-4.198626584706772e-01 2.672826445998825e-01

154
4.618316799131768e-01 4.025250408816805e-01
-9.064498826727716e-01 -9.157112046631587e-01
-1.088182652622585e-01 6.414826670263368e-01
1.957025609070766e-01 -7.001464948684200e-01
-9.101391715887902e-01 7.104391535036604e-02

155
-2.116340552739249e-01 1.900903129926078e-01
2.010311353058720e-01 -9.881625343694640e-02
-8.230133517518344e-02 1.517045314900903e-01
4.072273671228918e-01 3.774553760200334e-01
5.121949817435743e-01 5.837234983735879e-01

156
3.094759743513471e-01 1.075410485546322e-01
-3.537760608302543e-02 -5.960210355452504e-01
-5.821595717799674e-01 2.511758631231938e-01
6.631814916994117e-01 5.749973971605361e-02
2.863279129042303e-01 2.466787324680549e-01

157
3.574321218045056e-01 1.239935114964834e-01
-4.647281028298929e-02 -7.018950982293235e-01
-1.824751142799800e-01 9.226135217767626e-01
7.224648896578004e-01 9.363818396327975e-02
-2.191400386788498e-01 2.708005257115325e-01

158
4.546119688261263e-01 -1.168874557743479e-01
-5.404401571833675e-01 -6.840678875225357e-01
-5.849209715147977e-02 8.863470789770024e-01
8.442001663299853e-01 -4.240561513250987e-01
-7.835499250961927e-01 3.502251836481418e-01

159
1.137043328382364e+00 -2.540142418293110e+00
-5.531070938620176e+00 -9.546076246380981e-01
4.687231760494776e+00 -8.346862371594711e-02
1.730405861349606e+00 -4.633284737810202e+00
-5.343860475529048e+00 2.718495187311029e+00

160
2.569430168826035e-01 2.158327249652995e-01
-7.598666919537943e-01 -1.293211363633505e-01
-4.124220874044542e-01 -6.670028967046661e-01
2.457368054054295e-01 3.531383900905309e-01
2.986695234793598e-01 9.058131324627272e-02

161
1.854392492040527e-01 -2.649630400635219e-01
1.886477210492276e-02 1.525134835372706e+00
-1.722816807860868e+00 -8.689674274710060e-01
9.348806886865143e-01 -2.535190811095610e-01
-7.345725305972793e-01 1.255921493401104e+00

162
5.084819174988603e-01 1.670447594545801e-01
-1.169235574673420e+00 2.838997048100234e-01
-7.352313827478868e-01 -5.732984528966927e-01
6.710901216386868e-01 2.629221765793488e-01
-8.017178541471174e-01 -2.459331318357628e-01

163
2.923233403914067e-01 3.614968695087147e-01
-7.899515471758584e-01 -8.620928903409250e-01
6.847914685872423e-01 -6.394554956224229e-01
-3.399351206185557e-01 4.471554667988623e-01
9.985750522260997e-01 5.894142742370553e-01

164
3.673254214160022e-01 4.730375872501176e-01
-3.477136516268700e-01 -2.042209349446142e-01
-5.334714607299175e-01 -1.308987504804833e+00
-2.054753021903007e-03 -1.317901330251757e-01
6.139133889407210e-01 8.888453628323155e-01

165
-4.425843188002860e-01 -3.536187654168981e-01
3.621840899698689e-01 -5.187385770801888e-02
-9.283223276469647e-01 1.181310916082218e+00
-7.109346104237346e-02 1.864622736913416e-01
8.870265500534380e-01 5.328828157396126e-01

166
2.261099223529168e+00 -1.240714501586680e+00
-1.681397908723985e+00 1.814549373758161e+00
-3.727719112805483e+00 8.201743701106440e-01
-2.996927448226500e-01 2.625586492180440e-02
-2.405508934652258e+00 1.257798266273343e+00

167
-7.972848493517376e-02 4.439441505152452e-01
-1.945000347116648e-01 -2.746643129354600e-01
7.443850678760263e-01 -2.428407277926499e-01
1.098918995674569e-01 -6.942723210203586e-04
1.251819523560686e-01 1.080409824690022e+00

168
-1.098396391590760e-01 -3.306080236471698e-01
-7.579610813362049e-01 3.188725864464382e-01
-7.351049544856748e-01 3.287180896000385e-01
8.333197152609086e-03 6.302899265671466e-01
3.238355085765487e-01 -5.423173591185781e-02

169
-5.978410192680852e-01 -1.247253764771576e-01
-1.317377935588415e-01 1.361599975071970e+00
-7.000197690063888e-01 9.233224171443458e-01
9.138906402244966e-01 5.200561291673461e-01
-1.213668207303853e+00 1.831350493516613e-02

170
-3.018063746623140e-01 -5.255069284918064e-01
-2.042252662136353e-01 1.429287920798234e+00
-8.043278831398679e-01 -5.105791900423422e-01
8.279179082036570e-01 7.444758904179453e-02
-3.719711308487732e-01 1.101249214832120e+00

171
3.852291620219890e-01 -4.491442438597281e-01
-1.481087995363191e+00 -6.538037876981484e-01
-2.009641057709338e-01 8.912030197260538e-01
-9.060066202815001e-01 8.440752841035003e-01
7.939550401809443e-01 -1.529451903920007e-01

172
3.271290369206103e-01 6.080996379677831e-01
-7.123019906522152e-01 -6.112589353501477e-01
-2.679410213332155e-01 -1.322655000832345e+00
-4.591110516503481e-01 -8.445724978494727e-01
4.579765379037991e-01 1.011196474013945e+00

173
1.556964079471922e+00 7.885602539601346e-01
-2.398587153630955e+00 -1.154338261212510e+00
-1.375964971279944e+00 -1.530856654001541e+00
-1.726771591355846e+00 -1.301675937132229e+00
-2.448810850431724e-01 3.668166710256329e-01

174
1.634455595556959e+00 -5.929178458314731e-01
-4.676147653394246e+00 1.173724644074950e-01
3.641712464597067e-01 -3.053248079645640e+00
-3.309403917449825e+00 -9.464257020330670e-01
9.035891123091346e-02 2.186328228347215e+00

175
-2.940507034618463e-02 4.847453359175788e-01
2.027075902237772e-01 -1.546095869392383e+00
1.321475076907200e+00 2.663225530609089e-01
5.219785216902352e-01 -9.796094665097609e-01
2.698604111377467e-01 1.284933779149242e+00

176
7.760638542785354e-02 3.848690505698541e-01
-1.153150008255223e+00 8.101547862605339e-01
3.008235526291165e-01 -1.115219978195423e+00
5.412336929742240e-01 8.359046294583607e-01
-6.658140098196591e-01 1.182153083477601e-01

177
-6.272473492745352e-01 8.311450340510269e-01
-4.640183475504908e-01 3.950444760651633e-01
8.044984193344108e-01 -2.737623822867606e-01
7.564027016460174e-01 1.221277175095668e+00
-3.225681626810442e-01 -6.270642772737328e-01

178
-1.613641492623226e+00 -3.488318777171003e-01
-3.487606122366702e-01 -2.268215775760574e+00
-6.318576884953675e-02 2.494335597153730e+00
-2.554411735225874e+00 -7.049621578354669e-02
3.669144819947236e+00 -7.156427167802274e-01

179
-2.513351035200477e-01 1.320553303117299e-01
-1.189262338097262e-01 1.203484218816433e-01
2.226641237571474e-01 -3.934333718283935e-02
2.946817183762352e-01 4.482645965797267e-01
3.419250792407590e-01 6.783212091709878e-01

180
4.924665247633110e-01 -3.543470423477918e-01
-8.933031536695365e-01 -5.911574796264814e-01
1.138023912500681e+00 4.189180585191694e-01
7.320248099994410e-01 -8.066392933594658e-01
-1.018720649798902e+00 1.458994366235159e+00

181
1.153838838185804e+00 2.473396499124279e-01
-5.808801875051577e-01 -2.077724002487678e+00
3.108367708965882e+00 -1.007556917375493e+00
2.264334829618157e+00 -1.077572107329866e-01
-2.354789272377861e-01 1.353186906980595e+00

182
8.204998032227238e-01 7.050980329437075e-02
-5.785746884252583e-01 -1.300498077133531e+00
1.191173069444849e+00 1.812884099468701e-01
1.550820434427044e+00 -3.303731694526446e-01
-7.498400597721990e-01 6.547407202372703e-01

183
-5.046725796407964e-02 1.738689396922154e+00
2.768431578188094e+00 -1.112170258756394e+00
-2.326380994433252e+00 2.658258140879671e+00
7.150412151889269e-01 3.070759568796688e+00
1.871289156131504e+00 -2.168428930954465e+00

184
1.076537932504173e+00 -3.478592989879711e-02
-2.768885868172926e+00 -2.119598137593452e+00
1.745250623831005e+00 -1.038788653900597e+00
2.888085548353156e+00 -3.790922468113602e-01
-1.465640151188335e+00 -1.949912502021010e+00

185
7.009078204718698e-02 -2.093135812759374e-01
-9.900946494267548e-01 -3.526279022013302e-01
9.126975930050440e-01 -4.484385639312414e-01
5.008177567027473e-01 -2.601371202817108e-01
-5.549454970760981e-02 8.720869794126301e-01

186
-1.650643670063539e-01 2.752755888263798e-02
-7.703603673226590e-01 -1.469546864929270e-01
3.313864394509078e-01 -5.649061112709286e-01
4.829666591551507e-01 -2.342568242186135e-01
3.903989739143856e-02 4.625106074319524e-01

187
-1.758051795802025e-01 1.761839713512482e-01
-6.485848753670920e-01 -8.918340898949920e-02
8.887690360354818e-02 -1.665836237815848e-01
3.667783371810982e-01 -2.575017527399283e-01
-2.458899117452287e-01 3.453365461962015e-01

188
1.456255783149772e-01 -1.149046775570493e-01
-1.989411285680249e+00 -5.596680152505421e-01
1.531118819430824e+00 -1.316847350110322e+00
-1.624970080807411e-01 1.273818063066892e+00
1.187174934431014e+00 -1.201720789355865e-01

189
-2.561869833515393e-01 -2.919821945699942e-01
-4.911349166461864e-01 1.952863277863895e-01
4.112413786909536e-01 -3.986812207034850e-01
7.504555556976317e-01 3.718578202379926e-01
3.365110466344981e-01 5.942304015353679e-01

190
-2.296940541538400e-01 2.808133266977956e+00
6.515206427124192e+00 -4.969670296506754e-01
-4.397406572486376e+00 1.201033601034119e+00
-2.483368145228624e-01 -5.706026770096067e+00
-8.321658574475689e-01 5.705793844321157e+00

191
-3.838316171454487e-01 -3.524528109525674e-01
-7.070095404332438e-01 1.340808843567979e+00
-1.492049866282207e-01 -1.015499896701227e+00
9.409809442763492e-01 4.575901270754167e-01
-3.342483496060611e-01 6.015498651928277e-01

192
-4.562644001087461e-01 1.513207191260634e+00
2.882644809665148e+00 -3.914092465722101e-01
-1.739209665675594e-01 1.293951037329089e+00
-1.505852297397982e-01 -1.348916179428954e+00
-1.314681975763103e-01 3.027212100068155e+00

193
-8.649892266232641e-01 -8.405473586144892e-02
3.947604041900565e-02 1.658912297019832e+00
-2.509730603999515e+00 -6.503403877596114e-01
1.311930875614205e+00 7.434812311357435e-01
1.190860494738080e-01 -1.175800147355246e+00

194
-6.935835594183950e-01 -4.219369053724342e-01
-4.213263096760120e-01 1.259879281844576e+00
-1.769959191500445e-01 -1.004117557485921e+00
5.080788231896221e-01 1.631021730196104e+00
1.196869550454246e+00 1.658144175284323e-01

195
-1.634853236260813e-01 3.287915763365494e-01
6.150694335181318e-01 1.857410079929041e-01
-1.011325659826836e+00 1.407353289732898e-01
5.387687587885411e-01 -4.822154813080485e-01
-8.974380023375059e-02 9.179507053377319e-01

196
1.174648816074107e-01 3.487600731343520e-01
2.991941160053703e+00 -2.518612845339241e+00
6.677002982599465e-01 3.872473400843464e+00
2.203437644618758e+00 -7.575104205939491e-01
-8.424690002757051e-02 1.318365943869561e+00

197
-7.332139537936026e-02 2.375077340889842e-01
-1.554005744222144e+00 -8.571950354074219e-01
1.688333467932265e+00 -8.631339089890800e-01
-6.373385727107600e-01 -8.139563080595771e-01
1.845682326238055e-01 1.192409478319702e+00

198
-5.152429494345755e-02 -7.291523979032335e-01
-2.135856577390330e+00 6.639794719338667e-01
7.727466843447365e-01 -1.471854713289210e+00
-1.036686368775940e+00 2.790679034201425e-01
7.220663790899688e-01 1.375599491421444e+00

199
-3.251256547597913e-01 3.935558324989386e-01
8.480755891212804e-01 4.246269250213117e-01
-7.836786466637459e-01 3.260702456893904e-01
8.577286509367247e-01 -2.607260058251519e-01
-3.582438660817497e-01 8.924691518491044e-01

200
1.633243311493841e-01 1.638083061161218e-02
3.447339952943098e-01 -3.598392215305747e-01
-3.902529759430216e-01 4.125140687516854e-01
3.106232633230254e-01 2.226701369860743e-02
5.028060178869249e-01 1.043662009856413e+00

201
-1.296211689156822e+00 2.437327206085106e+00
-6.852909346771241e-01 2.171586444188754e+00
-1.689190660304413e+00 -2.361846399439586e+00
-3.752251421383667e+00 2.454032929271861e+00
1.974390446796827e+00 -5.729644130478573e-01

202
1.367789077099828e+00 -2.033355635359414e-01
-6.607977217707950e-01 -3.977896235613179e-01
-6.520546586035423e-01 3.075516874477252e+00
-1.601578929047872e-01 2.291680557448313e-01
-2.065146340202542e+00 7.244613802230055e-01

203
-4.789780140270230e-01 1.346462111935502e+00
2.269362651312961e+00 -5.450141654028586e-01
-1.034658352700632e+00 1.016345565590060e+00
1.314242607895408e-01 2.863895739430093e+00
2.691173669892736e+00 -7.340206877666900e-01

204
2.169513921984934e-01 2.733239375728954e-01
4.635342894423727e-01 -1.301932475606949e+00
-5.185803404512437e-01 1.207001718267703e+00
1.796255193207190e+00 1.975800423370702e+00
1.118512611948611e+00 -1.881455421524733e+00

205
5.129741344221224e-02 5.826079618413997e-02
1.030411788815262e-01 -2.806976946754324e-01
-1.182636528418391e-01 2.601705986741277e-01
3.805065280754780e-01 4.354413017728108e-01
5.697313093882355e-01 6.477819113158368e-01

206
9.537538821647018e-02 -7.820081071926001e-02
-2.144534222224128e-01 -3.111462378990891e-01
1.905126569421530e-01 3.582508235807867e-01
7.883452848051345e-01 -3.396702333370098e-02
-1.648260433311717e-01 6.421913520040907e-01

207
4.135419751080343e-01 -3.947929588973963e-01
-1.152848499105587e+00 -6.737078771952624e-01
9.231909007756790e-01 2.412093256790911e-01
8.010822410926884e-01 -7.301626324467863e-01
-8.291775225799528e-01 8.976462357283561e-01

208
-9.271189724117763e-01 -3.449346052753865e-01
-1.914387365306069e+00 1.089705080702329e+00
1.046256403362285e+00 -1.043486221291089e+00
1.644481042715774e+00 -4.577425612841864e-02
-1.447860229077740e+00 -6.519895541494642e-01

209
2.330166917830650e-01 -3.175057317201375e-02
2.519511965169361e-01 -6.462539848470881e-01
-2.778941658782650e-01 7.030809549591737e-01
-2.193190878327491e-01 8.479799313702027e-02
8.564135309333928e-01 1.179357104995794e+00

210
-1.959730018036081e-01 -3.302472782707696e-01
-1.080136081698538e+00 -1.506805604474292e-01
8.685374161904562e-01 2.576316087585387e-01
4.744444568050216e-01 3.455338990587064e-01
-9.511059640954833e-02 2.162376277861491e-01

211
-1.522309435022668e-01 -9.765480177815292e-02
-4.658911948145922e-01 2.113097211999732e-01
4.480155610829910e-01 -1.890456510018393e-01
2.441257402889750e-01 5.895302440902739e-02
1.964512964896006e-02 1.077483779607575e+00

212
-1.927607152234561e-01 3.792885566745591e-01
5.855930762696208e-01 -4.459081045763265e-02
-2.273646555548716e-01 1.989034685977927e-01
7.809745470212150e-01 -1.217095436353367e-01
-2.591831722765178e-02 8.413173322826301e-01

213
3.099251561811480e-02 3.693042092142526e-01
1.133474288645550e+00 -2.453045827340529e-01
-1.107420632217749e+00 2.130155114247275e-01
6.180101843269666e-01 -2.161816445455224e+00
-6.280521882802501e-01 2.168717035697963e+00

214
-5.949041438774873e-02 -4.610592616686620e-01
-1.089300524359376e+00 -5.468327083554333e-01
8.563796717027322e-01 6.845033930446199e-01
-2.463434496799373e-01 2.256992673432457e-01
3.868012480772691e-01 5.990852887176163e-01

215
-9.321471174084144e-02 -8.875869814883888e-02
-2.124679188509871e-01 2.985411133150619e-01
2.107740127657857e-01 -2.876309188382951e-01
3.112483037640751e-01 6.258115879596494e-01
4.817169798884371e-01 9.332525316736985e-01

216
7.266747248363655e-01 7.055198321912257e-01
2.377705471366556e+00 -1.622227842421470e+00
-1.336370846221612e+00 2.073281340607542e+00
5.676169201610843e-01 -1.341528762783430e-01
8.559567811613230e-01 1.307994495625439e+00

217
2.406941401830484e-01 -1.653405565893959e-02
2.907637687977828e-01 -6.411876184142509e-01
-3.208886911570193e-01 6.997816548871472e-01
-2.030916116810831e-01 1.847588340179921e-02
8.163680765729755e-01 1.218480998377613e+00

218
-2.590669149090078e-01 -1.998058836054663e-01
-9.680049335056242e-01 -7.601747524164600e-02
9.510603221002033e-01 1.774977660257158e-01
-1.155162049309727e+00 1.737693077309168e+00
1.670853732547629e+00 5.305412713131037e-01

219
-4.607626052127393e-01 1.618200104744925e-02
-7.691421447101422e-02 4.390217933122567e-01
1.176227092263201e-01 -2.309522523229445e-01
-4.184321934379672e-02 2.074986865037488e-01
4.939587732127251e-01 1.121193331638140e+00

220
3.737111756862646e-01 4.314735992308086e-01
3.403176449284623e-01 -8.479305312802080e-01
-4.823343419075884e-01 -1.556524952280393e-01
1.498687093073658e-01 1.062399003310839e-01
1.006682787152603e+00 7.652198236515548e-01

221
3.249430616852972e-01 -1.255031310251300e-01
-5.215526008042344e-01 -4.777185670542690e-01
-8.251754716618613e-01 -5.310882530153654e-02
5.225257214246167e-01 -3.806388433769216e-01
1.374651208884537e-01 2.414925580131743e-01

222
3.535029116324274e-01 -1.585206638928326e-01
-7.267491264759175e-01 -4.574893511049491e-01
6.345710186601500e-02 3.660682030376686e-01
7.778295556557839e-01 -2.614566485815746e-01
-5.540262515387077e-01 3.804416590571088e-01

223
2.773181413853013e-01 -3.168998792483274e-01
-8.450944527169248e-01 -2.424150620368798e-01
-7.316486064596747e-01 6.164755153156830e-01
3.217176464154163e-01 -7.026698318483277e-01
-6.561288682401486e-01 3.743296652442424e-01

224
1.990274735953727e-01 -3.180064761623036e-02
-4.490866836442604e-01 -8.046642841457006e-01
-6.424810390653736e-01 7.493559289558664e-01
3.306980377654359e-01 4.548794851786623e-01
5.619473072965105e-01 -4.888114145618090e-01

225
3.175987863667516e-01 -6.383175325169103e-01
-1.378140604968979e+00 -6.990105291715426e-01
-1.329894608679604e+00 8.142221331104194e-01
6.127757099700363e-01 2.228276143998466e-01
1.683653607660003e-01 -1.369842899776501e+00

226
-1.912134532336155e-01 -2.651071058896987e-01
-2.215826835884124e-01 1.349137427982436e-01
-6.836529854432400e-01 4.751861064997456e-01
2.171383973978288e-01 -2.286720855470953e-05
2.141066759427449e-01 4.864560710867918e-01

227
8.700104122154016e-02 -2.782279338492411e-01
-6.947824500400483e-01 -6.873635776331298e-02
-1.727845440786422e-01 5.772254675243115e-01
2.994811696235222e-01 -7.423545377101248e-02
-3.315718603654758e-01 4.701595132643647e-01

228
-3.958241212148715e-01 -5.210908472699823e-02
-8.818772742061184e-01 2.647179234742926e-01
2.118704751196930e-01 3.403204511411747e-01
5.256771320916933e-01 6.022611229391935e-02
-6.480505247630682e-01 -3.586429979802321e-02

229
-2.251158572996861e-01 -1.430410537397352e-01
-8.345568962038078e-01 -3.886417451012611e-01
5.982224314753717e-02 7.737541741924170e-01
4.900266012194699e-01 3.862311491562353e-01
-1.625213352055508e-02 -5.392556152083697e-01

230
-3.086704936967924e-01 -3.323079978339243e-02
-2.911437191740290e-03 -4.650642937518632e-01
-2.084506910880062e-01 4.424950851386993e-01
6.445164949134792e-01 -1.820335436783820e-01
3.774329895148348e-01 2.235407755632432e-01

231
-7.381747854535414e-02 -7.332188246400718e-02
-5.993339718372546e-01 -1.425421161714683e-01
2.485175294301400e-01 5.638069974733495e-01
3.434444671962577e-01 1.295513428930134e-01
-2.643136801245763e-01 3.711366038602262e-01

232
-1.075916441601330e+00 4.578809279667383e-02
-6.151860411781190e-01 3.762850592746370e-02
1.390203076739202e+00 5.410713866550252e-01
8.191873453392493e-01 1.228300876859987e+00
2.947908634759703e-01 -7.296183942458374e-01

233
-1.925508560253484e-01 8.626718233757343e-01
4.209474910933947e-02 4.829108104727596e-01
8.226459026723599e-01 -1.968879182361090e+00
8.650554019571980e-01 -6.026353453752233e-01
-4.784527805759553e-01 1.709674566961418e+00

234
-3.810825851542179e-01 -2.283730256197782e-03
-2.389108068563202e-01 -4.169075546869405e-01
6.813494971383317e-02 6.197469027080114e-01
6.738539088745871e-01 6.172530992897118e-01
5.042647304277498e-01 -4.062179301398710e-01

235
-2.599403263086774e-01 1.935494368407037e-01
-2.148142165009804e-01 7.692402373342934e-02
4.747449466892688e-01 1.492536358190998e-01
5.518036218186895e-01 1.397912294474890e-01
-2.554070385776408e-01 6.486340342310986e-01

236
1.306882538711416e-01 1.507962564849122e-01
1.656675049112767e-01 -3.419656871328596e-01
-2.507707130912516e-01 2.574517375783408e-01
3.056385734691391e-01 2.483684268461359e-01
4.841337082267799e-01 7.515823605569587e-01

237
3.691613094602533e-01 -2.397687228288487e-01
-2.574895263720100e-01 -6.645641571252557e-01
-1.020337356556080e+00 8.606408937661364e-02
6.269636641068741e-01 -7.361918129007614e-01
2.390609200352828e-01 4.875893274550603e-01

238
-9.012422748908053e-02 -5.851464309162598e-01
-8.860933262051111e-01 6.714045249978700e-01
-1.413557993807950e+00 -3.661257095235988e-01
-4.454351231428779e-01 -1.049664937041283e+00
-6.078523541365174e-02 1.173913278378055e+00

239
1.128283145848743e-01 -4.638969030659944e-01
-8.738508389905496e-01 -2.849894069597432e-01
-6.116820828296768e-01 1.065801322145999e+00
-7.538808193132340e-02 -1.052137532340563e+00
-7.022434392520702e-01 6.943174185197967e-01

