40

10
1.809314272547912e+00 -1.039184164310930e-01
-7.813540313768554e-01 1.032060813826620e+00
-2.464501574588207e-01 4.725319640610168e-01
-5.520280747758004e-01 -1.934022837792587e+00

15
-7.813540313768538e-01 -1.032060813826619e+00
1.809314272547911e+00 1.039184164310935e-01
-5.520280747757987e-01 1.934022837792589e+00
-2.464501574588192e-01 -4.725319640610172e-01

20
-7.288839494796915e-01 -1.047367464583193e+00
1.540610517999389e+00 6.252413852091340e-02
-2.354980525255041e-01 -4.761089535018362e-01
2.617200729729783e-01 1.758104514013928e-01

25
-9.305136626248839e-01 -7.175986490458639e-01
1.644644490207968e+00 -5.391112253221910e-02
2.191021068013980e-01 1.369427607802202e-01
-1.146939575746026e+00 2.014167106189141e+00

31
1.540610517999389e+00 -6.252413852091344e-02
-7.288839494796915e-01 1.047367464583193e+00
-2.354980525255040e-01 4.761089535018361e-01
2.617200729729784e-01 -1.758104514013927e-01

32
-7.512418528218108e-01 -1.015388867029156e+00
-9.234409262937104e-01 8.841592055682804e-01
-7.712787549451127e-01 2.571564510739938e-02
-1.739133012136414e-01 -4.180160214483211e-01

37
1.809314272547912e+00 -1.039184164310931e-01
-7.813540313768548e-01 1.032060813826620e+00
-5.520280747758002e-01 -1.934022837792586e+00
-2.464501574588184e-01 4.725319640610173e-01

42
-7.512418528218108e-01 -1.015388867029156e+00
-9.234409262937103e-01 8.841592055682804e-01
-1.739133012136415e-01 -4.180160214483210e-01
-7.712787549451128e-01 2.571564510739967e-02

47
1.809314272547912e+00 1.039184164310937e-01
-7.813540313768538e-01 -1.032060813826620e+00
-5.520280747757986e-01 1.934022837792590e+00
-2.464501574588194e-01 -4.725319640610172e-01

53
1.809314272547911e+00 1.039184164310935e-01
-7.813540313768540e-01 -1.032060813826620e+00
-2.464501574588192e-01 -4.725319640610179e-01
-5.520280747757991e-01 1.934022837792588e+00

60
5.958861233471781e-01 1.376216725194091e+00
5.958861233471777e-01 -1.376216725194091e+00
5.539586596769795e-02 -7.007241922451769e-01
5.539586596769798e-02 7.007241922451767e-01

67
5.958861233471732e-01 1.376216725194093e+00
5.958861233471822e-01 -1.376216725194092e+00
5.539586596769775e-02 7.007241922451763e-01
5.539586596769740e-02 -7.007241922451770e-01

71
-7.813540313768544e-01 1.032060813826620e+00
1.809314272547911e+00 -1.039184164310935e-01
-2.464501574588192e-01 4.725319640610174e-01
-5.520280747758000e-01 -1.934022837792588e+00

77
-7.813540313768575e-01 1.032060813826619e+00
1.809314272547912e+00 -1.039184164310911e-01
-5.520280747758026e-01 -1.934022837792585e+00
-2.464501574588206e-01 4.725319640610172e-01

81
1.644644490207968e+00 5.391112253221875e-02
-9.305136626248824e-01 7.175986490458638e-01
2.191021068013994e-01 -1.369427607802193e-01
-1.146939575746023e+00 -2.014167106189144e+00

84
-9.234409262937102e-01 -8.841592055682806e-01
-7.512418528218112e-01 1.015388867029156e+00
-7.712787549451126e-01 -2.571564510739956e-02
-1.739133012136417e-01 4.180160214483208e-01

85
-7.512418528218108e-01 1.015388867029156e+00
-9.234409262937101e-01 -8.841592055682803e-01
-1.739133012136415e-01 4.180160214483208e-01
-7.712787549451124e-01 -2.571564510739947e-02

88
-7.018281967504133e-01 9.976885810063718e-01
-7.018281967504135e-01 -9.976885810063717e-01
-1.679956713004250e-01 4.197395612225663e-01
-1.679956713004252e-01 -4.197395612225663e-01

90
-9.234409262937104e-01 -8.841592055682803e-01
-7.512418528218106e-01 1.015388867029156e+00
-1.739133012136414e-01 4.180160214483212e-01
-7.712787549451126e-01 -2.571564510739939e-02

100
1.540610517999388e+00 -6.252413852091342e-02
-7.288839494796913e-01 1.047367464583193e+00
2.617200729729783e-01 -1.758104514013930e-01
-2.354980525255040e-01 4.761089535018364e-01

103
1.540610517999389e+00 6.252413852091331e-02
-7.288839494796912e-01 -1.047367464583193e+00
2.617200729729785e-01 1.758104514013930e-01
-2.354980525255040e-01 -4.761089535018363e-01

105
1.644644490207968e+00 -5.391112253221916e-02
-9.305136626248843e-01 -7.175986490458638e-01
2.191021068013990e-01 1.369427607802207e-01
-1.146939575746027e+00 2.014167106189143e+00

122
-7.288839494796910e-01 1.047367464583193e+00
1.540610517999389e+00 -6.252413852091376e-02
2.617200729729784e-01 -1.758104514013931e-01
-2.354980525255037e-01 4.761089535018364e-01

128
-9.305136626248872e-01 -7.175986490458645e-01
1.644644490207969e+00 -5.391112253222102e-02
-1.146939575746027e+00 2.014167106189135e+00
2.191021068013985e-01 1.369427607802208e-01

132
-7.288839494796914e-01 1.047367464583193e+00
1.540610517999389e+00 -6.252413852091347e-02
-2.354980525255040e-01 4.761089535018362e-01
2.617200729729783e-01 -1.758104514013929e-01

138
-9.305136626248854e-01 7.175986490458675e-01
1.644644490207971e+00 5.391112253221957e-02
-1.146939575746020e+00 -2.014167106189138e+00
2.191021068014004e-01 -1.369427607802201e-01

140
1.540610517999389e+00 6.252413852091387e-02
-7.288839494796915e-01 -1.047367464583193e+00
-2.354980525255038e-01 -4.761089535018364e-01
2.617200729729784e-01 1.758104514013933e-01

152
-9.234409262937101e-01 8.841592055682804e-01
-7.512418528218108e-01 -1.015388867029156e+00
-7.712787549451126e-01 2.571564510739973e-02
-1.739133012136416e-01 -4.180160214483210e-01

161
1.644644490207966e+00 5.391112253221933e-02
-9.305136626248831e-01 7.175986490458600e-01
-1.146939575746035e+00 -2.014167106189144e+00
2.191021068013962e-01 -1.369427607802207e-01

162
-7.018281967504136e-01 9.976885810063719e-01
-7.018281967504139e-01 -9.976885810063723e-01
-1.679956713004253e-01 -4.197395612225664e-01
-1.679956713004251e-01 4.197395612225663e-01

163
-9.234409262937103e-01 8.841592055682801e-01
-7.512418528218103e-01 -1.015388867029156e+00
-1.739133012136414e-01 -4.180160214483210e-01
-7.712787549451127e-01 2.571564510739948e-02

179
-7.512418528218107e-01 1.015388867029156e+00
-9.234409262937104e-01 -8.841592055682802e-01
-7.712787549451126e-01 -2.571564510739939e-02
-1.739133012136415e-01 4.180160214483212e-01

183
-0.728883949479691345354e0 -0.104736746458319278190e1
0.154061051799938869339e1 0.625241385209136946036e-1
0.261720072972978330553e0 0.175810451401392979761e0
-0.235498052525503982269e0 -0.476108953501836280241e0

188
5.958861233471778e-01 -1.376216725194091e+00
5.958861233471778e-01 1.376216725194092e+00
5.539586596769792e-02 7.007241922451769e-01
5.539586596769799e-02 -7.007241922451768e-01

192
5.958861233471781e-01 -1.376216725194092e+00
5.958861233471778e-01 1.376216725194092e+00
5.539586596769796e-02 -7.007241922451767e-01
5.539586596769775e-02 7.007241922451767e-01

201
-7.018281967504135e-01 -9.976885810063717e-01
-7.018281967504133e-01 9.976885810063720e-01
-1.679956713004252e-01 -4.197395612225666e-01
-1.679956713004249e-01 4.197395612225664e-01

202
-7.018281967504139e-01 -9.976885810063721e-01
-7.018281967504136e-01 9.976885810063723e-01
-1.679956713004251e-01 4.197395612225664e-01
-1.679956713004252e-01 -4.197395612225664e-01

207
1.644644490207968e+00 -5.391112253222118e-02
-9.305136626248868e-01 -7.175986490458637e-01
-1.146939575746028e+00 2.014167106189134e+00
2.191021068013989e-01 1.369427607802216e-01

221
-7.813540313768544e-01 -1.032060813826619e+00
1.809314272547912e+00 1.039184164310936e-01
-2.464501574588193e-01 -4.725319640610174e-01
-5.520280747757993e-01 1.934022837792588e+00

223
-9.305136626248837e-01 7.175986490458647e-01
1.644644490207968e+00 5.391112253221918e-02
2.191021068013980e-01 -1.369427607802204e-01
-1.146939575746023e+00 -2.014167106189141e+00

