40

3.120285349327818e-58
2.492554485614175e-61
1.251842383922439e3

1.398024095918972e-57
1.372851537969267e-60
1.018335965145176e3

8.529719316451809e-59
5.623642745999083e-62
1.516760523687292e3

1.801724643975869e-55
1.593374667034075e-59
1.130760191719138e4

1.771988959308239e-58
1.740082860626082e-61
1.018335965145176e3

9.992073222452225e-59
6.587772470608072e-62
1.516760523687292e3

1.352020481665470e-52
2.597725868384731e-56
5.204631089523536e3

5.389965171865886e-56
4.766673969722364e-60
1.130760191719138e4

1.979193321088117e-59
1.798814891876138e-62
1.100276259678864e3

4.437533488797108e-57
1.140491815424461e-60
3.890894637543344e3

7.363911274831152e-58
4.705303260505842e-61
1.565023733250192e3

1.072997544039845e-51
7.578894361277325e-56
1.415770550282488e4

8.026804582553187e-58
7.861510078600008e-61
1.021025795591502e3

1.390968774121896e-59
9.170655171987253e-63
1.516760523687292e3

1.592524697374681e-58
1.559730130473439e-61
1.021025795591502e3

4.244760923605944e-59
5.546339797066975e-62
7.653265178326554e2

2.098833621957283e-51
1.482467354288803e-55
1.415770550282488e4

1.259363259332204e-55
5.605541292596102e-59
2.246639875787899e3

1.385986042213487e-58
1.361030239186238e-61
1.018335965145176e3

3.410561547593181e-56
1.399567728766445e-59
2.436867811034191e3

1.704891437062826e-57
1.669782922649027e-60
1.021025795591502e3

2.447420009412949e-59
2.403352226751651e-62
1.018335965145176e3

2.382521378020929e-58
1.522354790794760e-61
1.565023733250192e3

2.362839885499971e-56
2.089602996995901e-60
1.130760191719138e4

1.132043563417646e-57
1.479164169854593e-60
7.653265178326554e2

1.307015397972329e-57
8.351409440021470e-61
1.565023733250192e3

2.379853108568856e-50
1.680959607539516e-54
1.415770550282488e4

9.526203732262693e-56
8.424601256770137e-60
1.130760191719138e4

1.770927144078248e-58
1.609529541785375e-61
1.100276259678864e3

3.176232753069316e-52
6.102704876552717e-56
5.204631089523536e3

1.117556628107951e-56
1.460235078842928e-59
7.653265178326554e2

1.259267004839476e-56
5.167563866769823e-60
2.436867811034191e3

1.467351679295594e-58
9.375906883202622e-62
1.565023733250192e3

1.607658368995524e-56
1.059928936630851e-59
1.516760523687292e3

6.608686684795478e-60
8.635120475781710e-63
7.653265178326554e2

3.875375770803406e-58
3.795570873464873e-61
1.021025795591502e3

6.365136077677524e-57
2.833180407004600e-60
2.246639875787899e3

2.759921138801813e-50
1.949412733759102e-54
1.415770550282488e4

1.153829929082158e-57
2.965461767966736e-61
3.890894637543344e3

8.217673860654520e-59
6.564463678650830e-62
1.251842383922439e3

