5
0
22
52
6.413501458132906e-01 -8.310364178227975e-01
8.313434704410176e-02 -1.024352988466465e+00
9.698353080085477e-01 -3.400438794899762e-01
3.884001879885104e-01 -5.032737624131434e-01
-4.430106246688477e-01 5.740358289236546e-01
2.035829374068793e-15
7.450571726509629e+01
1.588467248945535e-15
3.906250000000000e-04
4.477709903770402e-14
0.000000000000000e+00
1
1
23
52
7.527008529460969e-01 1.011290335239932e+00
-1.180181683477780e-01 7.652168562841482e-01
-8.723319316148855e-01 -1.922395594856789e+00
-8.453977508763923e-02 1.591944546349765e-01
-7.968125354362242e-01 -6.124315762804543e-01
6.796886549149213e-15
1.137877864799162e+02
2.051262944196616e-15
3.906250000000000e-04
1.765929094400359e-12
0.000000000000000e+00
1
1
31
52
-2.319515916536976e-01 5.474525120165302e-01
-5.888590566563530e-01 1.898448798478711e-01
3.675374904781245e-01 -9.459908967983854e-01
1.065126999434448e-01 -4.976063848927582e-01
4.805340627538919e-01 -1.002982260843065e-01
1.339476142449409e-15
3.437212979666922e+01
1.908536821925292e-16
3.906250000000000e-04
4.313970107663200e-14
0.000000000000000e+00
1
1
40
52
3.012520420452182e-01 6.127763320272074e-02
4.278772662937382e-01 7.005220860179788e-02
-2.195364133903963e-01 -2.377315608983617e-01
1.226953593547633e-01 -5.075315108989964e-04
-3.481216396256295e-01 5.888042806094123e-01
2.925054491448030e-16
1.282715530936703e+03
7.791194016515378e-17
9.765625000000001e-05
7.317104649533802e-14
0.000000000000000e+00
1
1
42
52
-3.853431948046340e-01 4.828609059355883e-01
4.516443292117803e-02 3.767221756605492e-01
4.589791727121684e-01 -9.271091467546322e-01
3.877545221032127e-02 7.936325193316675e-02
4.003608996714144e-01 -2.867870464529817e-01
4.575470874907598e-16
2.168888832753492e+01
3.617235927039348e-16
3.906250000000000e-04
6.706933101131438e-13
0.000000000000000e+00
1
1
53
52
-9.209494458623937e-02 3.837530044333552e-01
2.394936474770039e-01 3.336096080010459e-01
1.769016261514939e-01 -6.499971633507124e-01
1.394022880301233e-01 -3.076662178746176e-01
-2.169815232271038e-01 -2.430780939557751e-01
2.237726045655905e-16
6.725362685964282e+01
1.287120058519890e-16
3.906250000000000e-04
2.892937962476182e-14
0.000000000000000e+00
1
1
58
52
2.331400819105481e-01 -1.338587755677341e-01
2.571035238413015e-01 5.179013593269245e-02
8.489178882406699e-02 -2.481487947619160e-01
4.354383871109795e-01 -2.500095601588950e-01
-1.602814752172584e-01 9.202656978993551e-02
1.211825722864170e-16
8.774115064240366e+02
2.110261522709292e-15
2.441406250000000e-05
5.971287688456452e-12
0.000000000000000e+00
1
1
63
52
-1.334767536168787e-01 -3.541182391680326e-01
3.319211895138108e-01 2.202459960598864e-01
-1.689420077353849e-01 -5.062909053800079e-01
-2.341472491952963e-02 -1.492146140727079e-01
-6.474064927547293e-01 5.384075315630633e-01
3.330669073875470e-16
1.019295766158738e+03
1.713464042558576e-15
9.765625000000001e-05
1.402445044857579e-13
0.000000000000000e+00
1
1
73
52
4.510435231995742e-01 1.925022297395461e-01
2.675637605826977e-01 3.986529053233408e-01
4.729601889907855e-01 -8.260244869067740e-02
-3.115569151576241e-01 -1.329703183257545e-01
2.731509306504696e-01 1.165789120141768e-01
2.001483021243360e-16
5.231921692560548e+01
2.471315604645541e-16
3.906250000000000e-04
2.307982509141887e-13
0.000000000000000e+00
1
1
89
52
2.680458999276113e-01 2.023035189546223e-01
6.646592029443220e-02 3.208033869460177e-01
3.267330552021354e-01 -2.404250974629152e-02
-1.842788760914106e-01 -1.390816465104041e-01
5.006323810977004e-01 3.778445871623032e-01
5.551115123125783e-17
5.616171830663003e+02
1.421216088437052e-16
3.906250000000000e-04
2.285205792774604e-13
0.000000000000000e+00
1
1
93
52
3.119610250848807e-01 6.096188562249387e-01
-2.677399453112184e-01 6.603984674224058e-01
-5.636654229279173e-01 -1.024030681161444e+00
2.667257770215063e-01 -4.985255363642913e-01
-3.606890738742661e-01 -4.619864480274673e-01
4.440892098500626e-16
4.197193592550410e+01
7.146816635118065e-16
3.906250000000000e-04
5.330469678128350e-14
0.000000000000000e+00
1
1
96
52
9.720336026626272e-02 2.324398168704662e-01
1.244079842941156e-01 3.328436531035970e-01
-2.260595442080537e-01 -1.386649222775500e-01
4.179705270491455e-01 -3.735703810255500e-01
1.911691444045548e-02 9.872152134379124e-02
6.497413668604471e-16
1.480317589835046e+03
2.374120533885763e-15
6.103515625000000e-06
7.017194461304609e-12
0.000000000000000e+00
1
1
106
52
-3.268724193805195e-01 -7.867935757896126e-01
8.145177993943084e-01 1.171356503198947e+00
-4.851272876275509e-01 -1.961208292966189e-01
8.002546109673486e-02 6.744631234829217e-01
-1.216714349885975e-01 -5.969858789190818e-03
1.180183263642071e-15
2.839742595037337e+01
3.306675293485706e-16
9.765625000000001e-05
6.706519033689664e-15
0.000000000000000e+00
1
1
108
52
-2.446559087376718e-02 -6.255501094432542e-01
9.509960414679525e-03 1.068546631472628e+00
-5.091811732022965e-01 -4.063477274925045e-01
-8.049621182649117e-02 5.297274221396686e-01
4.358641942293387e-01 2.778038401173975e-01
1.093442869781314e-15
3.817919640134475e+01
3.547491658592063e-16
3.906250000000000e-04
1.552640773815673e-13
0.000000000000000e+00
1
1
109
52
2.280392141734025e-02 5.580012403455457e-01
-2.343054012874528e-01 2.504932043255910e-01
1.609907646298834e-01 -9.212276823273796e-01
-1.385649012796836e-01 -4.230882400640457e-01
-7.069215477708771e-02 3.712929415464834e-02
2.775557561562891e-16
2.721241603500497e+01
2.114523157349936e-16
3.906250000000000e-04
8.565642250373065e-14
0.000000000000000e+00
1
1
110
52
6.252227850303881e-01 -3.087032153812089e-01
6.281537692276137e-02 1.118859765202789e+00
-8.501209136241267e-01 -7.301283298068010e-01
8.288506212500754e-02 3.099706992016647e-01
-1.957060464195222e-01 -2.542654346974340e-01
6.237289866329940e-16
2.754841206826510e+01
4.336281870414777e-16
3.906250000000000e-04
1.580052597633695e-12
0.000000000000000e+00
1
1
120
52
-2.513630468938890e-01 -2.718991412031012e-01
4.730823668547710e-02 3.868845309315294e-01
-3.689692265096141e-01 -3.695856670725316e-01
7.546572617864334e-01 -3.305978387900547e-01
-1.202966138628039e-01 -8.584737290343654e-02
2.220446049250313e-16
7.999908119297346e+02
9.779383739959416e-15
1.525878906250000e-06
1.275417021714102e-15
0.000000000000000e+00
1
1
121
52
-2.111072223162666e-02 -3.056768052172925e-01
2.681744678083618e-02 3.883084323742289e-01
-2.606408950631146e-02 -3.774000493100589e-01
-6.781506405914765e-03 -9.819413992454924e-02
2.626281328646782e-02 3.802775089048820e-01
3.967429233206947e-16
1.293192814011344e+02
2.065283207009159e-16
3.906250000000000e-04
9.048528101773506e-12
0.000000000000000e+00
1
1
125
52
-1.707499692657465e-01 -3.075892486801646e-01
1.701045237259401e-01 5.640273286488627e-01
6.097667716016460e-02 -2.072865450276573e-01
2.927781432959057e-02 -4.090242874226067e-02
1.977194299939978e-01 1.988995929963011e-01
8.886119947416683e-17
5.024525800077591e+01
6.286008763374219e-17
9.765625000000001e-05
2.035829374068793e-15
0.000000000000000e+00
1
1
129
52
-4.655233963048642e-01 -6.388878728693916e-01
5.913653151542502e-01 8.115942856719713e-01
-5.747526463303376e-01 -7.887949318009523e-01
5.791348066396895e-01 7.948090421568174e-01
-1.495424864913019e-01 -2.052332532723216e-01
1.608015064222379e-15
7.954120154589096e+01
2.452965853339059e-15
2.441406250000000e-05
1.006636222604610e-14
0.000000000000000e+00
1
1
152
52
-1.550961833778204e-01 3.311888670624715e-01
7.804916868420018e-02 2.106099385187651e-01
1.361013372371960e-01 -5.970829913614453e-01
1.908321226095605e-01 -2.203990589830905e-01
3.328564163898733e-02 4.032580482507897e-02
8.121767085755589e-17
5.194889052376812e+01
1.347002553263017e-16
3.906250000000000e-04
3.043307422092031e-14
0.000000000000000e+00
1
1
156
52
-5.605755551903833e-02 -4.283873517276370e-01
2.439777717085700e-01 6.810986446466537e-01
-2.115890004469189e-01 -1.601223563435685e-01
-5.877817962960256e-02 -1.900088538755887e-02
-4.994823424151238e-02 3.407739306196606e-01
2.532458630424097e-16
3.691441288034887e+01
2.540475854799175e-16
9.765625000000001e-05
2.532306526238824e-15
0.000000000000000e+00
1
1
158
52
-1.706449196985436e-01 -3.391162519494124e-01
3.086201729107548e-01 5.697925311864638e-01
1.509045605354292e-01 -3.650870882123921e-01
-1.497339110005112e-01 2.753562559860673e-01
1.982123455137030e-01 2.574590328815244e-01
1.010318202610066e-16
6.362431799322174e+01
1.507420526092695e-16
3.906250000000000e-04
1.272444669740398e-13
0.000000000000000e+00
1
1
160
52
-3.712994023032157e-01 4.101787684407852e-01
-5.454831982660404e-01 5.579732931709696e-01
6.462233295964386e-02 -5.787806693126930e-01
-1.783889961845651e-01 1.301479303015153e-01
1.132703149122791e+00 4.821210145766736e-01
1.404333387430680e-15
3.744659153478052e+02
9.104981458905629e-16
9.765625000000001e-05
1.008207826609693e-13
0.000000000000000e+00
1
1
162
52
3.820780481886525e-01 -4.974280448013065e-02
-1.670111154735628e-01 5.962838892758368e-01
-3.141168440206784e-01 -5.336457604105285e-01
-5.691819849438075e-02 -1.679163120906218e-01
-1.202749975280582e-02 1.768923639834605e-01
3.511519111287774e-16
2.160915686413484e+01
9.509213301164002e-17
3.906250000000000e-04
2.403659157995295e-12
0.000000000000000e+00
1
1
166
52
-1.609732375852864e-01 -3.399127309020982e-01
2.571310660131813e-01 5.882384358822246e-01
-3.771576466756291e-01 -1.045249732538027e-01
3.063424699527258e-01 5.077361591733460e-02
8.038407584284585e-02 3.117024063990023e-01
1.736890526760486e-16
6.439710130710262e+01
2.025703440427121e-16
3.906250000000000e-04
1.435329271178627e-13
0.000000000000000e+00
1
1
177
52
5.479959934091897e-01 -4.559357121870301e-02
-4.398922839266686e-01 3.761960688653294e-01
7.747691322607086e-01 -3.459151175430372e-02
-4.947485408607319e-01 -1.119020788150998e+00
2.178432679821788e-01 2.666513211367428e-02
1.332267629550188e-15
1.638086241443218e+03
3.038537363367673e-14
1.525878906250000e-06
1.630034647262637e-14
0.000000000000000e+00
1
1
181
52
1.520558101904582e-01 -2.622723428967656e-01
-2.912602632239046e-01 1.303812040592778e-01
2.000976640480043e-01 -3.778564893967208e-01
3.813023817999730e-02 -1.148317634293582e-01
4.407690619759449e-01 5.106173024360546e-01
2.482534153247273e-16
9.923270982652065e+02
2.441507196101050e-16
9.765625000000001e-05
3.278243688726513e-14
0.000000000000000e+00
1
1
191
52
1.236633363508397e-01 8.956696467239434e-01
5.793470566414215e-01 6.692826196773477e-01
-3.763164009691123e-01 8.012291828203124e-01
-8.542006615738422e-02 -6.186810313872038e-01
7.489023492002947e-02 5.424154986696714e-01
1.776356839400250e-15
3.682801945967146e+01
7.904446343247048e-16
3.906250000000000e-04
2.955565824579726e-13
0.000000000000000e+00
1
1
198
52
3.226946587615585e-01 -4.209892916959531e-01
-3.412329861122990e-02 -5.163527724600158e-01
5.074870369020446e-01 -1.012002594445135e-01
6.027004905761887e-01 -7.862864963623677e-01
-2.218493513735542e-01 2.894259286980337e-01
1.986027322597818e-15
6.184549402298605e+02
1.210847240259305e-14
2.441406250000000e-05
9.526691669348039e-12
0.000000000000000e+00
1
1
200
52
-2.855041384707642e-01 1.497170840659778e-02
2.018972321703454e-01 4.127380323806786e-01
1.576209977327137e-01 -4.315910063998835e-01
1.900384920558410e-02 -1.301782965043635e-01
3.251515920813425e-02 1.274766629115943e-01
1.386721280750960e-16
2.911812004610534e+01
3.524137882034171e-17
3.906250000000000e-04
1.944186415890535e-12
0.000000000000000e+00
1
1
207
52
-5.680211730566359e-03 3.304260472937447e-01
-7.013002460829316e-03 4.079563918935274e-01
7.215706507669119e-03 -4.197479764584643e-01
7.066472594859117e-03 -4.110668261297445e-01
-1.824683770414995e-03 1.061444668646459e-01
6.397344083151129e-17
1.183303073371361e+02
6.495427597592386e-16
2.441406250000000e-05
1.620291159253056e-15
0.000000000000000e+00
1
1
209
52
-3.017300237303250e-01 2.999565143724981e-01
3.088408647129456e-02 4.416552546129476e-01
5.302540494424807e-01 -4.962256105207192e-01
-6.147728475975978e-02 -3.458499328190343e-01
3.020630128034732e-01 -2.033680678783870e-01
4.965068306494546e-16
5.481041041965978e+01
1.469420239957332e-16
3.906250000000000e-04
1.928035820875576e-14
0.000000000000000e+00
1
1
212
52
-2.340341956391882e-01 -1.965680707600030e-01
4.094272099956888e-01 3.233169080084526e-01
-4.461389982610931e-03 -3.180107262565087e-01
2.284619414607960e-01 1.274065396499994e-01
-2.320183458928001e-02 2.512702583306382e-01
1.185718710066887e-16
8.533307950316434e+01
1.561610146883221e-16
3.906250000000000e-04
8.075816101729592e-14
0.000000000000000e+00
1
1
214
52
-4.327011633724888e-01 9.477793201399087e-02
4.125819643622748e-01 5.801452910145874e-01
1.322926464434154e-01 -6.994934536508770e-01
8.180676356078394e-02 1.866956048029917e-01
-3.726162012180707e-03 -2.037982118020270e-01
1.494683490070454e-16
1.526171166676365e+01
1.245491973905249e-16
3.906250000000000e-04
8.761810933244177e-13
0.000000000000000e+00
1
1
218
52
-3.600415179589193e-01 -2.694959640161229e-01
4.934026058790810e-01 5.689629214029002e-01
-3.728037626758149e-02 -2.736852674394865e-01
3.346574391643553e-01 1.286071651514115e-01
1.276045741043248e-02 -6.302372579917620e-02
2.001483021243360e-16
2.659222865240354e+01
2.924103591224504e-16
9.765625000000001e-05
2.825212215306748e-15
0.000000000000000e+00
1
1
223
52
5.530567144670269e-01 9.357474710346847e-01
6.828245642084050e-01 1.155308926561220e+00
-7.025609471941165e-01 -1.188702012628440e+00
1.776612666701431e-01 3.005949962068795e-01
-6.880307111006894e-01 -1.164117496570147e+00
2.512147933894040e-15
1.184503912263032e+02
1.837290190826459e-15
9.765625000000001e-05
1.404333387430680e-15
0.000000000000000e+00
1
1
224
52
-1.251799833239752e-01 6.335965654330573e-01
-1.421203679309961e-01 8.997158325720030e-01
4.968402129312841e-01 -4.640083966308505e-01
-1.241072625744085e+00 -7.243940675975583e-01
2.513229870409995e-03 2.577538919321768e-01
4.727337591360673e-15
1.938565754769553e+03
4.270142380410387e-14
1.525878906250000e-06
4.787160153445481e-14
0.000000000000000e+00
1
1
235
52
6.323725216065841e-02 4.564066566682306e-01
3.399693589551337e-01 2.940756096784870e-01
-2.472060569628107e-01 3.754314779517535e-01
-4.347497857054466e-02 -3.137750129890949e-01
1.181089363120865e-01 8.524359124253114e-01
6.280369834735101e-16
3.041749022543327e+02
2.680389149181728e-16
3.906250000000000e-04
3.010865892311220e-13
0.000000000000000e+00
1
1
237
52
3.592418131819466e-01 -1.634533822111482e-01
3.821027948978369e-01 5.747328045594351e-02
2.077009660836172e-01 -3.258312945728788e-01
2.175560240908111e-01 -9.898699609347186e-02
-2.481451686006705e-01 1.129049169635288e-01
1.241267076623637e-16
7.466462452378732e+01
2.148056427871112e-16
3.906250000000000e-04
5.600852339972846e-15
0.000000000000000e+00
1
1
-1

2 0
1 5
3426818075145362539338836086333977602614528165499201848182504225161004330048990209725914855229009863984661477844421348226979219970292068974429174140069041355497477079116343004337027417336319719413865383027402339139830726683690851108394070769711050963914890622200556767701124969514343574992674901070262603895283/10000000000000000000000000000000000000000000000000000000000000000000000000000000000000000000000000000000000000000000000000000000000000000000000000000000000000000000000000000000000000000000000000000000000000000000000000000000000000000000000000000000000000000000000000000000000000000000000000000000000000000000000 463297408771588884741507037965036613259015436872047003076598543431611088281556735927002832982689275076075004817304614683265861525475808663208458374456681276471957110406400515994550838546791749146022039769052905749287465595095128084949238396655198700674704522316393253072355497348150861183141394726523655676869/25000000000000000000000000000000000000000000000000000000000000000000000000000000000000000000000000000000000000000000000000000000000000000000000000000000000000000000000000000000000000000000000000000000000000000000000000000000000000000000000000000000000000000000000000000000000000000000000000000000000000000000000
3519535252033022074111730411844396334254694307090970171841839954671055518836964211395898058668507606073607948761844483679039641283116546772466132082605413494676707009950261660634272549756797296643164210375868191735570670664341488860518465160339067189995926048206431824895470727866078862795781062168666281851153/5000000000000000000000000000000000000000000000000000000000000000000000000000000000000000000000000000000000000000000000000000000000000000000000000000000000000000000000000000000000000000000000000000000000000000000000000000000000000000000000000000000000000000000000000000000000000000000000000000000000000000000000 -8387313661788205304938945553224186851918514777331589097596952961681738159535457069901437533546950957168982408585096577881030079967574483846997562374467618860289515096458707494174069127848783091975559286115247680112156626409516656355226797904470677392622321029359914382738862669630903394695485523053398061957731/10000000000000000000000000000000000000000000000000000000000000000000000000000000000000000000000000000000000000000000000000000000000000000000000000000000000000000000000000000000000000000000000000000000000000000000000000000000000000000000000000000000000000000000000000000000000000000000000000000000000000000000000
2136362520832220864040892303748771056358608555618506993173686376287116666972158574128471906188708560685233346320520163293917882911754217789817646910523682649908918555513178768242934243967500434280966060399302681561848635728887085484688076189623898535995350583724129388127072007048686228743017090397034164994277/5000000000000000000000000000000000000000000000000000000000000000000000000000000000000000000000000000000000000000000000000000000000000000000000000000000000000000000000000000000000000000000000000000000000000000000000000000000000000000000000000000000000000000000000000000000000000000000000000000000000000000000000 7772229874008600503968892807549292190072930931127516010988875517663305647244607487285965111787942532348584930268658398791334317059740852796784760917103718199263247524401441590301097278924626698043787509087614699563173582781422405916767646976696346464059050687941008130909862175599575221682798599011739846114893/10000000000000000000000000000000000000000000000000000000000000000000000000000000000000000000000000000000000000000000000000000000000000000000000000000000000000000000000000000000000000000000000000000000000000000000000000000000000000000000000000000000000000000000000000000000000000000000000000000000000000000000000
665624170536345892328415038842341432976989660413323025789390901054926138067247673709166665741625360087474956309434225109636615935910647620984415969030196842517720121473940105016089553494342510939040029549565277094090508436332136029566542340993504155923216524982818105880797900392557662302062656901712851031207/1000000000000000000000000000000000000000000000000000000000000000000000000000000000000000000000000000000000000000000000000000000000000000000000000000000000000000000000000000000000000000000000000000000000000000000000000000000000000000000000000000000000000000000000000000000000000000000000000000000000000000000000 6098843937878731940223457704046166063573524421385304235739251326108814726077431358135378244641358691835305084354686177247223123246145623796615726053970571095093678656281154728851990384337620087742049437798533773591985771578008032329115393466908511710452467412568864210857222080807640605474880310479750984587853/10000000000000000000000000000000000000000000000000000000000000000000000000000000000000000000000000000000000000000000000000000000000000000000000000000000000000000000000000000000000000000000000000000000000000000000000000000000000000000000000000000000000000000000000000000000000000000000000000000000000000000000000
333346798764955770644432461320975471207837254347659210848734079386274026025254046959948262100147622212907174572557705305527166930075045426893739839423632961231391169915452226937517408028034644422240142946813016593264175439410515284642926066187238795697176959939465883018279274588974646532477646100615563305829/1000000000000000000000000000000000000000000000000000000000000000000000000000000000000000000000000000000000000000000000000000000000000000000000000000000000000000000000000000000000000000000000000000000000000000000000000000000000000000000000000000000000000000000000000000000000000000000000000000000000000000000000 -4085052912943938248093029909753070106632180741821191105550465341150236685891393957050553263291779572854652302903769487271650646523197517474145860206077145246887598555366204878221633552127189078646333635548416543135794332714058667811841053109520720755239500633033908625871984272379300295702213220981791105315481/5000000000000000000000000000000000000000000000000000000000000000000000000000000000000000000000000000000000000000000000000000000000000000000000000000000000000000000000000000000000000000000000000000000000000000000000000000000000000000000000000000000000000000000000000000000000000000000000000000000000000000000000

0
6857512923962276031808645669923043903256839788938394299531554979942313515627396832420739326708024543294370969369061962109426114823479148145210683358114656566423358047804992008261802300378415687085282012646955713291251885357563612724265420728182071862682294979957237988808165318097383292329341648473381892851289/10000000000000000000000000000000000000000000000000000000000000000000000000000000000000000000000000000000000000000000000000000000000000000000000000000000000000000000000000000000000000000000000000000000000000000000000000000000000000000000000000000000000000000000000000000000000000000000000000000000000000000000000 -2332069193697584029312132757303135749299572073079453691431921690752383491523887178246121859878683637212444702296722402072988325533881068673143013016814236229393092533702035604491918840721116985809832458310061139607084251932132670536197713571841883681023998982814699597912428546481955725531505254139505572081097/100000000000000000000000000000000000000000000000000000000000000000000000000000000000000000000000000000000000000000000000000000000000000000000000000000000000000000000000000000000000000000000000000000000000000000000000000000000000000000000000000000000000000000000000000000000000000000000000000000000000000000000000
5 5
1 0
0 0
0 0
0 0
0 0
0 0
1 0
0 0
0 0
0 0
0 0
0 0
1 0
0 0
0 0
0 0
0 0
0 0
1 0
0 0
0 0
0 0
0 0
0 0
1 0

5 0

4 0

