4 4

13
1 1 0 0 1 0
1 0 3 0 -244116251735449/31250000000000 0
1 0 2 0 -45132468599027/10000000000000 0
1 0 1 0 -1813367422541599/1000000000000000 0
1 0 0 0 -51604302446869/50000000000000 0
0 1 3 0 -244116251735449/31250000000000 0
0 1 2 0 -45132468599027/10000000000000 0
0 1 1 0 -1813367422541599/1000000000000000 0
0 1 0 0 -51604302446869/50000000000000 0
0 0 3 0 52579415435731/10000000000000 0
0 0 2 0 1480813022465863/100000000000000 0
0 0 1 0 2826802146998947/1000000000000000 0
0 0 0 0 1917715172606903/5000000000000000 0

18
1 0 2 0 -244116251735449/31250000000000 0
1 0 1 1 -244116251735449/31250000000000 0
1 0 1 0 -45132468599027/10000000000000 0
1 0 0 2 -244116251735449/31250000000000 0
1 0 0 1 -45132468599027/10000000000000 0
1 0 0 0 -1813367422541599/1000000000000000 0
0 1 2 0 -244116251735449/31250000000000 0
0 1 1 1 -244116251735449/31250000000000 0
0 1 1 0 -45132468599027/10000000000000 0
0 1 0 2 -244116251735449/31250000000000 0
0 1 0 1 -45132468599027/10000000000000 0
0 1 0 0 -1813367422541599/1000000000000000 0
0 0 2 0 52579415435731/10000000000000 0
0 0 1 1 52579415435731/10000000000000 0
0 0 1 0 1480813022465863/100000000000000 0
0 0 0 2 52579415435731/10000000000000 0
0 0 0 1 1480813022465863/100000000000000 0
0 0 0 0 2826802146998947/1000000000000000 0

18
2 1 0 0 1 0
2 0 3 0 -244116251735449/31250000000000 0
2 0 2 0 -45132468599027/10000000000000 0
2 0 1 0 -1813367422541599/1000000000000000 0
2 0 0 0 -51604302446869/50000000000000 0
1 2 0 0 1 0
1 1 3 0 -244116251735449/31250000000000 0
1 1 2 0 -45132468599027/10000000000000 0
1 1 1 0 -1813367422541599/1000000000000000 0
1 1 0 0 -51604302446869/50000000000000 0
0 2 3 0 -244116251735449/31250000000000 0
0 2 2 0 -45132468599027/10000000000000 0
0 2 1 0 -1813367422541599/1000000000000000 0
0 2 0 0 -51604302446869/50000000000000 0
0 0 3 0 136898908873371/12500000000000 0
0 0 2 0 3092859801456747/500000000000000 0
0 0 1 0 41034682029179/20000000000000 0
0 0 0 0 1402457805869147/1000000000000000 0

24
2 0 2 0 -244116251735449/31250000000000 0
2 0 1 1 -244116251735449/31250000000000 0
2 0 1 0 -45132468599027/10000000000000 0
2 0 0 2 -244116251735449/31250000000000 0
2 0 0 1 -45132468599027/10000000000000 0
2 0 0 0 -1813367422541599/1000000000000000 0
1 1 2 0 -244116251735449/31250000000000 0
1 1 1 1 -244116251735449/31250000000000 0
1 1 1 0 -45132468599027/10000000000000 0
1 1 0 2 -244116251735449/31250000000000 0
1 1 0 1 -45132468599027/10000000000000 0
1 1 0 0 -1813367422541599/1000000000000000 0
0 2 2 0 -244116251735449/31250000000000 0
0 2 1 1 -244116251735449/31250000000000 0
0 2 1 0 -45132468599027/10000000000000 0
0 2 0 2 -244116251735449/31250000000000 0
0 2 0 1 -45132468599027/10000000000000 0
0 2 0 0 -1813367422541599/1000000000000000 0
0 0 2 0 136898908873371/12500000000000 0
0 0 1 1 136898908873371/12500000000000 0
0 0 1 0 3092859801456747/500000000000000 0
0 0 0 2 136898908873371/12500000000000 0
0 0 0 1 3092859801456747/500000000000000 0
0 0 0 0 41034682029179/20000000000000 0

