5
0
0
52
-3.289352929463471e-01 2.342085165532270e-01
-3.671155271512020e-01 2.613936079877029e-01
-3.767041388937707e-02 2.682208915909296e-02
-7.074683066109031e-01 5.037316036099089e-01
-8.945530023197674e-02 6.369396539206776e-02
6.661338147750939e-16
9.708141782021762e+02
3.032600231704864e-15
1.525878906250000e-06
1.238592756214201e-14
0.000000000000000e+00
1
1
8
52
-2.273590299517669e-01 -3.640070175248789e-02
-2.763684803770927e-01 -4.424722708453250e-02
1.769979925249393e-02 2.833778424396096e-03
7.345280857393714e-02 1.175996299047234e-02
-6.160556278737485e-01 -9.863191788745440e-02
1.110223024625157e-16
3.607651835251749e+03
4.649612084546489e-17
9.765625000000001e-05
3.013699326727025e-13
0.000000000000000e+00
1
1
19
52
7.185259405331040e-02 3.730376232186107e-01
-5.593692455422599e-03 -2.904081287644028e-02
8.734111961102990e-02 4.534495114369630e-01
1.946929266598997e-01 1.010788651065369e+00
-2.321339441700706e-02 -1.205171447774296e-01
4.644322853324036e-16
2.643700988081179e+03
3.388510745462701e-14
3.814697265625000e-07
2.601603702695460e-14
0.000000000000000e+00
1
1
20
52
-6.240424607282077e-01 -1.479143828424637e-01
-7.347514029505559e-01 -1.741552973546777e-01
1.369981934723333e-01 3.247215456196038e-02
-1.528786172533175e-01 -3.623623029504466e-02
2.060691087231295e-01 4.884376778482323e-02
1.144391699630559e-16
5.681928517702884e+01
3.097718980666739e-16
3.906250000000000e-04
2.011837180822625e-13
0.000000000000000e+00
1
1
21
52
-3.824286185645567e-01 -9.570009352455802e-01
-4.345030122111053e-01 -1.087313472024731e+00
4.674148506103392e-01 1.169673051302402e+00
-6.236522006692355e-02 -1.560646118872177e-01
8.859527531280421e-01 2.217034950232966e+00
4.767499851251220e-15
6.666582528639186e+02
7.484539450520615e-15
9.765625000000001e-05
4.025832861311313e-12
0.000000000000000e+00
1
1
25
52
1.591599297169765e-01 -6.734230386284437e-01
1.958237123029985e-01 -8.285515054516986e-01
-1.800789268311280e-01 7.619335992118906e-01
-6.732987021947237e-02 2.848800315147387e-01
-4.736132756333249e-01 2.003909475072763e+00
5.024295867788081e-15
2.625346352482738e+03
2.529986584572712e-15
9.765625000000001e-05
6.903673352738344e-13
0.000000000000000e+00
1
1
31
52
-3.288364547664211e-01 -1.543687383897983e-01
-3.851529404534723e-01 -1.808059071405451e-01
3.043127680034398e-01 1.428563572915498e-01
1.281058421162263e-01 6.013791032351171e-02
-6.182635885414264e-02 -2.902371947273384e-02
1.179611963664229e-16
1.033252182498566e+02
6.286865301311992e-17
3.906250000000000e-04
1.148126453567413e-13
0.000000000000000e+00
1
1
36
52
-2.791205012266116e-01 -7.790247544946325e-03
-3.115186243126201e-01 -8.694478505131996e-03
-3.196551124701825e-02 -8.921567725076238e-04
-7.590796358297362e-02 -2.118589728613443e-03
-6.003275190521590e-01 -1.675512891710836e-02
3.337167946540778e-16
1.702900570949369e+03
1.533122863300449e-16
9.765625000000001e-05
1.492079054354632e-14
0.000000000000000e+00
1
1
51
52
-4.272119885255068e-01 -1.776769086801611e-01
-5.030020033574686e-01 -2.091978769719078e-01
9.378732112141988e-02 3.900602449795847e-02
1.410724417831392e-01 5.867184449224241e-02
-1.046588688910788e-01 -4.352748703216441e-02
5.419449386414209e-17
8.313208337331878e+01
2.288155294836308e-16
3.906250000000000e-04
3.399577598641239e-13
0.000000000000000e+00
1
1
68
52
3.334059799655268e-01 -2.902789188820974e-01
-4.074980238223825e-01 3.547869351772975e-01
3.788050777370424e-01 -3.298055075194710e-01
-7.723845222894790e-01 6.724742733007836e-01
5.437076699496096e-02 -4.733774560288206e-02
6.365445505401544e-16
7.961705186146318e+02
5.666877414834462e-15
1.525878906250000e-06
1.649826155391835e-13
0.000000000000000e+00
1
1
80
52
-6.186321169363052e-02 4.799881822283387e-01
-7.084714954573112e-03 5.496933249271454e-02
-6.904380909919190e-02 5.357014535191359e-01
-1.330543196699366e-01 1.032350233484086e+00
-1.682395381109327e-02 1.305347521831328e-01
2.127382150291225e-15
1.184287119622269e+03
2.493599763844598e-14
1.525878906250000e-06
1.105372550463485e-14
0.000000000000000e+00
1
1
88
52
3.859824626834253e-01 -5.944456660399243e-01
-4.230467012540278e-01 7.018545593509149e-01
-6.180311288768283e-02 -1.705948121302760e-02
-4.465548942582832e-01 7.069394132855956e-01
-2.067819061071745e-01 -5.738002104088106e-02
2.047150106608361e-15
1.349083384479935e+02
2.954355853568987e-15
9.765625000000001e-05
1.816802926934532e-13
0.000000000000000e+00
1
1
92
52
-1.676927123617355e-01 -2.027483664187541e-01
-1.905270293852876e-01 -2.303561283161628e-01
2.049586780173773e-01 2.478046694225489e-01
3.884851001842783e-01 4.696967347661709e-01
-2.734678421639510e-02 -3.306354670154126e-02
1.235746982687404e-16
1.399628866284656e+03
4.385772675365608e-15
1.525878906250000e-06
1.106743267168404e-13
0.000000000000000e+00
1
1
94
52
-1.161778632957190e-01 -2.266868548430898e-01
-1.429403777599877e-01 -2.789060131190162e-01
1.314475633473176e-01 2.564811734929615e-01
3.457112508745634e-01 6.745536018780959e-01
4.914704644558518e-02 9.589597422031004e-02
2.950458159105176e-16
5.013205022165714e+03
2.850462754092056e-14
3.814697265625000e-07
5.800510748725000e-13
0.000000000000000e+00
1
1
100
52
-4.437771814750417e-01 -1.538786253977820e-01
-5.197784000945872e-01 -1.802318574654153e-01
4.106815424930952e-01 1.424027955313708e-01
-8.343699999029923e-02 -2.893157062097409e-02
1.728836590979780e-01 5.994697547835003e-02
5.551115123125783e-17
7.217778059650105e+01
1.315069197028544e-16
3.906250000000000e-04
1.043272424857995e-13
0.000000000000000e+00
1
1
102
52
-3.853501356765962e-01 2.424680456026829e-01
-1.492100432842342e-01 -3.389986124083504e-01
5.548867122827769e-01 1.697248808739827e-01
1.357637622644941e-01 1.119088138772799e-01
-6.525590672459661e-02 -1.435402386674177e-01
6.298455821527316e-16
1.158470854577190e+02
1.515193540019804e-16
3.906250000000000e-04
5.606598893827049e-12
0.000000000000000e+00
1
1
110
52
-6.437253489398710e-01 3.390123311634406e-01
-1.961179155550427e-01 -5.584279418259026e-01
8.632440493531550e-01 3.385281481672198e-01
-8.634988941759876e-02 -2.367068638165762e-01
2.025698847839161e-01 1.949647030989052e-01
5.151632230046717e-16
9.893923894186980e+01
4.445936703223317e-17
3.906250000000000e-04
3.067687981669504e-12
0.000000000000000e+00
1
1
122
52
8.386016536460972e-01 4.475045245055021e-01
-1.841011130209997e-01 -9.824221152581225e-02
9.873747065449875e-01 5.268945591033186e-01
2.054415673673178e-01 1.096301569626704e-01
-2.769200915254043e-01 -1.477733717138525e-01
8.326672684688674e-16
5.030192511623308e+01
3.508647864915125e-16
3.906250000000000e-04
3.786446510099221e-14
0.000000000000000e+00
1
1
132
52
2.201509422683350e-02 9.375239963546603e-01
-9.226666326574735e-01 -7.597400299368395e-01
7.518440685268877e-01 -1.294232117628984e-01
-3.466041727637184e-01 -1.058197772181406e-01
3.207114894843395e-01 -5.123486318317402e-02
5.280858414569280e-16
1.036139848269558e+02
3.263413050859677e-16
9.765625000000001e-05
4.296902318317359e-14
0.000000000000000e+00
1
1
135
52
2.238588432047159e-01 1.954692321222660e-03
-2.532814654897602e-01 -2.211604994528208e-03
2.754265460292333e-01 2.404971574394700e-03
-9.469963254731872e-02 -8.268989596876107e-04
-6.661382685843422e-01 -5.816591115337877e-03
1.814405128141420e-16
4.154944857077338e+03
2.585422826221501e-16
9.765625000000001e-05
7.220312323045921e-14
0.000000000000000e+00
1
1
145
52
2.599842150178329e-01 3.741211087900039e-02
-3.177599089726416e-01 -4.572611820517684e-02
2.953856460235572e-01 4.250642886276949e-02
4.239738344994308e-02 6.101045828878372e-03
-6.022920876827637e-01 -8.667071716021907e-02
1.118863022827952e-16
9.619311173765356e+02
2.257020180781781e-16
9.765625000000001e-05
5.153232053185657e-14
0.000000000000000e+00
1
1
150
52
5.927518500584446e-01 -5.883530403072622e-01
-7.077226783149100e-01 6.569674214395633e-01
3.455846356035468e-02 6.718170392833632e-02
-7.079278492736281e-01 6.853081474929731e-01
1.159747854786178e-01 2.247049453138585e-01
1.776356839400250e-15
1.035591740711595e+02
6.666735823946816e-16
9.765625000000001e-05
1.563713074369668e-13
0.000000000000000e+00
1
1
152
52
8.408223838191983e-01 8.088730821086143e-02
-7.781162438362332e-01 -7.485496301034861e-02
9.848215087864748e-01 9.474005740911190e-02
-3.275617955005711e-01 -3.151152065006776e-02
1.580876623655590e-01 1.520806976143397e-02
4.460365043975677e-16
3.386994468065076e+01
1.295928990832719e-16
3.906250000000000e-04
1.712049451151532e-13
0.000000000000000e+00
1
1
154
52
7.009116333870717e-01 -2.000412542006692e-02
-8.091853380634282e-01 5.021986619709920e-02
-2.085990532665616e-02 -5.990156074681682e-02
-6.954748856979617e-02 -2.005895182729014e-01
-8.265414386736371e-01 3.394201609670064e-02
4.965068306494546e-16
1.109557299594715e+02
2.738917841767963e-16
3.906250000000000e-04
8.473013990933196e-14
0.000000000000000e+00
1
1
163
52
-1.544307564531765e-01 5.377987840330993e-01
-3.901123068133005e-01 -5.969593649723777e-01
4.511910989732013e-01 6.019815717074160e-02
1.917554843836127e-01 2.794081640933930e-02
-1.785297264895060e-01 -1.219877478335936e-01
1.052085118492554e-16
1.216822215692218e+02
4.358399932538249e-16
9.765625000000001e-05
2.674900310267846e-14
0.000000000000000e+00
1
1
169
52
4.939407540962825e-01 -5.072206409167122e-02
-5.727490105934784e-01 3.951319071076261e-02
-9.110117461577064e-03 4.398289028970958e-02
-3.029242411386038e-02 1.472552296566493e-01
-5.834301644621390e-01 5.254521573033447e-02
1.570092458683775e-16
1.439875638096600e+02
1.305803774677907e-16
3.906250000000000e-04
1.052858656207399e-13
0.000000000000000e+00
1
1
183
52
1.935384747060416e-01 -6.093810905585171e-01
-7.490250800955424e-01 3.209406629842942e-01
4.673357639700544e-01 2.283572176501177e-01
-2.470629885127828e-01 3.031861908105435e-03
2.001088400039037e-01 9.480947119645490e-02
1.853558325182821e-16
9.498655347949298e+01
3.752579910124539e-16
9.765625000000001e-05
1.120021358759563e-13
0.000000000000000e+00
1
1
188
52
-4.926814466143375e-01 2.554854284024188e-02
3.835503125761953e-02 -1.988942684888990e-03
-5.988837247400212e-01 3.105577975990052e-02
1.591704362644873e-01 -8.253959506184703e-03
-1.334977449543713e+00 6.922673625078206e-02
1.776356839400250e-15
8.054669337847452e+02
2.507353528750386e-16
9.765625000000001e-05
5.359786080932328e-13
0.000000000000000e+00
1
1
192
52
2.216422623217037e+00 1.229687955655490e-01
-4.865789020151181e-01 -2.699576375987353e-02
2.609629527515991e+00 1.447842106056280e-01
-7.318992909346917e-01 -4.060632360397329e-02
5.429816834754928e-01 3.012503253293010e-02
7.105427357601002e-15
2.813135845164557e+02
9.405410466506789e-16
9.765625000000001e-05
2.801186693275157e-14
0.000000000000000e+00
1
1
198
52
-2.787923870897702e-01 2.830499106295212e-01
-3.388887979379910e-01 3.440640720896345e-01
2.170386320551838e-02 -2.203530951748338e-02
-7.554202668415924e-01 7.669565200444546e-01
9.006936669777395e-02 -9.144484345640917e-02
2.541594399927239e-15
2.621468569584225e+03
2.530321609124424e-14
3.814697265625000e-07
3.076204426007373e-14
0.000000000000000e+00
1
1
201
52
-4.201422054405443e-01 -8.435511373230915e-01
-6.127933142459927e-02 5.926243665274839e-02
5.181268122081845e-01 9.585436574591472e-01
-2.053754507472742e-01 1.980772222749342e-01
5.080735265357652e-01 9.889022105907971e-01
1.831026719408895e-15
7.750900166726396e+01
2.734749902375786e-16
3.906250000000000e-04
2.352674513635800e-13
0.000000000000000e+00
1
1
203
52
5.360389041886595e-01 1.892590402350110e-01
-4.960626485498739e-01 -1.751446397404469e-01
6.278408526584124e-01 2.216715172461468e-01
1.007836362719893e-01 3.558363790982967e-02
-2.088263458408977e-01 -7.373023390802781e-02
1.118863022827952e-16
5.477739339253004e+01
2.433319089897667e-16
3.906250000000000e-04
2.282750246409405e-14
0.000000000000000e+00
1
1
205
52
-1.042732706099846e-01 -1.468468872756404e+00
1.294895892820220e-01 3.109616531432259e-02
6.371187147391098e-02 1.700964164207092e+00
4.335520742617388e-01 1.034928848341852e-01
1.013354029142113e-01 1.733831250286191e+00
7.944109290391274e-15
2.588112621116251e+02
6.741449585655700e-16
3.906250000000000e-04
3.307520335002296e-13
0.000000000000000e+00
1
1
207
52
-2.320061569586279e-02 -4.038388385803247e-01
-3.222226720379253e-01 6.678826630283544e-02
4.088660531772916e-01 3.140264389867108e-01
1.509663830826736e-01 4.054962328025265e-02
-1.375074920796512e-01 2.677701196136948e-02
5.721958498152797e-17
1.195165609915809e+02
9.224472382405852e-17
9.765625000000001e-05
5.410290774049894e-15
0.000000000000000e+00
1
1
209
52
-3.785844295935530e-01 -4.143798553539751e-01
4.607200327293365e-02 -2.133721723906097e-02
4.214606439227341e-01 4.934881869311280e-01
4.404851285600695e-01 4.944139950607854e-01
1.541093373359280e-01 -7.162645078934553e-02
5.788370904917907e-16
1.533199367539560e+02
2.495729178912260e-15
9.765625000000001e-05
1.055520209550964e-13
0.000000000000000e+00
1
1
211
52
-1.998355129191886e-01 -3.699568670513697e-01
-2.645017245765723e-02 2.733384760405771e-02
2.452315971434961e-01 4.197870165430009e-01
2.411975242197090e-01 4.334737675859778e-01
-8.865475937038726e-02 9.136817863594206e-02
1.942890293094024e-16
2.048993044745837e+02
7.063630303202591e-16
9.765625000000001e-05
9.562380161977919e-14
0.000000000000000e+00
1
1
212
52
2.095897308004470e-01 -3.792433694064347e-01
-5.404072076979052e-01 1.137485906301488e-01
2.802212030189128e-01 2.138532938096273e-01
1.203829042335180e-01 8.959565433727941e-02
-1.645872203572969e-01 -3.081502270816123e-02
1.110223024625157e-16
1.242307164175197e+02
2.052254571084265e-16
9.765625000000001e-05
5.758475968941541e-14
0.000000000000000e+00
1
1
218
52
-1.767384857592948e-01 -4.863239241380830e-01
-3.703079300241717e-01 2.001751669023072e-01
6.163304737755562e-01 2.346367916741622e-01
-1.586611045551243e-01 8.331078870489801e-02
1.998786396255487e-01 -5.754796975500378e-03
7.020638297315304e-16
9.610508000000901e+01
5.588329863315341e-17
3.906250000000000e-04
9.381156241552419e-12
0.000000000000000e+00
1
1
236
52
2.419026390163910e-01 -2.114037671550182e-01
-2.736968262624388e-01 2.391893712508492e-01
2.976268767667680e-01 -2.601023420451981e-01
-7.198313134004859e-01 6.290756148332030e-01
-1.023327499558718e-01 8.943072689065548e-02
5.117875266520903e-16
3.885384615414638e+03
7.496896666835276e-14
3.814697265625000e-07
7.325241168073593e-13
0.000000000000000e+00
1
1
239
52
-5.074226238387030e-01 1.425116218559523e-01
-5.811118681009746e-02 1.632075333502218e-02
-5.663202703802759e-01 1.590532554722064e-01
-1.379956609502280e-01 3.875661928970754e-02
-1.091355753308537e+00 3.065115174589922e-01
8.881784197001252e-16
5.406172112100959e+02
5.498448395822814e-16
9.765625000000001e-05
3.484492268712777e-14
0.000000000000000e+00
1
1
-1

2 0
1 5
-5079361972535099767505321987870306450036483959007633322330514036870449245537422186276265098832919406126160066422108721146951367421936011892917736885272147165356732543432694078584596625306384386158939346561966818452733253479453436740115609197043405344794324688048443853842176914084916906339961690147566332533877/10000000000000000000000000000000000000000000000000000000000000000000000000000000000000000000000000000000000000000000000000000000000000000000000000000000000000000000000000000000000000000000000000000000000000000000000000000000000000000000000000000000000000000000000000000000000000000000000000000000000000000000000 71173844926331925930507118187468333661763334425591773632372611719325078779224006645985142366350812501749447289788279942173490221796361628908210236964158200402215097592527075821124347063112448332037948019985875307862355060685260466506465685167184634760460484064443983889501800905090933066307922185495770176913/312500000000000000000000000000000000000000000000000000000000000000000000000000000000000000000000000000000000000000000000000000000000000000000000000000000000000000000000000000000000000000000000000000000000000000000000000000000000000000000000000000000000000000000000000000000000000000000000000000000000000000000
-9506970300949473139092648588168224922160018611954863547504723026194460910932458945916274452295499358250995187216104173584460273722560247635857972073163146931664809529794880961576239423794478664000046044967533135484754139543897778533487357055425191167931045849279896518452050090349964449779597838725179737180479/10000000000000000000000000000000000000000000000000000000000000000000000000000000000000000000000000000000000000000000000000000000000000000000000000000000000000000000000000000000000000000000000000000000000000000000000000000000000000000000000000000000000000000000000000000000000000000000000000000000000000000000000 12711657191425040653657882201209003197866136425369600992876893510034870240388683005156009981204273466185493772711223735880568435409261752921116978153412831172674610897961056590261487577736416026428165924741809838349215354873903386594880026994205563104855999829144324815246395218432935479919703720906549993311/62500000000000000000000000000000000000000000000000000000000000000000000000000000000000000000000000000000000000000000000000000000000000000000000000000000000000000000000000000000000000000000000000000000000000000000000000000000000000000000000000000000000000000000000000000000000000000000000000000000000000000000
63985941290837667581881049849471348337152023990379742417814343792391470243117903107169773842497536178991420243202430119526439288387526992916146033092977457500897236064825808709771271077807160061100452312614467973901912014037455789365522085457198781551264966897292275525728785176635854765999372138238002746459/80000000000000000000000000000000000000000000000000000000000000000000000000000000000000000000000000000000000000000000000000000000000000000000000000000000000000000000000000000000000000000000000000000000000000000000000000000000000000000000000000000000000000000000000000000000000000000000000000000000000000000000 -817207985878405034317107413951205103008952790124828539319980550491183539151540521006660346041277400703115859315267647862605214607352482878134740619404965845601234118299965845386628832757672352248912307530916069598726146851357838363427103180175212893719899100257389968993178038558202088003986468791292494958693/2000000000000000000000000000000000000000000000000000000000000000000000000000000000000000000000000000000000000000000000000000000000000000000000000000000000000000000000000000000000000000000000000000000000000000000000000000000000000000000000000000000000000000000000000000000000000000000000000000000000000000000000
-1295261401087261661970848175078817623132501354526087009470670626409900665898089176039196306988871182338585353409686864340006518968233900588725186927635801301627155334585103472962405700816556874787456751937448834019751473551186413010478711435708494867459352013936491010495178161981315925265985731043371427838991/10000000000000000000000000000000000000000000000000000000000000000000000000000000000000000000000000000000000000000000000000000000000000000000000000000000000000000000000000000000000000000000000000000000000000000000000000000000000000000000000000000000000000000000000000000000000000000000000000000000000000000000000 -1706117115025806668596700659893703943142203493842756041077538193725898654461867244202275131943937697861215798960894594653467365126901172061669187518251799993258152015554116118661570355504043179692501252334646020973198752372266115561072072043321057162302736658743242570854818110456656400894830588909045587817721/2000000000000000000000000000000000000000000000000000000000000000000000000000000000000000000000000000000000000000000000000000000000000000000000000000000000000000000000000000000000000000000000000000000000000000000000000000000000000000000000000000000000000000000000000000000000000000000000000000000000000000000000
-4805886038537958983552681322985983269795404697283251180883391825759487876421564696081841891971214071957819740001769668114469305299818952555996033649346090112034219950012288002243374513569724932787768148004382657774221740047776007261417200733403754307713492698000262735179998221706387048892559789774465800932781/5000000000000000000000000000000000000000000000000000000000000000000000000000000000000000000000000000000000000000000000000000000000000000000000000000000000000000000000000000000000000000000000000000000000000000000000000000000000000000000000000000000000000000000000000000000000000000000000000000000000000000000000 -3535855207156363881123453754919112099437429186413786490822775849501276616889436726905135260501752158969524713326834174970342396159575359923318617958307971553667804833561522688313010071148170718080240973212117312857222705941432689573609234472350735708997240563992481789859842583915475442535284963119909912150939/100000000000000000000000000000000000000000000000000000000000000000000000000000000000000000000000000000000000000000000000000000000000000000000000000000000000000000000000000000000000000000000000000000000000000000000000000000000000000000000000000000000000000000000000000000000000000000000000000000000000000000000000

0
3514556122214766291001753357601947395046222249594851550967895501653142942915870491383454581590394492034968744555781904113828982273881821802068699368655718097022050466208692113514099964645350178821639293895632661696418379195003177505103964789127698416959002429315149891651445459485696181260868645000758227521393/5000000000000000000000000000000000000000000000000000000000000000000000000000000000000000000000000000000000000000000000000000000000000000000000000000000000000000000000000000000000000000000000000000000000000000000000000000000000000000000000000000000000000000000000000000000000000000000000000000000000000000000000 -7100860000816112013834312656710571546260908392342936986995333215980406181216629177102588089865810362981984814348523496216682367945237147579681863443072080802796968744514286288682946319256647639219104689813401520216736812793745857167407478055578350447672490826466579449821934511721240288638042279835591570108523/10000000000000000000000000000000000000000000000000000000000000000000000000000000000000000000000000000000000000000000000000000000000000000000000000000000000000000000000000000000000000000000000000000000000000000000000000000000000000000000000000000000000000000000000000000000000000000000000000000000000000000000000
5 5
1 0
0 0
0 0
0 0
0 0
0 0
1 0
0 0
0 0
0 0
0 0
0 0
1 0
0 0
0 0
0 0
0 0
0 0
1 0
0 0
0 0
0 0
0 0
0 0
1 0

5 0

4 0

