5
0
0
52
1.345946959761675e-01 8.431095677114371e-02
1.210170479177166e-01 7.203705596543647e-02
7.003135471141937e-02 4.827038249454074e-02
8.163546007818993e-01 4.967483347478371e-01
-2.491679011737425e-02 3.237703471470794e-02
1.694886220097656e-16
5.970329858284136e+04
1.887666171699686e-13
2.384185791015625e-08
1.836401651082989e-12
0.000000000000000e+00
1
1
4
52
1.846376416468783e-01 1.355562648648307e-01
1.664119115095701e-01 1.164609313477690e-01
9.560192726866309e-02 7.686356747615587e-02
-3.927580893955263e-02 4.392278105232286e-02
1.121431530545948e+00 8.011568021412051e-01
4.965068306494546e-16
2.205730105917764e+04
2.459298019067125e-16
2.441406250000000e-05
3.679978151070536e-12
0.000000000000000e+00
1
1
16
52
1.719141086043039e-01 1.497607579825426e-01
1.493944413405188e-01 1.362238438514647e-01
9.549673717131828e-02 7.608776995823732e-02
3.409334786548490e-02 -4.772241292307208e-02
1.022621516156275e+00 9.144345115237399e-01
6.280369834735101e-16
2.223245696250658e+04
4.085218150356007e-16
2.441406250000000e-05
3.292882150128938e-12
0.000000000000000e+00
1
1
32
52
-3.425077753441257e-01 -1.025066302646259e+00
-3.247767087856825e-01 -9.720002990474309e-01
4.435821528692522e-01 1.327564365231427e+00
-2.908873578905785e-01 1.412467060251082e-01
3.173691055079603e-01 -6.199143338060466e-02
1.019049275557172e-15
1.340120607356032e+02
5.015198382698330e-16
9.765625000000001e-05
8.780675227739271e-12
0.000000000000000e+00
1
1
40
52
1.339241580772005e-01 8.852181833435484e-02
1.169469226107117e-01 8.117001875971615e-02
7.373253316462791e-02 4.421565721400020e-02
7.988362007915648e-01 5.430320639422764e-01
1.935302869926082e-02 -3.648044435765882e-02
4.061309336490416e-16
5.828914505195035e+04
7.921980956411564e-14
2.384185791015625e-08
2.322751751306754e-12
0.000000000000000e+00
1
1
59
52
-3.237481889128739e-01 -4.095817935077032e-01
-2.783454800347774e-01 -3.721599998135618e-01
5.041811669448668e-01 6.351976831947715e-01
-1.171091894191699e-01 1.204667121922741e-01
4.353343827970440e-01 5.606717570415459e-01
4.449557262054371e-16
2.527563699323123e+02
5.694530187916932e-16
9.765625000000001e-05
8.412483104742349e-13
0.000000000000000e+00
1
1
72
52
1.679036668463675e-01 1.544187776511683e-01
9.346045990706850e-02 7.867414602877189e-02
1.457454118121852e-01 1.402726440811481e-01
3.538521777935881e-02 -4.681077148620176e-02
9.981296449916721e-01 9.421461752993399e-01
6.280369834735101e-16
2.386245555837176e+04
3.697551092982253e-16
2.441406250000000e-05
3.353609524102225e-12
0.000000000000000e+00
1
1
80
52
-1.946769178910890e-01 -9.017324115127059e-01
-1.845988127004801e-01 -8.550512014573343e-01
2.521262656455513e-01 1.167834522906544e+00
2.750620805248562e-01 -2.289922385202880e-02
-2.600102032314375e-01 9.261866340665033e-02
5.498827159211281e-16
1.325320208511116e+02
9.087552006691780e-16
9.765625000000001e-05
8.176614239287517e-12
0.000000000000000e+00
1
1
85
52
1.828124630338461e-01 1.415429378414949e-01
9.448477634734874e-02 8.002372775548330e-02
1.649142375436442e-01 1.218049704748118e-01
-4.076352915958965e-02 4.330736727531058e-02
1.110917580778347e+00 8.373174748949593e-01
9.155133597044475e-16
2.476461838217919e+04
5.177737159144253e-16
2.441406250000000e-05
3.575583964578421e-12
0.000000000000000e+00
1
1
101
52
-8.200534105463476e-01 -5.913818044943390e-01
1.062051969338339e+00 7.658991500024688e-01
-7.776005885943011e-01 -5.607669370613119e-01
2.071599468539161e-01 -2.204406973373078e-01
-1.437557002523824e-01 2.661646920010673e-01
8.169718840263409e-16
1.360064070815387e+02
3.204999707206868e-16
9.765625000000001e-05
2.495418330029275e-12
0.000000000000000e+00
1
1
106
52
-2.518135495425374e-01 -5.141924540074662e-01
-6.529604736536922e-02 -3.802305958967979e-01
3.546393212198087e-01 9.155285027352703e-01
1.864775132836621e-01 -1.014245405338317e-01
-1.886137268203465e-01 1.255076303369005e-01
1.177569344012831e-16
1.288514393405376e+02
5.204303544432008e-16
2.441406250000000e-05
1.095604263888825e-13
0.000000000000000e+00
1
1
107
52
-1.896639138542732e-01 -3.727238550105255e-01
-8.757141861484029e-02 -2.040911437721881e-01
2.931106717183145e-01 5.795047083714930e-01
1.478414062578773e-01 -7.168166781299168e-02
2.323305262203498e-01 4.636389447793274e-01
2.665835984225005e-16
3.520866132117922e+02
5.967395729574282e-16
9.765625000000001e-05
5.257000703310322e-13
0.000000000000000e+00
1
1
108
52
-9.541113421383485e-01 -4.365002890958605e-01
1.235670526887967e+00 5.653119488182553e-01
-9.047185606325174e-01 -4.139033840446911e-01
-9.262121243928348e-02 2.999510073112862e-01
1.663904450822603e-01 -2.662020202141702e-01
4.742874840267547e-16
1.334613329913593e+02
7.955107188942027e-16
9.765625000000001e-05
1.992089863794737e-12
0.000000000000000e+00
1
1
114
52
-2.196305810477916e-01 -3.124085069746638e-01
-1.055439473932037e-01 -1.731692920579667e-01
3.398728644855225e-01 4.859569594020122e-01
2.699520884257370e-01 3.890763355749490e-01
1.243759981639301e-01 -8.390881816798239e-02
2.355138688025662e-16
4.434798118695218e+02
2.425430781084116e-15
2.441406250000000e-05
3.785763100339153e-12
0.000000000000000e+00
1
1
115
52
-2.820189109885452e-01 -2.711710752345110e-01
-1.588539801686904e-01 -1.339102467763763e-01
4.389612727510642e-01 4.200228994863735e-01
3.517876271637700e-01 3.340962841070583e-01
-1.043839051632421e-01 1.128286716498892e-01
2.517684598470210e-16
4.411392104557743e+02
2.782951379359808e-15
2.441406250000000e-05
5.142268038258980e-12
0.000000000000000e+00
1
1
117
52
-3.404178143469534e-01 -5.239939750742522e-01
-1.207275196605185e-01 -4.033731481196934e-01
5.045809184312496e-01 9.453001208871236e-01
-1.878528478023262e-01 1.607740870588890e-01
1.887042349378523e-01 -1.344007130195425e-01
1.006139616066548e-16
1.288193436740088e+02
3.654635587821069e-16
2.441406250000000e-05
1.389588180688697e-13
0.000000000000000e+00
1
1
119
52
-3.300675183316056e-01 -3.315853080413605e-01
-1.864117324244731e-01 -1.642570659543195e-01
5.138025160868998e-01 5.136557816851657e-01
-1.277514040694750e-01 1.321592079538544e-01
4.118319279243818e-01 4.086429274623734e-01
4.440892098500626e-16
3.043670201378328e+02
6.796586537883726e-16
9.765625000000001e-05
8.412687978107231e-13
0.000000000000000e+00
1
1
129
52
-3.555966042018963e-01 -3.303246457661614e-01
5.513197835432250e-01 5.142264194002202e-01
-3.242781878104938e-01 -2.854810771569800e-01
1.203017611359570e-01 -9.960887906701896e-02
4.873523035172010e-01 4.449116269645877e-01
6.206335383118183e-16
2.804394691235956e+02
8.783854801254486e-16
3.906250000000000e-04
9.496846065374405e-13
0.000000000000000e+00
1
1
150
52
-4.916053352863139e-01 -3.702097956882008e-01
7.854958125296482e-01 7.047818835338296e-01
-2.476508367557272e-01 -3.326128979162127e-01
1.293437544731219e-01 -1.879669532130737e-01
-1.196687529649059e-01 2.120868447097949e-01
1.118863022827952e-16
1.255752689082318e+02
2.504329909149194e-16
2.441406250000000e-05
2.812093233101277e-15
0.000000000000000e+00
1
1
151
52
-2.983274477983838e-01 -3.105751688649682e-01
4.620848215497884e-01 4.834078297108836e-01
-1.473097820573359e-01 -1.749285229881943e-01
1.242510320607973e-01 -1.148350390695726e-01
3.675518860164804e-01 3.874061129695351e-01
2.775557561562891e-16
3.368072643307729e+02
2.993760903406665e-16
3.906250000000000e-04
9.848968801592808e-13
0.000000000000000e+00
1
1
154
52
-5.543302976667575e-01 -2.969642349167271e-01
9.034305450889220e-01 5.888611371623067e-01
-3.021000695939426e-01 -2.971498322867177e-01
-8.767606968025377e-02 2.328847059153964e-01
1.012181750891082e-01 -2.100409831746082e-01
2.747880835883028e-16
1.247456292167965e+02
4.106293884976501e-16
2.441406250000000e-05
2.571550710572905e-15
0.000000000000000e+00
1
1
167
52
-4.621974228622901e-01 -3.336993386296508e-01
8.387315757599830e-01 5.021867959258394e-01
-3.621419817525268e-01 -1.281039906673881e-01
1.549263697843985e-01 -1.639610298682886e-01
-1.309328616516109e-01 1.659199623484486e-01
5.635475559608569e-16
1.461609945689847e+02
1.965872620240184e-16
9.765625000000001e-05
9.124267073834454e-12
0.000000000000000e+00
1
1
172
52
-3.194156307855792e-01 -1.789036576786342e-01
4.966839164961858e-01 2.766032415942187e-01
-1.754692337734316e-01 -8.371921994889815e-02
3.974531719169483e-01 2.193961545198910e-01
-6.785817154938990e-02 1.268204040161450e-01
1.624353417151118e-16
4.642845411378044e+02
3.362588830224208e-15
2.441406250000000e-05
1.087071894266740e-12
0.000000000000000e+00
1
1
174
52
-2.915561922406527e-01 -2.420872814809836e-01
4.518291796839669e-01 3.770302781190424e-01
-1.460981180368598e-01 -1.384011809006878e-01
3.596802989431118e-01 3.024278158823761e-01
9.729758277567410e-02 -1.126932355803723e-01
1.494683490070454e-16
4.435268117857688e+02
2.189703548071815e-15
2.441406250000000e-05
8.923416826606959e-13
0.000000000000000e+00
1
1
177
52
-5.263212162663315e-01 -2.785360280289579e-01
9.401791847188686e-01 3.985122929602822e-01
-3.931411912667900e-01 -8.027409935119681e-02
-1.115152872864988e-01 1.905468322008259e-01
1.366205733160233e-01 -1.919824377062023e-01
1.507489064050826e-16
1.137961255919642e+02
3.123778345903825e-16
2.441406250000000e-05
2.260333372861282e-15
0.000000000000000e+00
1
1
179
52
-4.288032427532051e-01 -2.308925297349027e-01
6.668036683481574e-01 3.573019185457528e-01
-3.760763523077669e-01 -2.156530361729138e-01
-5.569202993588050e-02 1.464944761425501e-01
5.802699755594430e-01 3.189679840452380e-01
3.469446951953614e-16
2.693802927863333e+02
1.544287415054049e-16
3.906250000000000e-04
2.520309820955202e-12
0.000000000000000e+00
1
1
180
52
1.326299428554429e-01 9.128886717112297e-02
7.310509188661926e-02 4.572650625923248e-02
1.157439230793239e-01 8.359704972238464e-02
7.908337910618881e-01 5.595787894113103e-01
2.009353497040468e-02 -3.621750926939967e-02
2.288783399261119e-16
6.072104555643766e+04
1.205130475668039e-13
2.384185791015625e-08
2.412079525314521e-12
0.000000000000000e+00
1
1
181
52
1.083573825403126e+00 1.697929000629254e-01
1.004209378931340e+00 1.573567197008537e-01
4.177033397882115e-01 6.545291125154697e-02
-7.121429725935112e-02 2.743152339056942e-01
1.610760717478728e-02 -2.829502936524040e-01
9.930136612989092e-16
5.594016543495967e+01
3.844876857186877e-16
9.765625000000001e-05
3.265972765917383e-14
0.000000000000000e+00
1
1
182
52
1.341750109921160e-01 8.728593431893769e-02
6.973692788185329e-02 4.985221868312729e-02
1.207048136923915e-01 7.468288753758140e-02
8.140617077024874e-01 5.146797605240098e-01
-2.566814170048217e-02 3.219598838565208e-02
3.554447978966673e-16
6.288898150020784e+04
2.263317577619427e-13
2.384185791015625e-08
2.511687628931640e-12
0.000000000000000e+00
1
1
188
52
1.052356433048544e+00 6.181029961888637e-01
4.056694490275731e-01 2.382705080063514e-01
9.752784492121892e-01 5.728311365286960e-01
1.321809394645326e-01 -2.863227029604685e-01
-1.857000246020203e-01 2.548881948053385e-01
1.180183263642071e-15
6.268399595848702e+01
2.913535151248086e-16
9.765625000000001e-05
1.512513347095137e-14
0.000000000000000e+00
1
1
192
52
-3.506688755048140e-01 -1.948966481205011e-01
5.453212185296683e-01 3.016345338546541e-01
-3.074051401931328e-01 -1.817646648914849e-01
4.744645132536094e-01 2.691082862461726e-01
-4.748278854363293e-02 1.200557255355951e-01
1.821377042022605e-16
3.919183080908751e+02
2.880951527646385e-15
2.441406250000000e-05
1.087335732634890e-12
0.000000000000000e+00
1
1
198
52
-3.301776222994091e-01 -2.460776394251079e-01
5.121011546692495e-01 3.832823296418101e-01
-2.996562249313900e-01 -2.111191080045121e-01
4.518006795224934e-01 3.306709533578427e-01
9.235612220198554e-02 -9.503058353942842e-02
1.559322466582485e-16
3.768210068480778e+02
3.308600463003981e-15
2.441406250000000e-05
8.925204581563675e-13
0.000000000000000e+00
1
1
200
52
-2.822796839236741e-01 -5.456237312998126e-01
-2.860036573394206e-01 -2.992556323284791e-01
5.624923024912266e-01 8.907139076515156e-01
2.287060465661604e-01 -8.236830913614922e-02
-2.065832078906147e-01 9.591667035870199e-02
9.309503074677274e-17
1.420622807149557e+02
8.541890704311483e-16
2.441406250000000e-05
1.119684276722424e-13
0.000000000000000e+00
1
1
202
52
1.177622726064688e+00 3.973089907503108e-01
4.539579437559004e-01 1.531573469879144e-01
1.091369834369055e+00 3.682087971225893e-01
-1.321098240949664e-01 2.927138656416672e-01
7.222014322560528e-02 -3.129195802019490e-01
9.391889663583970e-16
6.209443622359272e+01
5.751543944407052e-16
9.765625000000001e-05
1.239092955215832e-14
0.000000000000000e+00
1
1
207
52
-3.822820849042836e-01 -2.011709064666838e-01
5.943908189714959e-01 3.109432238742093e-01
-2.095554265596891e-01 -9.333741868731567e-02
-7.612935993110058e-02 1.516829323699069e-01
4.755795408063402e-01 2.465261787013749e-01
3.402181501003038e-16
3.242363356832759e+02
3.072577463098851e-16
3.906250000000000e-04
2.420430535281478e-12
0.000000000000000e+00
1
1
212
52
-3.844679320832763e-01 -5.716747470769850e-01
-3.570182935442514e-01 -2.967185167847591e-01
7.409130480615697e-01 9.202002547593165e-01
-2.178522551325381e-01 1.333565369570725e-01
2.442369778173995e-01 -1.210997293182691e-01
3.205626297546416e-16
1.081421680453913e+02
5.714612942484799e-16
2.441406250000000e-05
1.365093364603656e-13
0.000000000000000e+00
1
1
223
52
-1.972023304680184e-01 -4.301832875959817e-01
-1.857069630054940e-01 -3.781054213904261e-01
3.049653507630035e-01 6.688411279048626e-01
1.455223856684719e-01 -4.488492377782474e-02
2.731798762715875e-01 5.825431894641193e-01
2.830524433501838e-16
2.892196007307824e+02
1.350193887878898e-16
9.765625000000001e-05
5.257740095475195e-13
0.000000000000000e+00
1
1
228
52
-2.346420130594726e-01 -3.506448409634040e-01
-2.171311083727150e-01 -3.064387299584888e-01
3.633725365500690e-01 5.454091893120430e-01
3.231448251036665e-01 4.739635555272210e-01
1.217143203825632e-01 -6.016501708390937e-02
2.220446049250313e-16
3.664568316427024e+02
3.071487543093463e-15
2.441406250000000e-05
3.794069629922105e-12
0.000000000000000e+00
1
1
230
52
-2.856084479057373e-01 -3.188712461322233e-01
-2.465640331172884e-01 -2.905352811717337e-01
4.446513327678930e-01 4.944139195573976e-01
3.845492817264573e-01 4.368945612120728e-01
-8.976588433109881e-02 1.044948839517924e-01
4.041272810440265e-16
3.695858912778853e+02
3.409443696903532e-15
2.441406250000000e-05
5.145959608444736e-12
0.000000000000000e+00
1
1
232
52
1.051938480544081e+00 3.721542197584281e-01
9.748911088989676e-01 3.448964427977505e-01
4.055083338798154e-01 1.434605163626380e-01
6.894771093039923e-02 -2.799611920051838e-01
-1.224455404980369e-01 2.610347591483725e-01
7.920071861333852e-16
5.461835418167677e+01
8.636148247077535e-16
9.765625000000001e-05
5.944339774661995e-14
0.000000000000000e+00
1
1
-1

2 0
1 5
-561924757559670667261291490604014301155171118730478406696209604589906287103712408465357228945357896517975110490263699015787596923613117899627699662476954707961108146892816351800235733936716774477062856568679723357695403429961850887333084381370895736514914217279886269339188220195781729306415895797547115024241/2500000000000000000000000000000000000000000000000000000000000000000000000000000000000000000000000000000000000000000000000000000000000000000000000000000000000000000000000000000000000000000000000000000000000000000000000000000000000000000000000000000000000000000000000000000000000000000000000000000000000000000000 2424889417130246294092267463444751911630501927915257249764832684302540376913123143734312626178885679295516968736351420985905978638230203443815336533373138894057233479339831221144489501432777438700394249877564564901137449365028137573394394543255969089910634262818183257623313172991271211453246273152246884070043/5000000000000000000000000000000000000000000000000000000000000000000000000000000000000000000000000000000000000000000000000000000000000000000000000000000000000000000000000000000000000000000000000000000000000000000000000000000000000000000000000000000000000000000000000000000000000000000000000000000000000000000000
7466741007763988749410389331745186718584882869223072193422038377784273823574590255540619234352777621986020113572458656552550977877111757266191383494583297585265592331191775759614606353175976303746755938362144467799917307349240420879281129173181163523290500661681745218007532635757451090172303583900701972723/8000000000000000000000000000000000000000000000000000000000000000000000000000000000000000000000000000000000000000000000000000000000000000000000000000000000000000000000000000000000000000000000000000000000000000000000000000000000000000000000000000000000000000000000000000000000000000000000000000000000000000000 -983843815439898073446544483863495893230664281510763601950864117605268940681303620229798322586108706472558498085012953008856081917369640347991274657888361623449249840579124921955257790548088002857694511990582425975991950931624658022113913179983864343886384544639744243220606903375149883366013081317887102550801/2000000000000000000000000000000000000000000000000000000000000000000000000000000000000000000000000000000000000000000000000000000000000000000000000000000000000000000000000000000000000000000000000000000000000000000000000000000000000000000000000000000000000000000000000000000000000000000000000000000000000000000000
3388545914574448231133724154508560935837885026098825500126515501577266306779725226461477040896025584113733016501531108037380200553437511911222231865542569496114339566062450580775050257046085052631902480557526214299750712061088964856343082780676175013174446608274535133712719113811847704528420103375515546016361/5000000000000000000000000000000000000000000000000000000000000000000000000000000000000000000000000000000000000000000000000000000000000000000000000000000000000000000000000000000000000000000000000000000000000000000000000000000000000000000000000000000000000000000000000000000000000000000000000000000000000000000000 -7063629945008509903119739872532627694314890866949051756416824764238491593680720693684674887873203388196017443671531979221691039400921569604310422050524810191210251307695893222546723758978558652362006605332942103370347393768415615346651375873507143135328211425089942829773348318630146297343247822234832634111763/10000000000000000000000000000000000000000000000000000000000000000000000000000000000000000000000000000000000000000000000000000000000000000000000000000000000000000000000000000000000000000000000000000000000000000000000000000000000000000000000000000000000000000000000000000000000000000000000000000000000000000000000
7165625955874570958472594775280540119666790174768122508990353551101641509343201364813463977537513671567758709137579607573649109828377206018906132587519988517127453538070279442722536475387254744161144792073526402492022231076147456072789132511909211288477939005380151347249396770191868949295885729317862218126311/10000000000000000000000000000000000000000000000000000000000000000000000000000000000000000000000000000000000000000000000000000000000000000000000000000000000000000000000000000000000000000000000000000000000000000000000000000000000000000000000000000000000000000000000000000000000000000000000000000000000000000000000 -637743916590037283824075567834168889860321648249305529327933372966451861188117206425073937135681341878022838367624534907308662972689737881957582473900838064080499766554858191028547723596160151476527762428125951310376852883694151795922773531702994967893916824504708914001929238511707994312148000984382522701323/1250000000000000000000000000000000000000000000000000000000000000000000000000000000000000000000000000000000000000000000000000000000000000000000000000000000000000000000000000000000000000000000000000000000000000000000000000000000000000000000000000000000000000000000000000000000000000000000000000000000000000000000
4098147627044145532645703401543035077616786851279949723862077767124174392767726081970423456067709345673933091487662980532208818966159972992512561528985789875240115212232831423153246938647720511416619193492519408046012428138088815942953610636275904929803818231458701524312817829032395210835162635636654599106317/10000000000000000000000000000000000000000000000000000000000000000000000000000000000000000000000000000000000000000000000000000000000000000000000000000000000000000000000000000000000000000000000000000000000000000000000000000000000000000000000000000000000000000000000000000000000000000000000000000000000000000000000 -125484590899749819205306411510620288162039621199933508627405399239782922903321027260731121425418866278872311618545024476128627739654080081486907218051709326232470431864493627097258287355405555690201030001095257372753768596173581183289518615621971044621742226115182701366200247645822332066594351708810466344383/312500000000000000000000000000000000000000000000000000000000000000000000000000000000000000000000000000000000000000000000000000000000000000000000000000000000000000000000000000000000000000000000000000000000000000000000000000000000000000000000000000000000000000000000000000000000000000000000000000000000000000000

0
5004153699671460645732571168439288417089043600739117353107938796590541225283994347919819003222628501735982870276133700982761896918610050400483457558215605380118104419858692728970387003497836446311433788149577129162100869712476643247598723890734898858251456038463061017243200614618612812486930108511707338474827/10000000000000000000000000000000000000000000000000000000000000000000000000000000000000000000000000000000000000000000000000000000000000000000000000000000000000000000000000000000000000000000000000000000000000000000000000000000000000000000000000000000000000000000000000000000000000000000000000000000000000000000000 4548999926968754999412372109345786971939207214662819465583114416788516290543290586250561502116312562984545425417046031122758402742135003263254247738069508508605726537583003858282412255261738273424944952793972679879895361416265362654105071475373721847761220237736207715426409209031055240352920341943198297665773/5000000000000000000000000000000000000000000000000000000000000000000000000000000000000000000000000000000000000000000000000000000000000000000000000000000000000000000000000000000000000000000000000000000000000000000000000000000000000000000000000000000000000000000000000000000000000000000000000000000000000000000000
5 5
1 0
0 0
0 0
0 0
0 0
0 0
1 0
0 0
0 0
0 0
0 0
0 0
1 0
0 0
0 0
0 0
0 0
0 0
1 0
0 0
0 0
0 0
0 0
0 0
1 0

5 0

4 0

