12                                               

1.155601678724719e+00 1.105834994801983e-16
-1.268661968013133e+00 -3.153955335514911e-16
1.626663827019394e-01 8.330759034511468e-18
-1.623387372922033e+00 9.772328688060106e-17

1.073285593016259e+00 -3.939837695496008e-16
-1.315440922342821e+00 -2.520759746961078e-16
-1.455848381722896e+00 7.611285257377523e-16
-3.818104790995350e-01 2.903070766501958e-16

1.177722087580984e+00 -1.093139613573048e-16
-1.340352978355459e+00 1.131337021205781e-16
1.710574196086135e-01 1.146239828745298e-18
-4.019118620419125e-01 1.160784258925859e-16

1.155601678724724e+00 -8.662753700046084e-16
-1.268661968013130e+00 -4.766911941588239e-16
-1.623387372922044e+00 1.999696079317095e-15
1.626663827019403e-01 2.392208286784858e-16

1.177722087580984e+00 -2.902639355912480e-16
-1.340352978355460e+00 1.628171223774245e-16
-4.019118620419126e-01 -1.790117602722300e-17
1.710574196086136e-01 -3.406659119957154e-17

1.073285593016261e+00 1.639745966404500e-16
-1.315440922342821e+00 -1.411807406711011e-16
-3.818104790995345e-01 -4.032112265687110e-17
-1.455848381722897e+00 1.683507309118831e-17

-1.340352978355455e+00 -1.588426488125239e-15
1.177722087580982e+00 -1.115871142715622e-15
1.710574196086095e-01 -8.544864043708702e-17
-4.019118620419177e-01 3.584871214206951e-16

-1.315440922342821e+00 1.391945083426130e-17
1.073285593016260e+00 -6.896577699740840e-17
-3.818104790995343e-01 2.088925162534278e-17
-1.455848381722897e+00 3.118127901132568e-17

-1.315440922342823e+00 -4.722326093162216e-16
1.073285593016256e+00 -8.150718854069658e-16
-1.455848381722890e+00 1.574079843120208e-15
-3.818104790995360e-01 -6.858323650815153e-16

-1.340352978355459e+00 -5.886173200214369e-18
1.177722087580984e+00 3.047043043433553e-17
-4.019118620419125e-01 -8.532873249265850e-17
1.710574196086136e-01 2.586867058582143e-17

-1.268661968013133e+00 9.509512782810224e-17
1.155601678724719e+00 9.218079093110177e-18
1.626663827019394e-01 -2.287538717428840e-17
-1.623387372922033e+00 -1.795528538887148e-16

-1.268661968013136e+00 -9.634864265934267e-16
1.155601678724716e+00 -1.355158711985051e-15
-1.623387372922025e+00 3.185558501804680e-15
1.626663827019388e-01 -1.758140009329697e-16

